148.485254263064	-148.02692405108
15.8232426061225	-15.7798679672773
98.6697365314477	-98.4329120345435
95.4215813193807	-95.1283933000128
50.2946825701981	-50.158319390616
111.022942240903	-110.733672600005
108.521998418922	-108.239749346282
56.5636631786612	-56.5489135085958
127.562851091636	-127.176323561009
54.8821410980628	-54.8039678355126
139.499901113563	-139.174858474459
110.121049807936	-109.822600120417
125.092470777707	-124.78160492911
66.0859245271266	-65.9111897726829
152.309940487102	-151.91403262335
28.1762324576543	-28.0959516619883
61.6385506389505	-61.4556497922432
96.1295434133477	-95.8690266525534
87.0192501122145	-86.9071818821576
162.586556536563	-162.174191038074
37.9889575053878	-37.855208451222
7.76349057588344	-7.75223328180147
136.618006257707	-136.205361474621
93.874824568021	-93.6460157194732
25.1974590833307	-25.1834597009413
16.0366364732635	-16.0335717322544
25.325510984899	-25.2733087267241
110.160019162141	-109.746590498167
113.581926796404	-113.206983296796
151.382288894196	-150.995024080544
114.334123499301	-114.096185156483
144.645015649536	-144.247535605134
31.7578382641624	-31.7398495493128
138.284724648934	-137.891761869572
116.476865423337	-116.127896922525
114.20640847708	-113.999331934443
133.707643484312	-133.4786232478
121.518660128305	-121.23531826879
98.7075868305717	-98.4164519005807
74.0298115224522	-73.8366258211676
24.2282823843441	-24.2183636205509
51.2921707433278	-51.1704875135022
79.0530498783292	-78.8630040184457
161.567054142249	-161.161206135094
156.83778432843	-156.423878688613
25.461964420654	-25.4802953383659
45.6631229684995	-45.6400936860394
111.65833203832	-111.409839924333
91.9441653461619	-91.688784152912
129.733628025083	-129.409135226378
51.5758988454195	-51.433425362535
144.870512200318	-144.49869610863
26.1627112854122	-26.1331026466846
90.9515808123983	-90.6621323697829
132.505685784968	-132.166418045271
35.2496267664183	-35.2014287202759
96.3755349648911	-96.1534525631809
116.757380923111	-116.442922736643
141.323760788526	-140.887991604945
143.582626752088	-143.273065998909
143.572212889536	-143.243396717753
157.142026067774	-156.713442028003
106.659171576114	-106.443573244268
61.5583189627389	-61.3994321900041
74.2806762282617	-74.1287597754019
124.532901707239	-124.209785981984
98.4643742436239	-98.3155319063203
45.4399355234773	-45.2938161890298
154.124410753225	-153.710201902681
36.1686759459442	-36.078069411021
45.0634866005188	-44.9984254277749
40.2080506158753	-40.1715676219794
31.8810478671822	-31.8287614007389
94.3813248311888	-94.1789215119701
78.8559742611925	-78.6143364810039
50.4655326872323	-50.4143213657245
17.1661266629476	-17.1468243521233
123.091075541333	-122.826298398432
119.187879028313	-118.942050290463
46.800169910591	-46.7017867999008
97.109474869969	-96.9486876417266
77.7932546900333	-77.6713842860155
138.653160743685	-138.371407328551
32.5455732955252	-32.4484912085918
62.1225350649741	-61.9136698363026
112.000002984538	-111.593651453797
40.476045954356	-40.3442776771696
136.590777973889	-136.297448317024
102.254232530773	-101.98090268355
132.877530212662	-132.539845858777
91.5992594527023	-91.3740450802374
116.365106033674	-116.100360195086
125.20518462254	-124.862204853558
106.708496777049	-106.275861305042
131.17858813884	-130.706224632695
139.894054282191	-139.506512550016
83.7042080805195	-83.5245461037545
132.38936576526	-131.984331937367
153.100054905044	-152.732807229658
158.062184570686	-157.694738200384
