-0.684366460861942	0.799482209612146
-1.27602078118019	1.43994795941076
-2.3447479537233	2.74559092330916
-1.33253702097216	1.70061357268192
-2.39459229339156	2.95635011624908
-0.167966033205091	0.205633410623593
-2.39560417632268	2.93784712340975
-1.80776726597953	2.14423287521824
-0.413180357014279	0.424422551027631
-1.36341402585512	1.77200434730997
-0.0600197822213889	0.0718042409055444
-1.33358785097336	1.63950647162156
-0.100664263224244	0.124409437915326
-0.393213525373903	0.400689742021796
-0.118746944233852	0.119821856913993
-0.907933952573761	1.00150372388573
-2.24698112515211	2.51826808620369
-2.43834463690147	2.8492211263065
-0.265625677466122	0.325956515029694
-0.128338267693632	0.117956666748936
-0.901334813677013	0.923715154225672
-1.0089124109106	1.14653586879752
-0.401549619906769	0.470994738956246
-0.603357035463644	0.672352667637921
-0.521108969849961	0.61470163110201
-2.42700554654037	2.92794376447982
-1.96484512800495	2.31346871058501
-1.16355134891114	1.44673164030505
-0.750032669545705	0.915248949241771
-1.87943104493413	2.28689691669079
-0.944398725829039	1.10545157910278
-0.0685822506715788	0.0912100515939375
-0.633852628843493	0.840878981371481
-0.51944519778493	0.602337141500057
-2.48158981929914	3.0854166773586
-2.32332343134064	2.93403163317926
-2.32142773355717	2.98999161972554
-0.351412468395323	0.440818913683794
-0.919065814908427	0.957410009657198
-1.76540064280099	2.32924151979257
-1.1825491780473	1.17949705585141
-1.99440900667065	2.46495922758375
-1.69175603853447	2.28006989456157
-1.81303684800057	2.2460521698619
-2.16269811821873	2.705907940241
-2.29945971130301	2.8393128619255
-2.40074725175077	2.92574821409113
-2.48296843007307	2.9676080847535
-1.39495557083239	1.74698920046371
-0.841779908291386	0.976939594079002
-2.11173299211627	2.61129196905892
-2.50465186125317	3.04048869648928
-1.58851311528243	1.9270520165672
-0.776694699851286	1.01793160120744
-2.22314209567199	2.66148766662635
-1.38104783204224	1.60663911849601
-1.14651145334455	1.3774241275121
-1.33826839284206	1.51243451496616
-0.485861290879673	0.548666709890439
-0.961706431403606	1.16013611993974
-0.128144402921509	0.132141528745282
-1.10143912982109	1.33051164964537
-2.13945504619832	2.75519621167587
-1.48094000953746	1.94664711418944
-1.50556820437929	1.99584621989147
-1.40790082486406	1.6623301810405
-1.69928010964736	1.99035337534907
-1.77651672050995	2.14517447131579
-1.93621806853403	2.3188590966419
-0.0635381634204603	0.0832396468051498
-0.516179538516234	0.698264009373245
-0.0678508156710935	0.0901685353392243
-0.128598297437888	0.17016601167091
-0.389312076085361	0.427922383253295
-1.22475801053949	1.5737251610005
-2.07867651641714	2.58757404161752
-0.703882880748322	0.695222162893933
-0.404509515205525	0.500638545647324
-0.792080203108088	0.879412809045308
-0.17588685547271	0.199824874929365
-1.71382371357405	2.00984956598806
-0.488231935038096	0.572642688952419
-2.16384459947716	2.71502739078087
-0.756042949156917	0.874358331420538
-2.14871840694878	2.58862196743341
-0.645073860204009	0.769156170341971
-0.512165875033121	0.656716297080714
-0.742495740410304	0.804538305719915
-0.569314810315137	0.60384714144847
-2.01556543102419	2.5590225173648
-2.41808881181785	2.97591948306641
-1.89408275530448	2.28868081230089
-2.03179247450009	2.5566152688746
-1.2157160163422	1.65729319291954
-1.44229508753859	1.88530113243433
-2.14702882808484	2.66307608122402
-0.974775241439071	1.19913054735864
-2.42535647179203	2.93073080146726
-2.16791427685247	2.64158510080617
-1.98137955115635	2.54877687824511
