0.371288947985648	-0.241634764024857
1.79534000809914	-1.43834615576941
1.84736972084746	-1.45229640842975
0.16300623328486	-0.0966413219825889
1.29431034213633	-1.08374098656899
1.1067955326948	-1.18494118028257
1.41354982999764	-1.20663073086732
1.35267199496994	-1.16208827852064
1.81599310389194	-1.42844752112446
1.47293453543093	-1.26293741081143
0.00314660421890453	-0.00279426117796562
1.67098505293566	-1.3645034575924
2.03775103853018	-1.70118360398825
1.85203589072722	-1.53727898532235
1.92859468213962	-1.49685153122246
0.157531782137492	-0.123418924830342
2.06421373492344	-1.65475585378219
0.0737300972654161	-0.0428784807661633
2.05361796749111	-1.67371726909426
1.44885123686312	-1.1904762867664
2.03243366114066	-1.67646716301361
0.281049515069143	-0.305541075779321
0.235842251041767	-0.192487769258668
1.17024102005806	-0.916281215657725
0.111556248727867	-0.0857326959362495
1.8872595486309	-1.50754157954221
1.78666276169723	-1.46935844389484
0.387596852171157	-0.419340072613076
1.24829300121646	-0.961248555900548
1.40003398419103	-1.03501018450359
1.95337761018447	-1.59238696733994
0.0983143878074262	-0.078732043900913
0.422298171520291	-0.208972604422177
0.721985123650714	-0.462304967957242
0.874169255258683	-0.78379459847407
1.09631250111661	-0.619000798014882
0.0933268583483042	-0.0721337998062031
1.50738733848696	-1.20116208346799
1.93091267421328	-1.58008372427637
1.99720536404412	-1.60136962453472
0.78667979652865	-0.830882778087063
2.06998476406304	-1.71600871788864
1.93379745693837	-1.49673757937482
0.410814717678087	-0.399031549680093
1.97976917568378	-1.64350940871212
1.80361243745848	-1.45022438283149
0.0841142576959722	-0.0830843048356727
1.64633445142048	-1.28635225248669
1.59149134275352	-1.35047021789464
1.4297154131728	-1.1225001192736
1.81610657666705	-1.52887135177757
0.785163986165491	-0.505412319078734
1.94727509737275	-1.58466270473176
1.81899206258174	-1.43012304660816
1.91735805493195	-1.5710545983667
1.67223863417415	-1.34746337059209
1.72596680563888	-1.38381456289295
0.480922947146909	-0.293631827860524
1.55400895445275	-1.29131074168292
1.77773863253933	-1.42388876339543
0.182567186671539	-0.165259580535711
1.06034177296615	-0.917990268743414
1.30695396751459	-1.06074796674809
0.116311470671473	-0.113709179142832
1.90006391041485	-1.55016960151359
1.73621815416495	-1.35632608806064
1.81569497263012	-1.49013719425013
0.0240056619967936	-0.0235632360375022
1.39162886403082	-1.00378372558273
0.237755559335217	-0.178646694284628
0.0161065073489386	-0.0172052431196579
1.70682015834886	-1.33145237791801
1.8856496815671	-1.45532530010804
0.627490650335011	-0.578833641550961
2.02338594687509	-1.69282654392911
1.04687884471933	-0.907693416107888
1.21278863435126	-0.882471080531113
1.22342230319405	-0.997134008654308
0.183416813984963	-0.17344379365287
0.843147428174812	-0.854144083584009
0.0938422212250815	-0.101870247188333
0.71613190843403	-0.707948428345398
1.38399322342677	-0.945282712026438
1.77699053914666	-1.41468266899799
1.83060129644562	-1.37738189224341
0.564714664303646	-0.332642511273675
1.83257659304696	-1.46842220466255
0.454922255108947	-0.425826622033533
0.0993379120094876	-0.0791938762797886
0.0495094287498167	-0.0557055011351708
2.08498511416615	-1.68130217306511
1.57359970294817	-1.53098138468069
0.0446316567387812	-0.0305409192980658
0.830541281288691	-0.651630710561983
1.3736295661347	-1.09790189914415
1.73277301489653	-1.43221573829294
1.85993991779816	-1.51890128603249
2.07479816877835	-1.7094255944468
0.0377111497549565	-0.0155801560954423
0.847738525463265	-0.654964950806328
