0.262244611985655	0.0859781177359903
0.00950685451598796	0.0117309055090299
0.44278414471108	0.296001724986756
0.218604048025393	0.140290519903969
0.132478873683595	0.0907390140011292
0.267413776492057	0.149894203944966
0.10027676080391	0.0404184717060409
0.150478929963644	0.155808018347035
0.216479626036857	0.110086353473413
0.339843608536523	0.274530067041064
0.343393769817895	0.243675625786888
0.307394503840844	0.289288374284198
0.304504923629769	0.253954389742074
0.257797635951349	0.147396620415047
0.246778091563191	0.150643710276224
0.100168623476847	-0.00604935924524306
0.353889022502154	0.239461062654818
0.228914478574442	0.244784193549721
0.39185994468054	0.251263984113297
0.172458251123164	0.256271332347179
0.385477441132996	0.252992104112322
0.425741989418323	0.194040812842113
0.3905525907083	0.106808817924858
0.29360813327596	0.0789750439833391
0.229301633745271	0.13326591843343
0.240593200771453	0.174928266897106
0.234720894044379	0.167079079461925
0.422657013664165	0.297669222456403
0.386146904928629	0.1264172976702
0.251511773722549	0.191629708261439
0.116855893470285	0.154709543892145
0.0568748057295122	0.00665862303104662
0.147342630289809	0.0222749566379356
0.120913837814141	0.112057005039572
0.00730059918680973	0.00166773795472513
0.176210562247907	0.309318887258444
0.145275433367699	-0.0149395558663804
0.0563977631815383	0.055065530783047
0.372726353578975	0.325221865610339
0.285629517762736	0.0928038061667596
0.404700199959941	0.263099030362163
0.410571843140249	0.185046930409082
0.185300224273141	0.0830029415245989
0.0628165067909744	0.0431088402833896
0.228262274946432	0.123399665242456
0.330505793542112	0.336575211434866
0.443612366182698	0.307593329417011
0.0406895784089615	0.0410336610777
0.203001820794134	0.197716826519806
0.247623449095002	0.142683810015338
0.353674548417038	0.285853560893741
0.293134041980419	0.278665641621908
0.347041088968218	0.248869659361736
0.402681509564867	0.205216412733293
0.138271713742903	0.157941372206016
0.3293197438545	0.275768764233259
0.355846112740661	0.208487003540372
0.37839774931884	0.268147292526345
0.273511326931764	0.188174942103061
0.0961207042297528	0.0752919023304641
0.0556003042781544	0.0254522579187675
0.153898663542151	0.131258733112482
0.427259549389518	0.293563758507447
0.057610437663614	0.0275848667346415
0.428338796336451	0.243746281347918
0.333598608722402	0.297737296059122
0.430307167259537	0.334951704946885
0.343945964506852	0.338875959564277
0.418231982951537	0.191370486002105
0.442308559449537	0.312506319004155
0.0303230173793262	0.0219521567812967
0.0956382832426724	0.0881934230203182
0.41454554632932	0.164548444691261
0.422289408529084	0.243673480556869
0.107223001955611	0.102805812241659
0.424451734062137	0.267776004186118
0.401698584590684	0.33684607794275
0.0235624631043178	-0.00353854726489337
0.440236809832381	0.262834520162633
0.165978000824826	0.0978206686245968
0.408530786451411	0.29149686840082
0.0211362848391365	0.0248973041170999
0.297241926315557	0.163204577576546
0.436035641378784	0.251742194030861
0.0255702326262244	0.0617893514589332
0.130039945576228	0.12034678030524
0.220404632356733	0.150477577198297
0.231239797189952	0.0929421466095057
0.262526046022774	0.323897955306792
0.0418785934291539	0.0299351942674102
0.386142582841303	0.179067871596278
0.425979353951536	0.236804771612387
0.043142523223163	0.0441793802599612
0.0551165968065844	0.162581214746899
0.03503681114594	0.119904800352932
0.426930475091754	0.303596334122302
0.391373259393234	0.118210571578724
0.0773847623328229	0.0718170403074147
0.384144396358142	0.276447306972614
0.169757031083688	0.0523174610877896
