0.174068532936946	0.272268051479387
0.12058551034614	0.215607005485513
0.313810972125369	0.440064376603523
0.215874913501611	0.287381174116917
0.0683171134197826	0.111177654458724
0.323230059286092	0.452341444594731
0.263033241019777	0.447361719602205
0.215500924897428	0.374721721852398
0.30246331099566	0.371140984790167
0.141433139581361	0.194000905571141
0.171193157268764	0.224173209894116
0.110149273130317	0.116418723226065
0.116951605167913	0.123632447719721
0.155912712574271	0.225826882056556
0.101798993153259	0.145535443731352
0.131110614255001	0.146039738084292
0.289388985313092	0.359247477466769
0.148559171071281	0.226520534385145
0.187627038432366	0.370208482773838
0.219637668441051	0.298525497356626
0.11412217738788	0.156141174424812
0.148506084600783	0.128482909496262
0.232612208495477	0.32166818117371
0.208598794787729	0.339635970065197
0.294607048513151	0.412252067193482
0.296031787621597	0.456931241884557
0.164316549848157	0.275910667095493
0.251986821356588	0.343077329249007
0.0684015005614956	0.0781597392790693
0.0208762466458992	0.0321583149531196
0.1618188628592	0.226574980807784
0.194021941818966	0.250994727759688
0.342101831653326	0.45241733387467
0.155942440332523	0.195755167871158
0.120265206539874	0.151375882520575
0.145097911916769	0.0659727587212447
0.309119977130244	0.425115110694132
0.0304805498485545	-0.00333053488572284
0.322789229318588	0.508640602218867
0.140775177570626	0.175337687617394
0.325302951236523	0.38496314205384
0.0654648604926067	0.0696122153728981
0.271804806808944	0.356539773258357
0.0192512231437165	0.0260564095649743
0.0666241862889846	0.0804423740511859
0.296955062380286	0.404862827150516
0.141633540599285	0.326813114202679
0.108640468899359	0.167837567252481
0.240508815629715	0.37198716971701
0.259141114347931	0.361789518251625
0.104315812136829	0.139975823540482
0.273246782492758	0.433489793713499
0.224795107612889	0.324381561015687
0.214962973868179	0.457839524341796
0.280444241228477	0.3890439909369
0.2688463438996	0.324327440575207
0.106090645608246	0.0857141313263827
0.0477271140655822	0.0467914183937375
0.0264387327181696	0.0376740476236749
0.319924610886847	0.483885468337653
0.0488402837616667	0.048567674407038
0.0663131387309238	0.0758179688010992
0.162482224326934	0.164109478705473
0.236306990149053	0.36524939280102
0.122298883630816	0.157308289900605
0.260057626442674	0.395512886443925
0.0360555847938273	0.0535564155746108
0.0315859012137018	0.0249979069464084
0.139792304970818	0.158368811551574
0.0444196509689075	0.0556700876646385
0.337028706439434	0.522560075276835
0.161852809625049	0.254389431131276
0.113318372028455	0.157284009645534
0.0206194469515567	0.0213786051099617
0.215056273414911	0.342893120318151
0.0266302170522503	0.0175959994651735
0.30805915513389	0.432896270588547
0.237032043532936	0.374193657635686
0.125647609174293	0.209640252535579
0.154582210546468	0.177355442306012
0.217713648897999	0.289450681803221
0.154154348056936	0.237084559540077
0.330489682897754	0.436144906692922
0.0283402086482723	0.0530092193784993
0.206826594241074	0.483738223674327
0.209084578213412	0.471622500775655
0.0511689840951702	0.164694638750775
0.287769203852768	0.435585681444431
0.0833539013739706	0.070663885152425
0.314843693989663	0.486357855759427
0.307312952974361	0.415750006664986
0.336424259855446	0.433035247568778
0.0271499695002553	0.0437598719109342
0.244873499233218	0.342900311298202
0.0391100329496594	0.0547287579148806
0.26442019981306	0.430546880824743
0.225218799188661	0.308928928634051
0.328635819038097	0.444816408060118
0.0142631541951016	0.00668049878536316
0.30769724660836	0.392096956855165
