0.579292954611124	-0.310059665980753
0.470138075374806	-0.282237331023625
1.08095800513304	-0.589921216122037
0.723432086119829	-0.520137397633533
0.249660393759663	-0.131017163868192
1.10740220113665	-0.586071758528834
0.95265559999117	-0.513895459807274
0.681604486007194	-0.362739279714087
1.1441307678833	-0.723266428114585
0.457971024567771	-0.321164068285987
0.652740352796803	-0.410926960389974
0.413361554501768	-0.257287559691873
0.5022380596396	-0.341069194199391
0.658446688915671	-0.448318741072662
0.400194902805586	-0.274929689502377
0.518339767327993	-0.346782867818098
1.05368504067476	-0.624804172487515
0.577771514771315	-0.3253102359868
0.728377092708516	-0.348353760083039
0.781812136774386	-0.538356147157534
0.499493032637466	-0.304554892813426
0.552326426636718	-0.439531507948455
0.769387384038592	-0.481134608715977
0.809496605721691	-0.464958760520013
1.12357822223836	-0.749156196558285
1.07234489374027	-0.582359905698859
0.644382643596781	-0.390479462322392
0.940400101719874	-0.552074499540164
0.27038712297116	-0.189137990370378
0.0814497968549317	-0.0225529844439946
0.647608866931226	-0.378303723698255
0.714087602244546	-0.408435536580482
1.26199946182969	-0.718688875820791
0.61184207878894	-0.362772955023141
0.412918935008094	-0.268952235034032
0.576977718539376	-0.494380257673734
1.13737102482241	-0.624472387025314
0.078761877160466	-0.0681069847632166
1.23210823858213	-0.702278399048704
0.44730948449122	-0.279032599637436
1.20638904660779	-0.762531658052
0.196341793505925	-0.135476056787227
0.961219141827529	-0.604279489338164
0.0842760361069796	-0.0515606360396272
0.280663016609697	-0.18787787160146
1.20543686077804	-0.691408225967805
0.510006909493045	-0.197001165086303
0.365538974918095	-0.21188219606
0.802435825537306	-0.39230429887686
0.904126052218042	-0.415410754446414
0.32800961147617	-0.230848779224771
1.10172661525268	-0.609393720138484
0.749111845782109	-0.359539742225116
0.782813901532334	-0.456029620089046
1.07359691066165	-0.608821736811833
1.00397174698768	-0.668837900038399
0.42453997586715	-0.27102364535175
0.191917984693132	-0.0880205032203676
0.0848493656759166	-0.045150748039653
1.09548435609537	-0.654403854557663
0.210733181805071	-0.116452433190814
0.258892565616397	-0.109339745827064
0.545827896531463	-0.342447717889587
0.894774964954217	-0.533878828672331
0.391445868135594	-0.22889540458875
0.918673178255009	-0.533553148831477
0.166054064033318	-0.0700875793893942
0.206559563792446	-0.203311285938741
0.479705528736119	-0.277514873606824
0.204677812111262	-0.125187130451698
1.14356824198544	-0.535714842719153
0.508003152701523	-0.330795641380427
0.397270891597782	-0.169025382632112
0.116291751919518	-0.10567870924185
0.72146903216721	-0.424945872137497
0.212445456745775	-0.10088379573403
1.04920663720261	-0.581421561916541
0.870456505713863	-0.444524352800378
0.456714701832211	-0.316296275595745
0.694972626959845	-0.499205207636847
0.724591564306548	-0.387096069281353
0.475343458645447	-0.205388236380227
1.21709916880315	-0.728863488849963
0.259932753803469	-0.139003246865665
0.763909304183299	-0.259835258666641
0.835127931055733	-0.337706635721159
0.145550120558955	0.181754268940888
0.864790336630759	-0.510905250866034
0.269561864498068	-0.153398084497992
1.09812565308216	-0.491441110079993
1.04352681341387	-0.693989583152274
1.18040371013618	-0.729585856780178
0.0999745495907832	-0.0557887620614194
0.981640354742268	-0.591028727143454
0.12810361565247	-0.0857232407078254
0.988638407334674	-0.585824720333696
0.905718901179796	-0.555593661633739
1.04403645374907	-0.717801912705477
0.0930166954884913	-0.0963784308265967
1.05776661173623	-0.57170208759908
