0.0238615249209116	0.00250373170999988
0.391028070133894	0.0976024339838823
0.504994243564853	0.0890164183234497
0.497988829995123	0.0129367235346955
0.0330816676676269	0.0131382371687351
0.537887553228187	0.108302644517355
0.561357524694751	0.154458280466987
0.509511095013439	0.220672680688779
0.273936678264956	0.162393346424265
0.239826178125566	0.045046208488467
0.0547750730692095	0.0137606482538131
0.0389079702424268	0.0031092528966109
0.541760953283913	0.178583404635269
0.561090902571245	0.169473519028042
0.060098442724069	0.00283338281330894
0.0604632809113472	0.0138228925252132
0.565265160647929	0.158409307766144
0.0528342812557895	0.00945110202670454
0.554854887109876	0.19075515352056
0.0117340869237528	0.00203816616652573
0.567987202734697	0.166176702924331
0.0889252768963862	-0.0123395069906453
0.0181323717798632	0.00474276738378951
0.567255245190646	0.127472662428793
0.566228364628814	0.17279807582184
0.558807413010964	0.16477706466978
0.0431668170962836	0.00535321645457119
0.560029262484352	0.174487974179558
0.489368583466202	0.21276227978192
0.141497155977345	-0.0196502022180474
0.560265700186341	0.192649478265711
0.0447258659238662	-0.0132712472315454
0.557690032668612	0.173435507471575
0.55524103375667	0.170085129587935
0.0240605633959586	-0.00922141394907967
0.505744870336055	0.183092302559065
0.548909285112631	0.135243541799064
0.321599894354701	0.0960497277299776
0.450937240425676	0.148692268257015
0.548296572448491	0.196891289966946
0.0844443151873272	0.0683127132896511
0.00494836997366465	-0.00306989492500969
0.104133454541466	0.00369330109313626
0.475268339226847	0.183387073380315
0.552016271083596	0.185642534600096
0.531776193171651	0.1695822350636
0.517213929460639	0.0677628065966847
0.530891840802077	0.132766035069404
0.562005853370591	0.160404356586054
0.528570997657302	0.113426154649998
0.538975192946335	0.0848208814874595
0.0609174269065814	0.00607502001330656
0.465866292937935	0.127001295048985
0.546340389629895	0.161136644756056
0.286195760003241	0.0863826861793372
0.544154202247566	0.15396434859965
0.0185726176037916	-0.00395731169456513
0.495017925868648	-0.00647062045444682
0.55302956903678	0.203010128532901
0.0720269612020441	0.0559494818171764
0.521816057048018	0.0898350472493905
0.35934379029868	0.0266589660015766
0.474413125683541	0.171331044677902
0.498357325456941	0.0214551693953995
0.0363967257306962	0.00221985087135
0.55744630006609	0.160514612050539
0.44211826941365	0.176009624278917
0.00824594424092035	-0.00243330760224449
0.55762953683195	0.176480270710238
0.532962530518636	0.168127923829199
0.0588124881251701	-0.0068414082543251
0.554598476134329	0.15144939746584
0.294134596288461	0.145919670691647
0.563475578171091	0.140387294448645
0.559250224616186	0.186579984550036
0.515226382947255	0.0211079373769929
0.0412574567205222	0.0138209155826638
0.0928793626242377	0.0101318472995839
0.0495444620018869	0.00736677840219236
0.554533924933372	0.162319101379945
0.533549261563727	0.0966880439413997
0.449173915494515	-0.00311645215274241
0.535140236583148	0.149733422721533
0.0299961215769371	0.00948039227652353
0.172455601391403	-0.0112753389536132
0.540782533503989	0.152054324495589
0.530088166471737	0.0871724387199722
0.100427654207609	-0.00476627102217939
0.556019611846923	0.167995300000967
0.0483124751600056	0.000321096133622372
0.0922975140399423	0.0109304444853085
0.56740456768718	0.145060345928027
0.016903928407093	0.000254004114489088
0.0877011712125229	0.0288024824256834
0.0759716231794672	0.0122968573425386
0.300869165626806	0.137582321767231
0.566782058399802	0.141230970426668
0.0425174436484246	-0.00995230413294658
0.524020143656742	0.178109564178226
0.531112347445372	0.171911244866099
