-0.0436642895162182	0.052579796684138
-0.211683786035231	0.201823274465672
-9.16286298416022	9.54418752374167
-0.476340176550793	0.477632510095377
-0.0866077731408303	0.0938711694125763
-8.07185992959413	8.40444268675661
-4.47844033698623	4.74688284933961
-5.05058314595607	5.25355980636401
-0.0549727662095874	0.067116968740948
-9.10391222271759	9.42981244244538
-8.97099862783262	9.27060864918738
-0.00267504140511263	0.00328353981833386
-7.97016163664459	8.3854221904261
-7.43158090688205	7.85256832883782
-9.30049182985514	9.64927574748869
-7.84668343717119	8.2011167024238
-6.45316095444046	6.78597935521596
-9.42134893843406	9.76787487377053
-7.62273854894784	7.98685596704113
-6.44585091044315	6.67504026283349
-8.09954478597494	8.2918077613229
-8.98902456525176	9.39324746147104
-8.04138024137987	8.38514120719457
-1.00515038203842	0.989731365513525
-0.197580138213439	0.203859680180021
-2.27290541675738	2.40575396856536
-8.48793453795313	8.85428172715075
-4.32969830519515	4.55273277818846
-2.81078962217725	2.89392117997073
-7.13698027199262	7.49628454936694
-1.04092798215353	1.11791036151348
-9.14562066289026	9.4804209466256
-4.98222939094623	4.93126822024586
-6.90151635415869	7.30467513178846
-9.21414534337668	9.54870806487813
-8.82308292937835	9.27181850317186
-3.97823100545841	4.14656415770607
-7.72695341244673	7.99319876014875
-8.31761352104439	8.50956626337391
-0.844724583459364	0.85804228454679
-0.375297779175079	0.376229372298574
-8.93629296800974	9.28948807140513
-0.184910776252488	0.193022190752393
-3.41484212359871	3.5130257324399
-1.81021203683938	1.83454077171139
-3.89961321852461	4.13429472041606
-3.94842812140375	4.05657561358708
-0.110966483865208	0.112555254730421
-8.30547968171797	8.59154072883163
-8.52271709026511	8.86715009683303
-5.10391988851994	5.1499250697008
-2.4667612725657	2.45760382672504
-7.704592354456	8.11995109510397
-7.48040122505938	7.82689712241873
-6.82214532131275	7.05173738701896
-0.14303713608946	0.140872115186891
-8.41730175351166	8.777079755689
-8.9801516684584	9.39214807044531
-7.08637995457495	7.36244853143821
-8.63492963655621	8.98158765934316
-8.71307584999378	9.08246930195855
-7.49638294046201	7.72858960275682
-0.172481533935599	0.181565639824714
-3.63410018202483	3.78120159570688
-7.40167078634978	7.79984770749261
-9.08379438967622	9.41000572124173
-8.22866917148301	8.61032715394048
-9.44453885795124	9.78476493770519
-8.69866690900096	9.10348561298707
-6.0264433633521	6.17622014473674
-8.93603751709539	9.35600230480899
-0.0460766440608706	0.0465803907833333
-6.87809949015423	7.18713229593426
-6.33224747334453	6.60773955243224
-7.23685065549934	7.47342581535209
-0.434266635577115	0.487278982771238
-8.61767229876952	8.97576858006037
-1.16330291717741	1.16536555263335
-5.53548229641029	5.73417443858571
-4.65876935590688	4.84738321900771
-1.52946538679877	1.54258467849599
-7.17147709128438	7.42772541291054
-8.91781381800155	9.32329569004288
-2.19885477431319	2.30201549755852
-3.20618146932446	3.41619432742769
-1.93339747319254	2.06353457741788
-3.13600672929776	3.3012922144974
-3.88466254136011	4.01642991752058
-7.86829191443897	8.18183674459948
-2.38119623373671	2.47979498968385
-1.62944917589895	1.65604253918969
-5.03785571545999	5.09711747155729
-9.10893647379189	9.42743071675891
-4.50981816143884	4.70167820809713
-5.73719950166952	5.79312095054509
-8.96512698797422	9.32774805275727
-1.83346710466218	1.83360375777167
-1.267214446218	1.2821578057505
-2.41072226052554	2.43125538521018
-3.62686386716252	3.74530400616976
