-0.0924357603333117	0.165398431233128
-0.173673869580234	0.571309073351283
-0.0148513285577123	0.422505968830629
-0.0384018335539864	0.459391801549691
-0.169578349979491	0.287491497078376
-0.282155854443805	0.864934222450316
-0.341992565473562	0.96181265649042
-0.257402954557726	0.796735352179517
-0.155174610625027	0.445133671843977
-0.0211648784299476	0.218092662385827
-0.0406726870041678	0.103312085452814
-0.0226927371954332	0.0628407483316578
-0.339339986951468	0.941205622603108
-0.3576100014416	0.985608276405123
-0.0222469285165334	0.0873903440404274
-0.0452768199152624	0.114892627392061
-0.349153262604686	0.973632736679887
-0.0289747180339414	0.0829659181611264
-0.360006839087198	0.98813099206494
-0.00545671677910254	0.0194973329211233
-0.348487110544735	0.970411138037247
-0.0180263461875963	0.104780220426025
-0.0059266210158396	0.0229513193814198
-0.34336974210341	0.965686238459239
-0.350836964719853	0.980697235140001
-0.359233328596074	0.9861314891633
-0.00531573483241504	0.0389955781804019
-0.338305454006463	0.953926201676118
-0.306695374262532	0.861357959894292
-0.0852396870622913	0.235424083736946
-0.355285787550524	0.979552543541931
-0.00818976090661458	0.0534531221712608
-0.373672225156462	1.00572690111871
-0.321951171288837	0.926444446933729
-0.00812033719132932	0.0341117627561927
-0.33965909870434	0.914784409293643
-0.33037938495538	0.930339000841445
-0.255059445029483	0.647245544459145
-0.135819801665764	0.568018319951183
-0.296592097641656	0.882454264816066
-0.17877239890598	0.331888991199174
-0.0349233707745113	0.0605951081688087
-0.140646862841156	0.299660811112496
-0.224229122176671	0.713228095521958
-0.345335452154859	0.963304944430578
-0.337437184978232	0.929785989531294
-0.139462740901609	0.638721923721928
-0.219388254613876	0.764872750246876
-0.341831214214097	0.958390317236173
-0.159353934277086	0.664495291226628
-0.158651727419397	0.665070250404332
-0.018480942085911	0.0781627988876228
-0.243121816211749	0.737067437801689
-0.323986860823219	0.918905912582172
-0.291198521824977	0.702199181119546
-0.291008439661686	0.855344843377354
-0.0629412858260402	0.117476818981563
-0.332718809743037	0.951331455003999
-0.350457392752707	0.977880846986187
-0.194142340015195	0.335194776600274
0.075749687147726	0.284983222124011
-0.0673401110230013	0.40151175898981
-0.291714641382895	0.85257297146358
-0.15792951434408	0.670559355607894
-0.201411989154724	0.351863478791753
-0.349738447525694	0.965015973705262
-0.240991740188711	0.723462905631179
-0.00288705151685999	0.0127646125900672
-0.361312962867987	0.98559175644782
-0.305308759969553	0.875838505640217
-0.0884298170534521	0.166162764044753
-0.280779928604458	0.857002163695989
-0.243285961468868	0.602528303858012
-0.148649748192891	0.657099863709563
-0.307594176730332	0.903447638845012
-0.341983786419931	0.953363964260657
-0.0797341905030324	0.16259279950846
-0.026325624671857	0.0883893646722511
-0.00433814078384505	0.0181846365545724
-0.356032125575109	0.977281048385647
-0.195049119359074	0.727408487541958
-0.0331633434775203	0.429305658713589
-0.339260092756984	0.948109868025656
-0.149151183983754	0.253900535596633
-0.124286252565012	0.343771996802193
-0.356890564997452	0.977317643494946
-0.220784106809627	0.76672023572098
-0.0518731058938094	0.167021009282675
-0.369399846302094	1.0006774156656
-0.0245577747766925	0.0705122269710564
-0.0572920416995245	0.140431628329648
-0.364382998039227	0.99107219703024
-0.00338937829551231	0.0159469356952761
0.00608342973907534	0.0469705941170168
-0.00816113036177796	0.0358909304854945
-0.201388585299804	0.554985183033437
-0.359397972477908	0.984262372765516
0.00115850291721606	0.0209815451487285
-0.346710731002948	0.959141812047343
-0.360716493952441	0.987433416212068
