1.60826014280929	-1.42323398596057
1.07579991821543	-0.923252024296003
2.62217392073139	-2.30325483882362
1.75471970592593	-1.53109729792876
0.882009367771541	-0.831189161781046
2.85598457365565	-2.50275256889966
2.0499371724409	-1.7063905582974
1.46670288457155	-1.20739890093732
2.69215502091909	-2.33408708856415
1.0487229653939	-0.953899298152346
1.28057453359272	-1.12491988683041
1.51322391987873	-1.48956109101163
1.73904157331289	-1.6956679140026
1.87010026284437	-1.72534764041705
0.854663879751675	-0.820035302090004
1.5173719696802	-1.42581942508747
2.58939940530406	-2.29245612982043
1.14685257713882	-1.03513645203035
1.04852621655805	-0.688369249458345
1.86869599551648	-1.70628452866945
1.47325668957854	-1.43939918865937
1.83955083976916	-1.76580969499785
1.75908594554898	-1.45814010991197
1.63547034951456	-1.46309875617362
2.86954116559067	-2.58929925772725
2.88319299421954	-2.57968880108439
1.71680533184168	-1.58710085780355
2.28066221276909	-2.04121779435635
1.00861966482774	-1.0225887528606
0.802471432695142	-0.808369878923048
1.94448694121712	-1.87755809207924
1.71458690721641	-1.48409783525924
3.15189561337617	-2.81806193497726
1.60764687096224	-1.44323741142376
1.39156200527668	-1.2958827505542
1.81588086382195	-1.81164234072345
2.5129348731755	-2.16698865120663
0.12199530328082	-0.111568609284683
2.8314756331716	-2.5333591834395
1.12820520412046	-0.990790345820499
2.6984815912019	-2.32792220274528
0.515288628931491	-0.527851280726387
2.30031541983593	-1.99341889824939
0.167200351816408	-0.141511491519625
0.980064489617761	-1.01275066438987
2.07933653865412	-1.70899947256645
0.836099436513929	-0.583494212825338
0.665211768192406	-0.535394193209914
1.82982114989692	-1.4487615077447
2.1101685705684	-1.7540770838818
1.26721887185232	-1.20065331763025
2.1885821626888	-1.83975676429509
1.61188333393544	-1.31524670349952
2.01706057839564	-1.75335805671514
2.15857455649804	-1.73384443177974
2.72196233328827	-2.50552377562367
1.38539223476358	-1.42510400769813
0.642186821182924	-0.646092118307786
0.160945326923832	-0.134137655034837
2.82211282864894	-2.49969667595296
0.397021177202546	-0.417738691514077
0.969057605177648	-0.899675426014641
1.2358945888634	-1.09297398859277
2.27536844520872	-2.07240810187396
1.1382426002559	-1.00037228775964
2.00860780286063	-1.70013088660474
0.506149761592736	-0.503820494520283
0.181149350061552	-0.158660771941354
1.16867671527827	-1.03113724410452
0.443313989090699	-0.440253342722483
2.9994932385965	-2.67305552168756
1.40292037711279	-1.2425173561645
1.12137497317028	-1.00312073658444
0.193768746972416	-0.177981933958749
1.62991369998403	-1.34936279530615
0.41381970297671	-0.390685254919498
2.73524195747804	-2.4353097216235
2.24296751520744	-1.9755676294962
1.10196608418473	-0.935561537164862
1.65925528931929	-1.5231391858366
2.04528603877464	-1.87688428234191
1.4803151121649	-1.34043845005964
2.66071842503152	-2.29387844667664
0.538831410093901	-0.514949042919543
1.36479081400084	-1.05127645710202
1.39994084097284	-0.944853867553676
0.240102778719884	-0.223173938389134
2.30420741455842	-1.92455834949925
0.388590190008387	-0.369841895177668
2.7817872361915	-2.39006777599292
2.7051163295442	-2.34700216070233
2.59596188831967	-2.26255568129088
0.206798419529697	-0.171417341439497
2.27528731244932	-2.0464708027007
0.24228211014232	-0.188413733231915
2.48914683957783	-2.19367118203448
2.06551997740478	-1.75040828547068
2.58173057565906	-2.2073965778091
0.122437836425882	-0.110438124776757
2.610662599522	-2.29504623358339
