-0.935823555272769	1.45774706837425
-1.01505144075135	1.5321474915559
-0.654872974375927	0.991145184355566
-1.04579705897653	1.58876160215042
-0.301939457323062	0.533727860514222
-0.41192716680017	0.638026626090811
-0.0144152336211444	0.0235932122774675
-0.388677010521579	0.546240048484123
-0.0249792307524311	0.0386522535082939
-0.849211968547688	1.13166393206634
-0.101920599018654	0.154373202755732
-0.220211804497985	0.336817677238071
-1.03184965408246	1.56746520719202
-0.785143609892208	1.02087953153059
-0.0858488885493728	0.121106785859445
-0.0681802389290973	0.0875944375249319
-0.853675255427985	1.30195950780959
-1.02184322390775	1.49426447744353
-1.02744266269587	1.49134846880726
-0.914866861151131	1.32322001513091
-0.254836434353824	0.356254865712455
-0.830883547754958	1.28762477185627
-0.225705470988428	0.319943551024782
-0.794022378235701	1.21013724936874
-0.825866115270687	1.3918178631727
-1.03828770092422	1.58307108491769
-0.941983576112247	1.3786183851463
-0.2388823764096	0.337620815749367
-1.03280613260088	1.5099840239225
-0.244948477865296	0.36630252224792
-0.94101857121258	1.46323761129164
-0.0218790639534492	0.0329954275310049
-0.978066945468578	1.47263989797342
-0.375942460541452	0.546479858363375
-0.600360250918497	0.926486553406163
-0.754812292948359	1.1812329422616
-0.165573953704074	0.306571027173183
-0.986723843938709	1.53240298569571
-1.01293458141533	1.51424131691665
-0.958180495003374	1.44879039623436
-0.686578503269235	1.05861035896707
-0.087257957536987	0.109091810859023
-0.186488805808362	0.221447551767585
-0.947437057014073	1.45045861279597
-0.952825870952102	1.40072031553316
-0.969786214081237	1.43380216302471
-0.897942012154349	1.48443016547131
-0.194055944943008	0.292241450823177
-0.256599419742907	0.354183970138053
-0.469809357596516	0.573157728455245
-0.982696453703638	1.46488185322557
-0.966537480410008	1.52736680382619
-1.05378064067588	1.58084764563301
-0.493174341514437	0.63873436514304
-0.854217612877588	1.42491055236236
-1.05311280571044	1.57454643333513
-0.32718876120009	0.455577158032605
-0.198087683805208	0.364152468109923
-0.668014725335598	1.06980452344997
-0.938942585417735	1.44925179025718
-0.582343331592999	0.894485657688772
-0.613043058550508	0.892665902180152
-0.0230477726006455	0.0468526680760139
-0.14833235043478	0.253595602780546
-0.204069800571353	0.554333392448921
-0.973767736906951	1.52918616608459
-0.216783768423283	0.312142163740305
-0.0244932466850447	0.0359365004310251
-0.831696541965956	1.25815044874281
-0.503531881361201	0.968945545504583
-0.824655202082603	1.29656191867744
-0.0384624506656012	0.0694223919540667
-1.10019438994296	1.55178178940174
-0.346899671272176	0.441905179308311
-0.0759600918710356	0.106680378327243
-0.579287961206197	0.908968093332832
-0.148372169630661	0.258000129166005
-1.01460472334128	1.5157871465965
-0.966622305866416	1.4250071954649
-0.93892375458083	1.4537605137352
-0.0670666923676234	0.0904261080556154
-0.442998814427147	0.675999946873162
-0.734487816335608	1.14020832305651
-0.1959474808089	0.288987508681462
-1.05445174740858	1.58302231414981
-0.925233403954238	1.3522056129803
-1.05533360651362	1.52594191886243
-1.02694492609649	1.58111340263167
-1.04417428755735	1.57977511281764
-0.0462929387680076	0.0614271468994324
-0.0872459877341701	0.121044233175994
-0.0887445387704162	0.11966909462883
-0.82926806762822	1.27538059541677
-0.20376608362941	0.2889240161597
-0.444444187265504	0.753365360415215
-0.664544692843706	1.09865113141748
-0.932761772720004	1.40123492740443
-0.20264941710521	0.267030598654074
-0.164908593938386	0.179091514314468
-0.0142014736569686	0.0220051220028377
