606,7419,3301,2206,8958,2641,9219,6476,8457,8436,2743,4108,5212,3750,9056,514,4529,3861,1142,5418,2478,7786,4725,6678,8287,1549,4924,3939,6815,4769,7782,4919,4721,1109,9337,4920,2124,8978,4297,596,4585,4149,4026,9451,8609,967,8067,9553,7941,8056,2159,7628,2320,1161,1279,7106,1299,7301,3442,4016,9143,6860,6934,9677,4007,3828,101,1090,8295,7429,9769,9869,3152,953,3425,1068,7507,8894,4069,241,6228,8229,6050,5097,1263,989,5432,5454,2867,3011,650,5893,817,365,5525,5141,6526,610,6151,6862
926,344,3617,1961,8108,6231,9190,8972,2005,8054,373,6312,2218,1430,9281,895,3167,3851,1026,1899,6329,5576,849,8302,3549,2421,1621,4504,6181,5916,1446,8820,8290,5163,9338,5269,4537,6578,7903,68,4707,2869,8226,9452,2523,126,7679,9554,3690,5986,5651,6881,5183,3312,2890,6708,642,7168,8965,8444,9098,1273,6363,9678,3615,5855,3800,347,5029,8812,9770,9870,4477,6451,6065,3509,6198,9943,1295,129,3436,8384,4259,8139,1971,8694,6674,1164,703,5841,1563,5587,7374,6759,6988,4000,7868,1225,8370,5761
27,48,255,853,2911,4423,8386,6028,3380,7656,2413,2171,3132,4676,8920,6082,1603,4164,2819,3150,7198,7508,1304,5738,6388,5452,4576,4665,3849,6075,5869,8029,8274,1802,9339,6447,3941,8747,7094,552,700,6573,5070,9453,6139,1645,6622,9555,7985,5450,5081,4582,2160,3914,4028,4649,3177,8601,3216,8241,5547,2007,7364,9679,4380,4131,2944,254,1751,7608,9771,9871,3108,2993,4275,5100,7156,9944,2975,7536,6272,8215,4121,6558,2632,8525,8072,1931,1254,3971,1180,3862,6193,1956,3462,4971,7519,428,6803,5537
2754,3491,4675,1405,8007,2307,9070,4523,7530,5908,3836,2780,7107,2173,9015,775,4759,1426,2137,4094,6373,6916,1815,5632,1480,4337,3935,3385,2449,4331,1132,6209,7120,2299,9340,5090,1750,8781,6492,3543,477,2969,3360,9454,7984,4538,6864,9556,5591,7735,5810,3982,1578,965,1053,1033,1749,4860,6844,4605,9658,2910,7635,9680,2594,3095,166,3049,4818,6618,9772,8852,3460,4158,3174,594,5466,9025,2401,3428,3498,7114,2498,4043,3613,1839,5275,1920,2170,3012,1021,7117,5784,3307,1243,2761,5505,2325,7047,4986
19,30,59,246,1005,972,6527,2660,8150,8526,4964,4241,6062,7751,9282,5398,5624,3479,4510,5614,8448,6944,4599,6499,5662,6286,5890,1510,3969,5780,4491,5830,6890,2272,9341,2936,3228,9019,7728,4550,462,6478,1431,9455,8814,4915,8089,9557,7239,6015,7607,6418,3172,2620,1804,4306,1449,8610,8237,8898,9659,6813,8157,9681,1886,3647,3801,3582,1963,5708,9773,9872,4231,3571,3576,5147,8732,8574,3630,906,4087,5302,5617,2400,1272,8058,8480,5618,2649,7591,1612,6969,3349,2673,1367,3264,8153,2756,4923,5110
2972,5588,7397,1499,8801,1479,8886,5226,6189,7840,624,2706,1420,5941,9047,2537,3130,1230,933,3429,6926,7235,2705,6900,3721,2338,5266,4235,2875,3052,6584,3435,7807,3680,9342,4626,2847,8777,6689,2487,867,394,4826,9456,7934,1327,3085,9558,6008,7633,2550,5546,1753,661,2961,2139,2363,7240,4391,3792,9207,4849,5798,9682,2629,855,1688,2479,4780,7313,9774,9873,1102,2042,2648,1743,3254,8318,2135,4406,2255,7756,3327,3557,4575,2909,5988,2940,1700,5286,648,6611,3603,1902,2412,2760,7709,3109,7029,3522
34,156,799,1654,5073,4257,8094,6303,7007,9036,3114,6955,7023,4722,8932,471,5334,4354,2967,4961,8375,5460,4365,3044,5216,3287,7129,1013,5053,6918,1717,9312,7069,2762,9343,2564,5508,8551,4683,125,2383,4953,8989,9457,7506,106,5299,9559,6317,7856,3921,8317,4059,346,996,4404,1043,8811,8858,9651,9040,6410,5548,9683,2002,5059,7365,434,5211,7646,9775,9874,3117,647,4008,2388,2350,9945,4655,262,3280,9043,2235,6148,4454,8555,8140,6279,3064,4651,1809,3098,6922,1195,7340,7021,7447,4488,8160,8181
305,8406,7391,4001,7476,4596,9097,6120,8407,8465,3853,1825,5441,7883,9283,924,4687,2606,1638,6581,3944,3697,3852,3413,6962,1452,3815,1486,6287,5047,2319,2710,4402,2707,9344,3147,3048,8914,2687,139,4065,2001,2246,9458,8864,78,7382,9560,7632,6945,5710,7085,3342,310,1120,5175,1671,5254,8120,7401,8837,7142,6246,9684,2640,1224,132,593,6529,5626,9776,9875,1937,6302,1785,6700,5251,8906,1760,747,7157,5800,5495,6525,4774,3900,6575,6036,3597,5498,1170,1256,2424,2386,3962,6047,6136,4461,3996,5871
813,1442,4944,2496,8566,2626,8272,6583,1618,3704,464,2029,5307,1813,8495,2164,5129,4644,2942,1429,4624,4874,2249,7001,5754,6826,1500,7614,6706,5664,5536,8810,7849,6980,9345,1711,5105,8264,6601,67,588,2354,8730,9459,5016,110,6973,9561,1030,6341,7335,7070,3561,605,3426,4733,869,7345,8786,9141,8271,2515,8449,9685,3514,5707,3857,378,6660,8446,9777,9249,5382,792,6250,2698,3893,9946,2197,1845,5044,8553,2566,6156,3310,6886,8597,398,409,3873,2853,5192,7515,2046,7140,2575,8388,1843,6349,6158
1875,3500,2646,5343,7084,2801,9123,4705,6787,7354,7180,2040,5999,4005,9100,236,4090,2282,3464,1011,6729,5650,2090,2382,6066,5287,4281,2505,1464,2866,1923,2283,5351,4678,9346,6217,3009,8677,7492,2203,3895,5510,3161,9460,4906,1524,7797,9562,6957,5789,801,6102,2019,1529,2034,4600,979,5385,7743,8001,8969,2365,6467,9686,1898,964,687,860,1780,7059,9778,9876,982,6176,1911,4517,5383,9947,2286,857,6508,3659,1317,6040,2151,6348,7494,1583,1169,6254,983,4761,7573,2889,2353,3672,6652,2617,8208,2439
361,6923,7082,4312,8339,4203,8994,5339,5982,8492,1680,3226,6264,6304,9002,1679,1311,4617,1441,754,3564,5127,1754,5809,5552,7522,3107,2378,4690,3686,562,9313,8576,4868,9347,858,2645,8684,5533,39,2425,6345,8292,9461,5381,127,6840,9563,2153,8233,7935,6449,3664,749,1608,1707,3034,8696,8130,8579,8808,4757,7951,9687,4822,2443,1715,568,3278,8572,9779,9877,2576,1853,4315,4468,1857,8491,535,4992,3467,7980,484,7040,2793,6767,7689,463,2280,6991,3847,1732,8144,4695,6089,6052,8326,1761,8371,5649
3273,4011,4901,3688,8759,3257,9259,717,7801,8588,6213,5135,7192,4960,9284,4020,1854,3823,994,5875,3407,8863,5232,6715,2374,7093,3485,6244,5295,6268,3763,1268,2580,2894,9348,493,1909,8947,3176,3396,141,7832,8681,9462,7601,6409,7409,9564,5878,3101,1881,6215,1399,1930,447,3343,4326,7616,2473,8840,6762,6091,6623,9688,4442,6798,1805,260,6398,3193,9780,9878,1477,6432,1625,3673,7053,5024,2984,6463,5704,5036,4842,6530,975,3803,7500,4899,1255,2003,4703,7949,796,287,1051,4397,2614,181,8587,1714
587,8041,8725,5554,4909,3829,8995,7204,5415,8451,5814,2744,1063,8165,8745,3919,1006,4246,1535,3787,6825,1373,1576,3456,4209,4227,6393,2066,4040,5361,414,8805,6502,3640,9349,638,4786,8790,3200,187,1706,2855,6783,9463,6772,194,6376,9565,7671,5873,4300,5099,3067,396,545,2321,3253,8162,8106,8807,8354,4691,5367,9689,4210,1593,6427,250,2065,8159,9781,9879,2562,2327,3568,2384,1433,8185,1735,5755,6026,8832,1041,7262,1589,7159,7881,5597,2732,6503,2667,1187,3063,2726,5440,4876,7066,1632,5737,6482
177,215,1581,786,5788,697,8603,7449,1836,7299,4945,6414,3476,2627,8772,2226,1505,3546,3205,3197,7677,6276,1777,6138,2278,5253,4071,5621,3782,3512,2602,9136,8097,3622,9350,5284,2215,1678,7074,3535,607,6553,7015,9464,4371,752,2970,9566,2887,6057,3400,4420,2546,2938,467,6107,910,5937,6441,6882,7916,5040,7978,9690,2493,1345,4166,3348,6335,5821,9782,8889,5520,5359,5297,1055,5648,9948,1523,3882,1571,8175,3154,5768,1681,5294,6657,2851,571,6683,2202,3653,5377,4041,6421,4063,5744,1044,7845,7005
64,1062,2690,4330,6819,2949,8941,6943,5551,8655,6668,457,4852,4729,7062,4433,1065,2265,4710,5281,5590,2657,3863,1314,7613,5594,3972,3791,5001,4748,3506,6063,6572,5206,9351,902,3556,9436,4952,225,1580,7821,7485,9465,7554,143,6106,9567,6157,7527,5563,7928,3321,322,1554,2242,3624,7375,3938,8417,7220,7388,8207,9691,2908,960,937,574,7108,3578,9783,9880,1652,1201,1551,1812,4303,9949,1558,3149,4984,5616,2730,7271,4566,7396,6161,4412,3896,4934,3020,1152,5904,2352,4823,5853,6005,3527,6589,5897
423,8277,8734,5169,7071,2962,8962,2252,8559,6993,5846,1265,7125,4222,9225,3261,3127,4490,1537,418,7605,7045,319,6669,3408,7032,6995,2836,3284,2986,3974,9314,9163,3274,9352,6751,1315,9202,6897,323,1281,5944,8529,9466,7578,81,8458,9568,4723,7789,5196,5950,2442,551,1393,3398,1616,8220,5844,9168,9660,5702,7241,9692,1160,630,5954,1475,6103,8531,9784,9881,4834,4046,7806,1146,3156,7948,482,8275,1139,4341,240,8037,283,6051,5606,1454,2598,2574,4664,5894,5485,2635,5765,5802,5077,757,7699,6731
274,8859,8314,2185,7037,5078,9260,4265,8598,5599,4738,1339,6321,4321,8855,107,3537,4652,3711,1772,6755,6756,2329,3091,5568,3341,7451,798,6722,5068,5978,8510,8836,7243,9353,4997,3170,8511,7134,693,152,3502,2081,9467,6791,311,2519,9569,4618,6444,7627,4467,2989,405,659,3363,1356,8221,7842,2954,9661,6793,5700,9693,500,694,270,2039,8251,7972,9785,9250,2818,4444,1648,5323,8201,9950,1448,2348,5764,5298,2268,6814,2772,4509,6455,4285,1235,5692,2931,3545,6114,1388,5610,5332,6540,2727,7055,6163
1569,4763,5114,4936,7482,1597,9028,4381,1889,5515,4574,6240,3032,6718,9057,4547,1363,2414,2680,840,7574,4954,2639,6516,6116,6055,2123,3713,2607,3808,6361,7740,8600,3487,9354,1086,1343,8431,5483,2950,1740,3658,7748,9468,2285,475,5793,9570,4027,5748,7141,2912,2864,172,2835,3877,1470,8090,4288,8881,7921,5280,7472,9694,2833,2572,5300,570,2434,7135,9786,9188,5132,726,2777,3211,6309,8937,1781,3447,5521,7799,1733,5683,665,4393,6648,3359,715,4788,806,6058,6830,591,1064,3144,5671,930,5496,7875
4084,5542,8027,2878,7870,946,9014,7524,6800,7431,678,2605,6599,7018,8795,407,2231,3026,1748,3071,5144,5215,1721,6670,2459,6643,3473,5430,1416,2686,4760,5267,4316,2713,9355,6185,1573,8039,5923,1774,95,5111,7413,9469,2693,370,2407,9571,6406,3106,4169,4595,3641,2178,949,2281,2900,7705,6914,5402,7929,6061,7653,9695,2360,4995,4340,3446,3539,7792,9787,9882,3888,2517,3716,1689,3786,4101,1561,4386,790,8079,2951,4806,2182,3368,6178,4125,1223,5868,2590,5091,838,1125,1635,2904,6105,3995,8581,5861
929,8107,8014,5344,8750,1455,9261,7819,6972,8817,7248,4628,6183,3785,8351,564,2888,3701,918,907,5306,8639,2782,7312,5379,4949,6379,6294,2622,2144,1019,8700,8147,2895,9356,5022,2114,8218,3715,272,701,3975,8424,9470,8030,180,7342,9572,2331,7707,7362,3233,6547,2551,1447,1607,1354,8206,6225,9102,8980,7498,7269,9696,1550,6607,1758,1503,3486,7674,9788,9883,4360,3639,3737,2812,3086,5478,1077,540,4152,6046,2049,5026,4989,6534,6149,2445,2293,7133,186,5166,1280,327,5205,4237,5912,1392,8440,1020
649,1973,3433,5796,8373,4388,8987,5247,7525,7061,4295,6770,5762,7230,8887,4740,390,2988,3555,5579,6446,6550,3806,2470,2536,5179,3538,3303,3753,3116,230,6719,3262,2227,9357,4349,3391,8471,511,2927,383,6544,7693,9471,6716,3084,1501,9573,5958,3140,6927,5604,1095,1509,912,297,2010,1821,7338,8743,9144,6827,5778,9697,954,424,1276,3495,3736,5833,9789,8862,1670,4942,3103,4233,5902,9951,3679,8093,5467,6733,1552,5009,2802,7898,5032,6127,1893,6562,220,3079,7511,2121,5729,5194,3692,1985,7719,4824
1643,6728,7746,7869,6808,4048,9220,7900,7392,8262,738,4930,2257,8478,9285,3178,2142,2755,1438,8204,899,2192,2825,6500,3776,4438,5530,5314,5719,3317,307,5910,1562,3420,9358,440,2428,8640,934,183,1045,5011,1704,9472,7755,69,4440,9574,7642,7555,5197,6419,4859,724,1081,1584,3267,7428,4475,8720,7256,8498,6884,9698,4974,2269,2420,517,1954,8507,9790,9884,2971,4527,5631,3410,3397,9952,608,2935,6746,9099,3025,6354,2256,7776,6823,6734,5082,4950,1507,3081,5229,4422,6842,5952,1770,1762,8232,2199
2689,3113,8534,5715,7178,5384,9262,7662,6703,7781,444,3297,3225,2751,9286,448,2979,2051,2012,4122,6761,6778,468,6133,3628,3643,4466,1824,5561,6369,542,8288,6306,3771,9359,4932,3633,6614,6034,88,1228,4811,8285,9473,5720,74,7149,9184,3764,5095,5019,6266,6462,3774,2468,3820,745,8719,8763,5222,6344,5994,4548,9699,3606,7287,1959,507,5392,6247,9791,9885,3223,6709,5740,3600,4062,9953,217,93,5823,8343,2075,5922,4872,8580,5390,1979,3489,6730,1001,3119,6466,3097,2933,3797,7026,2267,8319,3548
1752,7543,7545,6073,7459,5170,9082,8273,6522,7765,2475,917,7311,6986,9083,6292,4434,2084,1199,3720,7012,3508,611,5146,6901,6504,5717,2415,2105,1988,1723,2209,7516,3875,9360,3002,3345,8211,6395,257,2183,7171,7670,9474,8466,44,6959,9575,2154,5497,7909,4061,4983,2538,3251,1542,2924,7760,7675,7560,4009,3162,7473,9245,3184,1642,1017,171,6243,4096,9792,9886,599,4038,2916,3279,966,8787,253,1191,6220,7589,3003,6533,5318,5239,8035,494,2929,5207,2381,3707,6637,3155,2023,4401,7497,4551,8520,2522
1538,2858,7455,3100,7629,4376,9108,5446,5066,6320,6518,5905,2511,4419,9226,1203,5214,4791,301,1579,8333,2846,2298,6387,3726,1174,4076,3323,4095,6537,521,9058,8891,1129,9361,3876,3181,5480,4846,1008,174,3083,6524,9475,4189,235,7854,9576,7584,7218,1844,6216,4170,2901,284,5168,582,7559,8649,8661,9021,4785,5701,9700,3062,4623,1912,828,2530,6609,9793,9887,5350,5316,5393,6069,5301,9175,4782,829,3945,8308,6087,7973,1049,2861,4804,3466,2344,1663,1468,7366,1471,1166,2091,4047,5121,2131,6735,5946
4126,2417,7975,5125,7346,2364,9090,3977,5158,7030,6775,6515,4336,3740,9127,3693,3061,2368,3541,3042,7460,7393,909,5137,2201,3523,3005,1342,4505,5774,3258,6625,8659,859,9362,4718,1221,7664,7371,4106,988,7477,8479,9476,6426,762,6878,9577,5388,4798,7219,3667,3705,3580,1257,4484,1222,1720,6717,8445,7266,1233,8279,9246,1410,3699,276,3616,6327,7339,9794,9146,3754,4333,3636,5473,1419,8950,441,5817,6147,7572,878,4539,555,1915,7839,1278,316,2664,1382,5133,711,1811,3102,3980,4394,1024,7438,6747
1056,1381,4731,3243,7809,1083,8870,3730,4732,3916,6459,3510,5476,3454,8389,5046,4643,1827,2631,4657,7553,2143,2405,4898,6351,4937,4124,2432,4052,3623,7518,7885,7754,3798,9363,4524,1885,7073,6440,3958,221,6628,8212,9477,3221,1239,4672,9578,4654,7112,3660,6804,1788,2758,1175,3313,1251,8078,8460,5787,8469,6245,6382,9701,2113,847,2074,3513,6495,5581,9795,9888,501,846,837,1588,3906,9954,2559,3283,5886,6001,2982,3789,2482,1437,7041,1913,1425,1816,2198,1258,5193,1122,1658,4446,2885,2107,6970,6612
885,7876,8327,6950,4534,3592,8968,1308,8022,2584,6621,377,5960,8503,6265,4900,2429,4075,3747,5776,2757,7412,1461,2569,6257,1119,4817,713,5167,6627,4138,7526,8482,4459,9364,1133,3743,9183,6615,4328,884,6493,5371,9478,8584,4413,5675,9579,5608,2375,6011,2038,1587,1073,1492,3191,691,6090,2684,8873,9062,6632,7293,9247,991,435,951,2313,6420,6166,9796,9889,1351,2335,783,5176,5578,9955,3096,8488,7359,5012,5749,5412,2480,8636,8463,5252,2837,2763,1259,533,7353,437,1301,4392,5714,190,3621,8301
1906,8558,6642,5611,8605,4389,9263,6423,7234,7594,1283,249,5935,7336,9066,4364,4714,2100,4128,5545,4792,3393,410,3135,6322,4118,6902,5162,1481,3735,1084,1394,6932,4144,9365,686,2342,9032,6871,128,2578,6781,1288,9479,8044,108,6400,9234,8189,7550,6298,7715,2948,578,2098,764,4358,5628,7761,8905,9096,7977,7645,9702,5274,340,320,1107,5431,7188,9797,9890,597,3781,2061,3531,7463,8769,341,7089,6587,2152,3845,5633,1506,7659,7246,5569,3540,5571,3185,3201,6675,3762,3186,6588,2823,3668,8722,4946
1424,5619,7380,1527,8848,3439,9221,4363,7764,8028,199,3839,6364,5378,9287,1673,5839,1177,2110,3072,8362,3403,3381,5661,5993,7258,7091,6666,3204,1556,2731,2625,7163,3926,9233,7706,1769,8098,6505,3504,113,6602,4962,9480,8909,513,7152,9580,4943,6880,6342,5932,2558,2534,800,4562,3427,6480,8626,9039,8697,6203,6616,9703,2877,950,345,3756,3010,6726,9798,9173,1072,4545,549,2213,5200,6542,1629,7686,1284,2613,1896,3057,1148,5725,3329,3723,1412,3471,893,6059,2679,1970,797,4029,5726,2741,8875,6857
1828,5989,8359,7800,6779,5930,9264,1031,8038,5260,5835,1302,6267,4855,9128,4532,2136,4390,1796,550,3760,5779,583,2207,5600,7347,3511,1872,6132,4244,8081,9315,9332,2289,9366,5947,3409,8993,8049,82,886,4647,6282,9481,8867,53,8005,9581,8205,7956,6134,5805,1323,229,326,6402,3593,9140,4526,8915,9662,4078,8765,9248,3909,653,1950,3159,7791,8985,9799,9891,6188,2524,5509,1916,7325,9255,558,8335,8455,7123,504,5042,309,7631,6818,2095,864,2834,4990,5156,6318,339,3432,6638,8012,497,7612,7828
57,160,293,486,1353,1121,4220,2586,7288,7892,7720,404,8361,8625,9288,8819,6032,2033,5575,4353,7872,4865,6194,4160,5666,8016,7251,6232,556,2322,6963,1413,4845,7566,9367,7770,2533,9437,8499,5397,348,7669,5585,9482,8783,7323,7280,9582,8806,7121,1496,8594,1136,4290,5131,2419,3544,1978,6218,8731,9663,7652,4120,9704,2643,408,526,2275,6832,4850,9800,9892,167,6680,714,5850,5565,9956,1765,9041,7722,1380,2054,2862,6758,7907,4112,2981,1932,4284,961,6471,8501,2865,1168,6009,6299,6150,8802,7846
478,3607,6060,5970,8671,3423,9265,2893,6458,7048,8195,234,7967,7176,9289,7456,6961,3516,4965,4382,731,2484,877,856,8096,7692,5283,5370,502,5094,7415,2764,8119,7130,9368,1833,3710,9438,8246,164,1736,8345,4568,9483,8617,279,8020,9583,8421,6865,1994,8685,1060,492,3748,4218,2108,7417,7119,8948,9241,6390,8524,9705,5539,86,331,3036,7783,7010,9801,9893,401,2347,1270,4522,8174,9176,734,8367,7326,1085,2499,6273,1069,7211,6339,1731,3143,3293,681,4494,8651,3534,2500,6263,6849,2659,8688,7331
543,8456,8623,4768,5598,4495,9266,6606,7939,8644,4877,3250,5083,6284,9290,3669,2826,4060,819,1192,2791,3352,573,5804,1541,5399,6237,1989,1766,4903,204,9316,8713,2013,9369,2245,3013,8844,5326,148,1149,3421,7187,9484,8496,76,8070,9584,7558,8706,7503,5453,4570,366,2232,1586,3451,9034,8099,7890,9242,5623,3296,9706,5512,1443,3208,1138,4035,8296,9802,9894,6561,6915,7138,2343,1140,8536,334,1921,3202,8438,690,8395,1322,7199,7370,986,2099,6649,2814,4910,6514,6786,2076,2583,8754,2372,5887,5190
17,10,4,8,15,25,42,317,2373,7647,5898,5102,9073,8780,9291,4544,8340,8977,3741,3752,9306,8983,3932,8834,8934,9114,9309,8835,7610,8599,9135,9317,9333,3189,9370,9435,2284,9439,9446,7357,5278,9447,9449,9485,9551,7399,9552,9585,9642,9645,8757,8923,7406,1197,3340,8857,4077,9120,9649,9652,9664,8945,9675,9707,8323,8874,9042,7905,8999,9172,9803,9895,9053,6774,9941,7753,8071,9957,5312,9986,8778,9987,6391,9217,4803,4680,8244,4807,4036,9991,7681,8669,9993,8727,9995,8951,9997,7655,9998,9026
350,8766,8847,6187,7166,1903,9222,4737,7640,8582,6640,675,6788,5589,8996,3554,4258,4622,1626,1518,4715,4948,844,2820,3724,5889,6006,525,1533,4305,4194,8403,8827,2920,9371,4377,2899,8798,7649,65,1178,7641,6585,9486,8051,114,7959,9586,7348,7236,7683,5734,890,198,2990,4925,2460,8715,8764,7265,9665,5948,6160,9708,3024,203,436,4724,7369,8191,9804,9896,1692,3634,4159,1598,7624,9177,384,1482,5049,3357,1830,7308,2416,7779,6517,1511,3375,2179,3804,3696,8608,2593,1611,4753,8464,2191,7118,7914
306,8890,8726,5010,8940,1113,9223,4280,7279,8493,5230,822,7602,4093,9292,565,2027,4270,1173,962,5041,6551,1699,5532,6236,6173,4597,6415,2557,1291,3270,8481,8755,5742,9372,1213,2467,8856,6084,120,1835,6296,6077,9487,5895,104,8364,9587,3212,7131,7182,6773,1325,214,1856,1918,2370,8707,8716,8662,9666,7324,7376,9709,2458,639,303,1849,5375,8179,9805,9068,1130,5609,3728,4151,5540,7604,622,4463,2788,2634,547,7272,3008,5076,6940,2451,3260,6096,4449,6474,3131,6093,6070,6434,7224,4174,7403,3840
193,851,2560,3964,7582,3515,9109,3952,7022,8712,6899,1226,4607,5369,9129,2259,1172,4105,1737,1742,7404,6452,922,7863,4625,5150,7341,5553,7033,4773,4435,9318,9200,5002,9373,7050,4116,4448,6691,178,386,7334,8850,9488,8248,58,7850,9588,5562,4673,5487,5891,4994,1592,959,5758,3383,7471,5848,6300,3985,3553,7488,9710,2236,3887,5368,1879,3465,4286,9806,9174,3146,4895,5264,3069,1110,9958,144,872,3843,8635,673,3453,3922,8122,8846,2768,1371,7127,958,643,5876,6004,6422,3765,4417,1498,8629,4503
3988,9189,8349,7332,8187,5488,8931,2146,7924,8420,7289,358,7320,7162,8197,7079,3570,4741,5602,2568,7424,6019,2300,474,3834,6600,5366,2447,4914,6208,4857,8746,8892,887,9374,5007,6025,7714,5697,223,269,8183,5327,9489,8561,60,6277,9589,8648,7741,6012,6641,1260,275,1336,7051,1936,8785,7058,8254,8698,4221,7887,9711,3014,169,4734,5516,7990,6539,9807,9897,1319,1015,2274,5060,5290,8975,308,8266,2746,7389,2423,4211,938,3536,8180,2501,372,3163,3326,1567,3448,363,1310,6768,8283,512,8064,8614
5208,5333,7056,7212,9045,5386,9065,756,5014,6978,4357,7927,7738,4890,9016,6251,7068,1565,5261,723,8631,8311,1605,3818,8004,2271,7446,6295,4988,2145,7912,3405,6453,2254,9375,6340,942,7193,2177,5706,433,8184,8762,9490,8110,5199,7416,9590,8416,5543,5152,4176,1357,765,581,3719,1108,7052,944,9051,8815,6202,8692,9712,5592,2670,499,2740,7906,8825,9808,9251,5586,669,3899,5643,8379,9959,1111,541,8280,8203,870,4267,244,1983,973,3609,677,898,509,8011,5092,200,4790,7330,1395,379,7952,7006
1269,8918,8900,7060,8441,4552,9091,5258,6596,8380,2995,439,6442,7837,8988,6559,2052,4247,1207,2817,2824,3677,3712,2720,7774,7433,2845,2601,6696,2371,3415,6100,6906,3028,9376,1819,5863,7567,4519,131,375,7920,8043,9491,8784,62,6411,9591,4318,4679,7960,7328,4057,261,4013,5511,5816,8468,7963,6582,4282,3997,7817,9713,2162,2184,3309,292,7790,4485,9809,9252,2516,1604,3883,3587,1092,9079,553,1434,2310,8537,2813,4996,7027,2976,8519,1220,295,6211,2418,298,7737,1895,4451,4982,7750,5043,8744,3827
31,54,267,815,3244,2345,8414,5915,5750,6571,7077,1957,1127,4589,9009,4805,4368,2642,4670,4967,3897,4634,654,5470,5936,5573,1801,5245,5772,5321,1157,8404,7491,3884,9377,3746,2854,8735,4072,1374,2188,2654,8164,9492,7880,2393,5884,9592,7680,5080,6938,8009,2301,2785,2032,2520,3366,6457,6721,7153,7237,5625,7826,9714,1453,4271,4689,3031,6974,6167,9810,9147,3271,2219,1955,1657,2167,8312,2723,5899,1620,8101,2947,3290,4541,7103,1366,5172,1709,5572,1266,4762,3138,4458,3856,3165,6925,3219,7378,8163
584,3676,7083,5872,6935,3503,9191,7186,4216,8705,4820,4588,2624,4976,9093,1094,3989,4049,876,1783,4332,2481,1941,5320,3295,2031,2874,2958,4327,5491,602,8680,5400,3059,9378,1628,4403,8442,3689,161,4977,1531,3227,9493,6521,45,8253,9593,7105,8057,4293,7020,3122,388,1938,6108,1117,8799,8506,6990,8884,4959,5933,9715,3550,4521,294,763,2946,7896,9811,9898,4010,6043,5328,6308,7261,9960,1208,2628,5613,8770,613,5674,2017,3111,6948,2118,2258,7562,1948,6128,5759,6199,6904,6661,5134,1341,3915,1952
13,5,3,11,16,26,72,616,4186,8209,7275,6895,7829,9113,9293,3468,7126,7727,3449,8133,9307,8199,6688,9004,8717,7704,7549,7852,7969,9197,5217,9319,9334,6437,9379,7824,7292,9440,6964,1665,6076,5380,8774,9494,9205,992,7298,9594,9643,8998,9239,8903,7571,3300,2133,4385,3585,9647,9020,9653,9667,9077,9105,9716,7395,9024,8418,8377,7384,8956,9812,9899,7097,8366,8573,8675,8300,9961,6984,8330,8368,9988,7036,9035,8733,8925,9258,9218,7466,9992,2502,6824,8411,7874,9007,8618,9156,7931,8657,9027
586,1128,7109,2239,8470,5445,9267,6162,3070,8095,832,5447,3046,4115,9227,4535,3651,4497,603,894,5584,5103,1032,7002,2155,2422,3087,3925,4645,3937,1188,9320,8813,2450,9380,5641,1727,7902,7034,105,3333,2695,7165,9495,4688,158,7597,9119,4569,7822,7016,6094,3718,861,2783,4608,1864,8365,8231,8955,9668,1718,7004,9717,2992,5987,1676,692,4175,5522,9813,9078,2717,4591,5322,3581,3822,9150,1035,1630,2797,8053,3894,7723,2306,8430,7284,532,680,7329,2082,3943,7620,6888,4418,2570,8427,527,7785,3472
3674,9157,8117,7169,8960,7847,9110,676,8711,8689,7111,1202,6472,2945,9130,5775,5122,4003,5654,1355,8198,7576,205,1969,6385,7305,4157,2312,6337,6352,7457,9321,9031,940,9381,7259,1992,7321,8341,620,121,8265,7081,9496,9118,248,5039,9595,8704,5630,4928,7804,1390,159,1162,7441,1087,8577,1409,8667,8828,6866,8990,9145,6494,1007,8405,6039,7349,8708,9814,9900,3015,4261,3118,7189,4520,9962,451,7372,8532,4863,1484,2250,432,3213,1423,5743,1027,695,2714,5439,1344,288,496,6054,4432,411,5627,9081
209,3314,3835,4677,7445,990,8515,8136,3739,8332,6509,1153,5093,4359,7432,4633,3681,4378,1697,3627,6206,2749,3056,3574,7368,5347,5620,1229,5746,3717,6333,8575,4755,6197,9382,908,5972,8703,2387,725,585,6797,8353,9497,7859,751,3353,9235,4660,6707,5106,5892,1840,1695,4100,2692,1852,8634,4767,9240,8238,1189,6855,9718,2163,900,2210,952,5389,5949,9815,9901,2656,238,3477,977,4481,9963,2600,4978,6177,8666,1738,3068,4117,7891,8788,1183,473,2208,1504,947,5859,1234,8048,4342,5570,2644,7666,8169
6,9,14,24,38,208,1494,3076,8331,8003,6564,5660,8973,4564,9294,4006,6184,6137,4831,1515,9134,8984,2980,6552,6281,8527,8804,6659,8674,7758,6744,9322,9335,2000,9383,8877,3093,9441,8756,5927,5340,9448,9450,9498,9166,5341,9101,9596,9644,8593,6960,9139,7954,1764,2279,8278,5646,8904,4184,9654,9669,7673,9676,9719,8461,6891,8257,5857,7458,9106,9816,9902,9940,1694,8936,6113,8986,9964,3671,6469,7867,9989,854,7454,2266,4492,6930,1338,1018,5173,5992,8135,7621,2668,8412,8620,7908,720,8337,9064
530,1574,3784,2712,7414,5838,9111,4272,6954,7092,6488,3308,2873,3166,8171,1002,2339,4032,3841,2341,4123,4940,2485,5336,1791,3961,3998,761,4754,1975,271,8252,8539,3886,9384,6253,1976,6165,4457,784,1934,7306,7039,9499,7322,523,5852,9597,2291,4619,6407,3335,4616,4766,273,4255,1907,8473,7957,7731,7561,4111,7922,9720,1641,4031,1403,5465,4800,4350,9817,9903,5906,1193,5825,5506,6741,9965,498,1826,4610,7124,1047,4828,2217,8509,7216,4437,1206,6310,2287,3137,2803,3844,3683,4443,1497,580,3419,5474
1134,3981,4669,4573,7273,3272,8916,2168,7626,6152,3560,3362,6597,3860,8933,1155,3203,2240,981,1014,6560,8086,1610,4838,6164,3256,7421,1476,1659,1627,6635,3619,7147,5113,9385,4743,1387,7886,7099,2196,536,1214,8490,9500,5492,1209,4274,9598,5310,4663,5246,4615,4229,1171,2190,3612,1444,6473,4827,8758,8474,6078,1910,9721,559,1539,1483,1609,6820,3395,9818,9904,1703,3229,1321,1882,4512,8829,1154,7815,1428,5858,3241,6460,2582,6876,5304,3289,1303,4374,1904,4044,4571,968,2392,4409,6366,3000,8168,8002
142,978,2829,2314,7398,2157,9001,6212,5785,6912,1098,2540,4489,4719,8796,1677,2263,1935,2542,3960,7757,5145,1887,5783,8080,5819,6122,3151,3807,3482,7063,1553,1544,4821,9386,3599,1823,8822,4317,1488,539,6448,4648,9501,8432,381,6405,9599,3171,2839,5681,6191,2253,3029,2596,5721,2367,4066,4875,7363,8714,8124,7936,9722,2729,385,2765,1050,7844,5596,9819,9905,1402,1998,2410,2736,7480,9000,1747,6861,2795,5921,4636,2637,2156,5781,4563,3074,753,5459,1668,1540,4208,3082,3505,5479,6605,2769,8447,4370
359,6222,6223,4717,8771,1466,9268,5766,6905,7901,640,658,6425,4464,8073,3967,2781,1650,2189,1986,5771,6330,3766,1818,7495,7250,4487,2037,4338,2609,5088,8289,7831,2158,9387,1227,3445,8622,5815,315,1334,7470,5358,9502,7453,914,7953,9600,6654,6346,3947,5054,770,210,2237,4775,2974,7995,8452,5236,8768,4598,6885,9723,2863,1337,402,1277,1575,3440,9820,9052,3134,3732,2870,5272,2917,8342,2053,7436,3305,5493,1141,6392,3891,2086,4356,4167,2903,6921,2892,2395,1114,4319,3390,3598,8413,4212,2844,3867
1082,8013,6328,5305,8606,1746,9269,7304,6372,8235,5407,335,7355,6782,8583,2276,4148,1773,2733,6665,1560,2588,3682,1837,6896,4958,3602,6030,4581,3424,6080,2176,5124,4756,9388,232,1897,9442,6170,75,2435,5219,4097,9503,8443,89,7203,9601,6913,7848,6851,7861,522,136,4146,2205,5352,4375,3369,7435,8329,6867,6848,9724,4921,590,112,1075,8091,3670,9821,9906,750,3088,1516,5995,7317,8991,2270,4291,7158,2261,2535,6433,6383,4264,5951,4979,3285,6796,4089,4429,5394,4450,3729,7625,6110,4881,3773,4253
566,9044,5365,5413,8946,843,9158,7639,8567,8740,4022,1231,6869,6044,9295,2528,4478,2752,1037,2525,3281,8074,2489,4500,6780,7490,5277,5159,3542,3275,1048,5732,7038,2403,9389,466,2902,9138,2070,216,333,8570,4991,9504,8392,537,6679,9602,8031,8505,6454,6307,1789,399,2786,1726,3880,8129,7950,7232,8775,6737,6856,9725,4441,1212,202,1236,2214,5722,9822,9210,3444,6753,3563,4883,5184,5411,1012,6086,4425,4499,1115,7778,5981,2323,5907,2317,1831,6887,1594,4894,595,793,4794,6429,7464,4692,4587,1960
460,7638,8895,5455,6711,3316,9270,6598,8315,8896,5877,1543,4080,4736,9296,733,2466,3973,1105,1184,3837,4593,781,6461,2830,5000,6214,3990,3810,3484,393,9323,8483,3430,9390,2898,2968,8718,5622,147,2260,3334,7587,9505,8155,61,8851,9603,5408,8589,7504,5463,3567,412,2089,3124,2828,8943,8742,8213,9063,5270,5712,9726,2964,1313,2471,862,4926,8227,9823,9253,5668,7101,6413,3037,1672,8966,548,881,4862,7373,242,7974,1369,6754,8297,546,2234,6377,1564,4848,5968,7310,3392,4416,8239,2513,5745,2868
617,8069,8670,5065,7128,3817,9192,4346,8450,8624,6979,1953,4373,3868,9228,3376,3734,4809,1099,755,2036,5198,634,4972,1067,6682,6512,2015,2044,4511,268,9324,9116,2722,9391,3979,2241,8893,6101,130,2497,6143,7517,9506,8512,70,8467,9604,6879,8082,8000,5973,2937,233,1919,4325,4068,8545,8540,8823,9670,4531,5405,9727,4969,629,2474,4269,4309,8650,9824,9907,5074,6710,4776,2330,1489,9256,312,2149,4927,6347,355,7314,1022,6636,5962,560,1435,5528,3075,5874,8047,5791,2247,4334,8439,1940,5851,4528
291,8838,8782,6435,5462,5149,8926,3924,8422,7367,3286,2361,7017,5818,9229,420,4079,5034,1884,736,7606,7593,453,5678,2573,5118,6870,1145,6591,6846,943,9198,8177,4973,9392,5458,3583,8569,6396,239,2377,1158,8425,9507,7327,87,5291,9605,4968,8250,7742,5831,6556,679,2233,3240,1502,8897,5456,7255,9011,7442,5901,9728,956,2062,3231,732,4226,8083,9825,9211,5656,4361,5311,3970,2815,9151,520,980,6633,6875,664,6794,1756,7937,8738,1074,1999,4542,716,1057,6958,2059,3662,3751,6490,1820,7489,2619
36,119,429,662,3373,4050,8809,5829,7700,4884,3370,5560,4387,4746,8959,2448,4536,2711,2957,5185,6843,7577,3160,1241,7024,2611,7254,1519,4938,5580,5739,7337,8245,1181,9393,6456,3809,6858,8151,1794,834,6362,6776,9508,7711,4993,5363,9606,6593,3589,7387,4372,3406,2709,318,6416,1491,3054,3493,8062,8173,7834,6112,9729,2928,4793,4197,3325,3206,5342,9826,9908,2462,2169,3311,2612,3772,9966,759,506,3417,5731,3637,7552,1089,5991,4929,5313,1135,3725,2079,3702,4136,4455,4543,2294,7390,1850,8112,6748
73,417,1293,1883,7019,3120,8723,7104,6029,2872,3889,6662,4098,5767,8475,5956,4023,1282,4058,4384,8516,4054,3302,5640,970,4902,2651,1052,4268,3605,1029,6394,8270,2512,9394,866,3337,5501,3470,3104,1460,4697,7913,9509,7478,848,6883,9607,6064,3238,5096,6144,3438,3908,2544,4602,2682,4891,4611,8882,6982,891,6841,9730,1316,5928,2212,2655,6998,6569,9827,9909,2554,4207,2577,1874,5057,9967,600,1397,4033,6999,2556,5696,4843,7360,6941,5484,974,3923,633,3126,6283,4620,2150,2200,5101,1463,7277,6971
32,52,252,666,3153,1408,8224,5925,6590,7726,1530,4681,4424,4045,9297,6802,2461,1508,5084,6704,7575,6789,1389,6889,3058,8008,4314,1951,2914,4168,1631,3330,8109,3709,9395,5686,3110,7648,4130,845,2728,8087,7238,9510,7244,3700,7889,9608,7344,7825,7183,5048,1651,1867,2138,3236,3035,7579,7996,5865,9169,2599,8200,9731,4185,1702,2302,1842,6920,7352,9828,9148,459,5130,2006,4889,7930,9968,1865,2638,4431,5929,4985,2913,1870,1846,4698,2332,2220,4613,2555,7042,7444,5504,1352,4745,7917,1684,7529,5601
28,46,182,626,2223,3125,7319,4039,6738,6620,8299,1577,3265,8638,8826,7667,5457,2115,2597,6771,9030,7215,4055,7098,8118,3983,7838,4666,3469,2561,7600,3565,8166,6045,9396,4344,3496,3811,6592,5864,118,3361,6784,9511,8879,2071,6201,9609,8839,2739,4195,7634,4262,4830,2738,3892,2840,3018,7548,7865,4298,8167,4436,9732,4107,1126,2633,3478,5676,2939,9829,9910,911,5354,1407,1964,7139,8853,387,5317,5541,6095,3520,5507,7448,7443,7696,5867,1150,5801,889,883,3237,6017,1725,2650,5181,2623,7622,8358
1364,1590,5461,5813,7871,1264,8833,2472,5248,1582,3268,6695,1365,4638,8818,3796,2997,2941,3139,2318,7691,8055,2529,2897,5777,3450,6520,3298,1787,1639,5957,6854,7877,3819,9397,5943,2905,4470,4292,3744,1330,8346,7971,9512,5438,1834,5238,9610,7615,2406,6792,1358,2305,195,516,3060,1784,6928,2376,7651,8845,6072,8554,9733,1873,1421,3872,3384,6428,8131,9830,8668,4472,1240,4415,2787,5180,8981,2441,791,5644,7716,920,7257,1378,5966,7766,4201,2355,2454,873,6403,7175,154,3610,4506,1993,712,7185,7160
20,29,41,168,839,788,5680,5404,6951,2808,6801,6131,7542,7049,9298,7467,5689,1415,4109,2096,5913,6910,3854,3517,3871,6705,5449,6987,4081,4905,7940,1847,5792,2553,9398,6757,3879,8964,6316,3812,2290,6056,8363,9513,6671,5220,6664,9611,7855,5885,3645,6714,2055,5165,2906,3183,4555,4908,7752,8944,8841,7771,7086,9734,1465,2063,830,2672,8063,7270,9831,9911,1741,1810,803,6646,8355,9969,2402,7585,4482,4957,5373,7676,3858,2087,3832,3870,264,7637,2880,6852,5824,5178,2798,6386,7961,4699,8548,8036
23,33,91,286,1817,3911,7253,8350,7179,8913,2718,4916,6399,7932,9048,3121,7285,3987,4134,7057,3043,4199,3434,4720,6000,6501,5357,6750,6812,6375,360,3755,4196,3898,9399,421,3488,9067,3933,211,5151,3850,6412,9514,8861,63,8562,9612,8316,8178,6872,9033,6358,1210,1848,4882,4230,5655,8869,9655,9012,5564,7989,9735,6226,5349,831,655,5976,7609,9832,9912,3802,4362,4232,7064,7551,9970,1123,1647,6898,8508,4445,7981,5120,8899,6092,3038,1418,6470,3214,3951,7386,5760,5329,7923,2696,4549,8939,3572
450,8749,7943,6252,6942,3708,9193,3294,8568,7226,2101,4153,5202,3663,9230,227,3604,4951,1966,780,6374,5567,1436,3457,6083,3404,7565,481,5977,3207,6697,9137,9060,5997,9400,4815,1958,8761,5426,351,1216,2923,6859,9515,3461,109,5637,9613,4260,7100,8023,3706,3322,684,1232,5235,1003,8595,6965,8602,9671,6966,6468,9736,461,1655,1675,489,5840,8228,9833,8748,807,3695,1890,2674,7687,9971,1320,1521,5974,6647,1644,5713,2589,7717,8564,4014,2397,3306,4163,3437,6141,768,5224,4735,5433,1066,8026,8565
3929,7965,8522,6760,6356,4239,8912,2610,7747,7893,4771,8196,3675,7154,8352,683,1705,3799,3656,5753,1664,2973,5387,5882,7090,4248,3414,1962,3779,4030,567,2315,589,1194,9401,743,4187,8921,2694,742,722,1513,8017,9516,7194,175,7195,9614,4145,4907,2243,7096,2770,984,575,4206,2745,6323,7958,8045,6983,7286,4414,9737,2174,2998,2083,483,3530,7745,9834,9913,1653,2064,1406,3552,2884,8665,3234,5064,7102,5639,4263,7309,2774,5140,7733,4627,2567,2810,1359,5469,3318,2028,2077,3642,5499,1633,8186,7315
699,9008,7520,6205,8538,1858,9159,1757,7976,7521,5037,760,6125,6626,7884,6684,5806,3196,4398,5209,5346,4716,2018,465,4498,8115,4289,4379,2966,3187,5309,3794,5607,6655,9402,4904,4223,8974,7222,137,3235,8040,3830,9517,8645,80,6850,9615,7942,4278,5820,6048,243,103,2832,4833,5171,8142,8381,5527,9103,7184,6929,9121,4578,426,472,2103,4730,8032,9835,9914,746,6154,816,6816,2563,9152,368,8663,4922,1383,1997,3626,668,3269,4726,4110,3953,5231,3954,6027,8369,2677,1933,5557,6835,2444,2295,3601
670,9122,6586,5677,8399,1472,9271,3128,6677,5653,5881,382,6099,7181,8803,4856,4594,2842,4073,6285,3501,2362,1286,826,7276,7469,3230,5374,2915,3978,7394,3678,7297,6893,9403,2742,4132,9443,6523,71,1118,8517,1377,9518,8656,124,7583,9616,8393,7440,5673,7528,352,140,3901,3080,5647,7547,7775,6631,8885,7535,8391,9738,5289,505,170,2125,7493,6135,9836,9915,814,3551,1147,6667,7991,9153,364,8647,7144,1252,1348,6604,1190,5050,6262,2771,4351,4614,3999,3354,8282,3099,1926,6275,7773,2750,4311,4712
804,7361,6630,5325,4770,4553,8952,923,6658,7000,7657,2438,1079,7008,8615,4465,5067,4320,3090,354,6743,2112,1640,2204,3842,6536,7968,3588,3780,6838,939,8076,9117,1696,9404,782,5138,8741,4825,150,2116,1312,8088,9519,7422,47,7281,9617,7658,7730,6953,3022,4172,554,1841,5538,2565,7862,5699,9656,9243,5085,4426,9739,3625,955,5980,3948,2334,6359,9837,9254,6629,4700,5017,4556,2389,9054,490,8125,5998,8033,1289,5123,369,7772,7617,4601,419,5468,4133,3499,5969,277,4256,4819,6239,1790,7660,4837
50,247,811,2132,4808,4254,8760,5490,8176,8415,5410,6543,5038,6567,8797,808,2476,2469,4844,5423,1914,3065,4277,4870,5612,4682,7356,2016,6079,4034,741,6315,1559,4074,9405,1547,3480,6270,1467,329,2809,7502,8736,9520,6724,151,6172,9618,2503,5924,5442,6546,5698,1690,3023,5914,789,6109,821,8410,4147,8628,2041,9740,2806,5160,3575,1296,5263,5736,9838,9916,2022,3519,3635,5523,1456,9086,2117,1059,5605,8034,1980,7732,4656,7964,7858,6608,2987,5967,2446,3848,5728,2822,3611,4606,5157,3006,8739,6367
18,7,1,2,12,21,37,256,2985,8953,8247,9182,4999,9160,9299,9305,9133,8015,7420,9196,9037,6510,4190,8699,9308,7933,8504,7202,8767,9310,9311,9325,9336,9074,9406,9165,8695,9444,8773,7729,4400,8691,9204,9521,9206,9038,6672,9619,9076,9646,8382,8347,3276,4183,7113,6507,5688,9648,9650,9657,9672,9208,8487,9741,4302,9768,8518,8394,5703,8957,9839,9917,6805,7143,9942,5741,8202,9972,5004,9216,6324,9990,5679,7263,5845,8911,8701,8683,8260,8967,2337,7698,9994,9080,9996,7592,9087,5556,9999,10000
22,35,98,403,2147,4135,7899,3955,6739,8611,2691,1532,6439,7290,9300,5191,5803,4713,3869,2587,8607,4913,865,8104,5558,5018,5836,6207,6365,7009,8075,9326,8954,3324,9407,6981,1876,7994,7919,702,1250,6068,5847,9522,5031,162,4180,9620,5409,7987,8486,7465,1039,1298,4236,5964,3017,8641,8052,4307,8006,7418,8693,9742,3320,2358,1894,5934,6873,6903,9840,9918,1901,5920,3525,6594,6003,9973,266,2408,3389,5285,879,6274,2357,8547,7618,4141,4234,3372,4037,4082,5244,7065,2483,3418,5292,1905,6877,8557
2359,4935,5996,5514,7780,4161,9194,5555,8549,5422,1949,296,5195,6777,9161,4088,4864,1861,4878,4213,7201,2509,3703,3826,7483,6258,2952,3940,2683,2224,5665,892,6259,7014,9408,1606,1495,8619,6723,362,2532,5636,4252,9523,7569,189,6278,9621,8472,4604,5210,6686,2747,1829,4749,2856,1078,2821,2035,7534,5919,7988,7377,9743,4956,337,196,557,6821,4750,9841,9919,135,5531,1186,4896,5427,9215,1646,1685,4752,2057,5055,4018,6742,7537,5188,3966,696,5524,2195,6908,6088,2050,1942,4182,5718,2773,7725,7078
391,8372,8676,5939,8728,1361,8793,7690,4931,8400,4395,4885,3033,1137,7557,4343,6235,3455,2748,1674,8387,2030,4083,2102,6811,5953,5518,997,6713,6436,1196,9327,6994,6389,9409,774,6038,8878,3338,197,1054,6200,8544,9524,5489,96,4933,9185,3047,6545,6699,7833,3198,592,1855,1908,927,8563,8172,9142,7721,3282,8134,9744,3001,5331,7307,871,5228,7541,9842,9920,2514,332,5255,1088,656,8938,632,2702,2618,9055,1687,3761,5652,7718,7697,2792,1198,2592,2604,524,6892,1262,7598,4947,7474,2994,7710,7763
3246,5434,5752,3039,7661,3255,9112,5061,8673,6179,897,1287,2661,7044,8269,7468,5534,1333,1636,2369,7513,7540,4324,6837,8182,3158,1972,2934,2879,1124,7200,737,7164,4584,9410,4659,976,8523,7095,3266,1987,5670,7568,9525,8592,3291,6007,9622,7788,3394,4580,6989,2876,5108,1211,4727,1318,3347,3903,7915,7479,7245,7623,9745,4091,1016,219,456,5799,3050,9843,9921,185,4250,708,5282,6968,9974,2186,458,5075,2848,601,3188,835,8396,3367,3790,1667,3331,2129,5013,6975,1205,1572,4352,5862,3374,8397,8621
882,8284,7586,2789,9089,1622,8963,8146,5259,8360,7439,3344,5015,3232,6712,4276,3864,3805,495,4410,8328,1528,2571,3912,5293,5471,4178,672,2721,4918,2703,9231,7333,5136,9411,921,6010,8066,3547,515,1004,7611,7734,9526,6752,116,3299,8902,5279,7857,2455,7025,1404,1686,1159,1968,704,7150,5227,9186,8929,2492,7088,9746,3078,2326,7151,3731,3767,7702,9844,9922,5063,534,4879,706,4345,9975,2463,2539,4283,9107,2437,1458,4650,8679,4642,3089,342,2779,1163,563,5237,1219,7851,4515,5421,3934,7247,8267
1379,8477,8042,5481,8961,4795,8145,729,5880,8298,6634,1217,5730,7703,9094,7080,3350,5143,4273,1204,8690,3492,1469,4639,7802,6117,2700,1061,6907,6847,8789,7820,8821,569,9412,6334,2048,6924,7137,479,485,7452,7962,9527,8997,100,6021,9623,5502,6297,5695,6182,1520,480,936,6343,4836,3459,6192,8924,7260,2955,8530,9209,4667,2850,5337,1786,8158,7410,9845,9923,3315,1246,3793,2148,3831,9976,452,7484,6016,8356,674,4728,1349,1776,6554,2658,314,1570,1767,913,3691,357,3769,4188,5705,531,8419,8216
43,518,1730,2193,6566,875,8672,5475,8654,8927,4002,718,6071,7944,9301,4783,4747,4015,707,1669,5931,6180,1778,2852,5482,7630,7603,4641,1071,3594,2776,7769,8917,3194,9413,3526,2595,9203,4841,577,735,8500,8571,9528,8868,228,7860,9624,8128,8633,6745,4816,3210,258,3242,2452,5550,8678,9010,9061,9006,4165,7866,9747,5444,343,969,1792,4981,8152,9846,9924,1877,2827,3684,2883,3650,6313,529,7437,1548,6332,1595,8453,5161,4502,7636,874,1375,7982,4873,2244,1943,5319,5751,6280,8357,4427,6098,2841
769,4637,8338,4955,8268,5757,9124,6404,6319,7539,3618,2796,2221,1292,8616,389,4469,3027,5529,2324,7793,5961,1042,6653,5645,3115,5104,5203,3632,3629,2187,9049,6326,3824,9414,6431,3066,4496,5139,469,1237,7217,7873,9529,5917,49,7487,9236,5028,1880,4214,5056,5242,4561,2181,3422,682,6115,7252,5003,3497,3655,7408,9748,2807,7979,2093,740,2666,5271,9847,9925,4742,4150,6574,6290,2211,9178,302,149,4897,7992,1248,6186,4119,6693,5335,2494,2464,6498,300,1807,5355,1568,5834,3558,5938,2356,8521,4296
767,2921,7580,6130,7213,6853,9224,2230,6570,7450,3757,2391,5045,4193,8866,5448,4621,4430,4479,818,8114,7663,576,7206,1182,6224,4456,6033,6380,7385,2264,9328,9201,2433,9415,5362,1860,8408,6976,146,544,7803,8426,9530,7532,40,8305,9625,7588,7813,5790,6085,1614,3239,614,5477,3053,6834,5023,8935,8816,2891,8437,9749,3355,1331,7665,4640,4329,8429,9848,9926,4787,5896,1924,1309,4970,9977,321,4421,5517,7228,671,5827,449,7544,8019,1093,442,1261,2262,4056,2843,1832,904,4572,5403,392,7303,6931
739,1927,8223,4696,8901,3463,9181,932,6997,7925,4473,1165,5345,5107,9302,3745,3770,4835,349,1200,7531,6952,2328,4202,5395,7425,3838,6196,916,2491,6331,9329,8528,1984,9416,6097,1058,8908,3494,1623,400,8050,7350,9531,6698,776,6242,9626,8077,8409,6946,4661,3179,836,963,3129,3518,5262,7496,8883,8682,748,7358,9750,4017,3646,637,852,2346,4866,9849,9927,3866,3452,2734,5360,3304,7283,945,7221,1944,8709,3004,8121,1384,3412,7590,251,427,6829,2379,3215,4294,5582,6255,4198,6291,1803,7379,925
627,7685,6702,4987,8234,1838,9272,7067,8423,6020,4739,615,5940,3145,9195,299,5807,1900,2088,2859,3825,5786,1866,6169,7795,5020,6293,6613,5773,2547,6241,1346,4867,4629,9417,1100,2477,8752,7075,179,1451,4858,5860,9532,8304,115,6956,9627,2860,4829,6381,6288,2078,727,2020,5526,1619,6911,3346,8753,8541,8514,7744,9751,1797,1101,212,519,8378,6450,9850,8949,905,6822,1722,6104,8084,9978,772,777,6013,2506,2676,4287,6035,6031,5204,2398,4493,7145,2919,4685,4546,2767,3591,6563,5782,2838,8643,2404
987,7966,7563,4693,8751,1683,9273,8126,4452,5109,841,7300,3247,4886,8263,1661,2440,4304,3481,5975,5693,2784,3528,6790,7678,4228,6037,5577,4137,6937,538,9199,4205,4507,9418,3714,4474,5687,3913,97,1851,4200,8303,9533,6833,83,4099,9237,5189,7351,4684,6720,4339,2510,191,3584,646,8928,8433,6656,5629,4796,6580,9752,4243,3524,6210,446,3288,6548,9851,9928,3586,1414,5549,3094,1822,9979,809,367,4612,7818,1362,5811,2026,7619,5324,1335,1396,4880,1596,628,7028,2996,6464,3644,7999,3245,8102,3654
336,1793,4155,1859,6541,4299,8860,7161,6992,6311,282,6256,5436,5983,7296,6685,619,1411,812,4653,2056,4204,1473,3657,4871,6489,1545,1131,3092,5826,7434,6484,8291,1698,9419,3742,4525,7523,7879,1485,785,5709,2963,9534,7864,1242,2436,9628,6014,8161,4301,4887,1557,406,3182,5574,3252,6111,5221,7510,9022,5296,7814,9171,2394,787,4249,528,1868,8010,9852,9212,4540,1800,4592,2925,6817,9980,2043,6799,6465,8402,4854,3490,1439,3521,7827,3661,612,6221,2045,3596,3918,2067,2794,2248,7294,1493,4966,6204
491,4313,8702,5837,4518,4851,9274,7116,6487,8535,1928,4428,2724,3986,9303,213,2799,4323,805,1771,7013,3040,1376,5257,2431,1862,4348,2490,5663,6269,657,9115,7918,4021,9420,2811,4630,8979,6126,117,3559,1432,6479,9535,6644,77,8306,9629,6260,8376,3775,5234,4631,445,1974,4998,1070,8513,8596,7997,9187,6153,4869,9753,2943,2959,941,285,2766,8687,9853,9213,5955,6766,6360,5638,5348,9981,618,374,6314,8800,1391,8085,1729,5769,6763,2380,2545,8025,1615,3218,6325,4113,7402,6475,7836,1332,7278,4483
330,6023,6195,4064,8149,1555,9275,3885,8830,8374,2804,2486,6810,5486,9131,3957,4085,2251,1566,1534,3666,7739,2277,4810,2886,7291,5519,3458,2608,1306,1368,8236,7878,3371,9164,1440,2581,8922,2735,709,102,7682,4779,9536,7955,1253,8105,9630,7986,6506,7282,6049,1116,290,2141,2308,5223,7003,8578,6497,9170,6053,5276,9754,2636,4847,1660,2504,2616,8462,9854,9929,3579,6610,4781,5856,1274,5338,1036,8910,1034,7076,356,4279,1386,1799,2465,3910,1734,8281,688,4407,1290,5723,6081,6769,8533,5945,1422,3566
779,6491,6355,5756,7993,609,9071,6129,8060,5634,5115,2047,6549,5033,9003,957,4127,2816,2457,3248,2304,8344,1739,2222,5021,4765,4411,4191,5417,1350,663,8542,6190,794,9421,833,4129,8871,2922,85,1945,6175,4784,9537,7796,153,8141,9631,5694,4586,7475,7462,1294,123,2140,3136,3727,6933,7672,7643,9244,6645,6617,9755,3562,4789,325,2753,2128,8113,9855,9930,2161,6002,4609,4674,2390,9154,1708,8132,6681,3175,438,7713,2778,2662,3620,3021,2120,8256,1981,7684,5657,5959,7191,7242,8652,5828,915,3904
338,4799,8309,3041,7810,1716,9046,7599,5888,7214,823,6519,4004,5027,8982,1863,4704,3759,1925,2122,5052,5808,2297,7155,3529,2775,3902,2229,5112,5685,636,8154,5424,3416,9422,3881,4179,7136,6171,263,1275,1929,8552,9538,5984,122,7167,9050,3190,8219,3339,6579,3474,1601,380,3358,1238,8585,8322,7486,8434,1602,5866,9756,4476,4405,3927,572,5691,8192,9856,9931,5669,2907,5119,4173,1982,8259,1512,245,5177,8116,3778,6485,4632,5303,6785,820,778,5376,1249,2527,6408,2621,2399,2999,8336,3507,7767,4963
645,5593,8240,5435,8214,2296,8779,6018,6424,7501,4758,2977,3402,8127,9304,3694,5098,1285,660,1450,3768,5535,3993,5716,4347,2518,6831,4814,3936,4554,397,6305,7816,3263,9423,5635,3946,7853,1724,824,201,395,8560,9539,8664,868,5794,9632,8018,7798,2396,7132,3855,2708,176,2991,2104,7407,7383,8190,9013,5250,3949,9757,3411,1104,4671,3173,4462,7947,9857,9932,2409,4939,4177,5051,935,8324,2316,1634,4533,7835,4104,7430,2521,7196,8148,3648,422,2965,155,1795,3483,2531,4408,1156,5795,3112,8653,6577
455,8591,8971,5566,7888,5429,9276,7512,6740,8494,3055,888,6234,5832,8842,2385,5142,1691,3351,3441,6041,2930,1701,3874,5249,7461,5990,1106,4579,5186,1763,2678,6142,3920,9424,1000,3984,8872,6123,133,698,7787,7983,9540,8321,55,6673,9633,3595,8156,7904,6401,3332,431,3431,3217,2092,8660,7701,8123,8642,5273,7736,9758,4702,998,1808,443,8258,7805,9858,9933,1385,1719,2309,2960,2956,9257,430,454,5513,6155,2172,3976,5494,8242,8143,503,1112,3030,3051,1656,8325,3738,1728,4215,7938,3950,8865,7295
825,4567,6985,6371,7811,5770,9092,5500,5926,5240,1151,651,4516,5330,9017,5025,5900,3224,3077,1892,5353,3638,598,4778,3533,7830,4171,1028,5747,7207,2663,5911,8543,3377,9425,2548,4980,8888,7381,99,985,5233,8454,9541,7427,51,6271,9634,3141,7808,8390,7210,2111,237,1591,5364,2953,8646,7895,8484,9673,5682,8383,9759,3783,1462,5315,415,6845,8286,9859,9934,1666,2630,2652,4143,4812,9982,376,3652,7712,4813,1096,6828,1143,4102,8710,719,766,2918,2165,5148,4019,2653,2094,4139,7411,2130,8502,7264
259,8792,8261,4142,8637,1806,9125,7423,4114,6430,3157,3319,2978,4053,8843,3209,3905,3930,5030,6690,4777,4560,4396,6936,4706,5225,2759,2427,5288,5396,7225,5268,3614,6249,9426,1370,3378,5763,5187,416,896,4912,7945,9542,6663,94,5154,9635,4460,4224,5243,8459,3959,2526,1307,4694,919,7946,5443,4861,2134,3590,7302,9760,2665,5062,2831,218,6022,2097,9860,9935,1617,1759,4103,1996,995,8992,827,623,5451,8476,3016,5659,1522,8721,6694,4893,1585,4583,2426,371,4514,1271,5256,5201,7229,1487,8059,7882
561,6555,8630,6639,7538,4156,9277,4240,7274,8794,3192,1490,2411,4662,9162,1080,2805,4251,621,721,7031,3722,1398,6350,2716,3758,6174,4162,5472,5843,641,9330,9232,3220,9427,5425,3164,7668,6565,184,1328,2688,7650,9543,6370,66,8249,9636,4366,8061,6042,4471,4225,353,2009,5727,1939,8880,8294,7514,7998,6229,5419,9761,2507,3142,6725,1167,3931,8092,9861,9214,2585,6140,4764,3386,2109,9155,192,476,6443,7481,795,5903,1649,7172,8556,1779,1624,6535,1360,1744,5005,4709,4911,5658,7046,1514,8604,2800
281,8876,9088,6486,5414,4888,8907,5117,6809,8729,3045,2011,3814,8217,8489,2025,4453,3833,1244,2543,6749,2697,2737,2072,4801,3907,5971,625,5667,6863,880,9084,7405,4646,9428,1600,6118,9445,3649,90,3105,3859,7177,9544,7777,84,6736,9637,7546,7841,6977,4439,4501,226,2021,3569,1326,7509,8627,9095,8831,3199,5464,9762,1712,1215,1427,207,4092,7654,9862,9936,2681,1091,3249,4840,2216,9179,758,1991,5684,8485,2932,7897,3846,8276,7911,3259,2014,6624,2333,510,5174,999,7146,6576,8068,2366,8320,5544
2119,8021,7581,6368,6836,2790,9278,8103,7812,7072,2715,1038,7595,7564,9132,7249,5437,1517,773,7197,2228,5006,1967,4853,3878,5672,6238,1076,1965,3073,1185,993,3698,2127,9429,2073,2194,8942,4565,145,3475,6919,7694,9545,9167,56,7533,9638,5985,6764,6477,6353,4711,1040,2488,1888,2675,5735,4686,7231,8307,7762,6481,9763,6301,1009,313,705,6967,6557,9863,9937,579,6289,1457,5153,5822,9180,1025,304,6874,3292,6806,4042,6619,8243,6531,1693,4245,5155,2549,3665,7208,2849,604,2351,6248,3608,6378,3685
1768,4530,8230,2926,7011,6024,9279,8170,7110,7268,1097,6121,2615,3956,8658,1525,3364,3222,685,3631,744,7794,631,6651,635,5428,5909,1782,3991,5308,328,8849,6996,1245,9430,3890,4701,8401,6839,138,2647,4154,8188,9546,7316,111,5372,9639,2303,8428,7400,5164,5963,1662,1536,3328,1305,6445,6947,6692,9104,5595,3865,9764,3788,6397,4051,1247,4892,6765,9864,9085,5213,5849,3942,2008,3532,9983,644,224,4383,8313,3148,6168,5071,8724,8255,1176,1637,5058,1340,7174,7823,5391,810,1023,7267,1869,7043,7209
79,425,1995,2881,6532,4486,9126,6357,6650,7926,289,7556,4070,2541,9029,2896,5416,2591,5079,2225,7205,2175,2068,6511,6568,5603,5854,1546,4025,7426,487,9331,7148,1599,9431,3401,4355,8632,3123,280,1745,5642,8612,9547,6603,324,6513,9005,2579,5918,4367,6119,4181,4513,901,1798,2453,6124,8138,8590,9674,7499,3277,9765,2292,6338,2857,652,3749,8970,9865,9938,3994,1878,5089,3992,2060,8976,802,1977,6230,8930,5942,8024,1682,4219,4668,7173,948,5870,903,6949,4708,3687,5420,4238,1755,1814,8385,1713
508,3573,7768,6219,5356,6732,9072,6909,5265,8194,1613,5087,2719,2671,9018,222,4322,4242,1891,863,7087,2238,1917,6795,4067,2340,4024,1010,6417,5883,971,9059,8210,4266,9432,3388,4577,8225,6538,134,2349,1144,8293,9548,4590,92,7570,9640,3965,7695,4832,5559,5979,1218,2106,5401,1046,7708,8586,7910,8497,4802,6145,9766,1990,3336,3577,265,2882,8435,9866,9149,4603,4310,6146,3816,4557,9984,413,188,5965,8546,2508,7724,1922,8791,7115,1946,1329,7190,2004,2180,5879,3379,7688,6687,7318,1297,8398,5072
157,1710,3963,4012,7054,3195,8310,689,7505,3733,5086,231,5241,7644,8776,6336,4917,1267,5126,4480,4447,6917,850,2080,4658,5724,6483,2126,2085,5182,3382,7227,7170,3168,9433,3399,4508,9075,6528,165,2024,5733,7035,9549,8613,470,7343,9641,8111,6438,4839,6939,1347,173,771,5615,2058,8348,8222,7843,8824,6261,8046,9023,2701,1300,2273,1401,3928,7784,9867,9069,4399,6227,1775,4744,2871,9985,730,7233,4558,4192,2336,6868,278,4559,5503,4751,1947,6384,1417,6496,6727,1526,2699,4335,8193,3813,2704,5406
1400,4975,6233,3180,8919,2069,9280,6074,8854,4797,1372,1103,5583,4772,8550,3133,4369,4140,3019,4941,2430,5842,3365,1179,5797,5069,5690,3968,3169,3387,4086,7894,8065,4308,9434,6067,2983,7759,7596,2456,206,7970,5008,9550,3777,4217,8334,9238,3917,8137,3795,6159,667,931,488,3821,728,8686,7749,5711,8737,5035,8100,9767,3443,710,163,842,6894,5218,9868,9939,2603,5128,928,2166,7122,6595,3356,1445,4635,2552,3007,5812,1871,2669,2725,5116,2311,7223,1324,6807,2288,1474,1478,6701,6676,1459,2685,2495
