913,1630,3065,3016,745,4734,3345,2037,858,1781,9091,941,5176,8476,8292,1762,4617,3044,6569,2467,5530,7004,8919,8718,384,4201,6372,3620,7691,7971,7637,8449,7247,5093,7235,491,7862,287,1148,3403,7545,9509,8923,6761,7904,4088,8617,3348,3261,3149,1326,2112,8620,883,1071,6105,1493,9234,2670,9588,3418,3443,7524,2536,9238,4123,7991,1133,4277,5307,8958,3226,2355,9706,5420,7600,9819,9871,3961,6517,9879,2084,9139,5951,3329,6634,353,2182,7711,8048,5703,3344,4884,6929,238,2312,1166,9019,2174,4858
1601,9276,702,3450,9406,5784,1908,9288,7697,6691,8394,194,3008,8917,5848,7883,9454,4152,6281,3362,685,8005,5230,3954,9186,2011,4830,9476,9108,1997,931,8161,5583,4165,5866,8535,1341,1007,8587,542,813,8758,8697,3480,8942,3191,8943,672,1322,7548,6033,3769,5168,4229,8150,1952,912,9531,2254,9589,7828,8639,8502,1929,8993,3303,6886,7840,343,318,5949,642,7008,9707,5943,8443,9820,6740,8881,1944,9880,8623,5950,197,8702,7313,7413,2126,7650,9959,7300,633,9993,8143,1088,5419,454,1464,4971,7920
3514,1376,5392,1768,1112,3895,7283,462,3140,1179,9294,1426,2226,7484,6006,1487,7347,388,7960,2320,2908,8343,8158,7446,618,6940,3833,9477,8631,2999,7498,9066,8607,2763,6726,5977,9190,236,2103,3586,4352,9038,4409,6911,8403,7293,9514,3802,1390,5330,210,1565,2338,1947,3791,6819,2572,9532,594,9590,6358,4991,7331,1477,9673,3646,8270,3836,373,4458,9127,2224,9130,9708,2068,8205,9821,8729,4633,6766,9881,2461,1235,6526,4842,3319,421,2906,7493,9960,5789,3231,8553,7879,1542,6575,1048,9057,4017,7451
1030,7423,780,9282,9407,5101,4171,6531,1892,560,9423,346,5406,8628,9298,2641,5327,755,8101,4964,3777,7048,8773,7017,955,9106,3516,7316,9492,2692,4727,9496,9500,6872,7639,2990,8498,170,2166,2273,1312,9324,8402,5626,7305,8282,9515,1388,1833,5348,2850,2327,6701,772,4286,8174,161,9533,310,9591,7373,6265,8877,4543,9674,3811,8091,2827,1365,7355,9075,961,8641,9709,1887,3314,9132,9872,2415,3940,9882,2127,7992,4498,8779,5642,1106,1491,7595,8780,1311,1735,9994,8715,106,7494,852,9374,7225,7452
17,8735,436,8435,9408,4717,3957,8177,3228,3839,8532,20,6642,9027,4086,2497,6380,2921,6487,3852,6871,5706,3820,3063,2872,5173,4358,9064,7672,3174,1585,7683,6922,5371,5538,1842,3913,903,1203,784,2171,8874,8789,4127,7566,6373,9117,709,5306,6024,5884,5645,7344,268,5773,6789,815,9534,1437,9592,9338,6763,8058,2846,8612,3330,8957,2954,3202,6298,5853,1193,5441,9710,5202,6015,9822,8830,8444,5322,9883,1661,2041,2595,6640,5034,6183,512,4615,9269,1113,3265,8061,5232,76,6102,86,3885,6482,3946
302,879,2328,1313,1984,3373,7160,2269,5972,5568,8977,859,2890,3979,551,1440,7133,4318,1028,2390,6602,7297,7646,7899,7134,1591,7207,9478,8325,7822,5891,8398,8585,2870,8371,6926,6621,1,1082,7106,8544,8054,1459,4620,6969,2532,7488,1787,2778,3922,141,777,6264,4438,3178,2693,5080,9535,3093,8954,2519,4384,5929,5580,9675,6718,8806,2075,1146,5558,7261,5635,2146,9711,9801,5989,9823,1825,6937,5649,9884,8011,775,3477,5920,892,2264,6188,7405,9961,6072,3557,5036,4835,6466,7224,2637,1272,5796,3823
4109,568,6629,6795,2916,7273,1559,7781,1366,592,9092,4632,2029,9183,3581,7142,9153,4547,5239,2471,1442,1662,5924,8465,1011,7927,5897,7636,8478,4910,6894,8692,8586,2149,8560,1428,7343,220,3357,6748,8073,6988,6449,6351,7801,1815,8385,8953,2322,1250,229,571,7213,2545,4096,6499,2248,9536,1495,9331,4052,6820,3808,4974,9676,6914,2939,1368,1800,5495,4749,5804,8191,9712,9249,7051,9824,9046,5144,2431,9885,2498,5148,5525,6289,3503,434,2190,2987,7319,1121,564,3239,4194,78,2809,2330,6698,3596,6086
250,9021,200,6303,9409,4924,4611,8843,5458,3545,9424,165,3204,8978,8598,4064,7662,519,6582,4618,3027,7872,7016,4391,2157,5385,3010,9479,9109,1846,3005,9110,8756,9317,8134,4061,5345,474,3584,610,779,8921,8419,3866,8965,5913,9516,814,4713,7605,6153,3238,6186,645,7079,4131,233,9537,190,9593,8589,7296,8564,2515,9677,4078,8243,2582,1079,2142,7251,586,9246,9713,4385,6148,9825,9873,7116,3541,9886,2373,2823,4090,9957,6615,2716,1355,6054,9962,4463,2184,8960,6729,49,9006,489,4118,8230,5169
2984,546,4770,332,1160,5606,5410,3501,3074,4196,7755,4322,6965,6635,2372,1894,6305,4978,3360,2417,1342,2706,4705,8521,2728,2319,3511,5880,4619,8168,6697,6070,6838,3824,5451,971,5290,1066,1396,5882,2654,5936,6672,5291,5644,1634,5572,3127,4072,655,404,1682,6912,5541,3784,1688,4206,8792,4055,9594,4696,4794,4872,5082,9339,5460,8044,1606,5652,67,3663,2658,2578,9714,7678,8094,9826,8194,7526,4102,9887,6178,1466,5754,1953,4576,949,2175,6294,9056,5704,3449,3495,3682,3317,2050,4836,355,3733,5769
2942,947,1700,247,1834,6345,3886,2201,8938,5053,8812,2531,8569,4956,3645,4370,9221,2295,2986,1619,87,7342,1127,3560,2051,2424,5643,4164,6933,4290,7275,7025,2145,3146,8896,5902,1870,783,988,4728,3006,7148,2475,2863,2021,4111,7886,2677,4637,7549,150,3114,3447,3574,5212,2185,7294,9538,3066,9595,1734,2580,4597,8457,9239,2557,8035,2162,2983,3316,6887,1668,3224,9715,9250,7227,9827,3489,7816,5357,9888,8853,3928,2977,6384,1371,4533,7031,6682,9002,5088,900,9371,5967,4820,7779,3677,506,1699,7230
4799,8538,6690,1677,9283,5749,2549,7911,1567,6752,5224,1745,3299,7821,6581,3353,7179,1674,162,4508,1050,3332,4283,4706,2507,7078,6135,8167,5055,4330,5468,5335,2816,2527,6057,5362,2690,1946,2853,6235,5986,4694,7071,3122,389,5023,4348,5457,1468,4133,1858,1573,2828,4730,1123,2329,1018,9162,2443,9596,6353,4197,2258,1519,8793,2242,2233,3071,1896,1334,2735,3578,1673,9716,8411,6246,8566,2058,4848,2530,9889,3926,5031,2744,4270,3798,1654,5686,4265,7075,3956,2231,7346,3991,4467,5446,933,3026,3217,1558
6005,1206,8971,846,1549,4887,8154,1246,3703,2100,7469,249,9059,5261,8247,1861,1687,4016,6898,3045,1546,4720,4732,6032,3196,5343,6226,7986,2230,7776,8381,5830,7454,4301,8296,805,4585,480,901,7049,9505,8401,6498,5022,7328,976,6195,8991,4149,1560,231,2221,6841,2392,1577,3070,4951,8926,3292,9597,4048,1271,6245,9015,9678,3145,8045,756,7608,30,6114,6653,3856,9717,9345,8777,8352,8163,8077,4722,9890,2308,3291,4012,2583,5058,492,1445,8227,5650,4704,5581,7552,6494,2998,3225,4962,487,5547,6542
2686,4423,8962,4764,8539,6396,1912,6774,8557,7001,8541,3267,2552,9436,6279,556,392,952,2614,7002,5633,919,9473,7603,8249,759,2096,8082,9188,5107,4326,8382,4542,4506,8650,1387,3914,2342,5985,7124,8399,8759,8609,5952,3058,2168,9118,8710,1756,1602,193,440,3142,2569,1219,1904,309,8906,139,9598,850,3368,7482,8909,9679,2389,5689,1248,8190,5555,6014,9201,8192,9718,8338,5154,9828,3701,7404,4414,9891,4697,5980,206,7239,7123,562,6243,8662,3905,3686,5083,9144,7627,2368,4388,3973,2191,4960,1101
1452,9277,7361,6046,9149,5341,746,8473,7620,3095,9181,3288,5478,4193,6892,6012,3930,3834,4412,7858,2435,3746,4373,1807,6741,932,6745,9107,7799,7298,2682,6979,4710,1617,8135,5112,3747,1910,6622,2761,6309,6689,8562,4452,3520,4154,7949,5510,3124,2787,133,431,628,6626,966,1120,3616,9329,1296,9599,1343,6680,7391,2208,9198,3013,6589,6949,1766,4108,1907,5700,8093,7577,8959,5520,9829,5917,2523,3085,9892,8367,8216,57,5546,5637,3766,3678,1852,8527,5252,32,1269,7369,1802,7769,64,3444,4645,3227
6974,1822,6027,1911,2055,6551,3168,2903,2694,2884,9425,1797,6891,6262,6896,6239,9455,3185,3080,738,2714,8677,8980,8667,4356,7900,1541,7775,5310,6292,3943,7039,3554,1571,7590,1222,7891,39,566,8823,5926,9067,7785,4931,7058,5089,8241,5223,60,3556,800,2667,3967,6258,1209,2414,897,9539,8927,9600,8421,5716,6382,2537,7250,4892,5127,2088,3724,1535,8796,7466,3313,9719,9802,2013,5395,7129,4138,7626,9893,2396,3573,341,1484,4213,2090,1059,8196,9963,773,5077,5120,9998,915,7415,804,9020,3797,5567
2932,7458,7478,7922,8782,5676,3697,9412,6577,8165,8425,107,2901,8963,6976,2634,873,1171,3952,4306,1501,1291,7187,7835,1592,5762,963,6994,8083,2023,7382,7246,4584,7838,8453,3889,5909,1040,2745,889,4670,7619,7448,7006,5404,5803,8304,2289,3892,2217,3587,232,2388,827,3821,5898,191,2275,321,9601,7790,473,8033,5699,4417,1470,1906,3883,1408,5987,9342,5899,8038,9720,9131,8059,9830,5961,7933,4788,9894,2743,1448,5421,5145,5725,2566,2902,7511,8838,2422,3953,7843,5032,1393,7980,831,9007,1443,6133
1695,9376,4024,1853,6955,8289,8749,8750,4724,9180,7701,219,580,9028,8496,6068,7515,1707,5919,7681,164,2335,1709,8344,9104,3937,2101,9309,7808,144,7398,8605,7874,7664,9501,8859,4214,1835,9504,292,6520,7947,7408,2792,7674,7864,8682,2616,3300,4683,4606,676,4523,1138,5515,1424,529,3007,91,9602,7295,6158,7952,5272,3507,994,6500,4159,686,313,8351,2855,4247,9721,9251,7165,9831,8931,9175,1776,9895,8713,460,8461,8245,6359,8470,5521,8947,9364,8246,766,8595,8916,1034,7832,968,4271,2480,8616
5011,1117,2759,239,2951,4938,8176,902,7241,2653,8155,1940,5625,8813,8666,753,1478,1974,5267,2635,2317,4518,2374,8857,2772,1174,5084,4148,4639,8785,8160,9012,7663,2215,9111,2656,1961,1063,381,7564,9506,8803,6296,6673,5971,856,9041,9160,1827,8619,1016,6651,6128,826,4181,1574,6080,9540,5258,9332,2626,425,7420,9672,9680,6122,8503,4714,3654,213,9167,6996,1877,9722,8743,3757,9133,8996,4815,5186,9896,6187,2964,5454,2575,3994,396,2934,2007,9365,2701,5288,5741,5418,1019,6830,4399,1364,6208,7434
4808,5450,9382,7956,8810,4767,3720,7957,4658,7659,4490,2187,156,5456,8426,3280,1640,2400,3996,1204,6069,1217,7702,7787,8380,1136,4470,7292,7942,5664,6136,7018,1937,5325,6436,606,8019,2189,1988,5338,3599,4746,4552,6412,5113,5927,7402,6336,2089,3817,616,810,724,1711,3249,5696,95,9330,45,9603,1921,1436,4699,5868,9071,3293,2239,653,5540,371,6675,6710,3129,9723,8020,5387,9253,7857,3440,4769,9897,4665,1031,4139,7954,4894,2077,3105,4937,9003,4387,3605,5409,5666,1144,8272,4285,8673,4379,3533
2831,6889,8342,8436,8288,3609,799,7773,2920,4866,9212,7,4801,7937,8603,1596,9456,1817,942,1055,7406,7015,2862,1391,3476,8720,6920,9480,7718,3177,1651,8346,6968,4925,8440,3527,4802,24,797,1033,7147,7299,5873,2777,6506,4511,6604,5214,4215,6377,1639,6739,1158,2030,5849,4903,7072,9541,3394,9604,6259,6075,7345,1610,9681,4296,8092,1237,1310,4073,5545,2548,1759,9724,9169,6649,9832,1914,9176,2892,9898,7229,8226,461,3072,3859,2730,407,2991,9964,7670,3062,5091,6743,2002,5800,40,6801,4607,6683
4579,7416,9383,5309,9284,6849,2810,6496,4275,2001,7424,700,6284,9437,5549,244,385,2107,5528,8199,3506,5485,9031,8018,2639,5279,1860,2195,7136,3190,5958,8238,5380,7473,5427,2486,7255,3278,7839,3051,6093,8636,9325,7180,6367,3335,9517,7383,1733,2211,5114,179,5607,1474,3413,2648,1092,2832,400,9605,6310,1180,7007,9237,6658,1998,4940,6170,4915,5287,8658,8046,8375,9725,5944,4489,2135,6711,872,3971,9899,2915,4182,291,5719,7569,2049,1032,8487,9965,37,5397,7157,7966,112,6157,1338,9375,1392,1965
399,9377,8972,8717,8596,3355,6232,9023,8178,8463,4804,2252,2411,6018,3626,722,6952,6568,3655,5758,1572,3431,6837,3683,7985,8069,2255,9223,3729,3251,698,5499,6220,6934,7005,742,4117,1026,7854,1948,2949,4176,8211,1741,6810,2366,8149,4313,596,5612,3285,1868,6408,8056,6507,5630,4151,9542,6417,9606,8057,3469,2717,1964,9125,2465,7917,2944,483,8,3141,572,7280,9726,6323,7028,9833,2384,2460,1554,7578,9950,8195,3571,8253,2843,1035,4010,8261,7084,4419,2789,3323,4723,5605,1241,1837,97,3492,3779
3081,7033,8490,9403,8770,5962,6404,9413,1773,2904,8416,844,6601,9217,6119,2844,5123,5415,937,6007,4929,1090,894,6478,7244,6548,5041,5163,3805,6327,5110,3633,2958,6882,6700,1056,4113,1847,5561,5808,8545,6442,8203,5970,6165,4949,7085,4641,2815,833,188,617,6083,1828,939,6138,1346,8907,588,9165,3600,1928,3130,5159,7851,5978,8656,549,8337,43,1494,5709,4947,9727,9346,7029,3793,8123,2562,1958,9900,8944,8096,1621,7601,6300,1262,517,1194,7414,2889,4660,2178,4550,1942,4555,5070,3897,4272,6244
6529,2057,9384,8625,8842,6172,3188,8257,7088,2771,9213,486,2284,5004,7038,3840,8322,5194,3276,652,1588,4341,7652,8220,8026,5050,6497,9032,9189,8738,2108,8871,8086,2387,7276,3221,7962,31,1111,4871,4211,8501,4867,6079,7604,2618,8966,7086,1214,7100,12,523,7518,2383,3857,7330,667,9543,418,9607,4022,5798,3993,962,9044,6383,5590,1406,298,2543,9016,4785,6354,9728,9347,6241,9834,6881,8387,2741,9901,5631,9140,2559,4796,4203,1150,307,8462,9966,4790,725,5624,7240,459,8206,597,8716,4355,5757
2570,6301,1046,677,3308,4897,2466,3603,6405,4545,2502,3083,7341,5723,2397,2661,7348,1245,3029,3273,623,2276,2972,5533,3350,240,5730,7940,5424,4544,4952,3721,1314,4100,7463,5029,764,2481,4402,5319,2472,5514,7164,4681,1594,5818,7692,5654,147,6624,1520,6857,5634,4535,6598,2314,4269,8805,5174,9608,4132,5602,4158,7060,3674,2194,3872,2643,3799,2758,3675,3171,3396,9729,5217,7190,6800,8730,6094,226,9047,8107,3910,505,7312,4362,5992,2719,2442,9967,765,3863,8915,5922,1956,3113,3725,7314,1647,2895
4661,5609,6056,9404,8948,5265,7379,7436,7453,6855,8509,340,944,5937,8644,1293,4175,992,3248,1228,5226,7234,9102,4261,2170,7928,6333,9310,9493,1361,4038,8819,7399,4602,8670,3706,8384,130,1213,322,4901,8989,8267,2542,7948,6880,9233,986,3656,8925,1925,732,4104,1036,5862,6106,149,9544,142,9609,8213,3513,6797,1658,9682,5018,4207,1611,533,2097,4761,1943,9704,9730,7009,8001,9835,8932,6455,5990,9902,2867,8486,6456,7271,4298,1225,866,3924,9968,8970,1987,9372,8781,89,9274,978,6414,7934,6600
776,8472,2970,2092,9209,4630,7374,2671,3336,3695,8784,92,7882,9061,5370,362,736,1867,3218,3039,3923,7103,7418,5440,2094,4062,752,2571,2922,3437,4745,5946,4889,5198,7067,1613,7557,305,958,6856,8600,8184,7267,2204,6039,5669,8723,4114,2608,6757,4778,3521,2447,115,4825,6399,3052,7107,339,9610,5373,1586,4846,3748,8955,1362,8861,1767,2394,4540,2134,4986,6638,9731,5502,6799,9836,4786,3322,3236,9356,7238,7112,6034,6053,2959,3901,1874,569,9969,7757,1253,8839,7131,1433,7881,2405,8936,4150,7094
3894,4541,6459,576,1932,6008,6036,6348,7089,8664,7897,1878,5531,8964,2869,1729,6540,4065,1284,3452,207,3919,1968,6349,1102,2332,6415,2911,2363,7066,6483,6725,2111,3728,7351,3690,5442,2031,1568,918,8223,2931,5199,3546,6402,3920,6762,376,2354,882,359,4721,5079,6154,5940,3042,4928,7676,6437,9196,2032,5655,6652,4539,7965,2937,3432,4857,4943,561,3158,3451,923,9732,8458,5608,9837,5794,5384,3341,9903,7973,2919,2517,7509,1329,4162,2261,4709,9970,5474,4310,7520,5351,6328,683,4083,690,1915,5244
1159,1357,708,3685,1145,6410,7034,6845,4514,1702,4169,3399,4870,4200,8690,3594,9457,5275,3767,5529,1949,2237,916,2492,2598,8438,167,9481,2163,2546,1236,5552,6137,5164,6827,2428,1305,3421,4122,4981,4396,6571,6662,4850,5733,157,1475,9524,1816,5682,4908,5177,7045,3297,7802,6236,2082,8908,3453,9611,8252,914,5444,2012,1701,4672,2600,4166,7508,5501,7151,6424,8141,9733,8700,5479,9838,5869,6793,747,9904,699,4691,3138,4896,6025,2742,7023,6616,3136,895,3289,6026,4624,1957,3388,2935,7628,1200,2433
3783,4886,9385,3120,8424,5328,6149,7095,3850,691,7782,2458,7612,9296,7514,348,878,4454,3726,2083,3566,604,8520,8310,5061,1453,7737,1960,1463,4180,8523,7684,6960,7543,3610,152,6632,1758,2615,8500,7809,5433,8707,6694,5438,2067,9518,7353,4686,2925,2253,940,4874,3790,1008,2086,378,8455,1697,8851,2842,1632,6275,7226,8794,2858,3657,1191,7491,333,9128,6541,7378,9734,6776,4459,9351,9353,5365,5837,9357,5366,8745,5782,5827,5405,155,1859,8368,4977,1075,1901,5129,4610,375,2754,5162,4014,3965,4647
6360,1659,8704,2887,4405,7714,6964,7735,4071,5211,8494,3079,4335,8597,6720,5932,9458,2689,3962,2027,3048,1736,6115,6097,1589,6488,6448,4239,4985,8754,2247,8250,8534,1065,9502,794,6143,1810,1676,4913,9321,4224,4337,2034,5817,1265,8885,3698,666,959,501,808,7675,7625,5621,2280,6508,9545,2556,9612,4287,6098,4623,8928,9683,2805,8657,4031,6123,27,2080,3814,1544,9735,9017,1446,2457,9135,2974,4627,9905,5100,2169,1169,2632,3887,1000,1025,5206,9971,3378,4357,3740,6062,687,6324,3907,1367,5828,2395
4140,5693,9386,1163,3466,5191,5628,7046,6150,5411,6331,3467,4594,6037,5532,3415,8559,4792,2722,2144,2851,2946,5995,7884,3649,3180,326,6754,3669,716,6194,2375,6287,4018,7266,464,3012,1839,2555,5400,5611,3296,5312,2159,5629,1288,5292,8441,4383,4752,741,6201,4592,4457,2780,1633,6389,9121,6866,9333,4516,1740,4259,6418,5718,2508,3037,3108,4852,50,5197,1152,581,9736,5015,6828,9839,8431,3200,625,7743,4103,4614,2837,3159,4888,1880,1962,5776,8049,2894,812,6973,3530,3402,2260,3216,1255,3315,4984
154,4411,7657,6780,7553,4719,3184,6824,3232,1978,2765,1752,3381,7925,2345,1716,3672,3673,3515,4069,4648,5016,5071,5702,4476,266,2263,6489,5234,5964,6185,3290,1808,3845,6104,5648,5043,1933,5934,6010,5379,5707,7915,3126,2879,5143,8618,6181,4115,1844,665,1450,4232,2650,6020,3277,4879,7567,4933,9613,3691,1125,5569,4826,4651,3679,4049,3647,3030,3969,2093,6159,4503,9737,3796,3282,9170,1497,5130,1917,9906,7561,2073,29,6107,3508,4757,3116,196,8578,3401,3632,4507,3758,2628,1472,4983,1584,2813,1155
1298,762,2881,1307,1951,5667,3684,6513,8492,6224,6870,4141,6285,6918,4329,6225,9459,3237,1091,438,2212,1504,2440,7961,1409,5361,5816,7471,5599,5907,4718,3939,4575,428,7738,4075,6407,3164,1227,2382,9036,8029,2962,2407,6357,1774,8610,692,290,2036,1143,2456,7411,3246,7311,2069,5001,9546,8456,9614,6995,5153,6592,9070,8516,3628,7110,5743,2183,245,4783,6425,2880,9738,9803,2649,5453,4243,5115,4002,9260,7831,614,3283,1939,2344,943,5219,5984,9972,4997,4013,7158,6951,4167,4082,5756,607,4415,3580
1973,6719,6897,3981,6848,2324,2192,8890,1623,5352,4689,1889,3454,6993,5843,2674,6514,2981,3100,3671,3948,2876,4565,4125,5507,6180,2302,7717,4404,4098,4039,5344,4001,1325,1456,5221,3198,771,5013,4939,5056,2485,2878,4926,2664,4015,5753,7546,2391,4922,559,3446,5262,1320,2125,1243,3984,7894,5305,9615,5179,855,3019,4883,7990,3498,3861,1689,1323,2950,1186,2655,4803,9739,5487,3172,9171,6197,4297,1993,6560,6696,6016,4124,4635,2905,3775,2897,5422,8039,3092,2299,3778,2589,173,2160,515,4966,2525,4040
189,9378,9387,4433,7320,8393,3206,9414,6617,5770,9214,47,1628,9297,6120,2709,8156,1670,1770,5582,2586,5121,6199,1301,4961,4315,4250,9311,8668,317,4562,9228,7761,8951,8986,7686,6555,806,7285,537,4244,9230,7327,953,8776,6535,9519,2249,5294,7384,3535,4349,1884,785,6315,1135,4403,9194,600,9616,6844,7850,7931,3155,7061,445,6276,4378,832,1581,3148,242,8852,9740,7156,7128,9840,9874,8284,513,9907,8592,1275,6250,9142,8328,4571,6545,8329,9973,8217,608,8798,7370,25,8264,825,6283,7794,8112
2513,7870,6302,7479,7186,5471,6304,7774,3583,8233,7521,1798,2660,8918,3011,925,403,2113,4771,4067,1103,1084,2257,6669,7470,6554,186,3768,6714,2193,1730,5779,4831,4563,6981,5336,1423,2663,6556,7565,6705,4219,6479,4878,2913,4773,7977,8269,3921,5095,893,536,5579,3709,4230,5852,1693,2186,122,9617,4875,4569,6378,2669,4484,4192,6322,3250,5793,1128,5263,2926,5368,9741,6785,3333,1060,8459,3989,2105,9908,8624,5527,2240,4656,5878,4816,1041,6676,7456,4817,2399,7262,1605,2173,1845,3472,5710,1521,1083
3298,748,7417,734,1796,6109,7572,2469,7217,4157,7555,2795,8356,8080,1363,5598,9154,7173,3165,2702,7024,5506,7938,4455,4805,1401,6878,7119,4882,6388,6781,8239,7998,3666,7212,2378,4377,4,398,3377,8899,8547,1811,1258,6647,905,7978,1832,1703,970,324,2928,7194,5242,3076,1137,6013,9547,6606,9334,2619,3311,5554,7431,8575,6248,8214,509,3364,1089,4241,3795,3572,9742,9804,8142,9254,6337,6433,4308,9909,6242,582,3060,3526,1515,673,3876,7955,9204,6452,3459,7513,7394,7476,4046,4911,619,2066,7176
1963,6502,7771,1110,6126,6630,2005,4953,7395,9152,7643,908,5736,9438,5229,7959,9460,4361,7380,6453,6145,5639,5811,3899,9105,524,2732,9482,8669,522,441,8872,7673,1444,9112,8652,757,4223,3772,1629,1897,8922,7352,1149,6019,781,7220,1631,1916,6732,3759,3561,2775,4421,8468,1306,2119,7340,1624,9618,5846,2757,6509,6270,3537,1381,6962,7507,387,1068,5657,401,2888,9743,6972,9818,9841,4249,7594,252,9910,5711,1425,3478,5068,5104,8576,6728,6160,9974,8642,1420,9995,7880,4029,8580,842,2966,1526,2352
4334,2271,9388,2847,4973,2323,8415,1458,6031,3585,9426,2303,3400,4262,7621,770,3442,3268,5844,1537,7485,5945,8236,7682,4299,1595,5938,4782,9226,8237,6578,9314,8693,5764,5593,863,8680,3,289,3576,5282,9510,5678,6221,7987,5518,9520,3736,2826,4777,124,81,6859,1489,1109,2720,278,9548,325,9619,3089,2627,7667,6935,9684,6166,4679,589,603,7841,9129,7918,8193,9744,8009,8483,9842,8318,6854,7334,9911,4186,8998,6537,2711,2804,198,1170,4238,9975,6355,4226,8488,8164,663,7804,2751,6944,6561,8556
5674,1462,8130,906,1506,7871,7211,803,1178,539,5805,4994,8332,9439,9299,4142,7480,6168,6422,5131,4234,6319,9185,6919,682,5078,5865,5617,3294,5731,7364,7462,6247,4755,6782,3160,9320,451,2098,6982,5484,3570,1300,2838,3245,1826,8790,7950,93,936,380,3284,6089,3539,2198,2753,7022,9549,3272,9620,3423,4861,7125,4116,9340,3860,7181,3558,6963,1460,6775,8316,5302,9745,1793,4079,8353,9256,1556,6011,9358,1531,1530,395,2518,3325,1732,2268,5340,2852,1107,5783,8703,7907,956,4480,7204,4832,2079,6713
335,8274,9207,5685,8131,3550,5842,9415,3103,3493,5505,2767,4468,4590,5316,4160,8017,4042,2272,1249,767,5640,3458,1713,6899,7587,5586,8311,6816,6817,4519,3582,5462,1062,807,4443,4400,108,2054,2936,3199,1871,5157,3841,3982,4868,2723,4471,938,4851,689,277,3983,4008,4252,3879,1189,6674,4738,9621,3903,4795,6462,4671,7221,2721,821,4969,820,3351,7050,6375,6765,9746,5133,2683,9172,6217,1429,2361,9079,6419,5859,4844,2613,4766,1043,3970,5358,9270,1986,3342,3361,5308,2432,6050,969,7994,3776,5968
3414,8308,2760,6047,8801,2381,4406,7834,8132,7014,7167,1587,2065,6219,8100,4068,9461,5102,5638,2885,4085,3643,8144,3619,6877,6146,7099,9483,7168,4622,1720,2033,7162,2306,2437,3714,4437,281,2808,1244,1129,6059,3438,2864,4625,1969,6865,1134,2210,4240,1132,223,3318,3705,6274,6364,104,9550,215,9622,7259,7523,6749,695,9685,5787,636,2793,478,2770,7366,1945,7668,9747,6282,3339,9843,5675,4398,4553,9912,3786,4890,6538,7669,4209,989,2594,6527,9004,4653,1830,4877,7734,370,6831,2154,5522,5855,5260
1333,3031,9389,8974,8446,3804,4189,7036,8355,5821,9026,601,2180,6421,5304,7321,9300,2601,4762,90,3881,4735,8006,4649,7245,3569,7291,9484,9494,7788,1692,8201,7930,2866,6900,3320,5801,53,1547,5833,2979,9114,3309,5905,8536,5883,6063,5914,1308,6903,10,100,6818,1615,2740,6842,329,9551,415,9335,3803,5903,5465,1037,9072,5535,6393,1667,169,3372,7649,2164,7632,9748,7540,8828,9844,4527,5010,3972,9913,6474,9361,5264,6822,2868,723,950,6475,9976,7869,1747,6528,8153,668,8555,789,9275,7185,8855
6440,5281,6192,1479,6077,5135,8256,7056,3568,1386,5109,3762,7096,9095,7660,3929,9098,4581,3699,5592,4935,6553,5124,2918,4060,8221,1282,9065,697,4020,2404,7070,8087,6587,6401,3815,2038,5641,4900,6637,6646,7623,8952,1857,1795,54,2929,6484,2877,2927,2337,6716,3252,3484,8638,2710,3564,9552,3968,9623,8480,2348,3020,5394,2393,5037,4965,4566,4081,19,2988,6228,3618,9749,8551,5259,9845,3135,6347,1263,9048,4666,2554,2235,6100,5543,1457,7510,1782,224,352,3941,7852,5475,1003,684,1292,1278,876,3523
7712,7713,9390,9148,9410,7909,2576,9210,9291,8474,7531,216,1905,7983,9450,8866,9462,1750,2179,222,2106,5661,8295,3263,9155,6326,5939,9485,9313,3046,737,8542,9035,2341,8987,8278,6730,118,3455,3053,3456,8990,7576,4474,8268,7257,7887,7193,1252,8683,306,541,4339,1990,8089,4227,801,9553,457,9624,6948,8563,8120,1447,9199,3547,9244,3024,103,611,3389,496,9705,9750,5436,8614,9846,2797,8095,1806,9914,9951,8835,356,9268,3435,2128,5377,2623,7052,3640,199,8935,8506,2008,7053,818,8674,8340,9008
5850,6409,9009,8207,3794,4677,4369,5560,7337,8234,8864,1435,624,3553,5182,3486,8940,1289,715,472,4054,1345,4574,4332,2009,3911,5317,9033,7746,5576,6163,7339,4979,4267,7777,6533,7188,101,733,3219,6873,6910,5222,4184,6706,5578,6811,6525,1335,4941,110,1340,4059,414,3838,5906,3035,9554,3015,9625,6516,875,3738,2213,9686,2158,5671,1579,511,88,4821,1509,6950,9751,9348,7030,9352,2680,7357,4353,9915,3563,8999,4643,1999,3825,3613,5480,2070,6202,3139,3181,9145,5207,5045,7833,1324,5476,2473,6699
328,1422,9391,2282,4359,3097,4461,2898,6862,3653,9427,2214,3189,4905,3419,3662,9301,6693,3233,575,7760,5477,8856,7243,4700,2750,8159,9224,8691,8179,2737,7943,8180,1094,5183,3102,7764,14,467,7447,5841,6864,2350,5350,9326,6707,8848,5791,528,5118,23,127,6717,3132,2699,2725,1005,9555,1057,9626,4559,8363,7500,2652,9687,7170,3162,3391,85,7707,7742,7237,8827,9752,8422,7877,9847,4530,5774,5388,9916,4446,1215,4099,5536,924,358,2495,8330,9977,5190,2841,6916,8445,2688,8767,1482,7541,4246,8747
4854,2262,9147,674,2799,6087,6917,5398,5020,1784,5039,3781,4657,8752,7542,4504,9463,1780,2631,2346,3745,4499,6078,6234,1093,7486,4376,4513,3161,8084,6671,6847,8370,2666,8574,3637,7277,4136,1794,2558,8312,2685,4144,1077,5751,694,7728,1672,26,258,1876,2955,7092,5204,8032,1254,5293,9556,9069,9627,7812,4556,5500,4959,9073,5286,8590,6573,5614,386,3644,7252,3281,9753,7593,934,3143,8808,1347,5273,9917,2000,1360,1162,1562,5072,1528,6229,5537,7818,471,4587,7671,6161,1022,3491,6055,1930,2659,3915
5280,9278,8769,1095,5332,7012,1273,4304,8113,7178,5663,4317,6563,8883,7913,1380,2504,4725,3197,4954,1232,7425,6876,3151,7199,1251,7144,8892,3844,4442,760,5210,6980,2448,8202,2074,510,4429,8136,4274,1315,7722,7964,3213,5752,1523,7599,5809,463,2833,573,4902,5028,5679,960,998,6742,9163,8362,9628,3792,1985,8106,3716,7174,5014,8036,1286,2209,129,6293,1399,7633,9754,8880,2713,9076,6579,3510,567,9918,8485,3212,7358,7550,4236,3964,5106,8067,4473,5760,1863,7130,2120,1383,2133,351,2956,1513,5564
5701,5694,5490,9405,8602,3986,3061,9024,6193,5467,8014,209,622,5142,8629,6595,9464,3966,3264,874,7003,4486,8981,3739,3483,8081,7716,8706,9495,2607,1412,8633,8181,4855,6987,2668,7616,33,1115,720,3902,9511,9116,2802,8298,7021,9521,1666,2500,7517,1098,397,7490,1116,4153,8791,128,9557,669,9629,8548,7751,8034,1177,9688,6791,3448,2085,448,1749,5759,869,9247,9755,6317,8829,9848,6463,4634,6116,9919,4445,8433,1498,4408,5105,1382,1052,8505,9978,7010,2072,7793,6868,146,8663,990,9083,6238,8127
5729,9379,1432,3365,9285,5180,579,7924,8626,8976,7290,3947,1981,7798,8293,424,1190,6428,2141,5098,251,4526,6256,2574,7533,1449,1081,6967,6953,8721,2860,6921,5508,3088,8920,6147,3846,3826,8694,432,8900,6443,7304,1737,7256,2118,8526,1337,2343,774,126,4932,4869,6813,4145,1073,7537,8151,3310,9630,2370,6821,7538,2290,9689,3121,3927,5356,964,56,1502,1627,7393,9756,9805,7492,9849,5496,5673,3904,9920,8945,7842,1072,8285,7074,7359,7360,8836,6512,5069,3590,9996,4441,5253,4210,282,263,5389,5871
3988,5918,7696,8309,9286,4616,4228,9088,7037,5266,9428,211,1769,6677,6618,769,3499,849,1234,1641,6574,3057,8248,3050,1527,5498,5797,6362,8984,2196,4510,8985,4517,3579,8821,2131,6306,476,1996,1049,7020,8588,7823,985,8055,6352,9522,2923,3806,8513,6572,1840,2781,344,7767,7087,1220,9558,658,9631,8118,2622,8515,5073,9690,2450,2501,2040,204,4033,2724,980,7467,9757,6254,6614,9850,8484,5802,3099,9921,6983,4561,4715,8594,3408,854,3681,4572,9979,7726,265,9206,6028,44,7203,1684,9999,8341,8128
504,5249,817,2992,6231,5064,6209,8275,7468,7982,8395,1290,2567,8939,6142,2279,1233,4494,1027,7113,1087,5459,1979,1991,8571,4392,5152,8064,3636,5046,6807,5461,6416,4338,7574,5765,5513,787,8114,180,6852,5241,8171,3201,6648,3944,7865,2408,3976,5268,136,4302,5553,4927,3380,1402,5813,9043,4177,9632,4188,4626,6214,1370,8860,4397,2452,2484,5836,73,2307,1010,7127,9758,8601,8412,9134,8306,8124,3262,9049,7122,792,5854,7656,2227,2644,6875,884,5481,2140,527,8615,6101,3918,6458,1548,739,5414,5119
184,9380,3241,5574,8377,6095,5027,9211,6735,9090,5060,158,1779,8688,7141,4776,6074,1600,1882,2611,1626,7407,693,1664,8323,6686,7497,9225,6909,4021,4345,8583,8429,4912,8884,4043,7389,828,3487,145,2646,5594,8361,2943,7323,6695,8454,987,5057,6625,4741,9120,6521,1650,7403,3693,1503,9235,3304,9633,8481,4695,5158,4488,9200,5738,8929,1015,1862,261,1105,311,7731,9759,7754,6659,9851,9875,8833,4426,9922,2909,1064,5556,6915,3307,6888,1604,2234,9205,7335,1660,8255,4862,28,8022,479,1481,4918,5315
3608,7795,3468,8809,9411,4800,4129,9289,5912,3134,9429,1299,499,6655,9097,2143,6958,743,6724,4035,948,5806,8736,4365,3346,7860,6597,9486,9156,957,6423,9497,7875,7057,7427,3025,8757,809,3208,383,2326,9512,8847,2301,7847,7624,8904,620,4596,7489,5965,1374,5354,1229,6814,4258,187,9559,212,9634,9124,6099,8654,3173,9691,2551,1086,1411,382,1582,7223,354,8405,9760,3604,7641,9852,9354,4987,3816,9923,4395,6654,8060,9363,5768,379,2489,9958,9980,4687,430,9997,8307,61,7457,3117,7689,6295,4199
2665,4044,5695,437,3612,5597,7035,5720,7806,4305,5181,3789,926,8235,2325,1724,5407,5146,2585,6308,967,4266,1777,1771,5888,4774,6643,8604,4183,4094,5150,8336,8410,2503,9013,3242,4032,5372,5860,1004,6164,3629,3023,1353,6650,2561,5313,977,4950,2849,217,7249,6687,4972,4818,928,4554,9195,6190,9635,5048,6627,5780,6196,8565,3980,7421,7699,3428,2,657,1020,4256,9761,9806,8364,9853,9257,7333,2099,9359,8593,350,4074,4583,4023,1168,7688,4797,4422,2339,3022,4424,3896,6939,2429,3864,9,4646,6641
2228,6908,9392,5660,7459,6751,5632,9150,7759,6486,4631,1563,6081,9010,6893,443,42,3128,4205,5994,166,1532,2410,5040,4591,6863,3874,4440,3960,8209,5399,3873,5231,6470,5732,408,5425,4375,6313,7390,7440,3269,7309,6534,5301,996,6812,9525,2413,2563,599,1303,7705,4864,2425,5213,4233,225,545,9636,5269,1359,5825,7126,9126,1879,8442,4823,1755,377,2434,1778,7139,9762,9252,5235,6558,8831,6559,2022,8968,7733,8862,2483,2477,5895,1819,2786,5238,5237,4245,4368,4853,3460,4190,2236,3073,516,2462,4041
4534,8507,2035,1685,9085,8208,1038,5326,7198,7958,9430,1731,2181,8814,8645,172,637,5225,1855,4501,178,6390,5772,2259,7381,593,1352,3509,5075,8755,3597,6210,5193,4178,8608,5132,5276,1841,8898,279,8802,3229,8420,2076,6961,2505,9042,3742,2886,3392,2028,6664,4603,5665,3512,1469,7258,8886,1967,9637,1936,5250,7412,2172,9692,5739,6446,6991,1100,70,3193,334,6971,9763,9807,8283,9854,3774,6829,4331,9261,9952,6550,182,9000,6997,5619,5993,8109,8126,7032,1001,8961,6141,8263,7570,442,1044,4891,5289
143,9146,4496,3809,8023,7301,1976,9416,7077,9293,5491,52,2779,9440,4047,3931,9302,1982,4436,3592,3004,7426,688,1890,8869,6737,3858,7902,7065,257,2474,9498,8649,5589,8679,6901,4428,2024,8681,221,1954,8185,9231,886,6879,5218,7988,860,4549,7826,5876,5443,4216,2266,7385,1417,4537,9122,1394,9638,5890,8138,8374,2155,7560,735,8807,5814,2636,304,1441,299,9344,9764,5874,6874,9855,8406,8567,2624,9924,7367,1809,6118,8933,4512,7387,4427,2541,9366,5445,1645,8391,9005,71,6805,881,1182,6476,7845
3500,9381,2774,2960,9086,7216,2358,9417,8783,8378,7968,477,574,7562,8817,6796,9099,3575,3337,2900,2818,9307,3750,2553,9474,6932,8409,9312,7589,1864,2311,8347,7903,6612,7747,4740,4292,393,5861,429,2590,8116,8430,1309,8187,6927,8760,1212,3098,8373,3829,1164,6941,1818,5613,4172,427,9560,413,9639,8992,6522,7932,975,9693,4418,5863,2365,538,82,2521,131,6277,9765,9349,8504,9856,6125,6639,4106,9925,6340,2854,3106,8552,7745,5139,712,6794,8579,7444,1321,8840,8489,117,7993,790,1603,6767,8581
991,2499,8973,7272,6329,5745,2603,8491,1511,4845,9431,5,5746,9441,7232,4204,9465,1451,4134,2807,7253,1339,2288,7836,2446,7114,5713,7338,5383,2848,3505,5296,5047,5094,5925,1721,8088,94,2046,4324,8824,7149,7558,6392,7749,2200,7916,9193,4824,1722,507,1047,2678,1239,6341,7606,5915,9123,1078,9640,5200,5393,4811,3104,8315,3306,7182,423,3925,2220,8518,3154,1414,7791,9808,6278,9857,6712,4557,1643,9926,6155,8319,679,6108,5171,1378,1799,8390,9271,6130,2385,2490,4493,203,3771,1331,6734,2147,6307
5712,3465,7611,4693,7935,3753,4464,2277,7715,7997,7161,96,3712,8004,9451,3665,9466,613,861,1009,7265,3384,7703,6162,2524,587,5233,8146,9227,3112,1850,8873,7137,4451,7615,6636,8360,21,420,7522,9507,8695,4841,5196,6257,5469,7756,8740,1555,4294,68,1550,5493,435,7195,6222,2426,9561,270,9641,4119,5494,6565,1516,9694,2487,8300,3532,1023,2538,4208,1385,4492,9766,5099,8685,9858,3387,7830,3429,9927,5900,4988,3069,5795,3650,2439,6387,726,9981,5847,3349,8766,4080,1719,8218,419,8882,3370,7695
3999,1679,9393,1698,5167,5901,7597,4434,2244,6090,7264,2014,6505,8558,5615,514,1881,5771,3801,4187,4595,3274,6596,3975,2479,3312,4522,4907,4255,4860,7563,4779,6363,7145,7591,410,4930,3754,2587,4990,8074,2412,6755,3730,4570,729,6450,5792,1564,647,411,137,4282,4137,2371,1211,2976,6843,543,9642,3420,4237,3978,1653,8727,3461,3094,4847,7730,1971,4807,4004,4037,9767,8912,7115,4520,6318,308,5087,9262,4638,3749,5877,4260,5921,372,2565,3715,4731,4146,4126,8687,3131,1013,5059,3819,2294,3115,6583
727,3827,8937,3837,8975,7819,6371,7530,1006,4711,9215,16,2776,9442,7661,910,405,3933,6461,7362,609,1681,7573,7939,1656,8324,1696,1607,4005,4435,4640,5156,7614,3702,7401,1823,7505,4497,1744,8635,7946,7963,8902,6771,5439,1210,7693,9526,1836,3041,839,2612,4729,602,5692,6177,5435,6182,521,9643,4904,3854,7449,8878,7450,3676,7279,5024,6764,140,7356,7155,1181,9768,8913,2509,4664,9258,1612,3607,9263,5303,8339,5659,2122,7197,2441,1195,5512,8050,3552,4758,5755,7117,113,5748,2836,1893,5726,3755
4425,1829,7995,1924,2985,7554,8530,2047,1069,1017,6218,205,8627,9443,8166,345,284,5957,4221,5840,3906,3343,7372,5391,4736,7901,6688,7135,2672,5601,8439,7638,7455,6121,5872,1024,6945,5881,6645,7648,7863,8008,8875,6756,3347,323,6471,9527,1625,2104,1139,1995,5376,4105,2945,6110,4155,4482,4393,9644,7376,1118,3235,5170,9695,788,7069,5623,6473,422,6021,2871,5942,9769,3917,4750,7422,7732,1518,2940,9264,3430,5270,3397,4371,6366,981,2733,8733,1270,65,3009,7602,5470,218,2091,7042,3043,6191,7770
1330,9279,9394,7571,8863,6850,4839,9418,7912,8540,9182,1096,1142,9444,6173,7461,9303,1074,406,3482,330,8294,4995,426,5845,5812,1165,9487,7613,481,5976,9315,8417,7762,8543,7944,8297,661,5329,909,4856,9115,8280,1655,7375,3737,7893,1726,5136,7704,1760,8711,584,1642,7210,195,4295,9562,2993,9645,6492,7687,5747,3485,8090,275,8517,3215,714,830,1476,662,8879,9770,5364,6773,9859,8832,8997,482,9265,9953,6667,2003,8388,4976,6566,8271,2840,9367,6984,314,9273,9082,3867,8734,1317,3641,7169,8434
3194,6576,7658,6975,9022,6477,6255,8437,6179,1486,6067,46,4311,8495,3014,5887,5188,3275,1161,1757,3017,4264,7786,5324,2534,1051,6066,5687,4612,6670,2978,7472,1959,3648,5311,7748,2762,3916,3875,3835,5299,5715,3900,5283,3630,7419,8313,7269,6,2333,1407,5284,3434,5728,417,5889,3529,9563,7849,9646,3985,6213,6613,5717,7724,4760,4843,3163,5916,2696,7753,3270,3211,9771,8244,1058,929,5979,2156,2963,9928,5767,8946,99,670,4303,4636,1843,7551,9982,1350,3752,2419,6230,935,4328,293,7336,2044,2110
4070,728,6530,1418,3367,8219,7435,2829,6096,4000,9432,1669,8570,9029,6803,1638,1156,7736,6252,2403,1888,1099,8427,4895,1866,1279,8200,3087,6619,8572,6746,8450,7317,3932,9158,526,7892,177,848,3559,9322,8170,5017,3255,8722,555,8251,6787,1500,1276,449,751,6947,922,5122,1384,2512,9564,1196,9166,1465,3144,7196,8726,9240,6286,8121,1869,3077,615,7725,8037,5005,9772,9809,6003,9860,8731,7183,6369,9929,2971,6907,7744,6400,2351,1076,2697,8969,8914,3383,5369,8152,7768,1070,5955,4019,1297,5347,8413
6356,9084,8392,7529,9287,8705,4920,7274,7896,6985,8950,98,5875,9445,2315,456,132,2377,871,7645,4465,2803,5974,9103,6685,5486,484,4650,8818,1637,2251,8584,6999,7091,7308,1438,5255,3528,5935,7146,3366,8788,8708,7789,5126,3761,7866,4707,2398,3256,870,267,7059,369,2822,2967,336,5835,58,9647,2564,6445,6365,8684,2873,951,8698,7868,7501,5894,8826,1788,5988,9773,4743,7082,6665,7634,1622,2367,9930,7214,3694,1804,6938,5775,3622,1608,7289,8229,2444,6267,8714,9373,38,6022,1473,8528,2547,5684
6684,983,9395,6198,5931,8748,1434,8811,4218,3410,9216,2316,9094,6966,8276,7371,9467,4701,4810,488,6704,1714,6269,8845,2216,6091,2684,3942,8893,8647,675,8820,8573,605,9318,768,7138,66,2550,8467,9113,9039,8524,4873,6885,1665,8709,8637,59,3625,446,1131,6913,1854,3040,5178,364,9565,2493,9648,4996,7729,3601,3710,9696,5189,3935,3123,1413,3606,9343,4314,1751,9774,9810,3150,8763,9355,4263,1119,9931,4340,9052,4321,2893,2883,1281,1151,8286,9983,2591,2402,4813,8376,262,8287,1153,4354,7477,6370
7282,786,9178,1261,2533,8568,6503,2752,1042,455,8079,498,9060,9096,9219,1783,6760,5134,5012,3734,6312,2401,8464,6585,1927,7885,7837,6809,3853,8222,6978,8104,8786,3068,9503,1175,6902,1389,3376,8169,8183,7303,8804,5227,4407,452,9014,9528,468,1739,444,2464,7741,2313,3230,4708,3287,9566,3700,9649,4655,6060,3157,3659,9697,4217,8482,4253,6792,80,5788,1792,2102,9775,7324,2817,6666,9876,1415,6343,9932,2602,5090,6465,3908,5683,710,2416,8110,3409,256,2540,6867,5722,135,3049,2969,3995,4344,7642
6395,4420,9396,2218,6890,8041,6869,4030,5551,2491,8676,838,6631,9446,6692,497,891,1754,6736,1054,2996,6127,8334,7859,2380,1813,5254,1522,7504,6826,3670,8265,7647,3328,8634,2298,7972,1268,3222,8653,8400,5999,5544,4410,6989,4195,9191,8825,13,5618,1185,1678,8105,823,2798,2223,327,9567,660,9650,3001,1349,7525,5680,9241,5539,6750,4366,2859,5766,5166,4130,5334,9776,6124,2596,8994,9259,2857,2095,9933,3998,7432,7655,3770,2899,837,1061,1723,9984,1002,4536,5819,7445,363,5466,1216,6237,6112,4346
6779,8841,9397,4084,6925,8062,3765,9419,9292,5824,3260,342,2731,8016,6768,7153,9468,761,4495,9306,5497,4885,6189,1404,8719,9187,368,9488,6042,337,3416,9229,4744,7846,8418,2687,6200,972,8988,7617,5062,8561,9040,2274,7121,634,7474,9161,4702,7329,3047,6605,1992,2739,8479,1167,3243,9568,1786,9651,9197,4551,2560,1569,7483,1256,1790,5577,1304,109,3301,349,6029,9777,6906,8365,6272,2291,7792,851,9934,8108,4462,7579,5542,5155,2453,1644,2197,7433,183,493,8854,4863,3548,4351,1373,2004,2941,3936
3302,2087,5140,312,4919,7388,5151,1507,3868,288,5548,3812,7644,9447,7853,1336,8867,4784,4481,2705,5923,3830,5526,6661,4076,6332,5333,7969,654,6515,8052,6430,7400,5517,3877,2061,6043,5337,3934,4281,5228,5904,7322,2116,1742,453,8117,8924,508,1505,1941,4509,4975,6702,7365,3764,6543,9569,6002,9652,5285,2121,2995,3822,9698,3871,7465,4450,7568,273,7081,3785,2463,9778,1510,2420,9255,7111,1575,4775,8834,4212,2064,4058,3707,5981,696,3111,8354,1183,228,3525,5557,5777,1192,4382,1980,1012,1467,6203
3182,8887,7583,8889,7936,3763,3119,9420,7132,8099,8051,3179,320,6361,6769,3813,2520,3390,577,5103,1801,4179,8259,5785,5610,4692,2336,8070,3519,3018,3696,2729,3567,5008,6009,6391,4276,1538,5677,4487,5620,4605,4548,4608,6113,731,7306,3773,3033,3153,227,5463,4448,3490,4690,2651,2695,8326,6485,9653,3457,4814,3363,840,8728,1977,1727,1551,134,1395,4198,4478,2256,9779,5960,4893,4812,4521,2071,1926,9935,4386,6311,5826,2364,557,2673,2790,6156,5585,5864,847,5116,6207,3565,3021,5735,3405,102,2529
6017,3880,6562,447,5856,3504,6073,5003,5108,5857,6519,5727,1671,8533,2930,4185,7206,5209,1746,8396,176,6175,1576,9222,5616,1266,8397,3549,2123,6715,490,3234,5195,7630,6954,7019,954,3760,6747,7665,5246,2604,6263,5672,4051,5734,4737,4170,534,1983,1104,3963,7101,7278,3091,4491,7654,9570,8225,9654,4333,6727,5534,5386,7706,5563,5823,72,7856,174,4485,544,8076,9780,9811,7386,9173,6249,6511,4600,9050,9954,2476,5744,7710,824,2605,7063,7512,9368,4838,4546,8554,2053,1427,612,646,241,930,2470
5982,796,9398,5705,1812,7231,3002,5141,3950,2875,9433,163,3538,6291,6280,6846,9063,4582,1039,1140,6998,3974,8774,8678,1287,3713,7438,8133,6469,5086,5647,8303,8240,2334,9159,2629,7044,18,740,8115,9323,8696,7068,6000,5492,296,9327,6176,659,2528,433,1540,5401,946,6432,7811,4350,9571,3417,9655,4431,2785,5128,3356,9242,2409,7752,982,1126,6346,9245,3404,1913,9781,8967,4876,9861,7073,4599,6206,9936,3258,5236,1280,3847,2806,898,4652,7184,9177,7700,1410,5331,6823,264,3203,1543,4759,2609,7967
2506,5271,9399,643,8231,4279,7055,4739,1267,439,6460,3407,4011,9448,6564,2130,8868,3687,2059,5575,5054,3210,8510,7363,701,1970,7349,2712,1598,4772,6320,6211,6023,7120,8651,2738,3869,357,2006,7945,7800,2620,6038,3731,1920,2707,8849,6001,3542,416,469,2359,7951,6722,5519,1431,7270,9572,5097,9656,5416,6772,6790,2768,8910,1570,7154,495,4982,1838,6840,6167,3611,9168,4663,3109,9862,9877,2318,6266,9937,3955,6439,3782,8389,2856,793,8012,7201,5930,3331,271,5243,4601,1865,547,6171,4363,553,2588
3354,1201,7325,570,4865,7797,6041,3661,1690,3832,9093,885,7556,8815,9452,1294,4580,6441,4999,2679,361,1226,6205,7397,1680,2511,8103,1649,2865,8894,6169,8085,8182,4447,7544,984,7575,2691,1202,5382,9037,6491,7310,3882,7268,450,8173,7825,2994,1358,713,2138,7430,1264,5257,1909,5627,9573,2617,9657,3494,5587,5205,8655,9699,7464,8699,2773,6144,34,6299,8140,1512,9782,9812,3209,7694,9878,5781,5339,9938,4593,5149,5991,2207,6992,374,1375,8837,8686,2896,4685,4466,7011,153,4998,5482,548,4053,7171
1517,3125,7921,1715,6035,7263,5085,5390,532,721,4837,254,6584,9449,8025,1717,8157,3464,4906,6986,4401,4143,7242,7698,1014,5426,5975,4789,3884,6610,7783,6088,7326,4748,7976,704,4360,899,2150,7026,8279,5600,8075,5203,5690,503,8242,8876,1154,303,649,4268,7442,3220,7189,3374,6129,9574,7677,9658,4793,4621,4077,3818,9341,4560,6853,2579,7307,286,6593,3536,1259,9783,6703,2539,7228,9136,1231,5910,9138,1405,8778,3254,2861,5489,973,2975,8254,6111,1199,3352,5966,5161,412,1728,2819,4367,1705,5172
316,8129,4604,4173,8407,7910,834,5342,3756,3305,8331,41,3890,6957,7097,6770,9469,4531,475,2961,3036,2423,8982,3692,1218,4121,7588,7200,8071,2973,3257,8895,5588,1533,7719,4416,7105,121,4191,1557,4532,6633,7739,1080,8172,4444,7506,4682,3371,7810,5867,3855,4273,3082,5834,1205,5622,9575,1955,9659,8327,7260,5417,1147,8956,2331,6049,2734,1377,5799,8260,1274,4202,9784,8701,4483,9863,8366,5403,3170,9939,6759,650,248,8003,4475,2910,7281,7581,9985,4325,246,6140,6131,35,2379,811,7908,7528,6833
598,6580,843,7923,7166,3327,7043,4390,3393,3471,9434,552,8357,9184,9062,644,1483,626,7396,4050,7143,7598,8891,7064,778,5829,1646,4316,8358,5447,4066,9157,7350,5959,5318,2459,8007,77,502,5750,1508,8030,5708,6338,8903,7905,9523,1583,2794,6064,974,4161,8305,500,2018,7409,255,9576,235,9660,2418,4898,5858,3711,9700,4914,8795,3621,1718,7377,8139,3176,6536,9785,3517,4751,9864,8797,6004,6117,9940,1902,5396,5603,7475,3615,1053,1875,2980,9986,6426,4780,9081,3909,272,6723,671,10000,6184,7192
84,641,1188,5820,1975,7460,4558,5049,1918,651,4644,1710,3668,7218,6411,4364,7496,1545,4312,3338,1187,7532,5953,6806,535,7503,2625,7690,5483,8582,4251,5763,4095,5378,8822,656,4754,2882,2219,2246,8546,8148,8941,7286,6738,160,5488,9529,3426,1775,1618,2599,2238,5165,5983,6758,6656,9577,3732,9661,6804,1208,5550,3602,9243,3152,5314,718,6798,6709,5885,3945,3522,9786,8175,5346,9865,6510,5323,3334,9941,1525,8661,2606,3848,5838,366,3623,8577,5408,1328,2297,8423,5870,518,2078,3279,6076,3038,3156
3689,2052,7054,9208,7000,4673,1067,8369,1354,1831,9295,119,3167,8816,7233,4577,8844,1285,6977,1578,1691,3266,3727,6586,2478,6777,1514,9489,7481,2278,1652,7439,8383,3634,8359,4763,5509,1141,7040,3951,1529,8186,8525,3589,7723,5954,7150,6923,1534,4733,4955,1748,3214,1490,8065,3427,2286,9578,1198,9336,8671,4307,5893,1848,7354,3638,8640,4678,360,2225,8549,185,8659,9787,2199,5076,9866,8732,1021,2516,8432,3893,9362,8469,6451,6539,3271,3187,5839,9987,1471,192,7878,2039,168,7191,1029,8321,6590,6152
749,1539,2362,1883,3888,6223,4787,6504,7177,5879,8475,5007,5697,5973,2369,5822,9100,6052,520,754,7975,3534,1455,4726,5125,1694,4921,5472,5668,8028,5996,5067,6334,630,8466,5353,5662,841,1398,1492,8348,2821,2043,2081,6623,1552,9119,629,1247,3000,1318,2304,6708,4524,5573,2455,6549,9579,7989,9662,6444,3723,5201,6936,3382,2482,3441,5941,234,2766,4684,4293,7815,9788,9813,3385,9867,7708,8125,3253,9360,9955,237,4156,6420,744,466,7679,6808,9988,6344,1553,4063,8111,5063,3326,6832,1439,2206,7680
1765,8675,5651,639,3828,7159,2657,5065,8949,9025,4963,365,1488,9011,9220,7807,9304,2791,2610,9030,1327,4881,1636,525,9475,3614,4112,9490,8448,485,2161,9499,9316,7890,8210,6570,2640,648,8499,865,3379,8901,9232,2347,7778,1224,7592,1898,6454,8349,2167,6397,3463,4135,6788,202,2139,9580,1872,9663,6657,5464,5413,2662,7829,3359,8761,7814,703,36,3555,2357,8550,9789,9814,7609,9868,8764,9078,465,9942,9956,763,4609,9053,6413,7527,9054,8934,6607,3386,151,7093,8262,3375,8800,269,2812,7215,8040
2386,9280,3708,3086,4880,6835,4007,9421,8531,6134,8865,114,1351,8258,9453,5208,9305,230,3425,8102,125,4659,5933,829,8477,2597,2232,8983,7873,627,6490,7487,8451,7653,5452,9319,7727,887,7622,707,2749,8511,9513,2019,8224,3054,9328,2267,5215,7867,2340,8724,2062,5000,2756,530,6240,9581,5355,9664,5295,4936,7080,1972,9074,2048,8122,2151,1176,111,2438,138,8613,9790,5430,6216,9077,9137,8744,4703,9943,9018,857,5297,7919,8320,8021,5831,4502,9989,6045,15,6733,3743,2638,3183,1536,2726,6151,2824
2353,6467,5019,6523,7996,5052,276,9290,4257,5565,6851,2633,4091,7172,4698,148,4515,2293,2017,391,5245,6608,6678,3898,4806,4380,315,7970,5042,1379,880,5721,4057,2309,6431,2115,6839,2953,6883,7721,5998,2292,2830,4598,4101,1157,7209,6588,795,5137,3358,5256,6385,5096,5035,5928,5030,6381,2820,9236,4449,5185,2056,5656,5570,4248,4946,4225,5277,3862,888,1197,105,9791,9815,4472,9869,7062,2488,1332,8047,4834,6386,845,3412,4567,2912,2042,3398,9369,3870,1899,5886,5742,1485,6379,1789,5691,4394,1708
2573,8768,8097,1820,9087,4389,2287,8290,8232,8665,8015,578,1824,6447,7585,1994,7410,5431,2676,993,2283,2114,7098,7635,8737,6092,7534,8345,5349,2748,4753,7784,8452,5947,8162,5698,7163,4669,6253,3722,243,7999,8281,6335,390,1657,5681,8741,877,2800,3075,1108,6778,3470,7848,822,705,9582,3078,9665,8119,3406,2704,5251,6472,750,6905,3195,1648,2176,8591,48,8204,9792,1785,3474,9870,7953,2736,3118,7519,7817,2645,1763,7580,4034,1372,5038,5740,9143,5815,79,5596,7582,75,6132,2510,7758,4128,7596
730,7610,7076,7772,7796,7584,595,8771,1590,2526,8643,1221,4828,8689,8068,4323,9101,5033,4336,1635,294,3186,2451,7586,5423,7315,6103,8646,5092,791,4613,6959,4840,5851,7763,2165,7720,3598,5448,2630,3667,7041,6783,5300,297,835,8611,7888,1593,2783,2642,2300,7108,3059,3551,5367,3488,8742,6048,9337,8386,6493,2015,4284,9701,253,3340,2136,6339,7318,8404,590,5051,6316,2568,8002,8010,8460,640,4026,8660,6518,9267,540,6251,6457,558,2947,9055,3990,1430,120,6943,4827,181,5778,4568,8273,5956,6547
3169,621,9281,1566,2938,7780,5969,5006,7284,1184,7820,4097,6552,8408,4768,864,9470,7219,6406,862,4829,554,8497,9308,3810,4781,7118,8775,7090,8522,7208,8648,8072,3891,6620,999,6591,1295,1712,8846,8372,3502,4045,1561,2535,1524,8314,5737,1935,2356,1675,2124,4742,5595,4916,3997,3244,9583,9164,8350,6990,1397,3055,5688,7855,5147,2621,2270,4430,1803,6481,4993,8930,9248,5646,3631,9202,6544,6464,3032,9944,4025,1814,3369,5160,2229,159,4231,9001,8765,69,74,2782,2769,853,3524,5074,585,4319,4849
51,3744,8078,6261,3664,5504,3056,9089,6290,6753,6594,1242,1919,6376,6233,3137,7974,2285,4110,3704,1277,3878,4747,4859,4280,6532,1938,8042,2997,2496,3718,5908,3192,4942,3627,5432,1045,3780,6884,4327,1496,4089,4235,3912,1966,2349,5363,4453,758,4934,2845,6946,4564,3977,4220,2494,1885,8212,6480,8725,5511,3593,4477,4968,3987,3003,4680,631,3959,3133,4500,2243,4992,9793,6438,2360,8995,3543,4381,1851,4343,5810,4756,1791,4278,1849,3849,4667,2132,4479,2045,1895,3540,2117,3719,1480,979,367,2718,4798
2874,6435,5562,6834,8414,63,680,4791,3642,4688,5428,2454,2584,2727,2202,1950,9471,2205,2060,4093,3101,2406,5375,5117,3658,3624,4163,7941,3735,4505,4222,2698,5025,3717,3028,5892,1922,1704,2747,4957,5571,1743,4347,3741,2914,3544,997,5584,2933,3688,2708,5434,4456,1738,5184,3588,1614,7499,2522,8514,1900,2784,3223,1663,7640,2811,711,4432,4674,2430,5044,3166,3481,9794,7140,3639,9045,6660,4006,3411,9266,6860,6394,3651,2700,3787,2968,4289,4586,9370,3949,664,6030,896,2675,6744,2514,2647,3259,2281
6325,2989,8888,470,2445,6330,4525,1923,7205,5566,6427,917,2952,9218,7495,1903,8333,1122,2203,7984,1400,8772,6931,907,5360,3473,5516,8870,5220,2153,3800,8606,7104,5997,8897,3240,6082,4980,5524,4320,8053,6524,6314,394,7824,1130,6663,7547,3497,2305,1348,8299,1223,6398,1416,274,8905,9584,8537,9666,6321,4288,6784,6342,6044,2581,8712,6260,965,11,2109,1989,7539,9795,9816,6084,5636,6061,5002,867,9945,3680,2788,6786,1124,7288,3842,1772,7202,4374,1085,565,8799,4028,6434,7651,1599,1356,3147,6204
3247,5455,6468,4003,9179,4675,6802,8013,6051,8493,9435,1369,2129,8753,4372,3851,5832,3751,5523,2825,123,4413,8063,8379,2835,2801,7302,2063,5790,8335,4528,6895,7254,5412,7428,4291,7535,4809,591,6227,8266,4642,6273,2544,6603,635,9192,8850,300,1597,1283,782,3562,2026,3958,819,1821,9585,2376,9667,2188,3422,3067,8621,7222,6815,7813,5374,7332,2577,7876,4242,1934,9796,7027,995,1238,8622,836,3433,9051,4917,7443,4716,1403,4027,2764,904,6071,9990,2296,3518,6085,5248,259,2592,583,3424,4589,2148
1725,201,6040,927,2755,8098,5216,2321,5274,3110,8751,678,6956,8979,4469,2436,6721,7047,5761,3064,3479,563,7898,8145,3635,2917,4712,6825,9034,8632,5714,8599,7392,1609,8147,5381,8043,283,260,6058,8787,8512,1319,3577,8137,2152,7631,6288,798,2241,22,1454,6924,3531,4833,5009,5081,9586,4629,9668,3992,4009,6970,8672,9702,7287,6271,6215,3617,1344,6628,8215,3439,9797,8317,3595,5321,5653,2924,6681,9946,5503,816,2957,1686,3107,1114,3660,7368,9991,5187,1461,4120,7844,1891,6668,295,458,6861,5247
802,2965,9400,9058,8529,7152,4654,7013,8197,4668,4948,1419,4174,8447,8198,5591,9472,4092,6174,301,2245,1172,4573,4944,8277,7629,4147,9491,7929,3807,911,6611,2746,3084,3175,7914,2421,175,3096,3591,2907,9068,4087,7248,7666,7766,6731,4822,921,7441,214,62,7536,4967,6212,7236,285,9587,1173,9669,7750,7803,6065,2025,8189,6928,7607,8000,208,1230,6501,1616,8762,9798,2265,5175,9203,7906,4970,1931,9947,7709,7083,5138,4168,4819,2796,2137,5437,9992,2449,550,3475,8746,116,6495,338,6930,6546,6403
3652,7981,9401,7805,8508,3295,6268,9151,6858,8291,8301,1207,1761,7926,5724,2593,494,2250,5021,5278,55,2982,5192,8630,1764,8027,3938,5298,5807,8428,5111,4628,7685,2468,7861,1499,4676,4899,3207,6679,7618,3831,7740,4107,3445,2010,8188,9530,2948,3395,531,1240,6374,5449,3321,5026,4036,1805,2222,9670,5429,1620,5948,6904,7102,5670,7895,4529,5402,409,6599,5658,2839,9799,9350,3286,1302,9174,2177,5240,9948,6942,9141,280,717,3436,1421,868,8228,9080,4309,1856,4909,5896,681,5911,4578,1580,319,890
2681,3788,9402,5559,6567,4662,5963,9422,7437,5359,8024,638,3090,6836,8302,3462,3205,1753,2814,2715,83,6429,6609,4989,1257,7889,4342,2891,4300,8858,3496,6644,7516,1706,8739,945,7765,3324,1886,6350,9508,4958,6557,2703,7429,331,7559,4538,402,920,1097,2020,8031,4923,7979,3034,5786,7827,4945,9671,6139,3843,6297,7109,9703,6368,8911,5320,5473,171,3865,7502,1316,9800,9817,2427,2310,8519,1873,4765,9949,4056,8066,706,632,5604,2016,1683,8471,9272,4439,2834,4254,7175,347,5066,4588,719,4460,1260
