0.00464891721055989	0.00251089905272824
0.00296619726039792	0.00713943307679839
0.374310288401621	0.367384773332369
0.035045625078727	0.00207893773481474
0.00324503768380838	0.00493635659156741
0.317350349711006	0.328650496970918
0.199724185668802	0.194397924941389
0.203474304325528	0.202766268962503
0.00077806976309972	0.0068660162774062
0.329654028619992	0.370002026079146
0.328165567571363	0.355597313630358
0.00042443157006092	0.000102567930322502
0.296024926874398	0.369084628221897
0.27745544449315	0.354462930598818
0.367731971754195	0.364958414933578
0.286506426847856	0.344380101373273
0.221615335893776	0.305871021961525
0.371435632806557	0.367025214145372
0.224496534725805	0.378339079766657
0.24059483426722	0.257076587362238
0.266648597243932	0.312457102921362
0.361831208300326	0.373601039480671
0.248775458534824	0.37617581648112
0.0720928639144685	-0.000118272413584423
0.00622649065828303	0.00848831316464768
0.0875095649338702	0.109041454822436
0.309736252222727	0.368578327135948
0.123622074468416	0.221677614743872
0.117936438513559	0.0974562945696725
0.180290048672247	0.381467954322493
0.023196150887416	0.0658756006854322
0.340927452846393	0.36809881852384
0.201256801284398	0.111345778616914
0.268060070824296	0.320985668822614
0.361819060525686	0.358604451893062
0.404802836894815	0.355963337141732
0.137259054683189	0.179623588300997
0.282254976839551	0.308234422208855
0.446786283214494	0.206733688369454
0.0380257269167393	0.0235372324435979
0.00835212002513834	0.0143296041205332
0.340366669845806	0.36590817291204
0.0105221701883127	0.00599390256967072
0.145449961517626	0.114760386447892
0.127100040237923	0.0198409615625165
0.138031292840592	0.196547453442023
0.175942814770568	0.129220770592996
0.00264820373011658	0.00485631252047539
0.327869516070388	0.316450670012743
0.269862894315694	0.386416463843336
0.2826961676342	0.0949184508470508
0.167698859018009	0.0145483250906794
0.275004534376355	0.371113735725763
0.181243336525422	0.393254949509942
0.282674831593008	0.251143028096945
0.0101083242294728	8.16417267677371e-06
0.352744203060002	0.332783884734292
0.37385721659058	0.369879626269862
0.254076155607813	0.299192829511667
0.32719515339891	0.357079099492202
0.339721297501541	0.361973090083541
0.341921590938713	0.246911159653997
0.000497821199925433	0.011605726031788
0.152774548508203	0.140732238085433
0.225010614537984	0.376772093383271
0.315657337399595	0.378868663771218
0.309124243352804	0.361355480526194
0.363580876344125	0.372341042014415
0.364211303324375	0.355095336279433
0.244522240780799	0.206780125592587
0.359848644622885	0.378111611765293
-0.00155457679771257	0.00354454766068076
0.305394935763529	0.264527266754928
0.23926411847252	0.270047297128177
0.2829731806867	0.273608633877457
0.0136097417787724	0.0338801105425889
0.293369485032325	0.38191627501728
0.0704174060497704	0.0143863281091766
0.172948933855244	0.244414835178278
0.166188517128066	0.199483730643348
0.066297450599858	0.0395428182673721
0.275057053073733	0.285262292605327
0.373461208361881	0.363674623295496
0.0897546267153094	0.0920785839251862
0.105647587872005	0.16683680302207
0.0278443895326824	0.127474408047709
0.136752430855778	0.133220046693534
0.135770330576654	0.159904555013873
0.299067570005761	0.322930440282763
0.0864671677065833	0.100370682486972
0.0756010071558774	0.0442840577108894
0.18317510346759	0.164390584675561
0.309992642877836	0.381512630001278
0.162813287150984	0.192925282439106
0.233565820021444	0.170151030858471
0.344198323246138	0.368665423233063
0.12855742323739	0.00948119158619893
-0.0112460794630374	0.0773754480851945
0.0581740581371744	0.095741248485902
0.168668084893951	0.112909544974483
