0.22931963212979	0.359279037410276
0.195355292671791	0.467784417489114
0.110956946101256	0.370197954555757
0.189015803345694	0.514306838335423
0.0827755278942541	0.178324642933055
0.0693647220020538	0.310456478857757
0.00426770289532466	0.00701888256799098
0.0721163357244516	0.169532092907932
0.0076826025816015	0.011985653081014
0.0861563277119305	0.434770181627555
-0.0452707606112342	0.221460391843194
-0.016138375602438	0.263727463642893
0.199599494542519	0.538164932936547
0.105094035669242	0.374780752411634
0.0281085632416816	0.0116753016117687
-0.00816990090926118	0.0768609569953731
0.165674938450461	0.475853483821726
0.256435550231295	0.253045605296174
0.191185519317934	0.442232983883354
0.230670184558577	0.364568447860397
0.0304048614101164	0.126970603702774
0.17857403766529	0.425385373761931
0.0103108204050712	0.104734318162579
0.177553858476636	0.386073963899997
0.265131770197419	0.145210046175958
0.196807854663595	0.500227064093944
0.240948469368762	0.330431222221253
0.0598243088986874	0.102464095353081
0.213823884191085	0.44473276536669
0.0002946247596366	0.195107924423648
0.178621373267829	0.402150496139808
-0.0116378915696183	0.108582938818536
0.206539109391952	0.451096015925705
0.0545456644734898	0.189798994804674
0.101211761636524	0.360535428338949
0.121628576922241	0.444108955677758
0.0368389223261748	0.175540134154205
0.2384294806179	0.342481571215464
0.209577242790726	0.417632824822179
0.198532596616539	0.509991893024349
0.185229750647341	0.206308662323958
0.0182869896432281	0.0176059859374683
0.0341261085787696	0.0248995185401677
0.196511155779432	0.499909532001746
0.26172206728109	0.259147598598484
0.230818846980416	0.405523970798551
0.195522589487368	0.486079716479861
-0.0409843553366773	0.265192956621887
-0.0237683050007764	0.225693932167343
0.00454701036601443	0.240214643897497
0.189076109703932	0.479850116499576
0.197849981794303	0.524844644488676
0.195746043631759	0.544858142761616
0.00520751604245423	0.337015930733521
0.196476675279764	0.524631132765696
0.193986991822697	0.532448215763961
0.0592820143714828	0.140878464612986
0.0373280855534816	0.216819046244942
0.234580306949684	0.118042015544008
0.208665564192765	0.459165791223663
0.118815461162892	0.239962013785585
0.127313130456571	0.258249650222051
0.00767668069123462	0.0222083246645027
0.0239141553311101	0.104280038956789
0.0882393634630472	0.245007022542085
0.214603703332106	0.459938006231758
0.0616579578763534	0.046776454142404
0.00508311073381142	0.0166936581331121
0.155715076310188	0.413983000913968
0.109589383476921	0.450588613019034
0.230701471836713	0.413913245837512
-0.027787532483317	0.149051287549733
0.201466658920575	0.502168480314734
0.0433891782229809	0.0557254915218727
0.0165472171130993	0.0168584346132474
0.108331183555867	0.390870130415784
-0.0156880642292768	0.101727607606258
0.170136202401604	0.543414081625003
0.220452923425686	0.434240273052195
0.230410194095477	0.376637284004745
-0.00192935000527638	0.0459159483754603
0.0432207431111041	0.249686279395157
0.146941939767713	0.378310194035475
-0.0271191672779128	0.219860309078073
0.243287942134177	0.332348753771202
0.129851399055194	0.535100132516437
0.194482571707616	0.520915814056906
0.222933924549115	0.421764084683312
0.203271029216964	0.525819490447833
0.0129750178976358	0.0179449034650703
0.0235329432131513	0.00954093946274158
0.0120884737189584	0.0424242497691228
0.135297686031669	0.467723838106745
0.049279149990173	0.0852209687918618
0.192466743403951	0.0716838335485883
0.173942921877042	0.292181611708522
0.280094482865706	0.183392785559433
-0.0152389857465433	0.0863709350234843
-0.0235414959302706	0.161943337439454
0.00231718944421968	0.0114766564119385
