-16.2943886292708	16.8747415113751
-18.2975136273391	18.832576668563
-12.2203337993001	12.5558531144697
-19.8245508329931	20.3587859532996
-7.65597789084006	7.86108732090971
-9.03781301748382	9.22836756959311
-0.278260641984167	0.288136608043942
-5.977863527229	6.15697499933821
-0.459106427278463	0.473331533060469
-14.3717299755301	14.6265351829485
-3.9142906028136	3.90025604455224
-5.96209712664155	6.01903445750804
-19.1334785047851	19.6748302829417
-11.6043056182218	11.8534690239829
-0.8639761025244	0.91903077769994
-1.39609370918598	1.40350983277055
-14.2135174635172	14.7212059029057
-17.0190581090565	17.5320830366463
-17.3255220221407	17.8192766985668
-12.4003952089238	12.9298291029929
-4.60898869325461	4.69860809821993
-15.1731079881948	15.6578169844893
-5.60262167273607	5.63796684652675
-13.5595012610609	14.0223268435916
-16.2139800577642	16.8254473103889
-19.1650965866287	19.7221217129243
-13.8511969373494	14.3867159821645
-3.80251650929146	3.91014087973042
-16.6850362596189	17.2192906478361
-6.71508017722964	6.76356407519012
-18.1808057474805	18.7025104454209
-0.377820883431738	0.389661068623338
-18.1505813388155	18.6454813891886
-6.56729946745802	6.74051862467999
-11.4862112506065	11.8122904656133
-13.908149897952	14.358665740139
-3.32648057750493	3.48710102603754
-18.6906856684016	19.2476520743839
-18.5156164273505	19.0209038097641
-15.2004377775119	15.776068050369
-11.2603637358978	11.6935212688812
-1.10897667826375	1.13617634745763
-2.32343174101506	2.36499051120529
-16.5631432602102	17.1104082867373
-14.2747982964365	14.8153507676263
-14.8805935100873	15.4318937178447
-17.6326792959201	18.2527953048107
-6.64809218656295	6.64650816710231
-7.42512934115336	7.41811585711469
-9.86150611124888	9.85706908945275
-18.4141880484895	18.8819992787783
-18.6264572946484	19.1989310750354
-19.0941347644998	19.6316581319194
-10.7770716892614	10.8142543944296
-17.0291636114015	17.6321098622196
-19.461543561643	19.9799769222486
-5.31667825635507	5.45043478078181
-4.8585194238149	5.01910308348686
-9.73641102066876	10.2581714055009
-16.0282983001848	16.6008824240649
-11.5081571455105	11.8058025783931
-11.1529702576983	11.42511188337
-0.465184058461607	0.493797056161873
-3.55132836564191	3.64620449743736
-5.63800043093892	6.04950424707484
-17.988849794527	18.5767581588813
-2.96704575915872	3.08973701799576
-0.399339673194215	0.411958258765513
-15.6412983808179	16.0619172740009
-11.7739581649264	12.2671106428888
-10.7843909080464	11.4285588140948
-1.5348402765289	1.54439698386089
-18.213096817323	18.6832965984235
-5.93397610051053	6.00215918259081
-1.29205932032662	1.32272753188609
-10.3244482376544	10.6860163698576
-6.39250386220852	6.40061144318453
-19.7096910151007	20.1759818344616
-14.7260510751272	15.2727210223656
-16.6427731267967	17.2032904488127
-1.84162263673852	1.83947153897047
-10.3781097011733	10.5437035759692
-13.443990917289	13.872070023432
-6.21465250093313	6.22014114003649
-18.9966970988933	19.5398480821935
-17.9398886204647	18.3198803809385
-17.1965680597619	17.7132633642739
-19.3016357476959	19.8643610869208
-19.3743044037746	19.9113285710116
-0.746565387110212	0.761087800962769
-1.26772995502419	1.30772672318028
-1.16283644480272	1.20216604648729
-16.5077662952015	16.9296093678626
-2.74203630993032	2.85220721884342
-5.55364381258224	5.99275419504115
-11.7311385137781	12.2326860822315
-14.3851491059144	14.9447423833992
-5.99951724104079	5.97009714004816
-3.11356774134758	3.08898881381494
-0.209103770376285	0.219048387646085
