8.13570638000912	-7.94419998809382
8.91118981297071	-8.70511441134621
6.86403605685661	-6.81531091996555
9.99167193335863	-9.8956146386859
3.42792447031854	-3.38956921661362
4.60337729046283	-4.60114248915451
0.100075652659472	-0.0965752137853532
4.64417924769344	-4.67351175551639
0.179421002515076	-0.173265732917846
8.52212417393468	-8.55338981329599
3.96803843896706	-4.10559233950387
2.92718398333545	-2.95776019355012
10.2140928547574	-10.1058077219039
6.78259529249002	-6.669759048697
0.70793387209502	-0.679421444782727
0.712075560443749	-0.748456703221245
7.86385357852906	-7.73468624689036
8.48117049296221	-8.33366210278912
7.440060017205	-7.23737339131139
7.70724989853365	-7.48776869779561
1.93060451259442	-1.9307627876651
8.60055543246861	-8.45768336117034
1.40433303144035	-1.45194779853286
8.1118185769372	-7.9729797412232
6.95356820862362	-6.75062343503
9.36948144956805	-9.17089306154389
9.76384053183929	-9.65533398895418
2.55391907226343	-2.57486017172075
8.30832654029557	-8.11908578444051
3.91199780313897	-4.0058047538238
7.53416514730755	-7.27291657385457
0.754271631188215	-0.80580447012951
9.51249003458386	-9.41833370124387
3.38911748632885	-3.2997086856141
5.75954816121838	-5.68535159272804
7.6348920843938	-7.52089581215596
2.3086589505189	-2.33657441715772
8.93543130206018	-8.79581514681396
9.66958790501689	-9.56783966861022
7.24097239170105	-7.03400742775872
7.31746627636659	-7.19714352851349
0.373358507424343	-0.360670930861874
1.10433690383542	-1.09125780795225
8.81229594079259	-8.62945229686852
8.81826870682017	-8.64703643909603
9.66448883688625	-9.53901000979898
9.93429195942202	-9.80984294563672
2.21304309513772	-2.2526959178716
3.1148545360355	-3.28249304076544
3.47430150598618	-3.62709352918288
9.3095742760632	-9.17961246662167
10.0675185681131	-9.94398553525077
10.0853552761801	-9.97033557179176
5.52450491835726	-5.71536330943131
10.0490256125612	-9.93162328521315
9.78390055429739	-9.62360555452922
2.10916811373809	-2.06286376543768
3.05606128309373	-3.01828498052145
4.60542758026886	-4.33114388366873
7.56068106477709	-7.35446958502298
5.49972859549671	-5.43190555126639
4.84076165481492	-4.7305417392538
0.377243413748471	-0.379909476577749
2.33965668229691	-2.3561659496374
5.99074085116334	-5.91394661641607
10.1588689880048	-10.0157270451135
1.85835481917514	-1.81686597533059
0.615384842791831	-0.646955845542741
8.09901324061315	-7.97709324631237
7.90371666419235	-7.64852628504501
7.51573041509411	-7.30327969913293
2.2074351283343	-2.26661490700114
9.42702283875166	-9.28114058476387
1.8169828847697	-1.81815197290732
0.377175195848825	-0.35729867018464
5.90013979379164	-5.82061287209048
3.23090917214555	-3.2910052920528
9.77178226057149	-9.68142146249599
8.19122880499074	-7.9914798159858
8.67167204554874	-8.52176430763664
1.51512894388797	-1.59068178222436
5.74812688388576	-5.87398111784384
6.19402691088241	-6.07565465718336
3.36157518069003	-3.45076781855897
8.69160367849007	-8.56347037988745
9.26532818037985	-9.26082666464319
8.25444981252446	-8.08621668505553
8.31725315879325	-8.14123769851108
10.0900487281056	-9.9917236995412
0.24612364368523	-0.237474656412397
0.577214763073245	-0.565699551667164
0.537576978864274	-0.513464931595015
8.04229569274533	-7.95284462215885
1.87028169563281	-1.83994610724062
2.7411304670543	-2.39262770221441
7.03458098385991	-6.87453278586909
10.1387200908102	-10.0219077591879
1.84311643858404	-1.95906160555739
2.35084306449619	-2.50473454619215
0.0895612871459722	-0.0818950054815707
