3.56299919016396	-3.55812260969556
22.2806059105219	-22.0779730224827
25.3812192468274	-25.1346178325158
26.4700257169025	-26.2447502664624
4.43974868246104	-4.39524388223093
31.2998153726447	-30.9724193917911
32.4862760661581	-32.1413454605301
27.269388048148	-26.8883407393622
12.0421561779832	-11.75137379717
11.6568398467314	-11.5240823642655
3.15532114618307	-3.12106887147032
2.15657517693473	-2.13677506617518
31.5981290545729	-31.2722212261726
32.4454128081252	-32.0869666359386
3.71727824986273	-3.68139133371989
3.77717886152172	-3.75023589123664
32.4637292067395	-32.1087694853037
2.86793715110701	-2.83876975376498
32.0546626055575	-31.6825836013268
0.853585723260812	-0.848765131826158
31.9815697787632	-31.6173193262294
5.37473527990932	-5.33422338691258
0.927218619109594	-0.916357540786914
32.3657714938388	-32.0099001210562
33.476578516644	-33.1477888403397
32.0132621020465	-31.6416394782885
2.1364894590402	-2.12168922153417
32.1111982892279	-31.7607239051621
27.4331111364627	-27.0544532266128
9.70276275429036	-9.69527380363332
32.5926190302585	-32.2502886128788
2.80624367000575	-2.78410205762736
32.4049424417749	-32.047118152663
32.0160037793982	-31.6823598327308
1.51563845003097	-1.50207690552135
29.6689478728011	-29.348633331918
31.2531636193506	-30.9103207818918
19.1193126919948	-18.8763361379719
24.5469347029187	-24.291849410161
30.8490961779175	-30.5037987455639
5.62174707245458	-5.5205114733217
1.27126284330123	-1.27269477301849
8.30784028128345	-8.26626690653723
25.3206034321766	-24.9974905856763
31.8153074026504	-31.4535055313724
29.3765217727501	-28.9855388939258
29.8359506166906	-29.5907471789813
30.4228544318817	-30.1238106690272
32.1662561290155	-31.8179535843445
29.0827144931791	-28.8059999411709
29.9999390984177	-29.7543932891488
3.82757679268734	-3.8106362282325
25.7596067199486	-25.4527707039959
30.9498931905186	-30.6055211376662
20.6382322394992	-20.4304087302396
29.0241055248795	-28.6669961131041
2.9009093953867	-2.90191395113902
32.612246084549	-32.268172094237
33.2501359015478	-32.9196773610358
4.75606445960136	-4.67056648356158
25.9111390306965	-25.7571407208686
19.2750582581481	-19.0580628564817
28.6935307378035	-28.3379207098131
29.5916806374716	-29.3082319014298
6.9258909843994	-6.90540376683398
31.6623326642081	-31.3056844834981
24.7882466318419	-24.4761065529736
0.630475207689157	-0.627695052225976
32.2166572840056	-31.8637489822465
29.5972527815728	-29.2591402871043
3.78733808779886	-3.77324514885191
30.6241820538867	-30.2903836146292
16.8118341157312	-16.5698760860459
30.6202917503191	-30.3856229049417
30.9237313031768	-30.5601939405909
31.5894237659902	-31.2358768185635
3.97377907494911	-3.94299667424707
3.4812600304052	-3.4498315670318
0.78515950580647	-0.777442652373547
31.5688529826142	-31.194557444944
30.0468997904823	-29.7540929592737
26.149997788891	-25.9928598917021
31.6121811739017	-31.2658453504603
2.99978198910652	-2.91871027553448
11.3821850920759	-11.2582302303755
31.4573500225626	-31.0832328720586
30.4434728066945	-30.1450589779486
6.7749741671677	-6.73081161582322
32.0186992877849	-31.6439015538926
2.67318126314609	-2.65763137353845
4.59442761465519	-4.56780587774783
32.1920166554536	-31.8336089008278
0.868474664227822	-0.867056252293866
3.7250850932944	-3.70419849522347
1.6785032947152	-1.66627846002449
18.508001292231	-18.3133303862933
32.0486008117525	-31.6874786975416
1.60112459522564	-1.59541568813197
31.1517727891428	-30.7806238523569
31.8303275079787	-31.4538249307005
