0.473274037197242	-0.15683932085529
0.0810720118180389	-0.0488980197712688
1.21236274000469	-0.584370738303155
0.426540459442473	-0.152519810015928
0.530184517912172	-0.294981967651211
0.839621835736419	-0.44214779450167
0.130779838948191	-0.034291701619572
0.545920206384431	-0.308705609470745
0.449053921190785	-0.179724521449188
1.07705796487985	-0.533926010932301
0.745058218233709	-0.32192679123532
0.788918493105665	-0.365517334983249
0.930127118792778	-0.470690313783372
0.622590917390787	-0.287150392917852
0.516998657290594	-0.216747745696569
0.082791729851395	-0.0389501707292831
0.86844174548364	-0.402550751128082
0.729062180003354	-0.394683911630836
1.12548786192531	-0.52356012891085
0.672268877341464	-0.393492667369859
1.12629747287854	-0.552385609811802
0.734938676593561	-0.258992628109502
0.461923677457832	-0.0826490017745145
0.866208891180637	-0.426580054870349
0.800691905503614	-0.412278377424664
0.662110877975604	-0.306742146645275
0.46945554346529	-0.220380233234215
1.21791123734189	-0.586418040490223
1.01206347796991	-0.452390627628505
0.688158122835146	-0.347803881536064
0.491539076625591	-0.236072672737209
0.0645232890005784	-0.0288268720469396
0.572007677989881	-0.333648553632427
0.14236235047333	-0.0791823171974895
0.0120142413739056	-0.00622495194617364
0.264388004628344	-0.0614740457820467
0.483969239328496	-0.277616136278544
0.492432588687745	-0.306243945334309
0.850783483971647	-0.372558028992928
0.847560904254541	-0.399203255031522
0.627937094533767	-0.191843372356362
0.754400679347099	-0.268637535251412
0.297830308449496	-0.0994068230407838
0.158505227530107	-0.0853171202166173
0.697853536865003	-0.338911375340127
0.778020917902676	-0.349350988255079
1.16801230513801	-0.552047416533913
0.192991633352587	-0.109725883897112
0.643094953429916	-0.338098014700733
0.585919952909011	-0.2702749059435
0.962799652707128	-0.459049408249614
0.756363418414652	-0.355911465506698
0.855327338648597	-0.347327221910866
0.955408603269995	-0.413223580862914
0.114629473670658	-0.0670642307597998
0.744027477948023	-0.271935752789084
0.531884318363798	-0.14406079854585
1.10842987290886	-0.548970861259679
0.7564094700549	-0.383249011678537
0.418170083852828	-0.226422239782124
0.174468085208694	-0.0955254556005472
0.0964543235447678	0.00319477036277873
1.17996384026341	-0.562124270967082
0.0656112595127568	-0.0104784931949509
1.0702214675231	-0.487475215463268
1.04667973596082	-0.534324106570468
1.11169542502972	-0.51451672974121
0.985072082472589	-0.442353022358914
1.2319416357547	-0.594882371895438
1.23407112349067	-0.596596270572747
0.0830854911612562	-0.0405271667909665
0.398469691834618	-0.215520927113436
1.05529472861246	-0.473432897622877
0.959046918881146	-0.41294622031355
0.511023204921076	-0.294579031394463
1.05166733681263	-0.478979105615616
1.10423989699672	-0.524962670570207
0.030473716739777	-0.0132651100871869
1.14766567352702	-0.535897139794624
0.655954415117259	-0.359373099434753
0.88670832716154	-0.370402360822304
0.292314892297739	-0.191170362383482
0.62596587819955	-0.259543087078805
1.21296419270872	-0.588528365151394
0.306549808079821	-0.201097472973713
0.407152610440268	-0.218988078235598
0.761137365468375	-0.404216420404928
0.363141119789368	-0.114650586550068
1.21902417150292	-0.706881561955726
0.405575981539358	-0.251080890976645
0.566547209572101	-0.18419005552503
0.547644879874587	-0.133336721719986
0.363874016188353	-0.23074908435997
0.0774176258791677	-0.0420823536488941
0.272325825403199	-0.178452962932801
1.09799891850119	-0.503530969741811
1.06854528378562	-0.481880170614133
0.239450922420057	-0.12763355886838
1.03504551519959	-0.479509536169324
0.509863661048177	-0.259904727677856
