-2.80687456705492	3.0383914322667
-0.36531804356187	0.369911864518289
-2.02060892912292	2.09066644695003
-1.88839694679068	2.01517624116031
-1.140805559296	1.15820791727712
-2.05824993176217	2.20672605496084
-2.04394036127199	2.18002405348332
-0.923020752757214	0.94359983123975
-2.42787079163726	2.61820927464711
-1.1747682873142	1.16587885535204
-2.64303527592269	2.78931152262638
-2.2782553134964	2.37160717343237
-2.41173126424608	2.54554405693732
-1.41096203682162	1.45356417308036
-2.88441355999486	3.07155115747779
-0.74731952449164	0.7335397030419
-1.36539434577362	1.40540820703035
-1.81652329658282	1.94193096741049
-1.4551322240714	1.53578914750548
-3.11310195157004	3.29764571287432
-0.890644060942415	0.916640919606979
-0.158077031306555	0.158889623753813
-2.75473274506434	2.91874470019299
-1.70661551134289	1.82919501981736
-0.379643477215396	0.401525582419737
-0.303524044791264	0.298037069837774
-0.547493520999958	0.551933850520262
-2.36964074221984	2.51720059137663
-2.05705027409596	2.27259866233573
-2.96708488185399	3.12360454866091
-2.11909302875798	2.2308751152666
-2.86779587556865	3.02736046756092
-0.674565888358984	0.65267416124861
-2.78584927925474	2.93548270817023
-2.21959910311477	2.39014245823451
-1.90174376311237	2.04768337137889
-2.39756308415323	2.51684367112404
-2.27240743030751	2.40723989592848
-1.78280189901018	1.94776636276072
-1.42730813455112	1.51223182020546
-0.353289294189829	0.374762195622587
-1.04687503611201	1.08249810902268
-1.40517241851057	1.51657814785094
-3.101781940101	3.2810540192109
-2.98908772360849	3.18157562873205
-0.465580625965322	0.446367283315195
-0.90432137103494	0.887006261605103
-2.22483801653165	2.30558810506422
-1.84364617603373	1.94316784673428
-2.34695697022113	2.52573569697887
-0.996651673326453	1.06041112005909
-2.83401551384184	2.98683103603596
-0.503961045310664	0.508684414618191
-1.87371062547095	1.98102310078509
-2.62939486228156	2.75882040846201
-0.6639212987255	0.679502329465765
-1.83506921319629	1.93129977520991
-2.29992269821721	2.42791662036097
-2.75015461923648	2.95080865255815
-2.68163642754369	2.82559239005461
-2.7233151973079	2.86925054411795
-2.87281478630295	3.10454465329758
-1.98248782853372	2.08248304495407
-1.09734570667405	1.18941417167092
-1.36471836089654	1.4396012857337
-2.20874244253086	2.39866504734173
-1.74683542178057	1.82790584941061
-1.07141165847738	1.09384909838521
-2.92686141940769	3.12346294923627
-0.917244925454108	0.901633114401192
-1.03216814388329	1.00912030924322
-1.11399602526803	1.03113569474391
-0.911060015156748	0.853644425948573
-1.98514359960314	2.02335909097181
-1.62393159157276	1.71385933789446
-1.03809793394148	1.02774568019991
-0.214158655975221	0.247238031988225
-2.27899654954533	2.40678171620393
-2.38594706239297	2.45782345571014
-0.984242485693783	1.00202961237525
-1.82846341476582	1.89092894958134
-1.46747071904814	1.51163335361925
-2.55939745044367	2.69433446524891
-0.621640415407466	0.669682014080544
-1.30269817631566	1.37852918368774
-2.34043063642007	2.49762919094525
-0.837249203490368	0.886143823518356
-2.52808481731048	2.66974223841612
-1.87852540615293	2.02243413043846
-2.60636132216933	2.74192806584627
-1.77399162679246	1.86873271221856
-2.02538846446486	2.18900950849087
-2.3238462598864	2.50184782130077
-2.31223325580621	2.47160344148021
-2.49314388441757	2.73846893980173
-2.86213252205536	2.99600828602125
-1.52431380604322	1.61731115992061
-2.67459234756422	2.83490139362071
-2.95957774648932	3.11066715040428
-3.06284332863957	3.2101794740829
