-1.32317016616387	1.86678706722414
-0.153616086710221	0.195685992667486
-1.01769121480823	1.29110887038049
-0.794123892560619	1.25761007338403
-0.552298864826425	0.775952924415593
-0.845159173240392	1.17741349389832
-0.888829020872031	1.27314839964688
-0.116837223612676	0.252499505982966
-1.07024041638471	1.48942416901444
-0.429094490481754	0.560702623570343
-1.24266919873756	1.6768303682668
-1.19582241510462	1.54027756768072
-1.06152970621277	1.40058523319864
-0.733465821738879	0.954124467074948
-1.35264390345066	1.81985389686126
-0.389230830202583	0.480762116257016
-0.682385392768992	0.964681855394505
-0.839734556302843	1.21672739466724
-0.464418111141836	0.664274687465979
-1.33745703114907	1.87736714356744
-0.479472414377074	0.565400728300827
-0.0358920499826817	0.113508538108208
-1.29509630598422	1.78909041007085
-0.710581131147131	1.04425216211452
-0.020897822862243	0.117675140893392
-0.0972819806468664	0.143156560193283
-0.343920964230758	0.399387863407984
-1.42136323135003	1.86771803300398
-1.03036152721261	1.44383686584102
-1.35871582273004	1.74806742020621
-0.996958882536376	1.41108125098446
-1.40046992604817	1.82905237407727
-0.300652986785144	0.365803649128285
-1.35005114027536	1.80052997605552
-1.09799670230911	1.4778839658327
-0.636920574688162	0.86945600953845
-0.889775236560457	1.30633418671195
-0.993438241540262	1.3761653915062
-0.819857758693441	1.23327070257042
-0.682900988374641	0.856369959651142
-0.0230440483483971	0.115679140777562
-0.368237971377942	0.523768513247852
-0.737263366693357	0.930011405734236
-1.31957641500933	1.8655725643892
-1.3442489639736	1.86851403391255
-0.0349052314870859	0.048103311754484
-0.243214312494918	0.378120106901353
-0.880540023446696	1.25261065541035
-0.844282568378839	1.13596378730119
-1.05110707107452	1.41573276912512
-0.466944824063919	0.64481707251258
-1.27919304893967	1.69427721913948
-0.176390257887748	0.254925733964493
-0.771824596140038	1.2103612123144
-1.15758354925891	1.57446602348053
-0.263948860279364	0.314788936817009
-0.800383384000842	1.12402053901322
-1.01835764219597	1.45548897302798
-1.33159640845168	1.81485112455946
-1.05936252996528	1.53338884270018
-1.03706190674683	1.48474771437609
-1.30635214465689	1.84063009588878
-0.734878892863859	1.04603929321338
-0.467509895135237	0.674780211768494
-0.547323652291799	0.768963106603293
-0.996546285661077	1.42581519438824
-0.556938059927303	0.817856093059327
-0.509747859915296	0.665376608764297
-1.24428381995085	1.80351810490117
-0.428786095226458	0.547027761140193
-0.399576870090303	0.528226243991516
-0.432129896848681	0.518109816933759
-0.4328778809049	0.494559350981277
-0.885762741556181	1.18243932112805
-0.902536605526034	1.21302783216005
-0.308275184033153	0.466847472777948
0.060620893996766	0.126484461360379
-1.1296745345554	1.45898161912751
-0.976010356343753	1.1769198785823
-0.773692517728619	0.984134577093073
-0.67504828817806	0.92811737715624
-0.705567301968371	0.993393634280098
-1.00878569197881	1.42651629751236
-0.241123660107065	0.362994132804992
-0.625442732597773	0.794318767711883
-1.28657771031925	1.56314955058625
-0.488810592404874	0.656715833778236
-0.85900993407878	1.28825642250211
-0.519627274261571	0.833175561747203
-0.947344758742247	1.36534246202342
-0.98182902563151	1.27950955342363
-0.875498517689817	1.2279208339048
-0.992162954955029	1.38403193749877
-1.42937574587489	1.84044707045513
-1.32477364356541	1.7991627233721
-1.38414293796207	1.8633389989439
-0.546521244833195	0.822727963591622
-1.34914002738619	1.75041890173914
-1.41963867623251	1.76120616951359
-1.32194725714743	1.83643514346096
