0.0314185304476299	0.122185295347207
-0.0992197364142697	0.64111008116774
-0.05917953099298	0.645252059968761
-0.00369807264340682	0.0660108438342128
0.0305136975897816	0.39212201368102
-0.131372775072667	0.339187919639369
-0.167620381910281	0.529738354213636
-0.146096807044177	0.497031925769772
-0.0562575477726306	0.633041695780039
-0.0920068057475196	0.505745219463599
6.13636456527117e-05	0.000910889232742208
-0.00438119963626536	0.54136223749249
-0.0214011118532374	0.65720490110815
0.0160254542525598	0.581252361236035
0.0251015519449576	0.63335024151991
-0.0226393100330461	0.0645741048306954
0.0317211870530292	0.658388781694077
-0.0158692157116023	0.0377447533243313
-0.00250383383712368	0.664586307367252
-0.00804059216772097	0.46910357337096
-0.0192538071495041	0.66058340723745
-0.00875834891327005	0.0711830127398777
0.0356474595615925	0.0568789799428591
0.0291429707955135	0.374117168886734
-0.014179186247438	0.0453037798056087
0.00570831838570637	0.616491556626152
-0.0141830400884335	0.580672660927621
0.0221248781233796	0.0806238104619847
0.0296707253927392	0.405194511015576
-0.211647876531328	0.599164513570793
-0.0137367979297241	0.638121687555815
-0.00877608660639308	0.0368896870790866
0.0299148789185051	0.162954170801875
0.0241126533136526	0.259773460528232
-0.0599750635215778	0.291979451947733
-0.0785558574350477	0.482948504741663
0.0237929220899959	0.0185707623111
0.000157824543943397	0.495601823119888
0.0259953310541942	0.607614396454314
-0.00895154551258125	0.658289519379431
0.0729587954362251	0.155534554620688
-0.0065906169809409	0.663381273193187
-0.000340068579841603	0.649672659501496
-0.00136877338594369	0.113351124044854
-0.00221551377658436	0.63136036976665
-0.0915408351062955	0.638045393782083
0.0185417821051742	0.0126761691910555
0.000787321124134307	0.548791438364157
-0.0349739203078474	0.51631957775613
-0.156642827122834	0.559452308494282
0.0258148202285077	0.557723578740878
-0.0385862978794628	0.316906797387909
-0.0331866590620905	0.647947216294504
-0.0467128352762021	0.629116789149248
-0.0718311331832767	0.655463592965189
-0.0250991988525246	0.558677157986999
-0.0177639733191392	0.574137697879559
0.114276321933708	0.124017066581508
0.0556215256051755	0.464374214985708
0.0872814694716922	0.535131890910164
0.0235683189241146	0.0409953802008848
0.0400145141141839	0.304221840058734
0.0136989477532781	0.416171757521819
-0.01702689441329	0.0407656116949141
-0.0015997381935714	0.614244824143191
0.0984080864650725	0.526721938096797
-0.0266034913483943	0.597615396518819
0.00663036385441675	0.00293728457487397
-0.213839983132798	0.605251663310235
0.0115682912346335	0.0753416990024991
0.00109937385300621	0.00332405263442123
-0.136080490543103	0.643070830228776
-0.00092621074272044	0.635350951707001
0.144321078322918	0.104005699301529
-0.0595883397667346	0.672115966216064
0.0493705743554615	0.294233045635543
0.0761276074765487	0.383654382288698
0.0437771294636521	0.371626529320224
0.0577929493312388	0.0207269515706561
0.104373944615649	0.163611647355381
-0.00355075696973689	0.024238338707888
-0.13490824816395	0.264770933699463
-0.01950518400158	0.51528331195311
-0.00754352070719238	0.588641698213717
0.0375061062332182	0.607195773353171
-0.0417501098813189	0.244882458219166
-0.0451158855332214	0.624214500571103
-0.0159220288753186	0.138260419885804
-0.0189724163322287	0.0428521219734896
-0.00179161118537143	0.0120615507798503
0.0400080132322354	0.657508496957981
-0.301119054422309	0.592710840430718
-0.00054860541191495	0.0165313419369632
-0.0685558392685044	0.313003543509833
0.0579097717110591	0.419393567162159
-0.0236478314402391	0.566256150029912
-0.0023462412550028	0.601029609834389
-0.0173041547691897	0.673870021817282
-0.00323742202186412	0.0186842150183135
0.0180694947950753	0.275238235517171
