-6.5495048554194	6.8208620484218
-3.99795876312874	4.22793318334033
-10.7861702396372	11.2608542717766
-7.24514801920483	7.56316836920826
-3.54509351396497	3.62419211536817
-11.4489046893739	11.9262123633487
-8.99310832126961	9.46560119874547
-6.78902840289183	7.20214174244626
-8.03966626153509	8.52451823275035
-6.237712706835	6.40163947728435
-5.44093448860413	5.69923075046052
-5.76689927760446	5.83406374297324
-5.00349142404851	5.1103281746868
-5.84846470267734	6.0745364911096
-4.4642696562341	4.5895267806566
-4.56756706618758	4.72906645296893
-10.0416157422471	10.4329010577039
-5.55029827665814	5.7775675544228
-4.00848272499303	4.47100999513493
-7.37709795515536	7.70588932478693
-5.23571585911105	5.3616647382279
-8.26647706465564	8.31593326977883
-6.21476075092748	6.62114461598507
-6.87587072487982	7.24389643259406
-10.1023682896359	10.5471673105693
-9.40486531256287	9.91718368123355
-6.82294979565873	7.07558548229813
-8.3639979509907	8.74550839342298
-4.28157888550489	4.30569678656238
-1.96867004487887	1.96259194460369
-8.42365955206605	8.57504225980699
-6.38723085153176	6.67046890546054
-11.9474993547608	12.4341016131124
-6.69623849158554	6.86831090951195
-5.22068068562059	5.35110051635174
-7.62373671693871	7.63145242605975
-9.80426231387463	10.2912447456606
-1.36204667472483	1.35433217188381
-10.7155604969655	11.2687627197963
-4.98963057224149	5.17678710336171
-10.0584870511355	10.5220663502388
-4.58292290718801	4.58515040429519
-8.56058604697437	8.97435059367635
-0.486528530415035	0.520494781191941
-4.23264533322595	4.25736230731454
-7.91464772200302	8.42748600388155
-3.27528399562063	3.66115101368987
-2.39900674537465	2.62099180489248
-6.74559069041987	7.19264769306732
-7.73898553529751	8.16863636683224
-5.0189523645497	5.12431343836603
-6.39280851389883	6.95040658124827
-8.0164137737453	8.35671865022299
-6.49552795043481	6.99391824797097
-6.62152710780791	7.14095783215977
-10.5976368550225	10.9131301285323
-6.27002053858355	6.28653236684291
-3.52167738585507	3.51371116268497
-0.768067088321021	0.813367832951076
-9.89222306644458	10.4447742233608
-3.86654352782656	3.85080379367635
-2.66661730370516	2.73894327111137
-5.60013555060852	5.78631160738705
-8.32816441586555	8.70972494849632
-5.45619847117702	5.58801281369634
-7.29090472353279	7.76621089749709
-1.99076627396701	2.02293424143828
-0.987143435995356	1.02003688760173
-5.18470405277866	5.34914635067148
-3.11427603673638	3.12364151553617
-11.689391379767	12.2419121019674
-5.96152213197548	6.21866627389277
-4.74882848632856	4.89171809319792
-0.627766253323216	0.654680607770399
-6.88848476913931	7.26730300602781
-1.04434640334527	1.06228183888978
-10.0180497677227	10.5040228934669
-8.26889773080921	8.66325746060829
-3.10537204796118	3.36486176009677
-4.41267004526515	4.63902287855278
-8.05474248837141	8.35093411059765
-6.34729939547368	6.56578297072659
-10.751119726055	11.2467932044479
-1.39127357023447	1.43289499385437
-4.22900613674709	4.81267407687742
-2.4294418241647	3.0646834568727
-1.06884831448723	1.25281961594638
-7.80014053897462	8.33453359359343
-4.85543312568566	4.87432766699279
-9.76636861769382	10.3211258526871
-8.53361575481537	9.04992643728309
-11.7074390481205	12.1763115717454
-0.821552159691383	0.871369513996475
-8.92743401419725	9.28097388475197
-1.09871997064493	1.16589161013661
-9.11995444264997	9.57371728873876
-4.85639397551828	5.28422148033139
-10.5758878536916	11.0813063411294
-0.42229188245673	0.433805366181765
-10.7568855113715	11.1801322417079
