-0.270077377547956	0.254680620991781
-1.48364251973019	1.78019933263917
-2.88358286759217	3.24287594777303
-2.62091838978746	2.99822053858285
-0.292690295345607	0.268469089339377
-2.73571355689198	3.06906634873343
-3.01603610932077	3.36947410847829
-2.62817300057313	3.02642140941844
-1.93637509224491	2.03300218449683
-0.744209628044353	0.917163615505605
-0.42749462735841	0.434860231307967
-0.299692944179206	0.30926650240621
-2.93321528704823	3.23850075347473
-3.05821401522015	3.42957807437062
-0.391456235144469	0.419472926732386
-0.585374855553107	0.591695716164803
-3.08485157604132	3.4188510242086
-0.341890331979901	0.36154381948471
-3.08344414649495	3.43734172099643
-0.289562404539345	0.273463593271439
-3.06993817824833	3.43355019253504
-0.425864201538292	0.514007309615729
-0.147421306498651	0.146371371073102
-2.85136932653367	3.27732024431077
-3.12906151166791	3.43636934801528
-3.15267928932443	3.49511803396438
-0.248421548080006	0.273594930994877
-2.82683578340585	3.23321108514449
-2.47186964463363	2.88516089069939
-0.649107253790131	0.73434765181248
-3.09416944635505	3.40759394192233
-0.26901197588092	0.282747883554444
-2.98646543853043	3.30502801993431
-2.9595939191095	3.33886656993289
-0.0929606018410382	0.108043542193378
-2.78946302232668	3.11544139181376
-3.03559773203297	3.3601539026986
-1.81506367559187	2.03316954502102
-2.48313775206465	2.75589704173056
-3.02712799238062	3.34566780722104
-0.936249620161667	0.970374556775868
-0.00846770437872163	0.0100314347565111
-0.565184721117277	0.606773285761336
-2.6734684695991	2.95778785400298
-3.06744988881601	3.42780328017278
-3.00274045972469	3.31442489032269
-3.03740180301377	3.36215572946765
-2.86862714021374	3.216123446272
-3.12369687248454	3.43544573666564
-2.71704616209314	3.08877564006169
-2.6447855090823	2.97229198782797
-0.29292501108268	0.328407396066519
-2.65667783970374	2.93924238035334
-3.00590309170509	3.33476124074311
-1.69892894741599	1.92681617849102
-3.00498783915081	3.34391659282683
-0.0880713361566531	0.0946309180545467
-2.6769787376826	3.03911653836135
-2.99136002609789	3.38021456036584
-1.21702210975408	1.21822533602102
-2.72241479472809	3.0749995027809
-1.21270065681958	1.48812075598392
-2.33452537001253	2.74728476481101
-2.43294714257515	2.73922295047424
-0.071681438659463	0.0961218241079468
-3.07251678929375	3.42350738650509
-2.31068339009719	2.65220866308259
-0.0692336460758392	0.0706433782751929
-2.94885621479035	3.30614637386352
-2.90823665995409	3.2355278081132
-0.241480941457278	0.238868305366525
-2.85569524945609	3.2115226595597
-1.93929338100416	2.12082368036812
-2.69414838088073	3.00303647529779
-2.94342437234058	3.29961468300327
-2.78823076112091	3.12939136576528
-0.376041453462131	0.382420969883272
-0.507259430490991	0.531388914911544
-0.35912780794517	0.345690813654431
-2.894832615224	3.23983223538536
-2.34578299123279	2.62071477412623
-2.14997885228421	2.4866925481291
-2.53894064325272	2.91322593115797
-0.285094541952264	0.292183997032415
-0.841735353443346	0.969111028418475
-2.92481580188075	3.28340090379701
-3.00856330963358	3.34144066096171
-0.456998799781719	0.515504413990192
-3.01350846336465	3.38419628781705
-0.128309618584503	0.167007155263864
-0.225592269331295	0.267749750955403
-3.04770415186867	3.41026154434419
-0.0852714731813894	0.0978902810801277
-0.367537163342068	0.407738598996986
-0.3756345074017	0.369292468543348
-1.65888891127123	1.8155165702022
-3.14985863796725	3.47806661238598
-0.0778693095462292	0.108532153871746
-3.06689465171966	3.4019205468005
-2.97068713192038	3.34082308557204
