-0.402623024780602	0.708378655993523
-0.036026173008954	0.0521198778932319
-1.06005353444763	1.66494400395213
-0.507124166707075	0.802016776014261
-0.411452209769843	0.610513175784695
-0.536918810153914	0.879512610074278
-0.17599832694909	0.297924251816272
-0.587218935112805	0.841840432900402
-0.361485200393403	0.623718485587152
-0.784753756678928	1.24881895956529
-0.838508524573496	1.31228320904319
-0.880907604436359	1.33751911605052
-0.888809632758979	1.34061435531158
-0.594401264369598	0.939514186588491
-0.587952395033089	0.922949859661286
-0.326375728704337	0.471517752534756
-0.908290278329642	1.40358475195984
-0.715232137061019	1.06972680695202
-0.65373940046751	1.1340758271346
-0.918537389761694	1.26537289350157
-0.891335744949797	1.41145661413725
-0.732804614699402	1.25021619125546
-0.301540138047792	0.698179078300433
-0.37359352818405	0.699410375491534
-0.455400272641403	0.748723869460314
-0.609153452373708	0.945642550709463
-0.603701657708004	0.933372064320791
-0.938930120817051	1.50418066311898
-0.33953128769988	0.741841849495745
-0.820236243112429	1.2076810827386
-0.219311945056255	0.375995962249879
-0.251988631671684	0.348122803310857
-0.514012735840425	0.737379554283692
-0.750246094185777	1.00604936607558
-0.0459705934188188	0.060975640858416
-0.563168210005288	0.851806631403856
-0.394173722773221	0.589026993093241
-0.319645647208981	0.433535436925156
-0.891166613022082	1.4085605554277
-0.438797093687835	0.771826113478049
-0.757925040604673	1.27004558044664
-0.591741130253662	1.0687450990923
-0.36951437969163	0.604105830055079
-0.297069006928386	0.410746357651337
-0.443588479102608	0.732715663276103
-0.872151939499972	1.3517585189319
-1.08121961109918	1.69208528635807
-0.181139289852962	0.254093576735521
-0.738867298700571	1.07087752314485
-0.613351804900364	0.95300376230111
-0.839078651186385	1.32625638700268
-0.93908659409092	1.39357156190827
-0.449333496611311	0.853120778982242
-0.638365109052886	1.1197912487361
-1.04664943962956	1.37815497961726
-0.504898373392814	0.907303468683043
-0.418285474812706	0.819149491164279
-0.981908333584656	1.51489616183296
-0.895534442872635	1.31528894764626
-0.228748498559041	0.361022075775929
-0.178728741087769	0.262010536474385
-0.386056159366569	0.602760301472983
-0.946236690297446	1.51628667941382
-0.0747975371667969	0.140359437147131
-0.803172657410392	1.34156215999983
-1.0157314067954	1.52079772251948
-1.10767254398007	1.7154126980636
-0.632601196493048	1.07838679487619
-0.619571284765325	1.10896719240645
-1.14565509135867	1.76817323186734
-0.0729049351871622	0.114577326555433
-0.284716194879552	0.428614280676367
-0.59421642688662	1.07275920275672
-0.847804122644788	1.38955836200262
-0.43193165571853	0.614986227762763
-0.902318892230489	1.45885302055428
-1.02535181726057	1.59373878906986
-0.0852262283416167	0.120728664631981
-0.938539643309003	1.51464758443633
-0.504428143827137	0.749987686334712
-0.839775330581163	1.37377604666513
-0.2016521613358	0.260284556101257
-0.620985300132174	1.00600214280077
-0.912861534183565	1.4793454397399
-0.254818707541813	0.331305650963927
-0.491800969467784	0.707292014444011
-0.660403637612334	0.986967670861745
-0.470661019778931	0.764050535616715
-0.781218073476988	1.18525698821185
-0.201638053574976	0.278244171704862
-0.530472187583717	0.974716764207189
-0.788543289191234	1.32142873729243
-0.248718811198919	0.336859660181381
-0.630292224503318	0.813758894822672
-0.444121672247685	0.570787875287243
-0.950604442792171	1.52236191718508
-0.333735861323455	0.738447274061972
-0.33495352701784	0.471197123464463
-0.776180359281589	1.27601666232997
-0.381037602402488	0.601378672943332
