0.0555580028724939	-0.013989500802243
0.0159249333085563	-0.00471341184629419
0.389129942323832	-0.0414413323842626
0.134999862038805	-0.00372026410646596
0.699041101114205	-0.0936864640387204
0.0140042289392128	-0.00448040399820067
0.724618970209349	-0.0364438193922875
0.725836318446274	-0.0508784590057529
0.0167465358056738	-0.00353679161000718
0.709311816042948	-0.00721227047777144
0.0379329054134279	-0.0117152704472096
0.622234421265321	-0.0456998853177089
0.70301582632155	-0.0420752207833726
0.701426501409636	-0.0446134535157074
0.0611871104731304	-0.00279720642712103
0.700724101936391	-0.0877727419410546
0.696379034470525	-0.0747186009668335
0.722675463807659	-0.0534220043686903
0.0273627099635565	-0.0044989885140577
0.726508751203352	-0.0707082808921271
0.646120929007111	-0.0901440216569273
0.0705484603225136	-0.0112865185671282
0.678789906890917	-0.1013954088517
0.714654733044909	-0.0340693495980045
0.0424456241696025	-0.00360419970803009
0.0124153331977731	-0.00118766298512957
0.523835325799477	-0.0349332068790653
0.688701023373213	-0.0619365439226912
0.0329074363183319	-0.0116331322348418
0.127585131395573	-0.104487554981333
0.636490849202388	-0.0697895421614246
0.728375301071162	-0.0860939015455848
0.0571860609929936	-0.00635849139594144
0.727896911795458	-0.0584591278976603
0.678283545861945	-0.0078233418541995
0.104235229100944	-0.041458338359627
0.0439562146309563	0.0158307453076634
0.694193127989953	-0.0278464266176402
0.694211896537215	-0.0851879641052859
0.703224986100519	-0.0527707072707863
0.69398928926945	-0.0598771238200504
0.696783686929984	-0.0649946942854979
0.634550353786667	-0.111031007606278
0.476378084769581	-0.0582649792621833
0.704362747371863	-0.0425479851668113
0.70949553774223	-0.0410496249707092
0.642138468298948	-0.143827419122503
0.669949578830442	-0.0265144756348994
0.657972674607894	-0.0105098486497273
0.679765377631513	-0.00670290902292264
0.191932218378751	0.034192053673237
0.0456938653295758	-0.0215235266971104
0.700618229695128	-0.0138395489066794
0.683749434644236	-0.0188159929172924
0.241731675991736	-0.0926126736337871
0.153698854424847	-0.0480482236709426
0.366348443800268	-0.0598315095760689
0.325527046101719	-0.0665426459178832
0.33349048702563	-0.0922596589949481
0.13016614804447	0.0301598244352834
0.126445819475166	-0.00245949760349843
0.437608725853313	-0.0116184997447011
0.509455336828661	-0.020476728397573
0.588162755355317	-0.0348655707793495
0.342760450310935	-0.0728203554401881
0.271660667217712	-0.0924651684264062
0.0797062228426993	-0.0101658272101425
0.312773800384798	0.00508525837024486
0.715252209582348	-0.0773629136740828
0.542166887885416	-0.0341724659791608
0.015488862459704	-0.00463692879627066
0.0307232867159214	-0.00136453087544555
0.0256188485913071	-0.00604225309907424
0.718375855235795	-0.0585822889043749
0.726442319090814	-0.0741854767934145
0.714965325254598	-0.0289982312186978
0.1212568097977	0.0126200205155268
0.0433539454503891	-0.00971257464382084
0.638553520220906	-0.152820099562442
0.682849301381474	0.0231491617262373
0.0156404085607987	-0.0111741641052214
0.0820507687323232	-0.0418058383234126
0.602376994318489	0.0134649110896982
0.0766031438163166	-0.0432649927685232
0.720612284158551	-0.0738829381855916
0.715006283971764	-0.0635644038018851
0.668588326407838	-0.04150862312266
0.625267665152317	-0.0984862207398831
0.51938341956905	-0.0623068007575927
0.0403975954113039	-0.0300458548169588
0.115974642611375	-0.0216988283821679
0.552219799017803	-0.0718780638814902
0.667105356481676	-0.102232140465343
0.27750990973478	-0.0304660506642203
0.725205954897867	-0.0853531261997862
0.730533154698963	-0.0603109217346546
0.0846825653551063	-0.0202551814551783
0.659856013060112	-0.0433418527554217
0.651453981841851	-0.0818818926356686
0.0962845908214199	-0.0215442342238831
