0.167323351193116	-0.0547039492552383
0.720876673111452	-0.217330017910611
0.760995450794951	-0.236600202007984
0.0603592391996558	-0.0129056216956342
0.638491939730587	-0.247245837703934
0.473823419735549	-0.182180712476385
0.506784595883096	-0.133185744829328
0.494933725439114	-0.135947320960969
0.75010677589847	-0.234105663691374
0.59039474325524	-0.186768211312218
0.0015005028883392	-0.000586707723071469
0.730026908115293	-0.251201440320445
0.878213617895776	-0.301770772981166
0.806113949019233	-0.281554193776915
0.829480808641771	-0.275006044924126
0.0550977698087226	-0.0122551875100571
0.927093110994691	-0.326096821984171
0.0161892151040973	0.002631164547662
0.908723518618901	-0.315969183010398
0.648143630194891	-0.227928619421542
0.887107688043335	-0.305761776253798
0.15043345884016	-0.0683056575114924
0.130790072925151	-0.0564803882276036
0.525386588965562	-0.183185274028545
0.0365297526260815	-0.0070726303968939
0.79692340456166	-0.263293520563697
0.778460424744672	-0.267612860852392
0.223739414238689	-0.107412591173924
0.532496317007704	-0.175644811978116
0.451788487128627	-0.0764215437749149
0.86042272694429	-0.296985407389341
0.0399422564731361	-0.0118645042893734
0.149685722944583	-0.0280539705619004
0.304138474170432	-0.0885045421056668
0.378578859009812	-0.132322297524567
0.317993174703226	-0.0223759704025215
0.0571922692235448	-0.0262189742643678
0.641718019879979	-0.212789151532418
0.878156950824011	-0.315568781476928
0.860508921683794	-0.288735468378565
0.420489626990717	-0.196982551548463
0.88961382767403	-0.30494851517754
0.834357807230688	-0.27458575132101
0.188168328168839	-0.0749734655928209
0.871898540815314	-0.30560404540838
0.71713021139746	-0.215415853637656
0.0521782219044276	-0.0259355033757391
0.712290828718415	-0.236528499075478
0.673273571221901	-0.228604339683425
0.514028813936578	-0.124914775071764
0.809338917282061	-0.291611069545928
0.251584423497626	-0.0403519162789809
0.813553746144072	-0.265855482435251
0.754738941266206	-0.237534012642142
0.778472721452464	-0.245190505790787
0.701831369897245	-0.229073595177462
0.7480469794903	-0.25136030258176
0.327064764877859	-0.145253505610712
0.725287816641145	-0.271352413526889
0.837167503298342	-0.310962835468508
0.114004045201174	-0.0533361812931122
0.503985346503033	-0.195560497555596
0.581454561703409	-0.203999466692377
0.0463863581235291	-0.0153629766284824
0.826507257850755	-0.283542184593801
0.789082822767737	-0.282731514545412
0.776649833868965	-0.261340762900497
0.0160112795491229	-0.0082225061010015
0.449274734147806	-0.0726928610461071
0.105455421865638	-0.0360557965079536
0.00907026830343225	-0.00431216970407223
0.652642505780783	-0.177669394757712
0.80588853800813	-0.262204162912832
0.390363039730986	-0.189826045718724
0.842639317889025	-0.27781655565973
0.535512994874715	-0.218173875884402
0.594491047474809	-0.217691505851041
0.565952821238407	-0.208138617780136
0.124459367063267	-0.0640250797863559
0.508834942037179	-0.245826536443487
0.0452894856771087	-0.0195822528124691
0.254735595023012	-0.0731903215711434
0.512414444664216	-0.125881650162107
0.766643687179128	-0.256333753973848
0.797750707804533	-0.263762744159294
0.189580511700612	-0.0293331819624205
0.758650303216301	-0.241770894825687
0.205750535001006	-0.0779590568569844
0.0291170467188152	-0.00388657805782001
0.0296105358765235	-0.0141905183111066
0.951105183553599	-0.340659905380371
0.496302011989983	-0.117325944609646
0.0182126164177047	-0.00514550919594243
0.313931346776511	-0.0844020189364705
0.636935583613984	-0.23279430115288
0.735156792955842	-0.247059397440884
0.825400972293526	-0.287987661234114
0.892678298706274	-0.303961142490115
0.00990956116846084	0.000624734330170587
0.39071951377644	-0.137731671731427
