-0.0294281350525845	0.333310961310062
0.0143047888724788	0.0967709506329184
0.00481593409170436	0.0626176593284733
-0.0130463009217949	0.0595816623314471
0.0920940783977078	0.23145941330288
0.0898097678690324	0.422253583497669
0.0966018375957075	0.250072963616766
-0.0111460645147927	0.0543078955608806
0.0163005931436747	0.299480852812926
0.0361900420918911	0.164351631240996
0.0681836602973742	0.348163313094614
0.0802796985573806	0.493135471337676
0.0294940015196611	0.258862047605814
-0.0214404084154703	0.121756953113463
0.0790718723935754	0.364128952263582
0.171368927389365	0.525164510986528
0.000170469685303794	0.106528868991108
0.194696111667532	0.478973727999175
0.0162089061418589	0.337759794181376
0.176586832359686	0.516916164879834
-0.0358710116264417	0.128697188750662
0.0702713841607509	0.31215682881637
-0.0122223281817476	0.195254592303055
0.0193792148538948	0.344489958166021
0.0157863792581246	0.249760799090465
0.00429369488903843	0.145318884151879
0.00249476782423335	0.296707773094405
0.0414508015049824	0.189106088533559
0.0653308491991369	0.279189890564348
0.0713801753214667	0.388989095158113
0.0410323615331931	0.224641271099491
0.170818300096459	0.498344840510818
0.0654554835695312	0.382733657598933
0.106714686917345	0.481572572361038
0.0987206368133695	0.514193381881405
-0.019313618258778	0.220710003402989
0.0836213722779006	0.367259524004917
0.0859076340590599	0.500742411049959
0.0902367387757801	0.289403930997245
0.0761882740481551	0.319984236094594
0.0543718485454678	0.200679216031996
0.155597210191716	0.408649888423641
0.0934287240487555	0.347744986503044
0.146213141092882	0.431909127041629
0.0837096798494849	0.419466639862296
-0.0539355456780286	0.156072413852753
0.0873267019056699	0.289956782239681
0.00723306067544375	0.0700967479700449
0.122138340797505	0.501124823805459
0.00644621372711903	0.268708866888811
0.170082671995885	0.506672642449357
0.0216400087106676	0.231324815345594
-0.0254712916493722	0.129778259791322
0.133928739900669	0.259438494118484
0.00856747568657104	0.249529948601439
-0.0133883516057117	0.249814148592919
-0.0220716923572195	0.276227175947528
-0.00424776347995672	0.0330582743578337
0.0987575163184071	0.153569462488689
0.0297523012175144	0.126689596577225
0.0160709883952664	0.270518675130005
0.0688544457900119	0.39323344674754
0.122361532619396	0.420963121846019
0.0915577681943916	0.403775261796395
0.00879297566173553	0.147262033303003
0.108870140592787	0.484501440109652
0.0882435032526343	0.264619534233269
0.141419205946391	0.338860994706712
0.0624874074328101	0.287551359676636
0.070281780198209	0.23955417526345
0.014128293465072	0.23752620593668
0.0458391361366426	0.213161028973993
0.136234431825405	0.42816539112699
0.0175166331012039	0.0567532470515465
0.0319960236728615	0.164032689967717
0.0602475707740741	0.488779579817572
-0.002743489101071	0.0493137694393883
0.101155112897033	0.248189378685788
0.0684282059794757	0.202207244010806
0.0537814320131959	0.514265605247201
0.049090616408485	0.163641480986845
0.0938218991189781	0.284198697536709
0.00311066055633716	0.046139954354524
0.138063156518378	0.172327216390984
0.134395162130221	0.509980904529781
0.102008517160414	0.529900821970415
0.0351370347213992	0.244994285361753
0.0887927282929504	0.182973080362517
0.066438868550615	0.350427749123225
0.0173853761256969	0.0840534910536518
0.104792054492541	0.544963781505091
0.0999017121099246	0.496796788362691
0.170412095621155	0.480285799891923
0.154410927185611	0.544214696181279
0.139437584870504	0.279850282093304
0.131970546834482	0.534648268540842
0.0863058394333403	0.539449514341748
0.028667978944498	0.0839164161585139
0.19367162033761	0.506060018495715
0.129305486450026	0.530026476343189
