2.83975977196623	-2.62234170656529
0.334612586135136	-0.32889397454485
1.92798067970153	-1.86637849269343
1.86792397507521	-1.74565347374333
1.03902484485077	-1.01317090532027
2.07982429887736	-1.9542122354793
2.04307499026415	-1.92463861458639
0.940603950285264	-0.964284345902081
2.44458823243792	-2.26691716953743
1.07418067262822	-1.09402646774378
2.61668494673474	-2.498465441042
2.16737135669164	-2.07045815005512
2.38096174998132	-2.2685843567993
1.32510841847221	-1.28049929132638
2.87703703050091	-2.71464210122237
0.648444732589338	-0.654926302799487
1.26609864221223	-1.21597583032327
1.81253239033502	-1.69817262908956
1.49752798903895	-1.46373092595708
3.08498835255514	-2.9270441766235
0.812481575987575	-0.772627740982895
0.14708973376216	-0.147873460446996
2.69406564243102	-2.5334863815131
1.72413369922138	-1.62080408405733
0.406622638200988	-0.405162320156758
0.286851994745071	-0.302249307386541
0.499202824607301	-0.493612778849708
2.27946565074277	-2.10968388229686
2.13642634035247	-1.93248171546937
2.90354787064957	-2.76481034928485
2.09621455662694	-2.00959411781396
2.80544379729005	-2.65718998283099
0.605861409245187	-0.638576815647235
2.70759569264306	-2.5624892243508
2.23211083790947	-2.07377380995871
1.97804038598297	-1.87863169180169
2.39574423025252	-2.32269819396537
2.26183148304057	-2.15213053527833
1.8290262461899	-1.67606064284637
1.40946353412292	-1.33391365566442
0.381178727077605	-0.37961773282484
0.993802767704267	-0.960093252431863
1.45246958751877	-1.36823103442906
3.07210745763883	-2.92148042279394
2.97950421761217	-2.8124059590155
0.442118173079204	-0.484673013685197
0.833152456151496	-0.868833116152069
2.1339579491107	-2.06579743461422
1.80805810322699	-1.72042644208177
2.3922771116427	-2.24479105939964
0.986824329521408	-0.928137060398041
2.78493722792477	-2.65333823414083
0.479585746662225	-0.484508778256756
1.80731209567488	-1.69100103483837
2.56136476704655	-2.44711306548575
0.642421166702753	-0.639367908549347
1.80202645090928	-1.72072187966982
2.25211584535486	-2.13421663292819
2.74391275500815	-2.55280888201791
2.66408902702347	-2.55645863844239
2.69236510765563	-2.57619481375077
2.92016293847434	-2.71452500328779
1.96993185728171	-1.90088871750685
1.1274568513691	-1.04975619651346
1.36484943734641	-1.31237565734339
2.27281458257506	-2.11087288135337
1.75910828128429	-1.72312848822919
0.988741369759497	-0.961154340986038
2.92454961159098	-2.75159954188451
0.803597340647388	-0.813542002515373
0.924284344149817	-0.955493656095196
0.915036765260803	-0.998209969303622
0.749122252968657	-0.800628433167951
1.86375869299405	-1.83620739321173
1.58796288407354	-1.50418510201626
0.965982266794389	-0.996637022700241
0.2641863985254	-0.248595776859522
2.27107755812659	-2.17459709053273
2.28307343837644	-2.23177358921524
0.923765918059341	-0.911911900428239
1.79302264115229	-1.76539872092776
1.42874668728441	-1.4106017985013
2.54539545173201	-2.44842536291242
0.633688746892829	-0.593563873502447
1.25858749288369	-1.17703110856373
2.26851928376095	-2.09151150708859
0.807248673210788	-0.753622854507098
2.51978255290398	-2.41304914646201
1.8948736093548	-1.76463185458942
2.5516891835005	-2.43328218558055
1.74657929040052	-1.66787747166341
2.09764996013866	-1.97360105848859
2.35667592256078	-2.20252450978285
2.22822582694517	-2.03931493549133
2.54328973158738	-2.29692680435522
2.7577711166863	-2.62791789405561
1.53309909563232	-1.46364179059082
2.61001960741873	-2.44906851601393
2.89134339345769	-2.75846943373748
2.99197998347062	-2.86909940053778
