-63.9866192747209	64.2161997019566
-7.46395733526581	7.47394750358746
-43.3025364792177	43.3845615963285
-41.6871227027975	41.8251666215956
-22.628919669451	22.6751503380471
-47.8554697507158	47.9806406325433
-46.8283404896692	46.9487369377544
-24.5709944075299	24.5161867367785
-55.1532752932705	55.3417877418891
-25.0907315844571	25.0740601401581
-60.2843505802968	60.4051729202442
-48.4539146317519	48.5711628014209
-54.755401060793	54.8701039016782
-29.6380619562065	29.6965618198278
-65.8601956796649	66.0272206724035
-14.0425932061446	14.052150809105
-27.6561237270163	27.7275961681053
-41.2385600694264	41.3575829236744
-36.9097067729652	36.9165439265086
-70.7327271935822	70.8956083528181
-16.8767671532732	16.9420405477018
-3.41224149935868	3.41209034369635
-59.8075373657799	59.9974843226757
-39.6282399347016	39.7321558289056
-10.7929350164261	10.7770505262646
-7.25757773664769	7.23659541619935
-11.1174402485829	11.1303223759278
-48.8806566049331	49.093671417735
-48.0658171594366	48.2757659065478
-65.9360280593749	66.0895037881199
-48.7024908815219	48.7861342736238
-63.3675127002296	63.5324467954046
-14.4886411570276	14.4556555556312
-60.6708479531871	60.8383182280737
-50.3086850736677	50.4783291151673
-47.6642473018365	47.7359489982742
-56.9568853848584	57.0122244182168
-52.219248413213	52.3288497137673
-41.3670144806417	41.5247987180727
-32.1088287839402	32.1890253177413
-10.200964686548	10.1851214487879
-22.3161316740413	22.3596364725464
-34.1073686544906	34.183011020046
-70.6373298060312	70.79090779439
-68.0840682524091	68.2580097648036
-11.689078039362	11.6336475282536
-20.3269512976172	20.2840339960525
-48.7358811778825	48.8138879161731
-41.0080339287941	41.1057968235568
-55.5680978395556	55.7072062369251
-22.2706167126292	22.335049667449
-63.7430289119327	63.8816555408269
-11.4321736930531	11.4255598087585
-39.6340419914261	39.7743705869528
-58.185047387608	58.3126982925422
-15.3702496390531	15.3689666008397
-41.2631437626277	41.349509368649
-51.0420962630303	51.1709206615204
-61.797108987521	62.0018115723223
-62.2322070715218	62.3316526382888
-62.2721024185212	62.3877145616419
-66.6502041774908	66.8595766252778
-46.3118826790788	46.3720376097859
-26.1362498121023	26.2099965986719
-32.2506613016514	32.2940614661301
-52.5082413394894	52.6643644693377
-42.7235336816355	42.7363900514882
-21.6921620004969	21.7366275972221
-66.7159893822666	66.8962166882804
-17.6202635406667	17.6275511826166
-21.4840352078744	21.4583264515318
-20.8241131469713	20.7578318085978
-16.5044420127058	16.4723442887513
-42.5439402120934	42.583941538424
-35.8270296772071	35.9208497309893
-23.2446987431191	23.2095848749569
-7.08241947099924	7.08493681530188
-52.9489382462593	53.0396864300202
-52.6104990499396	52.6690589731463
-21.0566409566038	21.0756174681496
-42.7175035311034	42.7335853153229
-34.1026401579248	34.1105703468023
-59.8280888092238	59.9127841669314
-14.3523085298712	14.3959611713251
-27.6184337127927	27.7166188872563
-48.9250277312889	49.140199384924
-17.6374071042809	17.7025271669537
-58.9074164344525	59.0052383857708
-43.0802790161746	43.2151362746184
-58.237420694848	58.3645576946431
-39.9282306416626	40.0133456540245
-49.54351992327	49.6503772669878
-54.1662906380497	54.3190996291015
-47.4217696857017	47.6544462927621
-56.2327510783598	56.4987388799951
-61.6583150654057	61.8150220504635
-35.9762150097726	36.0378600519998
-58.0455961981667	58.2316376877665
-65.9778879760354	66.1208178201571
-68.5347688678748	68.6667698438307
