2.50393731855691	-2.20662659298552
2.66635774550832	-2.37210600284978
1.78078224437814	-1.55778974099555
2.80173323631456	-2.45403459647696
1.06012366041114	-1.00223100476007
1.40181914593198	-1.32813712002738
0.0483817760493469	-0.0468236563723176
1.30731769807124	-1.18728670029031
0.0527286212642854	-0.0500284784287833
2.2214396581072	-1.91927472544512
0.337363650944562	-0.338761664986286
1.11813718935133	-1.08914354300045
2.84062262898962	-2.45179542690292
1.08584805051891	-0.814536517304122
0.123719521558771	-0.0906510315896293
0.557964703325886	-0.617390885510729
1.80911701602416	-1.47647432231962
2.43375815976982	-2.10253472284825
1.97967671608303	-1.59083187966517
2.66019982337321	-2.36724531043207
0.571729347097024	-0.524471462062161
2.53145346698177	-2.18108450655297
0.253981114551439	-0.241368133968955
2.32989647460114	-2.0224365227092
2.18091529331656	-1.81100250105162
2.81821333146533	-2.45635084939044
1.94402153155863	-1.59251549816942
0.476872983995848	-0.386880258590648
2.36871178296973	-2.04591268917268
0.744822965225203	-0.753268408378333
2.48122955360398	-2.12733451647254
0.257538240961329	-0.279883785694077
2.71187849802089	-2.40125859538382
1.12870405170688	-1.06879032682445
1.49399894770978	-1.20668573809502
2.0880578863732	-1.82477712322733
0.587192248035582	-0.494160322970225
2.69359480547623	-2.34685702404936
2.66487123877758	-2.32156210466568
2.62637576351962	-2.19736557329688
1.80840453693064	-1.55542346429975
0.15103137440256	-0.135450029877455
0.334649962482499	-0.298815345865074
2.77549371087795	-2.45597162267292
2.35658454244678	-2.04194228545559
2.40550877406766	-2.05199444451133
2.70136330688768	-2.31150369636797
0.365953023511523	-0.356881901093775
0.34444978531787	-0.336017240879229
0.755422131221505	-0.73994604509346
2.62838814231598	-2.33151860411259
2.8184503280651	-2.43578303153377
2.85517509074792	-2.52153360067457
0.572587439396881	-0.532713199332351
2.79908336616039	-2.47239805390616
2.68868280032763	-2.33878471787061
0.759307331562738	-0.679060818030666
0.715067215507629	-0.584883103600907
1.55282846703522	-1.18617337548911
2.30786522442846	-1.959095546682
1.47467494094668	-1.27204372044129
1.40472939901131	-1.20154844734994
0.0744006266071709	-0.0632122979185819
0.64854986851633	-0.595829413710172
1.31393060160473	-1.1299224588553
2.77403907394245	-2.40220700340509
0.526382041949264	-0.462011527197624
0.0841664296193817	-0.0729387008571717
2.38588955628525	-2.12417994078702
2.1041483708776	-1.73311584128723
2.1280876612611	-1.78701250424593
0.26986776812172	-0.272640477452561
2.72036771291264	-2.35084788551381
0.659390290897113	-0.641623149908422
0.162295938197796	-0.144109657348294
1.94838287061208	-1.73702408363065
0.480155799999295	-0.47081883448536
2.59691465519319	-2.28209555410978
2.41348042708496	-2.12456929925397
2.02466727803231	-1.72611285048083
0.144044405815776	-0.154980693355602
1.36928020236114	-1.38050095903499
1.99147968674526	-1.75453843004404
0.511094106504716	-0.519865605015531
2.30004972689351	-1.94788815878615
2.38275331669733	-2.09891030844836
2.53727826100438	-2.17474417125818
2.59746951793783	-2.22391065956931
2.74376728400917	-2.35783950988397
0.0874170481125465	-0.0714711351454358
0.246468233016944	-0.227822942811824
0.424707149388232	-0.405314744470108
2.23957169319836	-1.94797451383264
0.399946451983051	-0.305510616802042
1.52008361478386	-1.18230557797702
2.15814225303669	-1.87959845604173
2.30826265189439	-1.96184443049248
0.491431521317986	-0.535282779361834
0.386711434154068	-0.42971962063948
0.0393746271040688	-0.0374441118399465
