-0.164459611157355	0.193388944211588
-0.0545945847445477	0.0607713799483167
-1.51908942476362	1.6905697350651
-0.665729722014819	0.704726338928772
-3.07885290454965	3.29789520730121
-0.0758189231017771	0.0751919991802753
-3.26862444431166	3.52641539154628
-3.35476172004784	3.58572564511134
-0.0645238845187121	0.0706356651197668
-3.24543062206763	3.51026559274859
-0.198645825890283	0.198933137518313
-2.84840922443466	3.05042691074498
-3.23560570955688	3.46719026333076
-3.16059841351499	3.40358548963035
-0.459988701207049	0.444316653306277
-3.16703759704704	3.3749847911616
-3.18972510154	3.39736689121517
-3.28696917098141	3.5254160931902
-0.126673269020961	0.133413684139416
-3.3330853474539	3.55391913766107
-3.07190624978317	3.22577186283963
-0.320955467214645	0.339584780290725
-2.91905672154404	3.13807545367798
-3.28052400474152	3.52427775236905
-0.169741903737267	0.188110354724427
-0.0446577944893147	0.0509484378330707
-2.48855760920428	2.64271155925789
-2.99810748052401	3.24444670238046
-0.121119740177328	0.130819402507386
-0.886833505631494	0.79170411777752
-2.47808599020471	2.75606445146969
-3.37874464331426	3.58078015126624
-0.246155337156985	0.266360911616038
-3.36665483194539	3.59203527453991
-2.97614095531938	3.25495099112758
-0.583504754361164	0.568936153738987
-0.316552016207613	0.321791238015795
-2.99832940304211	3.27772784006913
-3.06793162608814	3.28902237355742
-3.14736241843238	3.38935932321528
-3.07172017384887	3.31148881830834
-3.14777199908483	3.37182348669499
-2.55712023114671	2.78516371925696
-2.13271215432952	2.27902215928605
-3.192860977013	3.43543661187317
-3.24261483896506	3.48226175704856
-2.6662668828929	2.85653623634469
-2.92936257825079	3.19262991277581
-2.77701112840117	3.06847312694954
-2.92339545293134	3.21610658972446
-1.43803244897561	1.4224189368969
-0.306865917469469	0.287110497933321
-3.13006281152565	3.40250082155109
-3.05299939973063	3.31510860130141
-1.52329745983406	1.45731849225646
-0.82355700412912	0.820660678430432
-1.68688313388792	1.77783505528034
-1.18095462506707	1.31769313122239
-1.33777280601077	1.43309184191266
-0.883173153099091	0.89716458642557
-0.438712726351675	0.513579663615723
-2.46102060699685	2.52434331388733
-1.8697060587315	2.14261829407344
-2.81858150690411	2.99022158007168
-2.06380470250287	2.03654947433099
-1.74799225532997	1.6773465948957
-0.265335152445923	0.308321660419794
-0.984037289488138	1.19881149994549
-3.34891545796054	3.54660236922102
-2.7316554063312	2.86066325046384
-0.0453289518087341	0.0529351798014911
-0.118717787632318	0.133872567198545
-0.0923131596832992	0.102485428675528
-3.28270036500315	3.5123868407515
-3.40632666447681	3.60947168490184
-3.2106763777089	3.47307244228027
-0.652676983293807	0.68838438625996
-0.159778172320721	0.176738446808046
-2.55456490110878	2.75550972045699
-2.89812387675549	3.22275958880639
-0.0946582451547291	0.0871878041210979
-0.521250659498302	0.490180275607829
-2.57173547798476	2.84966177443746
-0.580167105085924	0.528533991543261
-3.28953518959365	3.50902532226673
-3.21176659976993	3.44808639060699
-3.04047541052781	3.26711910161538
-2.53504817213929	2.7643535687049
-1.84924406886965	2.10807157018058
-0.392782726636751	0.342040453529293
-0.636439251517724	0.642049220746865
-2.38891140272039	2.57298290736771
-2.81446407171672	3.03916329062383
-1.30437452233636	1.37957247622512
-3.39384111619582	3.58928919628175
-3.37936046703635	3.60387795460463
-0.549044190164243	0.532339893165103
-2.90739142031115	3.14872102870675
-2.58838816683726	2.85411400369303
-0.389028438888947	0.41977588063904
