4.49849033781678	-4.50168997925952
9.63280603842467	-9.57954060762482
15.3151617846636	-15.1285414651169
9.38524817988026	-9.31707253768903
14.8770641809195	-14.6399921195761
2.19133456737942	-2.22332901005385
16.3189825671139	-16.0104005754994
10.7048437885907	-10.5572434719269
1.0874457074697	-1.0904211437048
11.6218158725341	-11.4421548092583
1.14992249315993	-1.1665058257572
9.95755768115923	-9.84813798831203
1.58279369197044	-1.61029819898981
1.99153459214465	-2.03072820715151
1.86953667637638	-1.92352591444443
3.77656977539376	-3.74559294976616
12.5088499610644	-12.4293289942816
13.6282495058535	-13.430961538198
2.11746607801692	-2.13065529940955
0.684325262703868	-0.706951269792257
7.30656403443747	-7.43137537380306
8.28390032659427	-8.29610485840235
4.88578235490382	-4.90907223219365
6.91441714339104	-6.99450452301929
4.54473334598595	-4.54898548944143
14.7139360417511	-14.4532409166623
11.9027399721412	-11.6847425941991
8.37148982926198	-8.26920922083736
5.49246890539369	-5.48054016566666
12.240529987609	-12.0320252656906
6.46796103490866	-6.39278004826421
0.968074257473949	-0.979452778458169
6.34968261388689	-6.3110797811378
4.36517433736012	-4.3645426028318
17.7289944163745	-17.4987262447388
13.9140872497693	-13.6464358305108
14.0810236270582	-13.7317265277203
2.3642367768454	-2.32631302390584
2.46635646022775	-2.46078527031561
15.0336635537098	-14.7900812490884
2.73228259512855	-2.72951877191512
16.3009454538515	-16.0724485946446
17.0310475219046	-16.8157112509433
14.2180853662302	-13.9988355199198
17.4148939301953	-17.2426330159412
11.8266386987483	-11.5488699731349
14.2659990649612	-13.953724854086
13.6517144037163	-13.3806131853491
10.3505850361145	-10.2286393620057
7.44479329766157	-7.43954618783284
12.1267803723817	-11.7572541696463
16.1888405000923	-15.9297553205395
5.64030125800892	-5.32393139331139
5.00108512713265	-4.905129218089
15.6584303479399	-15.5019114697882
12.4718677256706	-12.4409224248777
12.7901309966001	-12.8199789156879
8.57404903318664	-8.50095498751714
2.96223150068338	-2.95800441126716
6.06837123387818	-5.96536405707288
0.507587584842396	-0.509332051683915
7.77363026939646	-7.72430936569735
17.3428519570929	-17.1032199888518
12.5624793557917	-12.4137499331061
12.4939841086948	-12.2605798940032
8.42674040602413	-8.37498494517704
11.2605277844136	-11.1515176600266
11.6353983441493	-11.4700304306981
12.4048790577739	-12.1974960218778
0.944173770969928	-0.962625219072885
4.75868857310995	-4.73118173673029
2.13755191886711	-2.19987590532199
1.91469371867917	-1.94482787376679
4.2463656803305	-4.32514274914565
10.8512579313497	-10.731805061801
13.8854141324149	-13.5645988261236
2.77532097081176	-2.82684032024489
2.20371902666279	-2.16282284353229
3.26795177955007	-3.22087346053152
0.626775248861831	-0.621675183428586
8.73640612685113	-8.54629938255392
4.94178410537758	-4.95357484377214
14.2195758577855	-13.9794326311079
6.74561563250951	-6.70290029906459
14.1794821172194	-13.9346000718777
3.27607680771534	-3.17786801358693
2.99743677256666	-2.94068094281336
4.27569907907958	-4.25747457050442
2.84228360707806	-2.89477284563411
15.0316478880892	-14.7731046295547
15.4589058850114	-15.1818842304782
11.0799150547957	-10.8808527126957
13.6346693598952	-13.3291700674176
9.508992116101	-9.29187620680356
12.5742822417005	-12.3440135048857
14.0294538921589	-13.8027190206766
6.46614056181729	-6.40695601153902
14.3133196575105	-14.0766610874659
13.8191080615483	-13.5449557805902
13.8371685619648	-13.5274447691404
