0.222812099261498	0.214661149530427
0.153857929643333	0.165943973527301
0.402774154497377	0.320657280863524
0.277510878189882	0.202715640835604
0.0875453277758395	0.103583618710966
0.414897950730961	0.334883620265971
0.335106884732138	0.346601089978279
0.274164783988483	0.28293467371829
0.388629320575565	0.221390227880322
0.182693246443164	0.158629785116994
0.220163329064743	0.15184252030507
0.143159691014125	0.104733258532095
0.152226060646322	0.092357799134603
0.200414377297988	0.172652729792738
0.131039350914675	0.121180699018131
0.169252451666177	0.0978555068816941
0.372713798050703	0.250813402401273
0.190290578751597	0.176624446950163
0.236672675598306	0.261970190366065
0.282089735277257	0.212263779491072
0.147543925670409	0.131086874183598
0.193664492676192	0.122149748696108
0.297178869621308	0.20898920221219
0.266446179640532	0.254454068048374
0.378816439059426	0.297730764560495
0.377878974660553	0.334141207217663
0.210193360881091	0.230308070845874
0.323229968780388	0.243718808816566
0.0892089418219898	0.080561842223331
0.0269985787423272	0.0435872928127177
0.209133737016324	0.206997722695506
0.249558329366124	0.173175797418996
0.439445419070862	0.326758100235314
0.200735742373548	0.158545743869609
0.155457111883977	0.121445896362903
0.190750587023746	0.0534608118535264
0.396460969326075	0.296238470096078
0.0408883562475736	-0.0112595398884347
0.412376205091	0.380705816164299
0.181531370957942	0.123483515863646
0.418392337260036	0.247525662920565
0.0858305210510898	0.0788129249314894
0.349044334096196	0.242106876049586
0.0246417507727994	0.016198746308565
0.0871407916677012	0.0823884443018481
0.380349049008313	0.258020217968515
0.176711106705102	0.250468549319808
0.138387356750649	0.106530751412439
0.305972697737921	0.261233609203733
0.331284213474519	0.24868013577536
0.134743380293884	0.121464075513976
0.347850187004161	0.284902237364162
0.287458908552252	0.246032338741325
0.271688058742895	0.359491054217855
0.358145973488712	0.239735476948913
0.346436640980755	0.245600151971635
0.139192141944986	0.084409127320228
0.0627323448165982	0.0561408152422571
0.033796757164499	0.0258036479641157
0.409073598978829	0.345666537973825
0.0641489113602598	0.0627399929588155
0.0853648008467491	0.0577065716287372
0.209961458638284	0.10385287191394
0.302832521110897	0.276737400735622
0.157420704023844	0.13104654317733
0.332391892227319	0.271316119841288
0.0468841215107179	0.0495375384380517
0.0411112770578002	0.0113517572947499
0.180432612532527	0.111821970287807
0.0578766760240758	0.0623166071291816
0.43143482293938	0.39487296886041
0.207342143780764	0.197924747557153
0.145567774855224	0.128095967060417
0.0265868016155492	0.0125988812760848
0.275342905232012	0.25076756390536
0.0346627443005602	0.00996036254121238
0.394806321671266	0.308400924611599
0.302580263834619	0.2873418334982
0.160417932298604	0.141350016436034
0.19915980369016	0.105105853940686
0.28000967446018	0.215617067625298
0.197818733127183	0.193670710513441
0.423967601350663	0.304290110821007
0.0361794388944857	0.0483391434329995
0.260229692069497	0.355438696129982
0.261921736632639	0.317545150646191
0.0637300798805693	0.130380640836553
0.366456180943064	0.298154535265087
0.108753364505564	0.070116933590387
0.400951425376099	0.355717019241877
0.394045118676763	0.268313860276328
0.432723686119698	0.308565900944715
0.0346960427360204	0.0314514745263137
0.314585869668781	0.257458552030605
0.0500274270414594	0.0364572922295065
0.338268323833773	0.328256653093688
0.288271838360514	0.179777323326495
0.422408170551412	0.30825080822478
0.0185971213024976	0.000565348307971878
0.395771694495346	0.278938421691989
