-1.61845229244789	1.95373681321146
-0.306637320997359	0.333023501274592
-1.25336804754827	1.44363999820783
-0.976458221432676	1.13951843295473
-0.725199666136693	0.793265434438825
-1.41282309597836	1.61990043300529
-1.37117067519741	1.60167369830898
-0.433689725480829	0.431638426246352
-1.4751744083287	1.75821983382825
-0.874024605796749	0.89862264602055
-1.67704918198332	1.93607848573527
-1.27950153072513	1.49329337947842
-1.35983332519798	1.57447204046962
-0.935765285598998	1.11238993889866
-1.80289545665889	2.10345485540112
-0.543516057110422	0.60737531648608
-0.955884820190657	1.08244313016205
-1.14007832962743	1.35474008300344
-0.637128198972553	0.776397857008336
-1.87202751265818	2.21318789687098
-0.66884545331694	0.698850329808609
-0.390486159441033	0.477451249028355
-1.8966706159532	2.19458640410205
-1.14017335887414	1.33891926829032
-0.353887705233287	0.446379872767863
-0.228945081272167	0.229255651361039
-0.424340643404446	0.443520642167034
-1.72963680876368	2.0436947863513
-1.5060375572305	1.76408757497255
-1.77944031283632	2.06002624281715
-1.30762045723352	1.52329189548847
-1.76242794045081	2.03558278590865
-0.281286641265827	0.320166938464055
-1.75451433821869	2.05241248365856
-1.36490734657871	1.6097293909183
-0.926590918206524	1.12010411765073
-1.37181206599201	1.56588392053513
-1.43411156928219	1.65506175708119
-1.11246234713713	1.30488989113347
-0.860149670530009	0.984358873743153
-0.294012925597565	0.350278158887308
-0.837525885945592	0.911313586546131
-0.92687523800166	1.04425611308759
-1.91906066915764	2.21474875396362
-1.91130053607164	2.21533746612156
-0.0345690800599269	0.0371026373300799
-0.407341471086427	0.448243844036592
-1.45097377715419	1.63403720247858
-1.11010098861936	1.29177338067208
-1.18755324234088	1.38646765638873
-0.73526579792635	0.836304052698683
-1.87443514076916	2.15929182804904
-0.527226674496132	0.528559701118713
-1.05144039546786	1.29467448951671
-1.62097337956451	1.8614015706981
-0.463973879402429	0.511178966415676
-1.12696577016386	1.29751780413327
-1.43485329892726	1.69521378264752
-1.76681573609285	2.06987688388512
-1.63945343733706	1.9009892649581
-1.62309204901754	1.86724574389566
-1.92965902101823	2.22652017884719
-1.07002114834913	1.22736326425606
-0.758799340065665	0.871485869405078
-0.894720847751243	1.00693254460667
-1.54916658122747	1.82566115028951
-0.685975586279624	0.872635675611216
-0.600773751842315	0.690273611412231
-1.87094160904371	2.19726462386083
-0.524426553793726	0.598875914157983
-0.556813026744455	0.623655131105612
-0.505904173691227	0.533432507795153
-0.460201863766643	0.493256293289403
-0.871979661703751	1.04500113054503
-1.00729030099893	1.15042968921516
-0.565377605484661	0.625836013686466
-0.186996365806917	0.246006464080434
-1.53280867284414	1.72675243049382
-1.24974493369713	1.44824721005073
-0.993619107969104	0.999420024796905
-0.964475338212692	1.13833306862516
-0.944780623791006	1.05600704267636
-1.47250918047945	1.71591667317844
-0.457214227127284	0.602031359054778
-0.727373559358318	0.853695657866855
-1.59377129263265	1.91295751851918
-0.647855145020645	0.72311312277594
-1.26492087939271	1.53255144232093
-0.808942343701241	1.09476717245794
-1.2493053415076	1.48019181642942
-1.36877016296899	1.4987648300058
-1.4500755278192	1.65205315060657
-1.38800692336671	1.63069558938053
-1.625461859457	1.88658915255277
-1.87732223221004	2.1762230241257
-1.77238501842377	2.05323119139411
-0.99208061161487	1.15551604725798
-1.86039581718029	2.11979619576728
-1.90835282433146	2.200450370012
-1.49866851580331	1.73725251976595
