-12.0365320770814	12.4694970025617
-1.23520855043851	1.28625819279774
-7.01468488162603	7.33537309669921
-8.18243341332443	8.52195536294207
-4.24703939049375	4.4196838717448
-8.28607011736304	8.58041215681351
-8.84373273654691	9.20673861766051
-3.40312588193619	3.45710684094809
-9.04657203574892	9.46814083030103
-2.94011330934098	3.14215840372753
-8.79875020438686	9.15433737154601
-6.65917681817493	7.07505221100748
-7.82960469775225	8.22538753751934
-3.89198940062888	4.15368928445421
-10.3753069292663	10.8327342996195
-3.02166042628823	3.12964480578051
-4.29530621592544	4.55412672470656
-8.06223197445488	8.35682071059079
-5.4617027343522	5.6329638096456
-11.6384681718296	12.157348952873
-2.86713334640129	3.04196626463166
-0.524453685754292	0.548603419346065
-11.5472267392283	11.9810118845042
-7.53274895099522	7.78073315230731
-2.35276110424683	2.38611279806221
-1.207919974961	1.23683814895848
-2.16170354337835	2.25413839189059
-11.2758597195427	11.7314772113493
-9.95762679363519	10.3427698583352
-10.2355451665276	10.6466078247371
-8.69317786882386	8.98918935007142
-9.91161011365435	10.3669725850595
-1.99190018289558	2.03316868214647
-10.7595379120401	11.2142871018817
-8.2445568926617	8.64502366300251
-7.19132641534253	7.41867531202526
-9.40732396104939	9.67369186066489
-8.47531853626389	8.81493293947645
-8.41219059743273	8.69251255849109
-4.68128481158553	4.92461487671333
-1.59809481594313	1.63634346009429
-3.39251647926598	3.59888304518387
-5.97211907037526	6.11073075082125
-12.4397226954269	12.8695465663483
-12.5755975818998	13.032643073737
-0.935661575464036	0.946594181630074
-2.91199552201353	3.00597020106276
-8.57257746761366	8.90283970685521
-6.69079240809391	7.00997603743931
-9.14761731582874	9.4465717143115
-5.62508242606729	5.76216759107906
-9.19455225613001	9.66272987930124
-2.171642255342	2.20351620418963
-6.32813229846295	6.64667174715951
-10.2195002686171	10.5927736762205
-2.36907605891951	2.47403344499132
-7.65733695460579	7.90001843511552
-9.49176440603178	9.87337326010161
-12.6772786526163	13.0426391851996
-9.98493615116707	10.4193114867334
-9.97039781760926	10.3652338794492
-12.2880196139232	12.7538879203392
-7.38291420644849	7.66469628359832
-4.63596124407141	4.77997993258445
-5.84582285474142	6.01687290185365
-9.96823575711347	10.3316852531895
-4.86772068140758	5.06604557582961
-3.20094162936528	3.34705436101118
-11.5661363010689	12.0596042419608
-1.9889435832922	2.11444161332247
-3.23781957667928	3.36137397578886
-1.96068220222392	2.07138396750109
-1.96395330203107	2.05869027447184
-5.06598948396992	5.36684688662297
-7.18679704960079	7.41600137935079
-3.69232238280661	3.80211282739673
-1.75910856583337	1.77310773648935
-10.5802863295584	10.9208812977253
-5.77947586599987	6.18106394949636
-7.28258208436847	7.34705232363947
-7.24755230812751	7.45880854192199
-6.10472750948516	6.24438306832835
-10.0943993673696	10.4385010023928
-3.20050014566362	3.29592484551578
-4.23949485947407	4.50659734328235
-9.83672360112728	10.3128559054752
-2.89289488175538	3.0500842546035
-9.04862595795307	9.44632716696299
-5.0688775920227	5.46823349659219
-7.95095298601407	8.39608602521557
-8.03286439272965	8.25857065426818
-8.3228272816701	8.57965665076324
-9.86780588824334	10.2206226248021
-10.4866603181041	10.9857252305856
-11.2319628531594	11.6590495272075
-11.1386454829946	11.5914109002473
-6.49939040475709	6.68757921526477
-9.73474400944996	10.1579307386729
-12.3250196971403	12.7211800463258
-9.63412786265231	10.0720376573199
