1.50548670170207	-1.24090946999413
1.54712512629829	-1.20041900396322
1.13888139808604	-0.945165154772809
1.66523659769467	-1.36360736422688
0.573917761997769	-0.46688561581281
0.720452469190994	-0.593658681344132
0.0233668842748692	-0.0218968049312
0.73531479190722	-0.642453220705214
0.0382850260023992	-0.0336333928313691
1.3350819823961	-1.13475450077984
0.424625715134573	-0.331673765814564
0.386391522095679	-0.293775619214884
1.73744847224382	-1.44043300159865
1.1140141869067	-0.854486821576743
0.140630378989364	-0.112052581220192
0.10895147993142	-0.1227708569841
1.39260679245769	-1.15287622878208
1.55362768448028	-1.31787802782139
1.41272641730615	-1.16586037627121
1.45667168269805	-1.18779855212139
0.331272184099572	-0.296457692183513
1.4848931000489	-1.19864797512033
0.21174981105455	-0.214264882665592
1.39557858873739	-1.11872882559328
1.3792428330118	-1.17049852078302
1.61439894039672	-1.25970873510002
1.68657192075445	-1.41308126868091
0.436292758977568	-0.408783881372322
1.51994527875048	-1.24544679283165
0.508315088920104	-0.430072050507515
1.36836869425363	-1.02818027361927
0.11712203965461	-0.145176275945262
1.62071698031946	-1.3519199010604
0.56602971729726	-0.410514092285787
0.97868482247419	-0.79806259455317
1.27351991373715	-1.00518366829738
0.394661227215815	-0.378440476020464
1.59459439679789	-1.33621154425297
1.63714921091643	-1.35208076458051
1.41633251071255	-1.19140483854521
1.26241555909769	-1.0194546046122
0.0848281810400602	-0.078305026706801
0.211322491186752	-0.191821956409651
1.54317769769721	-1.22806878286856
1.57568289333108	-1.29019190936981
1.67091154854399	-1.38393009002843
1.68853429486457	-1.38068655779064
0.262600969827841	-0.190791163863718
0.386788962119224	-0.402081200022239
0.50403471447037	-0.531683405137312
1.58799418975488	-1.29019341672125
1.7065876306568	-1.39437317834033
1.72201145257373	-1.42483851524284
0.761527011559347	-0.732346374631773
1.70544560222388	-1.40054132612045
1.67065142557743	-1.33623974007713
0.411509214062628	-0.358649310014011
0.476459022940337	-0.356777390459483
1.02870069998996	-0.825808132092475
1.44485248263564	-1.19917579119229
0.940403800074421	-0.774307488086497
0.883432908127578	-0.722216376360657
0.0671787685624983	-0.0643091838567377
0.344035713216458	-0.283282955944829
0.973507929632569	-0.759837983887856
1.72595058698189	-1.39571028980913
0.347276030740767	-0.290993477564091
0.0941449360780729	-0.106207625588883
1.3609201789985	-1.08125934998748
1.3623509070916	-0.980445467494901
1.45347461944758	-1.21241626868946
0.238717393762836	-0.171953349254055
1.64548161110045	-1.35255696117513
0.320352506782346	-0.293607166185895
0.0840225713735341	-0.0697543749330827
1.02776574811452	-0.854453458774659
0.346992178880913	-0.22275861499967
1.64281691209174	-1.35969271268686
1.5258691723076	-1.25902511065004
1.57223154425899	-1.32252421149933
0.18632613292375	-0.187008007098995
0.854440907884493	-0.791770899348673
1.13364437815322	-0.950744274050346
0.402461911316684	-0.323080517892115
1.56594137837241	-1.33057293586953
1.53087057291864	-1.32380952464325
1.52389328682948	-1.27799333548733
1.51876874870661	-1.25498233749152
1.7207121946318	-1.43802426226655
0.0497311570885654	-0.0414929615005079
0.119775126852181	-0.110662019069618
0.107583738144777	-0.0840056597873583
1.36116932621737	-1.11923930284289
0.339451806286899	-0.287695468786962
0.662162936435077	-0.395008579838596
1.20669252439766	-0.926875005158765
1.71449595530524	-1.40480140793201
0.22776772119473	-0.252120069931806
0.298129013397615	-0.339459471841206
0.0197554281928237	-0.0134502688273955
