0.821796594620583	-0.703631810711027
1.49069445601425	-1.32346115498237
2.84137468935393	-2.43351925623775
1.74935853365557	-1.37410615109107
3.05003732650442	-2.47810975748726
0.211322324312001	-0.172802405189916
3.03136145985861	-2.47921839140413
2.21815097957279	-1.87586563400932
0.446157855714362	-0.435235918993391
1.82418599028087	-1.40844058699382
0.0729705651648417	-0.0607548753418078
1.68512302463697	-1.3725397953509
0.127134111158915	-0.102754324707809
0.420397233717703	-0.413157637492726
0.123811176103083	-0.122506925459647
1.04623443954322	-0.952131050217158
2.62027788298752	-2.34549407059676
2.9538478793527	-2.53654842235754
0.335013826063884	-0.273400572955012
0.118881525931508	-0.128608895218731
0.967114961809337	-0.944790546140532
1.18909761293694	-1.04904315676812
0.478772952857342	-0.406634558814708
0.686467717254044	-0.614339322362972
0.632784074856136	-0.537000682052767
3.0221740801285	-2.51187671462657
2.39152957458612	-2.03639062342173
1.47929452705534	-1.1888375151574
0.943344642759404	-0.774851725074764
2.3686743303111	-1.95520919541516
1.14932440663927	-0.986350060479524
0.0935560236288246	-0.0704839736214372
0.861041937698328	-0.649703840281529
0.619441496575675	-0.534330859708772
3.18844494549259	-2.57486758301371
3.02791066676193	-2.40702751395752
3.09508542646308	-2.41737333922172
0.452258697823432	-0.360894008110005
1.0057114897276	-0.967958771434656
2.38603979985644	-1.81072450573336
1.23733790962045	-1.24113920520733
2.53076333829008	-2.04973973850955
2.33911743510591	-1.73984110458339
2.32538160828099	-1.88609305818258
2.79442367973411	-2.24229601706186
2.92564847759356	-2.37547356610661
3.03182656303277	-2.49932161869236
3.06945601006895	-2.57648303915711
1.79946541323777	-1.44093369410778
1.01738210073796	-0.880717051092351
2.69125715271309	-2.18230637102334
3.14106636812267	-2.59577123667808
1.98880087953771	-1.6438663566661
1.04710392224212	-0.801605982837161
2.7536950765867	-2.30802145442431
1.65814264020598	-1.42776740616996
1.42633215916319	-1.19190650475486
1.57233054080126	-1.39580627506335
0.564243793227513	-0.499579005095915
1.19452637204206	-0.99187978827829
0.132867845708603	-0.12796066260266
1.37132839157074	-1.13762921428523
2.85521656403801	-2.23164222001238
2.01446652519304	-1.54247193980692
2.05690298236116	-1.5587049231734
1.71005290078417	-1.44949579206341
2.05822088853311	-1.76165519359585
2.21893607447519	-1.84414140830721
2.3992722374619	-2.01019166206827
0.0857553046598623	-0.065711660507721
0.714876936585733	-0.529168417703947
0.0923401022536061	-0.0695691403369524
0.174610640714799	-0.132239845066868
0.437460734725017	-0.396980194369206
1.62887646149601	-1.27510654432376
2.66225404237811	-2.14321989969725
0.729992650941755	-0.73921160666937
0.507940343230756	-0.408639498273254
0.896404473610762	-0.804799659378451
0.198516920584695	-0.172700835433521
2.07769236477171	-1.77613173001635
0.589518980302301	-0.503079373882688
2.79297650893895	-2.23089251103592
0.903427396611708	-0.782696912356564
2.67184075606749	-2.22368851273682
0.794223028110094	-0.667856793989302
0.675021101574838	-0.527722243238585
0.839863357533075	-0.777321754399891
0.631360847090634	-0.59665547266998
2.63223209738234	-2.07836294785376
3.07152405291801	-2.50374879003081
2.36837751547306	-1.96726972311943
2.6271040173787	-2.09160428167866
1.71090882366572	-1.26314879843365
1.94230412695801	-1.49187392032655
2.74045868573342	-2.21402474382968
1.23513093189352	-1.00639213072306
3.02133635032498	-2.50608883345383
2.72908696871036	-2.24729380893541
2.61674641101909	-2.03801668741375
