257,8980,3164,1478,1116,2147,904,4310,6510,8184,3065,3259,5617,5618,3336,1949,6617,735,455,1151,719,4603,5782,1018,551,7681,6671,4165,364,6856,6740,5664,5833,2986,2613,7828,6408,2150,6299,6822,5211,6169,6444,4716,3478,5931,6354,9506,3264,4073,3495,6338,6151,7506,6635,6230,7354,6644,7332,5778,6568,206,6939,4562,8139,3731,3949,4883,5363,4097,1844,6345,6493,5585,8622,1117,3055,7621,1665,1141,9820,2043,6005,6774,5971,862,6032,5697,1890,6800,2562,4592,4052,1328,3376,1707,5320,7834,3868,2465
4062,9093,9174,6224,6456,2036,8248,4753,8575,9362,3392,2063,4857,8788,4697,549,1080,701,1291,4334,5172,8146,2273,2364,42,1543,222,6043,1677,1245,4944,5589,5134,4320,7187,1532,7846,1166,8309,6015,4376,7776,6458,6723,7029,1152,7900,9507,2369,496,1092,2687,7175,4913,7636,461,4604,8952,7637,5957,2154,4611,3473,5357,8815,5174,3479,1980,1789,532,4723,3202,8062,9725,9761,4879,9803,4460,7342,2042,9821,8140,7100,6981,3543,2940,8440,6775,258,4860,4571,4138,8246,2473,2756,1311,8035,9909,6071,5712
1,9094,9175,7214,9309,5400,1005,8837,1139,9363,3482,1933,5204,8789,6949,4415,8676,867,2648,3027,1697,6950,2024,1758,138,7655,4804,4707,305,7301,8057,6287,6675,5747,3470,8252,6311,6240,3216,4311,8358,5466,8489,7731,7024,1874,7858,9508,4625,3193,1926,5126,6968,5373,7891,5709,2932,8434,3889,4449,6784,1335,3534,6785,9672,3662,4655,2334,3477,835,3507,8127,613,2503,9762,3035,926,5896,1342,3280,9822,964,6997,46,6616,5389,8874,6667,1817,4335,1143,4529,4113,2522,5244,2566,3222,9910,3920,3203
232,9095,9176,8878,9310,6736,504,8418,3881,9364,5594,1578,4472,4035,4265,2010,7578,3493,3080,4538,4553,7790,1039,8511,239,9442,1087,6901,866,9450,7104,6913,3131,5111,8759,5724,8110,7988,8310,7856,6816,4598,8137,7765,6049,901,9497,9509,3400,2813,261,3343,6252,7947,1409,4427,7409,9045,2675,2125,9669,370,4235,6560,9673,2759,7497,8817,8769,3303,4852,1280,879,4726,9763,4100,282,3529,1445,736,8971,346,4548,1853,8498,7276,5744,1150,8712,8320,4027,7499,3876,7424,1369,4558,8602,9911,2793,941
4,9096,9177,8013,5674,7502,1586,8406,1144,9365,6066,4090,4214,7430,4730,1528,8635,1802,193,966,4906,1084,1700,4858,100,7985,2251,3066,55,5861,3380,5870,3136,4120,6586,7537,2805,6064,7693,6883,7197,8385,2720,6835,5100,2848,5572,9510,4745,2963,1983,3218,6377,8151,6275,6068,1965,9046,2490,6176,5686,616,4978,3630,8620,5108,5272,2084,7663,3349,6259,7447,1266,8696,9764,4890,1602,8266,2216,2401,8869,2085,8115,1655,5999,5072,6867,5567,209,7570,4969,4140,2116,5088,788,4506,3475,9912,5034,3706
3516,8671,9178,9262,9311,698,5520,7454,8183,9366,4750,2453,3892,5097,3200,274,444,2011,4552,5553,8444,6573,31,2803,4002,1119,400,9016,6523,4564,368,7434,2144,3236,6352,1955,7954,2604,3852,6676,1629,5420,9029,5580,4633,6979,6020,9511,3057,612,462,2680,4939,4546,2548,873,734,9609,7126,1136,3971,2122,5496,3776,9674,5877,3256,6089,3117,558,7508,2128,5959,7649,8623,7528,9804,7440,7905,516,9823,6095,6840,5845,1939,4471,3032,2458,5475,7134,3546,7417,4450,3980,4270,3905,7556,9913,6322,6307
3936,9097,8987,5892,4287,2574,2100,7343,1585,9367,6324,3677,7426,1312,3451,4232,8509,214,1321,1959,543,2083,1390,4055,1595,7761,1179,8484,244,5904,6404,7909,3487,4999,4411,8148,7552,8136,1692,5115,5489,7989,9475,6547,3158,513,8330,9512,1186,1324,4992,2294,4268,7202,5658,3762,7732,7618,7964,1823,8556,3287,1906,8257,6035,6474,8478,7051,5888,1047,4683,7810,776,9726,5682,2937,801,7606,1155,855,7373,1527,4401,3645,3163,4416,8281,3221,184,8500,2332,7500,5437,5422,6520,4059,7375,9914,5734,2070
4448,9098,9179,8913,9312,3827,8920,2563,7907,7103,8421,3499,9007,8927,2275,699,2470,3294,4218,7749,6123,4261,978,6720,60,1957,8289,3421,6827,9017,8039,7910,6713,7262,7206,2501,8290,7352,9466,5169,6985,7165,8848,8329,1846,453,8433,9513,5511,124,960,1754,3742,8138,5279,487,1972,9610,848,3663,7648,242,5212,7143,9675,7333,3219,7316,4201,188,7108,7232,422,2117,9765,6549,3462,8538,727,2982,9824,1429,9885,692,8499,5118,6052,4080,416,967,1082,8064,7405,7005,6607,3285,8283,9915,5220,6788
5809,9099,8988,9263,7250,8132,6943,6114,3962,9368,3126,1669,601,819,6037,712,6966,887,120,1290,3182,2628,6576,1209,743,6641,3629,6902,1564,8580,7959,6457,2166,2757,5070,6647,7809,4907,6189,6425,3393,9026,3658,4851,6657,6634,7722,9514,1790,2830,2241,5814,8165,6402,2437,1568,7922,9047,7777,7604,6844,2996,5722,7273,1987,2953,6172,4557,1713,4092,2512,3859,5901,9727,8244,1999,2384,6449,457,307,9825,4215,6540,4877,2249,2671,5256,1967,13,5002,4375,3821,5526,1966,5067,954,6014,9916,2317,4314
4803,8571,9180,9264,9313,957,8606,6214,6148,7666,5575,3712,3430,8073,3937,1557,7562,323,382,2336,4302,4110,1034,4257,347,4822,5450,7970,2106,7312,2700,5883,2956,5419,5056,2861,8076,1727,8933,4659,3466,8125,5547,6384,4930,6392,4639,9515,3963,3583,1776,2362,5323,4363,7388,81,2133,9611,5854,6003,3996,4067,4114,4735,9676,3878,2202,5077,5082,4325,6477,4491,1988,9728,2163,1923,5566,5768,986,937,8701,4429,5949,5430,857,3555,5165,1319,283,646,1982,3589,2933,1399,4033,1705,7135,8753,6091,4424
3307,9100,9181,9265,9314,1550,6820,8217,3913,9005,149,5757,3698,9008,4074,1093,4150,1029,958,1925,3348,5561,211,6899,170,3806,5469,6440,4246,7643,8718,7080,2841,5667,3780,8428,6627,6929,5386,5871,7829,8294,9476,7124,1315,130,8254,9516,2497,260,2101,4030,4127,7963,1523,995,6613,9612,2783,2630,8957,4085,2717,8642,9677,2464,7401,1565,7239,1474,8155,1883,343,9729,9766,5455,4582,4020,2467,5448,8702,3701,9886,489,3262,5716,4488,2252,276,7806,7818,7404,7004,5423,2558,3867,8051,9917,3402,4958
1198,9101,9182,5209,9315,5599,2193,7940,6998,9369,3628,2053,7366,7789,5374,2231,9424,2161,2416,1968,3593,8531,2969,4936,166,7919,6085,1910,3109,7837,8093,7242,2111,4354,7445,8798,4290,7645,5847,2702,8292,3415,8849,7840,7460,1608,6999,9517,1908,64,1726,1619,1611,8689,2678,2921,1658,9613,3100,443,8212,792,2851,8112,9678,5597,8643,5187,4393,394,7222,7616,700,437,9767,4515,3716,8524,777,3340,9826,1560,7283,689,5436,4946,6296,4631,92,8034,5121,8065,6599,4653,5395,1652,7939,9918,2223,5907
6463,9102,9183,9266,9316,4435,3750,7983,2843,9370,3734,4744,1862,1154,4081,1138,1135,1130,225,4714,9435,7546,2118,5742,893,3586,342,1688,3102,7953,6596,7227,4013,1632,7674,5630,5458,6865,2909,7082,8058,5974,7399,6592,4776,56,2690,9518,415,1760,1297,7070,9600,7111,6041,6700,3033,9614,8315,924,3485,4658,1876,7848,9679,1234,1364,713,8363,3003,7560,4112,356,7153,6070,7852,7334,7825,7184,718,9827,2459,7966,905,5967,3413,8011,4902,2863,1917,3271,7102,8501,5124,5106,4283,8480,9919,2891,5828
2494,9103,9184,7418,9317,1803,2832,8838,4204,9371,7534,5503,7885,3266,6454,923,662,2718,769,7563,1715,8395,604,5922,15,1979,3990,5013,1201,4223,1582,9459,7582,2997,8548,1099,8565,4069,8720,4130,8464,8223,8449,7946,5186,731,9033,9519,4485,47,500,4787,5312,6212,979,440,1641,9615,5797,7072,5107,419,6355,8242,9680,6685,1659,4088,2638,101,7198,8388,4167,9730,9768,6846,4794,8497,3895,2931,9828,4586,7926,7185,6645,2922,4709,1948,1766,5046,6691,7441,9905,5416,2386,5122,8303,9920,5906,1794
2682,9104,9185,9267,7680,2256,7533,8072,1627,3038,3107,2230,4453,3651,367,5229,7195,728,1223,1051,8220,790,585,3431,765,9012,413,8513,1496,7920,4824,6028,6441,5650,8427,8161,6087,4166,7042,8164,6567,8078,7803,6938,1363,169,8466,9520,3644,1397,4226,8176,8895,7287,6770,2643,8593,9616,2187,3302,4438,3987,1889,7412,7734,4762,7231,1615,7317,1354,7629,4981,1227,9731,1416,6933,9805,6569,3643,2007,9829,4263,8002,1302,7186,2611,4135,3426,328,620,885,6461,7532,6819,2255,5022,8105,9921,5274,2915
4577,9105,9186,9268,9318,1442,6624,629,8633,8785,4137,4250,1306,2337,4256,1196,6133,4209,3397,6591,8353,7575,372,5092,5786,5515,5481,7854,1813,6994,557,6048,6007,4182,7243,5675,6976,2023,7793,4248,6682,6135,8465,1400,7049,6320,7830,9038,1479,971,4439,890,1276,7626,111,2797,37,8812,6809,5334,1847,87,3023,7168,5610,4554,2812,3399,1837,6265,2363,1163,6811,8819,9769,2262,9067,8666,8279,2174,8340,6570,9887,3919,7744,5255,5197,132,7052,5633,3965,5591,7930,3368,509,3197,6588,9922,5605,2168
7561,9106,9187,9269,9319,3576,8133,4788,8756,9372,6564,5537,2180,566,4712,221,2509,1763,748,6134,8159,4686,730,6738,534,3517,811,8733,1749,9451,205,7972,2745,4160,6335,5523,9462,3056,7523,1358,5705,2296,9030,899,7337,2582,9498,7339,1458,2544,4882,892,4725,8949,160,6787,280,9617,8435,5120,6139,1309,2397,8349,6276,3490,3110,6011,1261,5546,1671,2606,2618,9732,9059,2880,9806,6637,6429,3174,9830,8598,9888,5977,7203,2440,3930,1066,2345,7423,3298,7590,7679,6370,1504,3214,6297,9923,6281,4950
7213,9107,9188,9270,9320,5364,2419,3369,3149,9373,2866,2217,996,8757,3969,8394,9425,6545,7157,2138,9436,8122,579,4885,1974,9013,93,715,8030,8735,9019,8123,7878,5752,5857,5080,8761,8890,4581,7098,2541,3764,9477,8412,1447,110,6806,9521,1156,1960,3498,6766,6235,8618,950,4183,2738,9618,2027,316,8900,944,2620,8317,9681,1411,8520,1614,6908,4179,6714,471,293,2403,9770,8698,3807,3059,5117,3829,9831,3618,9889,1471,8190,507,6090,914,7053,7596,2619,3932,7906,1878,2399,1832,8752,9924,7265,2950
2179,9108,9189,9271,9321,2952,1950,5491,4696,9374,3010,4537,773,8928,896,2785,4623,6585,4463,5130,8609,7547,144,4699,3135,4220,651,1197,8613,9452,9456,8031,6209,6376,6273,4056,8736,7048,6088,3717,3978,5154,9478,5295,3192,80,8386,9522,1613,1176,707,5563,6798,8477,882,1187,5616,9619,3811,963,8316,562,2542,8725,9682,639,8000,1255,7389,1382,7144,2195,451,7308,9771,7703,8298,5970,7588,5376,9832,1304,9890,1088,8280,2801,4094,1174,3452,7781,1337,8103,9088,2062,3476,2571,8191,9925,4380,5001
3604,9109,9190,8305,7915,4194,8378,2895,5629,6944,548,3579,1891,2697,4806,4148,5993,467,265,2712,1943,6640,2402,1002,1765,4297,621,5578,6524,5114,8005,5751,3175,5050,6789,5267,6756,2998,8802,6931,4916,5966,7188,6853,2605,126,7293,9523,2160,3792,3223,8723,7071,2588,1275,3008,2143,9620,5765,5855,6606,2240,2789,4665,8154,2609,6004,4505,4479,77,493,1757,5925,9733,7223,5902,9807,3514,3880,540,9833,2990,8341,7075,1656,3752,5039,1061,615,4486,3228,6146,6000,3732,5443,1638,4382,9926,6608,3344
4425,9110,9191,9272,9322,4091,753,8607,8235,9375,6551,3857,526,8675,5004,2601,7609,5345,1402,1531,6618,4818,2486,2335,4530,9443,2172,2377,6729,7581,7123,7444,6748,1376,8086,6894,3994,6433,2912,6705,2667,6760,7486,6491,8722,1091,2791,9524,6337,2177,2170,1032,7879,8592,1467,1489,50,8691,7778,3554,4154,1317,3096,2834,9683,5149,1552,3403,4299,850,6305,3610,4356,3054,9772,6659,227,6665,5989,778,8703,686,9079,3472,7275,2507,7101,673,8369,5219,1058,6478,2534,5438,806,1394,7820,9927,7212,2115
1580,9111,8989,9273,8323,2158,6185,7349,2655,2852,5089,86,3719,4693,654,6489,4688,4421,1992,2807,626,3791,2999,6747,2521,2924,5839,6309,6436,8109,8083,5542,5132,1562,5715,7911,6741,3381,7119,7459,5424,7027,7658,1649,1553,2689,297,9525,3941,1180,3518,6204,4886,8619,2742,1555,1783,9621,2331,5441,7662,1189,4146,4587,8334,5136,1834,3293,7328,749,3404,6708,4075,9734,4089,2454,8645,2484,6638,1353,8597,4583,8141,4390,3305,4588,1897,1683,4367,399,57,3283,6430,3955,3184,3946,6583,9928,3072,2277
2710,8776,9192,9274,8036,3094,6688,6225,2194,9376,6522,3790,6343,8885,1322,582,517,7,4956,4976,4836,8445,23,3636,1947,1584,1986,2229,1014,5277,4800,5194,4881,5361,6218,7046,6274,5654,7997,6329,4084,7802,9479,3761,4331,119,8467,9526,2004,72,380,1969,5946,6642,7696,1866,8152,9622,5918,3795,4544,3276,4139,5370,9684,3615,7073,5600,1497,231,2827,6132,1888,9735,8169,7595,7109,8299,1257,1284,9834,3118,5936,2152,7249,4513,7699,5221,1703,6898,6451,7688,6033,4282,4291,3146,8659,9929,5020,2244
1791,9112,9193,9275,9323,4905,2625,8839,4769,9377,8016,6027,7137,9421,3832,1366,5673,1021,1909,2080,1579,1596,292,7611,155,6058,2748,2358,2184,7360,8486,9460,7634,5414,8582,8397,8846,9464,5153,3693,8021,8008,8941,8313,3067,358,8805,9527,2145,218,1384,1481,2354,9042,473,1268,2243,9623,2396,1449,8362,1131,3458,8518,9685,4980,3844,7221,7437,377,6339,6413,682,8964,9773,7724,2929,9817,1973,2995,9835,4643,9080,2645,4236,7094,8116,1194,91,6435,3684,7929,6315,5869,2021,4420,7443,9930,4774,5890
7267,9113,9194,9276,9324,8836,1441,3330,7673,9378,3729,1814,1281,1212,1893,1941,7066,3809,1161,3740,9437,2968,303,1326,8221,8930,240,3627,8325,8758,8094,5595,6914,1287,8533,6937,8737,6325,7538,8589,362,4759,8535,7539,7384,3322,8763,9528,2955,6920,1009,8616,9601,6111,332,8177,2589,8178,4324,535,9051,555,5516,5259,8436,2129,5392,4322,3009,6131,1835,191,7257,9736,9060,6897,6200,5038,8903,405,9836,6571,9081,6096,8319,1574,7895,724,6083,7374,5294,6314,8907,5222,383,428,8441,9931,7358,794
5353,8909,9195,9277,9325,3830,4935,7807,9360,8715,6487,2071,842,796,2761,2200,6418,5653,4761,7579,8546,5919,1521,6697,581,4737,1240,4459,5995,8354,529,6531,1381,5776,8006,7987,5825,4461,8587,3449,5460,7353,5893,369,5461,2153,8080,8196,1000,4124,5104,846,7567,5342,123,7647,82,9624,8197,3874,8332,1954,2227,8258,9686,2167,3756,2263,1534,1024,1208,3173,3365,8336,8337,7074,9808,2496,8473,2054,9837,8772,9891,4887,8526,4579,7726,1102,2511,4880,1752,6764,9089,3804,290,1931,8012,9932,1069,4601
494,9114,9196,8322,7311,826,3224,8782,1900,9379,3737,2787,6890,8090,3578,7300,9426,607,430,1205,1147,7196,628,4509,404,9444,1961,6156,339,5234,7730,8222,5178,5266,6928,8447,6864,3620,7613,7513,6426,7899,7795,5112,1273,223,8639,9529,1079,408,4861,2237,2964,8810,3371,3873,1488,9625,5487,6366,7356,1217,2593,7949,9687,6144,7832,5969,5844,1811,6772,7318,1072,9055,7422,3760,1386,7509,2881,3036,9838,1070,8704,1600,3545,5028,6892,840,2447,5329,3544,6147,4440,5063,2028,6289,7787,9933,6121,6480
4222,9115,9197,8991,9326,1424,3612,3189,2428,9380,5652,1740,7738,7995,3483,3885,3655,22,2284,5994,431,7598,2457,1436,2776,3522,1427,5624,1502,6945,5047,3037,1524,1046,7008,8584,7382,7217,7068,5210,5821,5245,8432,5472,3021,224,7961,9530,783,1459,763,2882,3542,7901,7125,1171,8047,9626,7355,1128,3316,2533,3358,6650,9688,317,4974,2820,1786,116,4656,6593,1698,7736,7182,4288,9809,8825,4630,1952,9071,6106,6812,3765,7348,5113,3190,6550,808,4621,3541,4378,5527,3808,4184,4470,7320,9934,6646,5012
5819,9116,6267,7215,7270,1984,3670,1833,4296,8882,4955,2203,5380,1895,4207,4789,3512,824,4210,3672,8636,5661,4155,4525,2737,7641,2616,8172,786,7463,7118,4853,6422,3828,6953,1094,6188,1930,6895,6019,6336,2731,6278,5235,5835,7010,5263,9531,3273,2991,41,7237,6866,7107,395,3260,5793,7697,3176,1413,6961,330,5391,4917,3181,3199,2102,4078,6601,3989,3486,2209,6508,5850,9774,6526,668,5451,6539,202,9839,2592,2815,4937,3396,3405,2385,158,1229,6982,1945,3406,4909,4481,4163,902,6876,9935,4755,606
1587,8981,5635,8992,7501,5074,5215,2591,3933,4016,3491,3728,4373,6669,1244,5265,4817,3902,2751,2694,8208,5662,308,6203,200,7139,6059,798,2691,2840,6373,4126,1340,1221,2370,5090,1331,5528,6424,1792,5973,2951,6075,3384,3378,2279,5355,9532,3257,3151,1520,2979,2114,4728,3743,3497,3814,8692,2146,5226,7495,1872,3917,6192,9689,1347,5032,1404,1663,2137,2654,2020,4889,8399,8213,5301,5248,4953,4865,2298,8367,3665,9892,4423,2862,3683,3891,1185,2034,4370,5110,1519,3606,4008,4346,3116,1674,9936,1214,2236
7019,9117,9198,8993,9327,1493,8216,8182,5555,9381,4106,3560,2547,5125,5217,173,525,2520,4053,4365,2267,8843,118,3509,2228,1469,69,8423,3311,3569,359,7435,7415,2286,7550,2183,7370,2181,9467,5237,6759,8270,5900,6684,5289,6621,9499,9533,2780,285,1054,875,6790,6689,1729,438,1480,9627,7473,3212,2208,2590,7288,2636,9690,3091,1178,2715,906,178,3825,2392,8864,9737,9775,7630,8868,9818,1750,3736,9840,8569,8416,7950,5452,4549,6868,5554,2140,4718,6266,5785,4618,4773,6687,5138,7622,9937,4820,7865
1985,9118,7728,9278,2576,4651,4049,7757,4710,8249,2581,2444,3047,5252,1289,2647,6805,3263,1267,2514,2142,3767,3751,4799,2954,5167,1262,4493,3754,4247,5333,1685,678,1263,3299,3321,2926,3087,5043,3217,2565,4863,5570,3446,5161,4777,4315,9534,288,2038,2823,5341,7247,5853,3528,4388,3170,8554,4433,3694,3242,977,3836,4274,6575,3419,3988,2293,3979,3433,2554,2594,3070,4928,8454,3911,7605,4005,5818,2567,8260,1277,7115,2661,3361,1351,3799,4003,2526,6279,750,3205,4451,3019,936,1691,4968,8504,1274,2819
5073,9119,9199,9279,9328,656,7866,8544,2973,9382,1129,2022,4285,7747,3428,856,1112,1915,2527,3233,2432,8372,70,6604,66,3448,5817,3595,733,5183,3312,5518,3089,5339,6153,2149,4196,3143,8681,6842,8328,8939,9480,5495,1213,115,9034,9535,4691,278,593,3442,5243,8663,2629,1800,6632,9628,5196,7436,5948,4561,5192,8694,9691,1575,5146,1774,3879,464,7030,4949,1236,9738,9776,6725,8559,7088,2664,3746,7936,2966,9893,849,5218,2886,3188,3504,3141,7044,5678,7129,8301,3265,2668,5587,8832,9938,7266,1732
7147,9120,9200,8459,9329,5548,6639,8881,5151,7322,2795,1722,8286,8422,4190,1654,3286,1533,2196,6073,252,2938,312,4258,75,2860,5282,4518,2877,8581,4637,7228,4304,552,7350,6904,7427,7180,8588,4717,7236,7397,6683,5863,7385,1431,6241,9536,3866,76,795,2409,3898,6884,7461,254,3069,8953,2610,7661,6810,648,2587,7446,9692,8519,974,3841,3177,62,2238,8229,2462,8865,8665,6447,6727,6980,2232,3893,9841,5519,7589,6786,7951,3954,5755,2681,187,837,1104,6598,5691,5531,5648,4527,4496,9939,6206,5378
5789,9121,9201,8562,8528,5560,2657,8529,6992,9383,4219,2510,5166,1053,5335,2068,8677,1581,1019,3625,4251,5741,4023,2580,296,5480,6381,1780,6097,8396,6365,5471,271,573,5140,7584,7151,6698,2948,1851,6954,5309,6468,4234,5362,2282,3007,9537,921,181,3231,1772,2528,6138,7361,981,6502,9048,6129,3230,4024,3013,5018,6473,4413,5490,7347,5314,2056,630,3631,5798,1299,1963,9777,4046,4573,7192,897,2343,9842,5914,7089,928,5643,4568,5990,6357,135,4352,2711,6112,7039,1456,1825,2870,5284,9940,3805,4775
1924,9122,9202,8119,9330,8120,1303,6974,6226,8786,3671,4925,7827,597,6481,4465,8219,716,9,2210,2308,6395,6272,4444,95,7751,2291,8931,4454,9453,3165,8160,3318,5934,8251,7551,5708,3972,1545,1470,7694,2586,9481,3150,6558,1767,8210,9039,3617,2433,1338,8653,8387,6808,5784,103,5369,8954,7999,2505,4703,4145,1406,6694,8296,5997,7735,5954,2489,4763,669,3444,891,7742,9061,2556,2573,8023,946,1114,8972,2767,8401,1927,1123,5842,6077,2846,78,2000,5929,3563,3172,5846,3710,4739,8067,9941,7234,4462
634,9123,9203,8754,9331,7503,3715,4034,3450,9384,2908,3410,6893,3295,4123,1065,2726,664,757,3660,1025,4985,2095,5231,121,5401,7252,3048,336,4870,6975,6852,6472,793,2224,6533,3735,7329,8934,4792,6858,6896,6553,5668,5615,1182,3640,9538,5099,935,665,1272,3002,6554,7315,827,688,9629,3842,5625,3748,640,4087,7169,8335,6446,1513,2104,4028,174,3793,4000,5409,9056,8100,3274,5935,7530,6398,4468,9843,5071,8181,7170,8342,4652,8343,5223,1160,4943,5696,5868,9906,1911,1788,5352,7967,9942,6042,2728
5240,7290,9204,9280,9332,2723,2259,8632,6737,9385,4498,4231,510,3532,3907,348,714,4667,3095,4383,7414,5372,1993,3843,5810,965,381,5522,5953,2424,1775,2292,5159,2422,5764,338,6500,908,5569,6648,5899,5324,9482,3759,4294,5886,6142,9539,1408,5262,586,4071,5057,5822,6385,1283,4832,9630,7797,1253,3028,3581,5354,6561,9693,1346,4838,2634,1636,976,1538,1509,3024,9739,7650,6387,8624,4512,6651,2740,9844,5202,8827,3652,3213,1764,5078,4478,3778,3572,4891,1997,4585,4729,4910,337,2309,9943,6710,3459
2854,9124,9205,9281,5398,3681,4185,2072,5980,9386,829,2855,5921,1195,3823,2015,8107,460,1100,5465,8530,6711,1529,546,2205,6863,6778,6431,1849,3423,3460,2670,1118,1855,6008,1395,3494,6409,4550,6905,596,5549,8942,7814,7338,2810,8009,9540,436,6242,1946,8764,9602,8348,2709,7037,3052,9631,4369,5145,8226,2746,4329,8167,6100,5732,3180,5359,6831,898,922,680,6702,9740,2674,6753,3551,5988,7687,633,9845,7428,9894,6989,4198,2792,2672,1830,1121,8648,4526,7241,6889,1561,3463,1383,7224,9944,1869,907
6403,8875,9206,8994,8834,3250,7065,8674,6497,7916,4103,4189,104,7484,5236,468,361,2325,4808,4032,3275,4476,137,6092,3301,886,3723,7140,6619,4556,1898,6958,4406,5762,7845,3939,7058,2622,7324,7524,8293,8295,3707,7009,7553,8360,6762,9541,1412,321,758,52,1076,8724,345,816,729,9632,2798,6198,2975,3112,5626,7627,8022,3525,1500,544,6678,956,6622,6492,8567,9741,8821,6486,6177,8596,1127,3984,9846,6773,8871,7510,3950,3831,8710,2352,1192,8321,6696,6874,8025,3288,3082,4344,6247,9945,2361,6017
851,9125,9207,9282,9333,6362,3956,5838,2191,4590,8483,2887,8345,9422,3997,4701,6633,2930,992,1743,2113,1642,1734,7407,108,7367,3704,4457,4233,8092,9457,5158,7960,1797,8583,4153,8549,7974,7280,6081,3244,6512,9483,8804,1770,563,9500,9542,5462,1207,845,2524,2752,8032,4648,294,2513,6838,1101,6191,8256,67,4629,8537,9694,7518,1661,5695,8495,1043,8228,7991,955,8350,9778,6962,289,7704,1356,1831,9847,1370,8705,3796,9902,5711,5525,3296,697,1241,676,6179,5628,6824,4203,4998,8344,9946,6371,4816
281,8982,9208,5622,9334,3511,5964,7482,2272,9387,2666,1721,4915,7132,1026,2941,1218,658,1639,2779,5852,2543,3837,3916,2724,1704,858,3957,2323,7536,4903,4473,2074,3255,5311,3289,8382,618,5565,5910,6442,2649,6629,6699,5571,1839,6996,9543,2530,1905,1501,2802,9603,4464,2869,5162,7558,7507,7015,3601,3412,2884,4872,4661,8558,4107,5962,4831,4692,5127,4767,5351,4326,8965,5201,1418,1327,1644,895,3249,9848,5429,6793,1784,3373,2427,831,4239,197,7095,4784,4011,6171,4295,3447,3822,2110,9947,1548,4082
3106,9126,9209,9283,6254,6439,5552,7715,3733,8285,3331,3730,4134,4064,4594,3959,7918,913,1607,1598,7138,4897,3656,2121,229,1706,2911,5875,2942,6936,4746,3232,3238,3820,4483,5467,3354,1991,6917,2790,7419,7708,1308,3642,4983,2849,2719,9544,1045,1544,1583,2327,1577,6959,1248,1008,259,9633,2608,2626,4045,1928,5920,3394,7296,5254,5815,2635,3425,1819,2360,4343,3049,7274,8822,6193,5086,7209,4708,3333,4576,6388,7979,4188,3680,3248,3909,3093,3401,725,2404,4105,5058,744,1720,4170,3653,9948,3912,1738
1414,9127,9210,9284,9335,1494,7633,5310,6380,8787,2287,5399,6102,349,5781,576,396,3678,1861,4410,9438,1907,804,6328,6286,2303,450,7056,5044,5484,603,6927,3111,1857,7057,511,5442,1334,5499,5482,7383,6443,7945,2703,5916,7472,6797,9545,3981,4927,19,5195,7387,5233,1964,2429,991,9634,8555,3991,2889,439,4733,7713,5009,6743,2078,5287,4079,5083,3246,6145,5473,9742,8867,1623,9810,7210,8826,2764,9849,6615,9895,7481,2413,2627,1617,1680,2055,7451,3306,6519,5938,2560,1886,4332,6101,9949,5085,1282
7268,9128,9211,8778,9336,1576,5719,5881,9003,2376,7116,391,5943,8790,1067,4926,5801,410,412,6239,4663,2713,3278,1294,17,4617,6410,7836,2006,5930,8680,7813,7279,4690,5538,5596,8738,2741,8847,5533,7371,8940,8079,7955,366,179,6150,9546,4412,2498,2312,8255,8469,7603,7847,550,9044,9635,2766,3194,6986,1843,3968,7924,8398,2283,1457,2058,5955,156,6724,6414,1081,9743,4679,7128,8415,1332,6909,4133,9850,2495,8049,5150,7651,3797,1567,3350,1603,503,1211,3291,7063,3856,4136,2087,7284,9950,5139,5023
9092,9129,9212,9285,9337,8234,7545,832,8924,9388,212,3000,2475,1569,3138,4392,5493,803,185,2782,7201,6625,217,1426,6765,8679,2057,6826,4276,9454,8186,7505,1295,6801,9020,6693,8534,8719,9468,8590,1362,9027,8893,8762,820,8043,9501,9547,5529,8347,7167,8098,9604,1510,685,3567,578,9636,1871,6164,8768,746,8641,8243,9695,1512,8494,2008,6173,3585,721,512,9724,9744,7833,8727,9811,1777,7240,605,9851,4764,8390,8830,8377,6415,7163,375,710,182,4522,7490,9907,3771,2109,3624,8541,9951,7364,2984
4507,9130,9213,9286,6464,5790,6213,6589,6109,6768,2665,4018,5795,3520,572,5620,6505,1778,3411,4171,2421,267,2482,5476,122,2650,1604,2659,4828,7971,5508,6232,1694,1840,2340,7773,3711,6197,5820,4876,6534,6749,5340,5446,3130,1626,4647,9548,3574,1109,3557,6807,2760,7568,5895,388,6969,8745,2098,911,4895,3835,2242,3695,8959,1437,4994,4772,5923,1499,351,5539,3304,7191,8823,5913,8101,988,3408,3861,8627,4704,8828,2472,3325,2934,7531,5319,322,458,3004,2508,6382,3983,2983,3414,4705,9952,4997,2155
3207,8983,9214,9287,9338,2523,8054,4278,7716,9389,4646,5040,4430,833,5882,40,537,1108,4068,5131,5679,5396,107,4837,5657,2346,481,6060,4842,6595,1375,7470,4990,1086,5884,985,7719,611,7646,6029,8652,7870,8803,6630,7684,5783,7069,9549,4122,2204,454,2186,7740,8552,2014,876,219,9637,7410,8099,3319,929,7841,8274,6293,6582,3623,5958,6389,4061,2316,4057,8963,9745,9779,1468,9812,8389,9069,1759,9852,8400,9896,8156,6141,1486,1318,1361,2858,6973,4901,4922,6124,3042,1017,5033,5592,9953,4017,864
2305,9131,9215,7269,8014,2112,3975,8921,5249,9390,7055,4847,4687,7078,4580,3580,8791,505,767,3657,2859,4574,3270,4868,429,8512,1115,3139,799,5191,7877,6514,3328,2662,4520,8019,7682,7097,1714,474,7325,6906,7602,6836,4242,881,8081,9550,161,43,5095,3186,2388,9043,2806,2949,1962,9638,4977,485,8265,2411,2307,6763,9696,2235,7934,5603,6295,3144,3833,7526,180,3774,8180,7805,7519,8201,5096,2958,9853,4047,8231,2247,2744,3261,8527,1137,183,6990,3012,7038,4495,3039,3241,2372,6679,9954,4957,5431
4856,9132,9216,9288,9339,3687,2784,6238,8460,9391,2088,152,1733,8442,4436,79,1785,3079,4823,2387,1673,7580,4898,3229,7548,2025,128,8408,3338,7823,2221,6674,6467,4051,6374,8650,7351,6930,7614,7764,4780,7944,5387,5986,4539,5606,6802,9551,435,2254,1096,6459,8166,2366,7036,1258,8153,8746,7671,1753,7176,2545,2390,1420,8860,661,3081,5292,228,10,2412,5478,7062,9746,9780,6356,9068,6450,4783,1452,9854,8202,5604,7003,8214,3803,8204,5608,894,5963,5942,7363,4795,4095,446,2233,4371,9955,1422,1708
7821,9133,9217,8604,9340,3125,8324,3900,9004,9392,1675,5432,5024,720,7653,177,1879,1630,3894,5390,7897,7783,311,4736,5439,6419,7599,6903,2796,8185,547,8425,4259,1271,5713,3324,8651,3041,8682,3086,2175,6542,8943,2493,5743,7998,7685,8742,4960,3058,4813,1660,7181,8566,378,5276,198,9639,8899,6605,6731,617,7824,7714,8664,7177,1110,8199,821,3416,426,1730,8438,9747,8967,805,9813,8188,8970,1919,8973,8570,9897,8189,3801,2009,1359,109,3017,7727,8215,7392,8247,6745,298,1305,8052,9956,8506,1278
6814,8876,9218,8106,6832,7020,4036,2535,8015,9393,7155,208,6881,6046,5005,168,602,2729,3464,8091,1352,7957,2417,4101,1089,1599,99,1804,1011,6626,3816,6228,3850,4298,7808,5278,8162,4668,4702,4929,684,7264,8721,6010,6229,1202,7831,9552,1407,1771,449,2478,7796,1444,7331,2599,2833,7587,8858,477,3167,2944,5269,4037,9697,1679,5911,2389,1246,38,2266,7527,5998,9748,9781,7935,9814,2814,8230,3209,9855,9884,5683,8170,7894,6022,8540,6379,3196,6686,4844,7393,6001,4300,3608,420,6556,9957,7164,3650
5660,9134,9219,8053,8714,8371,5832,4156,8925,9394,7759,1541,7746,1350,2917,1062,1755,667,2822,8236,8510,8147,4157,722,1439,2603,3564,8734,1702,5659,4228,6498,4238,583,7888,8638,7090,7576,8194,814,874,8661,9484,3290,8688,277,8806,9553,6143,7962,3179,9599,8744,3339,3064,4192,2883,8898,9668,5676,6253,1206,5087,6140,8960,7698,5291,7842,865,247,768,900,6012,9749,9062,6245,9815,2330,5428,610,9856,7555,8628,6051,7872,1103,8368,291,519,6201,5530,8561,9908,3673,1401,251,7520,9958,8284,2037
1540,9135,8910,8755,8998,3073,5780,2341,6794,6002,2824,3953,2136,2698,1033,5992,4584,6261,4348,4754,7689,7668,1095,5445,5,5031,7021,3824,4340,7844,7485,7081,4213,3353,4673,2082,6162,6628,7701,3356,7106,7230,6484,6263,2378,153,7554,9554,4972,807,148,5318,1728,6871,2660,889,962,9640,355,6507,8557,143,4241,6695,7208,3922,7372,5872,7467,3105,5435,1929,3424,8128,8200,4147,3062,7478,7743,1298,8870,1191,7489,3341,5280,4007,3220,852,5677,872,1242,5464,7394,4919,2091,3597,6584,9959,3309,4333
4177,9136,9220,6942,8370,2910,6277,8783,6777,9395,7204,5656,6503,8841,3602,384,1339,1260,2001,6394,1571,6202,353,4395,21,2002,7762,1307,636,4212,7433,8074,6882,5731,7464,6423,8041,7889,7303,2483,6995,7709,9485,5367,2708,129,8807,9555,2176,28,742,2355,2162,4162,2374,834,3496,9641,3858,3456,6236,3871,4312,6292,9698,5497,6907,7475,2597,74,3043,7542,325,5767,9782,8376,5208,7817,2178,3587,9857,4244,8203,1377,7017,5302,7937,4405,279,6361,4125,6152,8104,7045,4893,4719,8631,9960,7511,6399
4041,9137,9221,9289,9341,3584,5609,1921,8634,6754,860,4418,6541,1392,3794,6125,9427,411,465,6344,4912,8610,1125,5042,2838,9445,7564,5173,5685,8446,5045,8796,2552,1387,8564,1806,9463,3375,5168,3020,3078,5885,5179,3621,272,5582,8010,9556,5858,7711,1990,8808,9605,4502,2199,3784,508,9049,5975,8225,7133,1434,7272,7000,9699,6845,5498,7001,421,3773,737,1316,7086,8726,9783,2435,7816,8338,1676,506,9858,8976,9082,7672,5632,7211,176,150,125,3854,7782,3211,8066,5377,203,2799,7321,9961,3947,4161
3155,9138,9222,8730,9342,1323,7982,9356,6703,9396,8003,2872,7492,7717,4602,301,762,888,1633,6967,675,5874,1052,3488,35,1111,3127,4347,2069,6432,3565,6578,7600,4200,7973,4680,8615,4351,9023,2276,8938,8685,9486,7540,3060,374,8087,9557,4923,8,1031,1815,2607,5305,4031,245,2135,9642,4967,7779,4734,2722,5076,4801,9700,5463,2974,5878,1695,24,3884,8168,1122,9750,8968,8278,7725,7871,4606,4975,9859,4635,7927,4086,6948,4988,5903,3847,326,3747,3315,6888,8729,5535,5698,3362,7767,9962,5827,6692
234,9139,9223,7377,8069,5897,1203,8028,932,9397,5735,3813,4622,5103,5981,6298,8287,1498,269,1682,1023,7535,3689,4129,3582,8379,2051,6952,483,8037,4353,5488,4641,5602,7669,7216,7047,5803,1818,5614,5014,4812,9487,6163,2368,1473,4805,9558,3596,6855,3208,4181,4534,6264,5947,4305,8896,755,4510,2663,8375,1169,3383,2546,8961,1073,4187,5887,6548,3524,7664,7031,4778,4484,6105,514,105,863,1239,3945,7632,2,8905,3077,6021,5184,6587,6661,5800,7571,6306,6260,717,2353,4040,1942,7453,9091,5011,2913
2919,9140,9224,9290,8916,3237,6316,7379,3923,3966,3281,747,1686,3367,196,7345,8443,1059,2393,5723,8678,6160,4894,564,89,7432,7512,8029,3603,6926,5457,6610,6301,4173,7368,7739,2774,6815,2994,4341,6859,8195,8894,7282,2328,133,8240,9559,3467,2460,4938,3724,9606,4397,909,2065,1463,9643,4039,3944,7948,3535,2379,4578,9701,6030,4933,3782,2314,376,3243,6119,982,9751,4757,6799,9816,3616,7449,3633,9860,2972,8656,1001,8267,2013,4849,3267,1044,387,524,6026,6935,6231,1717,989,7033,9963,4551,2825
2652,9141,9225,6681,8572,5960,2012,7608,4600,9398,3310,4662,6862,3103,5693,2755,9010,810,1343,4254,3934,7932,5075,3251,237,9014,1716,1852,3810,7886,5968,6401,575,1756,6821,6915,8124,6984,3161,4982,7857,5027,8850,5788,4342,2076,4694,9560,691,26,2477,2961,3372,5725,7892,2250,7660,9644,8859,151,8241,3277,4642,7127,9702,4649,7638,6791,5421,329,2214,8001,480,379,9784,5651,3552,8655,1050,2939,9861,2828,8728,994,5794,4377,6178,7468,127,3967,1226,5665,4532,4884,3108,2577,6924,9964,6728,4839
7376,9142,9226,9291,8481,5403,5492,6108,5961,7054,4381,4632,1220,2226,4678,226,660,5225,1622,3666,8461,6851,264,5699,1320,3169,2829,7278,2271,6957,574,3465,5021,1443,6779,3692,5286,6511,8891,781,4043,5506,6649,6579,6535,4531,7326,9561,1807,4066,3114,469,3995,8264,284,5135,608,9645,7733,6069,5447,2261,3928,7474,4918,1773,1975,2897,1165,5590,1882,3700,3877,9752,6159,5425,8456,5726,5867,2414,9862,6792,8706,6527,5164,1435,1935,619,1687,6437,4336,5647,7938,3427,1170,1015,7130,8774,4417,3757
1349,8984,9227,5483,9343,2777,4846,9357,4492,7483,6308,3492,8218,8017,2971,870,1462,418,4272,6126,2837,2888,622,3647,53,1606,8237,8424,488,7855,5729,7770,8238,4273,6532,3031,8739,6483,8935,1913,9025,9472,9488,8852,4118,844,8551,9562,6137,340,360,1450,2026,8470,3855,491,1148,9646,1368,6839,4973,246,4504,7849,9703,7628,1742,4142,5137,441,8496,8818,2539,9753,8595,7631,4768,8626,1824,4193,9863,3786,8402,3345,9903,4924,6471,2693,1142,1875,1525,7310,8751,5557,5453,3685,9090,9965,5371,6680
3789,8985,9228,9292,8879,7395,8070,1828,6115,9399,210,5873,6565,2280,2206,647,1718,1159,1313,3741,7591,5041,204,2169,7654,3215,3619,3051,4959,9018,4482,3738,1514,6217,7150,2641,8355,5268,8936,8463,3440,8431,8591,7400,990,5304,7785,9563,5101,6817,1710,4487,8948,2640,432,3357,520,9647,1341,4770,7712,1539,3726,5507,8297,2781,3862,4490,5550,4612,1476,479,6955,8697,7087,5405,7861,3247,7498,1204,9072,3034,8479,6222,7458,912,6734,255,4613,167,4827,4810,8144,5177,1028,3686,5343,9966,4458,5593
2406,8986,8911,7064,8573,3549,6065,9358,3134,9400,2826,1314,2124,6195,6782,588,4624,423,694,2821,2311,2306,2706,1829,140,3702,4790,8637,1589,4951,4503,4791,3313,5093,7644,8326,8356,2734,6978,4303,5637,9028,8111,7525,7060,2064,8468,9564,3973,1490,1916,3018,3436,7330,8414,333,5841,9648,7016,7190,4262,5206,3443,7815,7850,4159,1124,1648,3364,1225,2491,3904,1709,9754,8748,3720,5175,4467,854,3234,9864,5307,8024,1827,2096,3526,8647,4452,3,2322,2398,4216,4555,3575,4292,1762,8026,9967,3943,2245
2285,9143,9229,8914,9344,2850,2212,7941,5746,9401,6600,4528,7344,8842,5619,693,2856,2804,951,4731,580,3897,609,7612,553,3727,6116,3284,7898,8485,5909,7148,4199,3851,6396,6407,8077,7624,2499,3845,6427,4864,8490,6761,5407,1896,6829,9565,2504,14,1293,2775,3317,8314,1723,189,3132,9649,3622,839,8333,683,6860,8048,9704,5433,2415,5142,4782,241,5133,5385,341,2631,9785,6636,5512,8667,998,4249,9865,5181,8525,1391,6666,3124,7737,3749,275,4211,4180,6136,7980,5956,6120,2297,7285,9968,1801,4619
389,9144,9230,8027,8917,1799,4559,8545,3085,9402,4361,1650,3326,8134,7431,7748,9428,2258,1329,518,6040,8532,1333,5382,147,9446,836,650,953,7986,8888,6182,7771,4174,3461,8760,8383,7792,6574,5216,8892,8239,8450,7593,3846,201,6349,9566,784,313,7014,2583,2201,8044,3614,5710,5388,9650,3471,877,9670,3382,3468,8813,9705,1265,3860,2743,8901,949,8521,2800,29,1385,9786,6434,5239,5748,2156,4724,9866,3171,7914,406,4489,3391,7577,2185,2059,6940,6184,7258,6776,4541,3872,3906,8542,9969,5182,5891
5203,9145,9231,8779,9345,5171,4144,8207,7597,9403,243,5281,3976,6662,3162,2463,5258,2033,903,1873,1535,4266,3160,2978,54,4786,5035,4948,4307,8038,7110,4284,2519,2089,6722,7774,2502,2947,6730,1388,6501,3453,3120,6359,1664,2445,8476,9567,2617,3679,637,7566,7933,4178,8811,136,8374,8955,7978,7516,1556,4859,7289,4793,9706,3253,1693,1153,917,5147,723,1624,6987,8770,9787,4202,6031,6847,1167,3279,8904,7403,9083,7811,7569,2695,3040,4760,273,930,3588,2380,5079,3772,705,3156,7146,9970,4338,5760
1405,9146,9232,8915,9346,3688,6965,4280,4869,8576,3502,1425,6465,6719,6290,6072,6466,3113,2847,915,9439,2960,1651,6577,2555,6769,2750,545,5055,4575,9458,6552,5059,1841,2770,5787,3075,6557,5613,2758,6971,6110,5805,7059,3513,96,1938,9568,2772,1188,3022,6205,7294,7990,4819,4966,7189,9651,8198,1301,2644,4384,4993,4372,8861,2656,943,918,7741,334,3592,561,32,530,8749,5007,1901,4252,2916,4151,9867,1465,8403,146,7928,1920,7200,1781,8143,5991,7819,3300,7171,5749,3826,3974,6941,9971,6563,3637
6438,9147,9233,9293,8999,1064,6194,8574,5246,9404,7323,2045,2171,8508,7007,584,1010,2039,2198,5297,632,1922,162,7691,1215,2182,6127,7261,7235,7784,2073,6257,7141,3153,7160,7105,8096,3011,5655,8384,7975,8740,7514,7515,5317,1113,8413,9569,5754,39,1049,1042,2371,7254,522,164,1389,9652,4316,4243,7411,350,6750,7121,9707,5703,2061,3168,7851,1074,7061,7456,2736,9057,9063,7913,6470,8969,2684,4117,9868,5641,8458,6368,5642,6333,5733,499,262,4771,3812,5837,6623,6494,1672,2600,8304,9972,5065,5332
4904,9148,9234,8672,9347,7956,6271,1779,8420,9405,1484,5379,2683,1845,4327,1566,5577,3703,1646,1177,7690,4875,1247,1796,6870,7656,6196,752,2318,5939,4330,4748,6499,878,6310,8799,8800,6977,7625,8683,1060,5384,9489,8373,1667,1903,9035,9570,5534,1998,403,4533,6104,8856,363,5486,802,9050,2918,3025,8536,4542,4445,5350,6367,5638,3536,5163,2614,3674,4608,44,972,3798,6050,7620,7477,6947,9070,594,9869,5808,8417,2391,8102,568,5717,427,5941,4474,7362,2443,4644,4441,1559,830,5745,9973,5061,1551
653,9149,9235,8995,9348,1725,3272,8784,3481,9406,6417,6488,2867,8929,5344,670,934,859,4357,4141,2044,4798,175,6900,268,1491,5707,5898,4323,6654,1446,7657,8488,7772,8381,5862,9021,3768,8020,6054,7794,7921,8741,6612,6536,999,9502,9571,5264,58,1200,970,1419,8272,1175,425,1609,8956,3785,5015,7455,625,6332,8088,9708,8113,2029,7122,3802,671,8114,9053,3853,7476,9788,6174,2466,8668,1040,5091,9870,1996,9084,1181,4834,4866,8711,2450,299,6155,4328,8600,8601,5756,4237,5468,7491,9974,5426,6122
3455,9150,9236,8996,9000,1798,6181,9002,3439,9407,5049,4835,6358,8193,3708,501,1731,385,2923,2030,1864,7968,94,5504,541,2704,5477,2935,5879,8261,4589,6655,6983,2817,5200,8095,5811,5327,5494,4843,8684,6317,8451,6854,5397,171,5017,9572,4339,6,1173,1325,2876,6803,3225,649,6513,9653,4494,3863,8273,4945,4833,6485,9709,6861,6733,3875,3441,51,5928,3240,770,5500,9789,7529,4675,8568,263,2438,9871,2246,8629,825,5008,5170,8560,6347,71,4636,5687,6078,8302,6479,5214,4402,6652,9975,3531,7335
5823,9151,9237,9294,8880,6207,2344,940,9361,7136,2578,657,4050,5944,6291,7942,9429,523,1956,751,4108,2624,2281,1345,8108,9447,49,1367,6047,6912,8514,2517,7583,6721,3722,7465,5983,7675,6490,7601,2899,4535,9490,7035,2853,5098,6234,9573,4230,5859,6631,8662,9607,7255,973,4437,4830,7912,4871,556,5848,2568,3390,4605,8452,980,5010,1193,3659,2446,2989,320,2727,4006,4815,6923,7893,3245,6038,497,9872,7882,8707,2123,4752,945,8906,2448,1068,452,6717,3454,4995,1357,2302,1657,8145,9976,7298,2319
4931,7883,8912,7025,5123,1820,2094,1482,8649,9408,5965,114,4593,5315,771,4840,4543,538,4404,2551,6482,5349,4477,6018,1145,7173,2771,6993,2407,6673,8487,6795,1423,4131,5671,6250,7720,6168,7702,4121,3185,4569,7615,5894,4560,2768,5207,9574,2211,4781,4065,5836,9041,7659,3788,2808,7494,5607,6506,490,1666,3714,3016,5060,8962,199,5826,1976,5564,30,6537,5866,3709,6946,9064,2898,1994,3745,6879,3366,9073,1264,9898,1105,5393,310,8670,2315,3570,7391,672,6342,8502,775,1597,2164,5417,9977,7076,1483
655,9152,9238,8833,7378,3084,2615,7179,5066,3550,3908,2925,2515,8004,2449,4217,9430,2896,2716,1838,3377,5532,880,7750,1526,8209,2197,2295,256,5383,6080,7763,3639,2564,5940,2492,7775,7174,6312,4666,7683,7218,9491,7976,2540,63,9503,9575,1448,2732,2220,3053,4595,8766,4567,869,2066,9654,2788,3074,6525,172,2685,6221,8862,3001,5714,4888,3500,165,6199,5296,324,7798,9790,7002,5770,8700,5026,3006,9074,2077,8750,7429,6350,3337,2835,1746,401,1761,813,4970,8206,5551,2516,3594,6746,9978,6495,6462
761,7981,9239,8780,7544,2893,1251,7853,2696,7077,853,2967,6067,5253,2439,7917,6529,4385,98,4616,2559,6911,2105,2357,539,3398,6783,6956,6319,7158,4821,2733,3838,5556,3848,7263,6757,3758,3351,4029,3849,1288,7245,7219,3948,5917,5119,9576,3562,3817,1216,7091,4099,7859,4814,97,5796,5144,8331,2488,2130,4366,4670,8471,9052,5669,6475,6752,3599,3521,1570,6886,2976,5084,6922,1951,157,1398,1455,4255,9873,577,8829,2977,2992,674,6823,6887,2090,2762,4168,2639,1432,2356,1848,3014,7863,9979,4706,4271
1249,9153,9240,4742,7745,6925,800,3559,5247,9006,4264,2157,6504,4317,7172,7843,8608,5241,4019,3611,2103,4921,5030,2688,5860,9015,463,5728,1085,7838,8844,5366,6406,5375,8268,4499,4407,7801,4358,7023,142,3210,8851,7471,6919,5016,8211,9577,3721,7253,6118,7695,8617,1485,1453,2047,6818,756,7923,823,7619,1133,7686,6378,9710,456,3970,1421,3915,386,847,3407,6386,4394,8902,2987,7183,371,2686,3985,9874,5690,8142,6509,4565,5313,3864,1078,8245,5704,2423,7259,8118,5411,502,25,7864,9980,5779,266
933,9154,9241,9295,8507,2339,4391,7194,4025,9409,589,5156,7574,8716,2773,1558,6609,3474,2270,295,1563,6951,306,7958,470,8717,4289,2003,1285,6363,5761,7381,4098,7314,5876,7369,5509,5737,6841,7336,8097,7398,9492,8687,822,59,5932,9578,4480,969,1877,1640,2749,8045,2468,7408,5036,8693,1860,6960,9671,1378,5775,6516,9711,5806,5037,6327,8747,2487,6025,2081,233,6872,9791,2904,392,3379,1168,4359,6154,919,9899,424,6660,6013,8131,3744,3739,2500,5586,2646,7572,6045,2845,5759,8773,9981,6223,3558
2141,9155,9242,9296,7884,6603,614,2786,4149,9410,6039,2131,2844,6057,5412,3101,5285,3648,690,6833,7557,7610,3332,4104,319,4443,4349,8612,7026,6093,8409,4240,2234,5242,7635,2019,8308,7586,2988,3998,1464,3977,6918,6843,8061,2408,9036,9579,1546,521,559,5621,1126,8517,1372,65,4941,7341,2943,398,5356,1822,5193,7965,9712,3030,1475,7402,4987,6421,8276,6970,8453,9755,9792,7099,590,3664,2320,5189,9875,2778,9085,3187,4657,3374,2816,315,1670,2469,868,6602,5692,5851,1330,3121,7874,9982,6079,1684
2585,9156,9243,5406,9349,3691,3015,8922,5185,7131,6668,3370,7984,5720,3914,2079,4508,1134,1090,3613,983,3239,1430,4779,112,6216,8579,4195,1508,6364,6044,7839,7096,1885,8075,3226,8187,6780,8937,3386,7281,9473,8359,7043,6094,779,8945,9580,5485,286,533,3690,3104,8046,6643,475,1809,9655,1237,6580,6326,83,3115,7488,9713,5864,1269,2134,5807,373,5273,7925,1958,8820,9065,7676,6597,8300,2905,1228,9876,3903,7862,6716,8392,6269,5190,2894,141,641,1371,7755,8233,6528,2120,5006,6521,9983,3268,4911
2946,9157,9244,9297,8605,1477,2936,6323,5337,7640,591,3718,1183,4345,5053,5521,1336,2474,703,1056,1914,4172,495,5773,1744,4422,3417,1360,843,7469,4996,3654,1867,4654,5568,6167,5051,5545,4610,3510,3119,5261,6219,4669,759,828,6837,9581,1515,3195,5328,3942,8765,7256,6771,4940,5271,3166,4961,3840,6158,741,4650,6916,8082,3432,2579,4797,5830,4628,4962,2669,318,8654,4205,4169,7904,7993,2347,3605,6964,4874,9086,3696,4620,2431,7233,4360,2253,6270,1007,4695,5514,1083,841,1428,6594,8505,3434,4711
6063,9158,9245,6572,9001,8405,8071,1487,6653,9411,270,5227,587,1158,2151,8577,9431,1610,528,1417,8887,5802,571,1238,3429,9448,1816,3128,5505,9455,8040,8426,1711,5270,7161,8585,8429,8291,9469,6758,1451,8448,9493,3334,335,3252,5325,9582,3566,7166,7220,8743,9608,2264,1098,3297,2405,8857,2219,3819,7307,1605,4400,5738,7496,1870,8816,1292,3282,4862,2215,536,5479,9756,8366,4260,6340,5068,4389,592,9877,7032,8977,8391,8709,7812,6346,652,1038,1348,8205,5102,8831,1892,84,1812,8404,9984,7018,3634
48,9159,9246,1884,8781,5456,565,7876,7012,9412,6877,1793,3598,4072,6393,1741,9432,1542,861,1006,7718,6712,4684,6161,34,9449,3553,6664,215,7592,7226,5730,8515,5834,4952,5982,3142,8801,7721,1235,8253,5454,8944,8346,4540,3363,9504,9583,2394,2207,740,7327,5368,7340,3395,3899,4306,9656,3705,766,8640,68,3152,8492,9714,3076,5912,1374,8227,3422,5689,5639,1516,8522,9793,6555,6988,8472,4516,695,9878,3355,2300,3389,4809,2260,8658,2868,2139,5000,4206,6934,5394,3888,920,1517,7931,9985,1132,1787
3646,8777,8603,9298,2239,2677,2980,6285,8351,8840,2032,2342,2957,1037,5365,5952,9433,961,1821,6670,1936,7117,5230,5298,6530,8462,2900,3533,2920,6834,5750,6024,1004,3063,993,6476,7207,4685,8042,4321,6210,8686,9031,7466,5945,7292,1881,9584,1310,1149,5322,7487,8854,4319,1012,4660,6921,9657,6284,4176,6732,3148,7085,2269,8695,1162,6244,2301,4826,1016,3484,4896,772,249,9794,6726,6360,2159,5856,192,6246,3540,5584,4855,5769,1403,7705,1810,476,1492,1842,5129,5718,4947,1970,1616,4597,9986,5951,253
3527,8713,9247,9299,9350,2962,4281,2268,4015,5536,1934,4563,2506,7835,1041,7896,7623,3992,3346,6256,8288,5772,2049,8056,230,5152,2278,3005,7791,4672,8084,4058,5260,5562,2075,3292,8163,7022,8269,5579,2350,3418,8411,5840,1590,531,4989,9585,1454,987,4396,6932,3258,6016,2632,1071,1724,9658,1440,2714,6581,644,2903,6258,8493,1681,5347,1344,4096,2538,7860,1210,704,5976,9795,3026,2338,7199,3137,3123,8457,3537,8646,1270,5048,2965,2265,1164,1232,1466,1030,7113,5581,2451,2553,5198,5331,9987,7154,5444
5588,9160,9248,9300,8673,4048,4337,7396,4012,8883,2985,4796,7359,8732,4279,560,3269,3590,5736,7205,344,7706,1286,6187,871,3769,7700,1233,6372,7079,1530,6515,2329,3921,4111,8932,3506,5880,3314,3122,6677,1736,3457,7120,7594,6034,7162,9586,2351,85,1063,1592,3029,8553,3501,838,2927,8767,7462,2165,7050,2901,4093,7248,9715,5290,2857,5434,3201,61,2754,6237,407,1256,9796,6744,6963,5583,818,4063,9075,4318,8130,2218,6880,250,8050,5771,397,6107,5646,7145,5105,5598,1662,5812,3388,9988,1549,6452
8068,9161,9249,9301,9351,7875,2550,8419,6849,8926,2892,5544,5228,1027,5576,2612,6663,131,938,5321,5449,4398,3839,1808,113,5684,6672,8563,2981,8614,6828,4627,2257,5303,8018,6383,8889,5924,4426,2313,6391,4570,7013,2367,3561,1769,6781,8853,5205,1057,569,6445,5300,6302,6076,45,7092,9659,5440,3964,3725,2865,3227,6690,8259,6972,6751,6294,738,1689,2572,6170,2005,9757,9797,3154,2705,9819,159,948,9076,4747,7479,687,2348,3926,5054,3548,27,764,3675,3409,7799,3577,4021,1805,8503,9989,4523,5517
8393,9162,9250,7425,8918,3044,8482,8158,8121,9413,7156,6400,6590,7667,5644,910,643,117,1782,8792,2959,8794,642,3438,36,984,5470,6739,2753,3489,6300,6348,5694,4829,6233,4175,8430,6656,7869,3090,2471,9474,9494,4681,4044,248,9037,9587,2060,16,916,709,2052,5141,3437,213,1588,9660,6658,7517,2452,6544,3682,7238,9716,7297,4664,6313,2598,235,3420,5766,1690,8523,9798,8063,3882,7881,2086,708,9879,4984,7480,5739,3145,5978,5402,4434,663,2842,8117,5831,8282,5843,6288,3088,8474,9990,7406,3573
5933,9163,9251,8997,8543,2127,4497,4785,5224,9414,5348,927,4362,1511,5062,3505,1902,4807,4766,4676,8793,7969,106,5623,2222,4979,4456,2481,4060,6566,1880,6074,4076,1554,5758,314,7692,6353,8311,5777,4077,7890,8263,2651,7083,304,7804,9588,3779,1826,33,4738,7306,7880,598,2092,486,9661,1904,2225,6243,216,5029,4908,4308,3929,3098,6518,8863,4511,3045,1944,4519,8277,9799,7093,6448,7543,5188,1953,9880,4275,8872,6709,8439,645,3887,409,5721,6455,4765,3676,8978,2658,623,2190,7665,9991,5559,1912
7756,9164,9252,9302,9352,5972,7260,635,7573,1036,1971,4615,1146,7271,2188,2046,6215,4368,3178,4083,9440,5326,1643,7522,5666,7822,2436,4208,5791,8380,8174,6086,4009,2907,7034,4109,8357,7493,9470,7565,1003,7244,8312,6796,88,139,7420,9589,4364,6330,3480,9040,8855,3140,4596,4591,6098,9662,515,3870,5408,1863,2324,2970,9717,4854,3661,6878,2575,6165,3092,390,154,9758,9800,7992,8699,8339,7754,677,8974,2299,9900,2442,7639,5799,195,302,952,4614,925,3927,5688,4277,220,4547,7225,9992,7011,4640
4920,9165,9253,9303,7251,5574,6869,679,3469,2673,666,809,1199,1745,942,4191,7769,791,3556,6149,9441,3568,1850,5413,6248,8611,6351,4054,5829,5996,7313,4524,3755,1075,4224,4379,7229,6053,7286,2373,365,7710,8550,4229,352,739,3352,9590,3713,5180,3538,6183,8809,4986,2596,6412,5774,9663,434,6099,7084,1518,6062,4802,9718,5573,2584,6082,6614,4713,3958,1712,2831,9759,8644,7766,8625,7319,8539,478,9881,1097,8873,1937,2873,5540,2040,1020,4626,4446,3385,6280,8908,3951,331,1547,1379,9993,3869,4878
3766,9166,9254,9304,7299,6496,3993,7729,4609,7114,3071,4038,5381,7380,785,5404,7760,1918,1495,3787,3800,4293,5645,5612,797,7867,3699,4116,3910,6755,4152,3986,4677,3099,4387,4743,4022,4227,2382,6611,7304,3883,4267,4698,4004,570,442,9591,2097,459,3539,2531,5700,3083,627,6220,5987,9664,6304,414,4545,2902,5148,4286,8437,5025,3609,4521,5681,638,3327,780,190,3770,8824,2570,1140,3649,2048,2794,9077,2418,8708,3159,1977,3387,5293,1735,2041,7452,2885,1739,6084,4245,1537,3206,4645,9994,4845,4811
3641,9167,8990,7006,8171,2108,1120,7365,6227,6006,4867,1224,4732,5338,4409,3157,9434,1868,2333,624,7996,4740,2864,1645,3777,7868,2725,1396,4689,5813,7549,2067,2425,2653,2633,1719,4971,3935,3235,2289,3342,4500,6620,5672,4197,4727,6375,9592,2031,4674,3818,6331,8361,6420,1995,5346,1593,7541,5155,1795,3775,1647,4010,5631,8126,2434,7559,3931,4355,4026,5701,1190,2818,5501,7357,5640,939,2529,3938,947,7450,2126,8669,4469,3890,1751,3982,309,2557,4102,4572,815,1601,2637,1222,595,4720,8775,3697,4447
4741,9168,9255,9305,9353,5003,6175,7788,7758,9415,5649,5706,7041,5727,6255,2441,8352,2035,2623,1373,9011,6186,1055,5308,145,5360,1899,754,5541,6546,8135,7752,2213,1625,4965,6117,8175,5543,6251,2679,8149,5251,7670,7753,1393,327,7386,9593,102,207,3781,2290,1300,8690,1836,1696,1503,9665,2692,1768,5081,4599,1594,8179,9719,1013,7421,6318,4700,959,3254,7438,448,4634,9801,8455,5427,7448,2321,5213,7786,7309,9087,498,1184,3753,6813,2274,90,6873,6767,7442,6166,5019,4758,4475,6113,9995,4313,6735
681,9169,9256,4721,8157,5702,4850,3896,2707,9416,1252,4892,3638,9009,5143,472,1230,1219,163,7521,1472,2945,6825,2839,433,3183,2375,7642,354,1621,6405,3632,5336,5763,6009,3940,8262,5459,9024,8007,2621,8410,9495,6055,3607,1522,9505,9594,4991,1678,236,4431,6211,1172,4914,527,8897,9666,5927,6707,4408,3347,7902,8275,9720,2906,4841,1077,3359,287,3961,2410,6268,4428,9802,7439,2173,7178,2525,2878,9882,445,8033,4374,5524,5937,7678,7873,1858,1620,4269,5816,6910,5288,3046,5052,5950,9996,4119,5257
997,9170,9257,9306,8919,6208,1259,9359,2730,9417,4954,4963,8731,9423,4115,1932,6704,931,417,2561,2016,1748,702,7707,447,8547,567,6334,1668,7302,8795,6061,7142,7149,8475,8307,9022,8660,1865,4715,8150,6411,9032,7246,4070,300,8491,9595,2288,760,1856,2326,4432,8950,975,1048,6559,7977,4466,1701,8958,1978,4873,8814,9721,6036,7903,7413,8364,1631,6538,6701,787,8866,9066,3508,492,8129,968,6715,8975,1634,9901,1572,4309,5128,8599,2476,186,7826,4414,7617,2595,6875,2359,1380,8979,9997,6180,5611
1460,9171,9258,7040,9354,3068,5670,8407,4442,9418,5824,3635,4566,7652,5418,1699,7800,554,812,817,6103,1433,1438,2400,484,6262,2349,8173,357,6857,5316,5299,4932,1989,5985,7346,7585,2304,5232,4042,8059,7028,8060,6157,4514,2809,6830,8947,3320,726,2420,1894,2189,6303,1365,2739,2769,7295,2365,6397,6543,1737,6460,4942,9722,5680,3133,3960,6130,600,5865,3445,2701,8966,6562,2461,4399,5410,1250,2871,7994,2480,8630,1854,2017,5109,5740,5513,12,6991,1506,5415,5330,1618,4143,2928,5064,9998,2148,4014
2192,8877,9259,9307,7607,4517,1536,7277,4158,7908,599,3667,3600,7768,2381,3668,8055,2699,18,5157,8578,2479,3435,3952,3147,3834,3591,5283,3763,5663,4638,4386,2395,2536,4350,5160,3129,5474,5094,3626,4419,1981,6469,1410,5116,6321,4225,9596,20,2383,4186,6283,5792,6706,5238,2132,4751,7723,3815,2455,2642,1505,1653,5627,8621,3547,5358,2248,4934,3204,1461,1612,789,8365,6804,2518,4001,3329,3918,2874,7390,4899,7457,4455,2107,2765,6369,3515,2532,6416,2875,3097,1940,2485,2456,1035,4253,3191,1296,1573
3865,9172,9260,9308,8835,7291,6848,8192,5250,9419,2426,3901,6718,2721,4403,2890,7952,393,4301,3061,6850,1279,482,4164,732,4501,3050,4964,1628,7887,8085,3886,1887,5199,5926,8586,7067,8327,2836,4607,3669,8224,8516,5510,5753,659,4132,9597,3571,696,3999,466,1106,6885,2310,884,2811,9667,3523,782,5849,4749,1415,8089,6742,6517,2914,6891,4722,774,4756,6428,1591,9760,5306,5889,3308,7780,3360,2119,9078,4536,7677,2763,6056,2735,8232,2747,11,2093,2050,6023,3323,2018,2993,2602,5502,9999,4221,1243
73,9173,9261,5908,9355,6453,1254,8923,2537,9420,6282,5636,8884,8886,5984,1507,5069,711,402,1859,1635,2879,1231,4671,238,5915,7504,8250,194,8306,7159,5905,8845,6249,8797,9461,7943,9465,4825,3924,9471,5804,9496,8271,7305,1107,8946,9598,6190,1022,706,2099,2569,8951,3925,542,6128,8594,3503,3335,7152,1637,3198,8318,9723,7112,3783,4682,4848,631,7416,9054,745,9058,8771,2549,1157,7193,883,3530,9883,1355,8657,2430,2676,6341,9904,5979,134,4900,5176,6390,4128,5558,3519,5634,5601,10000,1747,5275
