-0.0405603743842297	0.225239857521342
-0.0408256189152746	0.156617070191249
-0.0529788632955513	0.503978646294749
-0.0240478063035717	0.169384325570373
-0.0875073562026703	0.727427478962157
-0.000939986240899826	0.008851978395779
-0.0858507241883483	0.725025707811483
-0.0825489898445385	0.71108371308661
-0.000437788374038592	0.0136478787055627
-0.0902721131555826	0.733464815891401
-0.00287521011900007	0.0283890888148426
-0.0868818491168839	0.663759147292766
-0.0861192867617094	0.716183383380258
-0.0874462325270254	0.724226487033314
-0.054008657341189	0.26891765411852
-0.0609486898025113	0.642141285799031
-0.0797765026855281	0.707328969047347
-0.0965367447705418	0.759494025482283
0.000364347794064941	0.0184126440927122
0.019250202195181	0.380318926134901
-0.0813218822687185	0.654587019144471
-0.0421217811696022	0.186196777236954
-0.0844548278094822	0.719870111263153
-0.082343248076162	0.720938330259975
7.661425469812e-06	0.0266986851835591
-0.000465832868343319	0.00802033523565368
-0.0533740635345393	0.47560767789344
-0.0615493197425048	0.633298786604297
-0.00174157273742068	0.0302017220066709
-0.0242681785855034	0.121260110641763
-0.0347579178206279	0.563964755033568
-0.0567291466757958	0.62400675377885
-0.00645502119866204	0.0598099844302637
-0.0874470696055594	0.724112898400013
-0.0790617871735997	0.692575653765712
-0.010385836975444	0.0851239082638596
-0.0125982399483802	0.0551770183763191
-0.0733380331961965	0.673046558251814
-0.0591283952827651	0.630450153640376
-0.0827677395531572	0.705930606562022
-0.0748063572915288	0.681111017560002
-0.0723599967576408	0.674354061840894
-0.0715811695794201	0.679148055016063
-0.0438909490581215	0.444170654422397
-0.089313835580015	0.729549209835837
-0.0966739660779634	0.745446126429716
-0.0641808267352028	0.654603587452873
-0.0838757533186467	0.69971756220046
-0.0908059022506727	0.727842479977968
-0.0891117148373888	0.729427964305115
-0.0555529345252305	0.22172573998366
0.000204133258424809	0.0140872025332881
-0.0953520535463869	0.748941381041224
-0.0809683686106683	0.699966947434275
-0.0260678344798039	0.155072145441959
-0.0405538697951559	0.34515932352051
-0.0225731188609551	0.224205094345698
-0.0134265071519421	0.387775411389178
0.0400388818984414	0.205059041450075
-0.116283806902309	0.478954774457387
0.00654618784336181	0.0446713970811157
-0.0940120978572319	0.542911111969296
0.031436967325804	0.179460906175143
-0.108950777673162	0.737679824096536
-0.0974787163951029	0.547980933497045
-0.0949216599656827	0.56477240580756
0.00293987459501126	0.0454952927077123
0.0102339952613282	0.127031030185866
-0.0786174545842905	0.707323913911251
-0.0985927167499459	0.604690608428361
-0.00125336571868994	0.015122537638952
0.00175723054235456	0.0201908264988783
0.00134918788106331	0.01553066010442
-0.101198889544977	0.767455149395077
-0.0859795655773371	0.716712070815975
-0.100693247090187	0.760161701295455
-0.0153856497060441	0.108022423499374
-0.000750451190487912	0.0321531335167236
-0.0734521971820709	0.680901707877271
-0.0910915100420955	0.735980022178446
-0.000915007358037886	0.00840040208370155
-0.00417589222997392	0.0497730072535181
-0.0828413304512902	0.662699637736794
-0.00485403330642676	0.0351185787051437
-0.031609580099753	0.52892769738111
-0.0707109812767051	0.67666154177923
-0.0666840049095864	0.636438338697376
-0.0705907005721738	0.641648104304032
-0.0341105365094207	0.509151418564375
-0.000569911017085253	0.00244221017755649
-0.0134551557195819	0.100705141811566
-0.0301414642105987	0.473111597037075
-0.0827979160293884	0.702187118142056
-0.0229107459947524	0.236926417162525
-0.0965860192198592	0.749326961518841
-0.0872341183395198	0.726388670776725
-0.00902558496167273	0.0600082396015124
-0.0782917060651209	0.678941584971748
-0.090649629880092	0.726731781573901
-0.0148083760441598	0.117826156095626
