2960,2510,1891,7422,4638,7535,5345,4762,7565,4238,7621,2399,5669,1594,1938,3291,5590,991,7744,264,4591,3201,3269,6560,7878,7978,6129,3680,8092,6535,2122,2007,8215,4551,3991,8294,6742,5355,1467,5519,4490,5399,2645,3844,2916,1611,6306,4456,1757,6346,318,8442,3560,4641,5034,234,3987,602,338,641,8574,1112,1055,825,4205,2487,7119,5545,6848,450,8729,8829,8929,3600,4995,3985,9033,9133,4251,1356,9236,9336,2103,9440,841,6410,6895,4492,951,9564,9664,579,5452,6620,2374,1497,9805,5147,1057,9914
531,2525,1442,6730,5113,7536,5621,4338,7566,3596,7622,6448,3205,3340,617,1824,3447,847,7745,204,2169,3578,5299,5329,7879,7979,5196,1660,8093,1721,3078,2199,7482,4152,5425,7039,7084,4904,1733,4603,3793,3115,878,1470,741,1345,4286,2961,1340,4231,687,8443,1409,4974,5808,309,2832,1365,748,1007,8575,1864,1838,3761,2473,1702,7292,4778,4437,1031,8730,8830,8930,1916,4659,5645,9034,9134,3099,1690,9237,9337,3181,9441,1776,4515,5614,2775,4223,9565,9665,1097,3036,5505,4151,2278,9806,4044,2403,9915
1222,4380,2111,4209,4677,7537,2972,3515,7567,5183,7623,6487,5714,3915,2102,3792,3365,955,7746,195,5083,6651,2083,5017,7880,7980,4903,3384,8094,895,3496,2279,8216,5855,3289,7360,5377,3266,2547,5933,3794,5056,3475,4544,4018,2392,1959,6206,4008,4139,805,8444,2183,6563,912,285,1974,408,334,842,6975,839,1567,987,4006,773,8640,948,6525,2719,8731,8831,8931,1311,3049,2340,9035,9135,3514,3459,9238,9338,1123,9442,1695,1913,6373,2543,2878,9566,9666,648,3305,7079,4379,5478,9807,6824,5285,9916
1391,4317,2097,5405,3620,7538,1789,3582,7568,6845,7624,6773,4989,4250,1858,4019,4885,557,7747,186,4868,6189,5785,5190,7881,7981,5382,3450,8095,625,2158,2672,7483,5303,2566,6582,5456,4811,2964,5218,4071,4101,3467,4616,3381,3014,2455,5401,4195,4011,887,8445,2379,6004,811,302,2582,373,322,894,7089,1392,1830,1351,3779,996,8641,943,6111,3182,8732,8832,8932,1621,4033,3418,9036,9136,3980,2288,9239,9339,1003,9443,1731,3112,6793,3050,1159,9567,9667,683,2580,7030,3015,4007,9808,6722,2324,9917
173,256,243,598,815,2955,2062,3190,7382,4665,7625,7032,6818,3419,2997,1736,2868,5089,7748,481,6249,7018,5203,5524,7882,7982,5122,3850,8096,5185,3454,1012,8217,4271,1809,8295,8351,2463,1945,6125,2248,3313,3478,3593,1291,2032,4091,6783,2046,3508,2947,8446,4646,6829,1184,2384,2512,1173,342,1251,7453,954,1875,5235,3184,473,8642,2366,5154,4848,8733,8833,8933,2675,1485,3354,9037,9137,4163,3631,9240,9340,3006,9444,3505,5446,7191,4375,1267,9568,9668,1800,5993,7350,5255,6647,9809,3820,5902,9918
215,126,51,4,15,49,130,207,448,3113,7626,7424,6169,7248,7736,7740,5950,3159,7749,7844,7164,7847,6183,7072,7883,7983,8078,7269,8097,8192,7301,6361,8218,7130,6628,8296,8352,5952,7022,7133,6964,6893,7312,8406,6453,4121,6277,7171,6405,6743,8431,8447,5771,6935,7446,8556,6937,8564,8567,8571,8576,7174,7099,7502,8631,8637,8643,7105,8722,5712,8734,8834,8934,4022,7158,5657,9038,9138,6473,6139,9241,9341,6082,9445,7409,6886,9546,6475,9560,9569,9669,9764,6112,9769,6017,6654,9810,7416,5757,9919
891,1546,1130,4063,3815,7199,2152,1230,7569,3563,7627,5815,5719,5240,2140,4313,2001,1592,7750,565,3813,6819,1771,5495,7884,7984,3444,3210,8098,1732,1323,1766,8219,3016,5180,7307,6007,3029,1703,4307,3328,3592,2722,2275,1578,3531,2950,2831,4102,2803,1052,8448,2489,5697,1476,366,4552,454,410,399,6876,1294,1129,2302,2706,734,8644,2130,3935,3317,8735,8835,8935,2546,3421,3167,9039,9139,3770,4582,9242,9342,1517,9446,1273,3765,3796,3588,1110,9570,9670,966,2623,7230,4810,3982,9811,2200,4610,7377
181,248,327,698,1463,3652,3621,1704,7570,6030,7628,5281,4438,4329,3037,3967,4240,5318,7751,1622,5043,4461,5300,2879,7885,7985,3045,2727,8099,1586,2190,1572,8220,4723,4737,8297,6210,4257,2135,3134,4158,2518,2975,3387,5151,6205,4333,6641,3470,5134,3010,8449,2089,6583,477,485,4318,1255,969,1708,7454,3219,913,4012,3580,1260,8645,1935,6132,800,8736,8836,8936,2438,5045,1620,9040,9140,3611,3735,9243,9343,4906,9447,1154,1328,6684,1982,2210,9571,9671,1739,4918,4730,5882,812,9812,3603,2954,9920
268,148,83,19,10,26,101,170,306,1208,7629,7721,6066,5748,7737,7296,6375,6882,7752,7267,7477,7848,7334,6538,7886,7986,8079,6834,8100,8193,7395,6054,8221,7131,6961,8298,8353,6927,6522,8389,7311,6762,8404,8407,6529,5445,6562,6913,7153,5845,8432,8450,6368,7316,8551,6889,8559,7156,8568,7451,8577,7501,8625,6991,6689,6509,8646,8719,6334,6973,8737,8837,8937,4708,7511,6372,9041,9141,6993,7077,9244,9344,7349,9448,9540,6811,7037,7517,6856,9572,9672,7413,7325,9770,7162,7277,9813,7417,7420,9921
88,128,163,251,457,1141,1402,2331,6650,6231,7630,6754,6449,931,764,1163,4566,1678,7753,595,6140,4216,3690,5266,7887,7987,6718,4930,8101,2536,4487,3503,8222,4887,3544,7361,8354,4780,4744,5972,5737,3688,3346,5157,5444,2978,3554,5915,5232,4293,1658,8451,1937,5766,3055,2096,5734,1906,1279,1863,8578,3241,1976,6104,2787,1957,8647,3729,2398,2484,8738,8838,8938,6247,4585,2748,9042,9142,5041,5152,9245,9345,2783,9449,1900,5280,5145,5603,4388,9573,9673,2575,6214,6849,3888,6547,9814,4621,3804,9922
220,134,71,11,7,53,127,211,423,1950,7631,7294,7388,6907,6858,6285,7149,6733,7754,2592,7478,7849,7299,7392,7888,7988,8080,6409,8102,8194,6418,6093,8223,7304,7306,8299,8355,7397,7085,7399,7135,6911,7113,8408,7114,7253,6919,7314,7404,7116,7017,8452,7495,8544,7499,5858,8560,7098,6531,2930,8579,7407,3977,7176,6310,4548,8648,5311,7260,6592,8739,8839,8939,6838,6922,7027,9043,9143,7323,7515,9246,9346,9436,9450,5059,9543,9547,7518,6421,9574,9674,6697,7519,9771,6803,7124,9815,7354,6890,9923
949,3320,1013,4369,4499,7379,3717,3119,7571,2060,7632,4105,6024,2887,1821,2564,5333,684,7755,261,2545,6599,5676,6734,7889,7989,5962,3639,8103,1437,2431,2828,8224,6215,4676,8300,5251,3963,3226,4645,2353,5129,3414,4812,4613,2005,3541,6726,3403,5233,539,8453,1862,5585,829,355,3881,428,433,936,5991,1011,1100,1132,5167,1438,8649,1761,6041,3824,8740,8840,8940,1218,4982,1400,9044,9144,3866,4171,9247,9347,1378,9451,1047,3699,6585,2662,1134,9575,9675,429,3306,7414,3988,3946,9816,3723,2444,9924
69,96,140,191,319,757,1334,3637,6515,6049,7633,5710,5259,2940,535,4107,5077,5225,7756,393,6390,4495,3624,4571,7890,7990,5593,2461,8104,4891,4700,5103,8225,5055,5955,8301,8356,6151,5267,5108,5006,6039,5064,6173,4449,4082,1892,6788,5879,5498,1193,8454,1778,6660,4662,1332,5284,2052,1504,2522,7342,6110,4302,4749,3337,2464,8650,2703,3712,1096,8741,8841,8941,6166,6105,3978,9045,9145,4814,6392,9248,9348,5837,9452,2020,5244,3879,6021,3945,9576,9676,3154,6558,9772,1078,6917,9817,6089,6198,9925
331,1452,903,3768,2091,7127,2283,1881,7572,5688,7634,4311,6239,3609,514,3023,3567,642,7757,270,3370,6699,1987,5292,7891,7991,4526,3172,8105,1531,3125,1472,6847,5422,1564,6556,5765,3019,2095,3392,2307,4090,3186,3984,4486,2354,2105,5337,4483,3028,2191,8455,2583,4067,3054,397,1659,522,382,1541,7343,2320,3064,2696,803,1014,7458,2269,3093,3587,8742,8842,8942,4993,3897,5353,9046,9146,2738,3040,9249,9349,957,9453,1384,3552,6388,2449,2072,9577,9677,1407,4484,6745,4482,5547,9818,5531,3415,9926
4498,3106,2843,7534,4252,7539,3046,6575,7573,2427,7635,3394,6461,1979,2350,4041,4046,848,7758,267,4520,3044,2400,6735,7892,7992,5989,4045,8106,6528,1396,2373,8226,4087,2059,8302,6867,5568,1650,5514,4931,4844,3628,5515,4138,1393,6199,5937,2841,6268,299,8456,3246,5597,2619,227,3632,414,339,447,7500,1728,1074,853,4192,1762,7198,4857,6938,504,8743,8843,8943,3431,2892,3242,9047,9147,5296,1710,9250,9350,1505,9454,1566,5140,7091,4124,1075,9578,9678,499,5687,7351,1947,1741,9819,5949,1235,9927
445,849,830,2309,4473,7107,4910,4188,7574,1628,7636,4648,2778,3420,643,1136,4958,836,7759,487,3994,3217,3345,5922,7893,7993,4357,2271,8107,1363,3910,1298,4683,4672,4801,7073,6875,3705,1796,2141,4894,3869,760,2668,740,2871,2674,3522,3817,2066,3310,8457,2145,6052,2876,2000,3742,2241,975,1972,7138,2942,2692,837,970,644,8651,1093,1843,2434,8744,8844,8944,765,4255,5168,9048,9148,2316,5366,9251,9351,5671,9455,1054,2936,5372,3183,1927,9579,9679,1287,2189,6675,4328,5620,9820,3356,3302,9928
136,193,242,537,861,2768,1140,4690,7246,4965,7637,5554,6327,4794,571,3230,1713,2915,7760,394,2232,6527,3928,6123,7894,7994,4527,2705,8108,2827,3571,2048,8227,2470,6102,7308,8357,3385,4407,5304,3905,5228,2578,1433,5396,3412,1955,6630,4494,4584,4687,8458,4802,6770,2767,714,4568,909,774,1854,7319,5601,1932,2959,753,1700,8652,2797,4826,3409,8745,8845,8945,4295,2663,4387,9049,9149,5199,4218,9252,9352,4862,9456,1349,3077,6485,2855,2764,9580,9680,2425,1649,6950,3042,5825,9821,4976,5164,9929
544,2553,739,6134,3573,7466,4755,5609,7575,5954,7638,6203,4489,3943,658,1459,4190,754,7761,190,1570,6667,5861,3218,7895,7995,5629,3837,8109,5341,3169,3332,8228,4078,2782,7227,6266,4538,1939,5512,5322,3275,3177,4952,5653,1820,4056,4225,4634,3435,906,8459,2242,5234,851,398,1630,690,352,1758,7058,1447,2926,3223,4550,923,7506,1990,2689,2901,8746,8846,8946,1369,2684,1313,9050,9150,5761,5343,9253,9353,1462,9457,914,5397,6429,2965,706,9581,9681,759,2540,6930,1374,6035,9822,5384,4718,9930
146,82,64,6,34,98,169,311,1058,4170,7639,7187,7389,5693,6511,6100,6833,7431,7762,2417,7433,7850,5762,5775,7896,7996,7008,5830,8110,8195,3166,5717,8229,6687,7021,8303,8358,7009,6769,7134,4727,6606,6003,7444,6536,7402,5628,7214,6121,8428,8433,8460,8542,7255,8552,3789,8561,1915,2014,7147,8580,8620,6179,7503,6721,4373,8653,7241,5586,8726,8747,8847,8947,7157,6636,7159,9051,9151,6915,7222,9254,9354,9437,9458,4728,6905,6879,6569,4643,9582,9682,6232,7185,9773,6691,7522,9823,6970,9912,9931
468,1705,1301,2893,4028,7540,4184,4288,7576,5454,7640,3684,4549,1837,795,2642,4054,769,7763,192,4334,5216,6399,3955,7897,7997,5118,2222,8111,678,3342,1664,6934,5640,4714,6323,6193,1802,2224,3096,3089,3841,1319,3081,1615,2039,1527,3911,4272,2195,2156,8461,1461,6009,1616,449,1451,1147,420,1642,8581,1637,3618,5193,2365,674,7507,1032,5992,3048,8748,8848,8948,624,4685,5007,9052,7514,3818,5375,9255,9355,2208,9459,1520,3679,6673,3250,3565,9583,9683,1605,1784,6898,4919,5930,9824,6364,4219,9932
54,84,122,179,293,664,1318,3545,6294,5967,7641,6079,3436,5224,3264,4841,6349,5310,7764,491,3107,6755,6768,6561,7898,7998,6481,3983,8112,7015,2054,3532,8230,5469,6635,8304,8359,6841,3020,4452,1243,6096,3025,3725,6609,6610,4481,6120,7217,1609,1688,8462,5438,7317,4471,3996,5052,2390,768,3493,7173,1551,1477,2023,2814,3068,8654,4343,6904,1499,8749,8849,8949,4554,3777,4555,9053,9152,2652,5774,9256,9356,4559,9460,3865,5918,6284,2780,3748,9584,9684,2406,5994,9774,3543,6704,9825,6495,4816,9933
381,2231,1257,6430,3715,7541,4853,3936,7577,4382,7642,6505,3530,4448,523,2276,3024,979,7765,198,2521,3816,4736,5753,7899,7999,5100,1668,8113,1482,2903,2481,8231,3676,5316,6918,7487,3535,1808,4756,3117,3613,1082,1631,874,1549,3002,2057,1357,4264,864,8463,1596,5472,5965,337,2492,1507,732,1089,8582,2312,1890,4818,2616,1380,7372,4652,2992,882,8750,8850,8950,2757,4734,5602,9054,9153,2562,1431,9257,9357,2389,9461,2151,5681,5427,3032,5376,9585,9685,1250,2351,5851,4589,1569,9826,4400,2634,9934
223,340,466,1256,1724,4859,3295,4882,7469,5535,7643,3989,6160,3693,607,2736,3268,1777,7766,1729,3883,5968,1493,5170,7900,8000,3001,2869,8114,885,1486,2004,8232,3521,1750,7112,5527,2422,2414,6038,2953,4358,1978,1501,3537,3559,2733,6211,1727,3018,3174,8464,4434,5846,3007,1995,4642,594,1406,640,6763,3101,2294,3469,3686,974,8655,3451,3899,1373,8751,8851,8951,3846,4803,3773,9055,9154,1439,4694,9258,9358,4798,9462,1722,1791,5925,2479,2296,9586,9686,1385,5447,6341,2538,918,9827,3539,818,9935
162,219,255,671,1302,3215,2381,3753,7578,3285,7644,3290,6058,4509,709,4290,2856,4450,7767,471,5661,6638,5417,3960,7901,8001,2299,2429,8115,2388,2361,3461,5947,5580,5913,8305,8360,881,4320,2881,4938,4560,3520,4599,3261,3871,4402,6543,2826,1755,5684,8465,4624,5782,1492,799,2917,1632,724,2249,7369,4111,1787,5257,3130,411,8656,735,4845,1304,8752,8852,8952,2163,2385,2943,9056,9155,3825,4927,9259,9359,3848,9463,2255,2996,6501,3489,3619,9587,9687,2168,1754,6220,5466,5605,9828,3843,4913,9936
44,38,89,137,216,395,1102,3719,6959,6997,7645,7722,6095,7427,1684,7081,5578,1105,7768,813,6297,7851,7358,7065,7902,8002,7192,6736,8116,8196,7166,5496,8233,6604,3876,8306,8361,5551,6896,8390,6292,6659,6719,8409,3164,2934,5114,5663,5186,5104,5702,8466,3079,6936,1901,668,1868,1325,388,6175,8583,6624,5362,8627,3769,817,8657,2295,6992,3284,8753,8853,8953,1782,6956,6157,9057,9156,6180,5723,9260,9360,4867,9464,5784,6957,9548,5959,7038,9588,9688,6272,5984,9775,5819,7523,9829,9905,3889,9937
158,91,31,8,47,102,175,298,942,4514,7646,7723,6571,7331,5380,7333,6163,2840,7769,7064,7226,7852,6383,7212,7903,8003,8081,6204,8117,8197,6707,6037,8234,6539,6114,8307,8362,6442,6566,8391,6892,6540,6731,8410,6069,6165,5574,7142,6790,5368,8434,8467,6103,7496,3689,3334,3189,6471,3646,7452,8584,6138,6097,6903,8632,5340,8658,3479,6837,4946,8754,8854,8954,3803,7122,4832,9058,9157,6683,7206,9261,9361,5313,9465,7090,7160,9549,5387,7412,9589,9689,7244,5552,9776,5692,7524,9830,7525,5561,9938
124,174,237,427,859,2349,2716,2063,7383,6031,7647,6476,5416,6161,502,2711,4339,3900,7770,1072,6695,7853,4833,3661,7904,8004,1275,4004,8118,3304,4194,1518,6926,5894,5828,8308,7364,3597,1661,4731,5502,2754,1792,6457,1314,1922,4126,7172,2608,5793,5812,8468,5944,6564,4092,1289,4023,2212,814,1086,6229,5339,3468,2187,2770,1044,7459,2160,2867,1048,8755,8855,8955,4118,2265,4476,9059,9158,2627,2037,9262,9362,6106,9466,3262,1759,4839,5373,992,9590,9690,1953,3482,9777,5772,6159,9831,4884,2252,9939
586,1634,919,5367,3511,7467,3214,4416,7579,6181,7648,4030,4479,5540,1413,1535,2660,930,7771,213,1069,5011,4010,5179,7905,8005,2330,998,8119,3445,2084,1293,7439,2457,3000,8309,7338,2657,3708,3669,4772,1981,1506,1914,634,1604,1949,3930,5848,5721,819,8469,1813,6319,3339,357,1799,1063,464,1210,6976,4880,3389,3962,2450,618,8659,2630,4861,2640,8756,8856,8956,3110,2088,2129,9060,9159,3144,2607,9263,9363,5626,9467,1988,4348,6056,3379,4147,9591,9691,1330,1513,7462,4654,5553,9832,6029,3675,9940
86,37,68,61,123,183,333,937,2921,6265,7649,7724,7266,7428,4099,7063,4817,3207,7772,4785,5518,7854,7268,7096,7906,8006,7014,6092,8120,8198,6400,6094,8235,8290,6172,8310,8363,4017,6868,7488,5696,7042,5409,7366,3333,5588,5148,5901,6115,6357,7103,8470,2687,8545,2396,2243,3283,1845,744,6483,8585,5357,4635,7504,6493,1043,8660,2197,7510,5706,8757,8857,8957,4183,7512,4405,9061,9160,6133,6994,9264,9364,4636,9468,5386,6855,9550,6335,7078,9592,9692,5589,5647,9778,5909,7375,9833,7418,4421,9941
682,2821,529,2865,4767,7542,4784,4306,7580,6117,7650,5047,3589,3634,521,3630,5946,670,7773,304,5142,5271,3647,6025,7907,8007,4363,2524,8121,1068,646,1361,8236,3749,3895,5727,5028,1670,2488,5044,2622,5513,1714,2501,1264,4204,2264,2496,2503,5871,1127,8471,4244,6661,4116,889,5242,611,939,1715,7344,2300,905,4837,3527,1379,6955,3316,3685,826,8758,8858,8958,3966,3335,6207,9062,9161,3318,1876,9265,9365,3681,9469,1426,1571,7012,3542,855,9593,9693,1232,1534,7060,4717,1006,9834,6665,1207,9942
897,3666,1025,3867,3553,7543,1677,2257,7581,6576,7651,6839,5349,1557,1343,2637,5174,402,7774,199,4901,6588,5911,5492,7908,8008,5261,1742,8122,509,1568,3179,7302,5831,2127,6350,5856,3536,3934,5457,4088,4336,3027,2453,2173,1897,2024,5537,3703,2785,1483,8472,1930,6914,960,541,2343,425,370,1529,8586,2584,3147,4512,2380,685,8661,1125,6252,3287,8759,8859,8959,1236,5121,3213,9063,9162,3892,4374,9266,9366,1339,9470,1362,3494,6663,2979,1801,9594,9694,1347,2393,7352,4447,5328,9835,3128,2685,7527
1157,4232,1533,4830,4345,7544,3591,3060,7582,4999,7652,3004,5997,1191,1579,2292,5107,372,7775,290,2883,5877,5050,2773,7909,8009,2581,1640,8123,527,3256,561,4180,2735,2430,6456,5559,2565,2214,2969,4321,3003,3315,3568,1992,2886,2567,5600,4254,4986,4212,8473,1169,6076,1536,591,2529,484,362,1828,6835,4221,3442,4436,1509,525,8662,1176,5432,2976,8760,8860,8960,1977,3457,5294,9064,9163,4681,2952,9267,9367,2038,9471,1855,2842,5086,2641,843,9595,9695,1170,2732,6899,3642,5215,9836,6439,3875,9943
105,46,21,39,107,166,284,708,2408,6258,7653,7725,6524,2800,6463,7281,7051,6067,7776,1997,5491,7855,5788,6499,7910,8010,8082,8090,8124,8199,8211,2993,8237,4478,3640,8311,8364,7284,5489,6435,7040,7195,3731,6394,5758,4064,7054,7055,7228,7074,5098,8474,5670,8546,7143,3605,6308,4089,1008,4625,8587,7197,7229,7408,7239,3127,8663,6352,4909,1312,8761,8861,8961,4653,5560,7275,9065,9164,7348,4222,9268,9368,4792,9472,9541,9544,7374,6785,2693,9596,9696,7245,7520,9779,3094,7327,9837,6534,6832,9944
108,155,185,310,693,1692,1943,4332,7128,5698,7654,5351,6333,2377,1284,3706,3625,3898,7777,1539,5202,7856,1815,6318,7911,8011,945,2201,8125,6639,2175,1908,8238,5198,4070,8312,8365,4985,3754,4080,4200,4961,2801,4806,5465,2258,2490,5715,5749,5029,4323,8475,6174,5668,761,1084,3707,2155,407,2281,8588,1512,2948,3363,1964,771,8664,2973,6358,4556,8762,8862,8962,6330,4889,4065,9066,9165,3329,4970,9269,9369,5481,9473,2486,5834,6197,2974,3736,9597,9697,1122,3914,9780,5920,1420,9838,5735,5953,9945
203,247,344,1117,2121,4698,4596,5258,7583,3220,7655,5177,6366,3733,1137,2776,4612,4243,7778,1753,5951,4960,4079,4096,7912,8012,4431,2311,8126,783,1746,1359,8239,5394,4423,8313,6490,2858,1926,5595,3763,5650,2209,3874,5252,3140,2995,5916,1911,5109,2679,8476,1940,6427,5229,877,4781,326,1471,462,8589,1285,533,1643,3153,1633,8665,3840,5480,3076,8763,8863,8963,5434,4996,2090,9067,9166,2174,1550,9270,9370,4876,9474,1237,3429,4539,2034,2383,9598,9698,1156,3549,5800,3047,1888,9839,6374,3136,9946
77,30,132,58,117,178,312,807,2648,6273,7656,5635,6794,5637,745,6587,7232,4764,7779,1004,7052,7357,6717,7282,7913,8013,6384,4352,8127,4805,2334,5302,8240,6170,6825,8314,8366,6710,6313,6237,5860,6491,6853,6912,6681,5433,4522,7215,5667,7066,5106,8477,6642,7205,4475,5460,6351,4068,2560,4274,8590,6379,4786,6830,6246,1847,8666,5124,6014,1707,8764,8864,8964,6897,6289,6646,9068,9167,6514,6474,9271,9371,6302,9475,3827,5672,6494,7048,3948,9599,9699,6396,5718,9781,5898,2864,9840,7050,5095,9947
120,172,222,426,978,2355,2116,1177,7384,7356,7657,7209,6716,3341,1172,5381,6342,731,7780,540,5483,7857,2680,6933,7914,8014,4459,3163,8128,1717,4262,3760,8241,6572,6403,7167,1247,4856,5471,5927,3517,5219,4211,6051,5253,2306,3626,6567,3225,4673,5880,8478,1591,6130,3711,720,4442,615,794,3092,8591,2424,5058,4417,2244,778,8667,1310,6387,5476,8765,8865,8965,4367,4095,6600,9069,9168,5308,6176,9272,9372,1183,9476,981,4268,9551,4371,2471,9600,9700,2469,2620,9782,1737,6548,9841,4758,3108,9948
1087,4607,1698,3585,2799,7545,893,667,7584,5790,7658,4085,6001,1944,1249,2758,4911,545,7781,353,5617,6594,2671,6101,7915,8015,3171,3095,8129,614,3270,779,4752,4858,2167,5504,5128,2218,1338,5061,3359,3809,2602,5342,3374,3716,1941,5630,5015,4680,3180,8479,2022,5679,1720,553,4273,573,292,1751,6884,2609,2655,3011,1398,834,7120,1065,4315,2745,8766,8866,8966,2132,3864,4875,9070,9169,1923,2720,9273,9373,2164,9477,1719,2165,3811,2437,997,9601,9701,1329,4782,6658,4299,3616,9842,5773,3307,9949
933,3942,1454,4696,2539,7380,5494,5439,7585,6316,7659,6348,2698,3067,1887,2781,3473,418,7782,205,2308,5899,6262,5777,7916,8016,2591,2055,8130,2507,3191,1174,6135,5143,3558,7362,7169,3764,629,4443,3750,3397,2219,5414,1857,1934,2910,3200,4761,4066,2391,8480,961,6550,916,512,4040,722,317,2559,7320,4117,1866,5576,1723,409,8668,612,6703,1912,8767,8867,8967,1427,3458,4529,9071,9170,3981,3971,9274,9374,1155,9478,2746,4834,4516,3696,1326,9602,9702,555,3829,5188,3326,5752,9843,6084,4629,9950
157,241,295,886,1680,4664,4038,6248,7586,2643,7660,4738,4608,5096,1636,4632,5194,4699,7783,278,4525,7007,5839,6149,7917,8017,6141,4385,8131,4386,1685,3343,8242,6433,3330,8315,6670,3964,2977,5821,2215,5608,1954,5906,5720,2259,2762,6419,3670,5270,1197,8481,4161,6791,1673,707,4936,476,379,1412,6784,940,1180,1841,3653,2447,8669,2866,1424,3247,8768,8868,8968,1884,6632,1195,9072,9171,5070,4419,9275,9375,2661,9479,1773,4788,4907,4988,2323,9603,9703,452,5363,9783,3161,4815,9844,6621,3986,9951
196,289,296,637,1213,2572,3872,3272,7293,6406,7661,5975,5025,2436,1867,2704,1410,1738,7784,1240,802,6402,2194,4706,7918,8018,5273,4199,8132,5038,2650,2998,8243,5926,5976,8316,7365,2176,1453,1288,1358,3901,2659,2446,3206,1088,2786,3682,6329,2274,3878,8482,1229,4462,1353,1061,3378,2394,1543,1515,8592,1986,1188,4724,3947,1665,7322,2845,5238,1851,8769,8869,8969,2188,5654,4145,9073,9172,3487,5451,9276,9376,4779,9480,2211,4430,5032,528,3687,9604,9704,1162,3576,5360,6438,6107,9845,1931,5149,9952
363,1219,892,3700,3667,6951,1667,4743,7587,3455,7662,5436,5295,4655,588,1336,2082,1262,7785,276,2028,6945,5336,4229,7919,8019,3657,2303,8133,2418,1871,2638,6820,1844,2341,7337,6910,1366,3088,3836,2691,1691,2849,3221,4031,1258,2327,5844,3913,4562,2092,8483,5210,6688,2626,446,1743,2043,413,1253,6799,4187,1873,3349,1070,358,8670,2407,1869,3622,8770,8870,8970,4627,3069,3601,9074,9173,4201,4978,9277,9377,1151,9481,2370,4269,3135,1468,3751,9605,9705,968,2068,6122,5163,5642,9846,4615,4176,9953
1091,657,1377,3012,5009,7468,5256,1064,7588,6317,7663,1819,6018,3916,2322,2030,2456,1278,7786,518,5468,4924,4534,4427,7920,8020,5236,1836,8134,820,2335,1593,7440,5682,5914,7485,5649,2962,2239,2766,2345,3861,932,2475,1397,4726,1641,4716,3738,3100,2225,8484,4032,6274,1280,374,1227,1202,436,2725,8593,846,2899,6196,2344,431,6977,1190,3160,2932,8771,8871,8971,2817,2612,1491,9075,9174,2119,4112,9278,9378,4172,9482,650,3506,3525,2419,1581,9606,9706,1286,2017,6676,3499,5613,9847,5606,4703,7528
165,229,329,613,1133,2412,3805,4149,7200,5713,7664,6780,5936,2006,1805,3787,3448,2702,7787,572,4236,6597,1185,6741,7921,8021,6812,850,8135,1138,1971,1998,8244,2712,5153,8317,7288,5171,4039,1985,5204,4748,1942,858,4203,6513,3965,6034,1135,4341,2632,8485,6378,7068,1341,2236,2289,1283,752,1580,8594,1883,3677,5473,2237,860,8671,1186,4457,2862,8772,8872,8972,1457,5371,5053,9076,9175,1963,3638,9279,9379,3056,9483,835,4975,6321,2838,3608,9607,9707,2251,5850,9784,5929,6257,9848,5740,2508,9954
320,548,275,2221,1224,6043,1552,4631,7589,5674,7665,5291,1910,4957,1045,2815,4164,5592,7788,235,2726,5408,4510,5127,7922,8022,4633,2413,8136,5383,2919,1672,8245,4949,4210,8318,4684,2013,2495,6011,1276,5400,3471,5506,3061,4131,3604,6081,4576,1745,790,8486,3212,4754,1422,827,5067,1382,343,2015,8595,1559,1669,5019,5212,1282,8672,1849,6537,2579,8773,8873,8973,1996,5022,620,9077,9176,3635,5305,9280,9380,5680,9484,663,4445,6612,2287,915,9608,9708,1036,4465,6422,2760,4597,9849,5413,5156,9955
214,286,345,1095,1090,4120,1225,5673,7590,5290,7666,5636,6032,2359,1059,3853,5184,2171,7789,772,4198,3138,2528,2333,7923,8023,4460,3464,8137,6756,3162,3460,8246,2848,4668,8319,8367,3822,1958,4874,4540,3035,2933,5024,415,2108,2872,5822,2850,5289,977,8487,2267,6340,2555,1108,4553,1428,742,2894,8596,2440,1481,2707,3902,1924,8673,3080,3931,2192,8774,8874,8974,4828,1919,2710,9078,9177,1561,5402,9281,9381,1152,9485,1205,2382,4829,5200,1322,9609,9709,1248,5813,7061,2157,3203,9850,1967,2554,9956
944,4337,1002,3741,5277,7546,2499,1744,7591,5809,7667,6113,6431,1629,2110,2357,2699,424,7790,240,3449,5963,5701,4477,7924,8024,3709,3208,8138,606,1584,2611,6874,3557,2558,6573,6234,2673,4042,4202,3485,3940,3192,2527,2021,2018,1415,5074,5018,3165,1503,8488,1747,6444,688,681,2935,451,387,1870,7455,1886,3671,2779,2369,585,8674,1734,5760,3780,8775,8875,8975,2534,2741,1625,9079,9178,3847,4997,9282,9382,2049,9486,1850,2217,6224,2885,993,9610,9710,988,3352,6880,3819,4468,9851,3443,3168,7183
56,73,112,159,245,493,927,2613,5903,5610,7668,6760,4059,4914,1124,4053,6074,2106,7791,632,6850,7858,4242,5942,7925,8025,6044,5014,8139,5638,3845,2216,8247,2107,6191,8320,8368,4712,2670,6891,5807,6059,4048,5842,2970,1403,4546,5507,4393,5161,4265,8489,6245,7146,2796,3747,5704,3561,746,2984,6929,4928,3097,6156,2588,873,8675,4162,4797,2172,8776,8876,8976,3033,6466,4600,9080,9179,6126,5958,9283,9383,6146,9487,4713,5046,7223,5526,5060,9611,9711,2805,5908,9785,6414,5141,9852,6779,5835,9957
184,260,277,551,726,2938,4878,1009,7247,3132,7669,5961,5555,2143,1430,3972,4319,2509,7792,1699,6091,7110,3373,4521,7926,8026,2511,3648,8140,2625,2614,2870,8248,2812,5900,8321,5695,2445,2667,6243,4650,3386,3906,2339,5334,2906,3141,4981,489,4667,5144,8490,5246,5794,3583,700,862,965,608,1018,6823,2347,1077,3509,4626,947,8676,3998,1903,3149,8777,8877,8977,4073,4947,4324,9081,9180,1968,5404,9284,9384,3187,9488,1623,2896,6593,896,4360,9612,9712,2498,6016,7003,4578,4808,9853,2937,5428,9958
649,1878,1039,3129,4179,7381,1521,1203,7592,3360,7670,3830,6182,2474,380,2253,3276,662,7793,503,2067,5878,2718,6217,7927,8027,4864,3197,8141,926,2913,1834,6652,5051,2587,7442,4973,3116,2601,2263,2342,4604,3615,3949,2809,1444,2270,6470,4228,2743,5181,8491,5565,7057,798,610,2628,1735,257,1679,6702,3071,3518,3778,1435,542,8677,776,2729,3052,8778,8878,8978,1929,3664,4766,9082,9181,3252,4558,9285,9385,1488,9489,2025,2912,6098,1181,2073,9613,9713,1583,3319,5824,5008,4260,9854,2810,4493,6503
475,2081,710,2293,3882,7547,3870,3937,7593,4720,7671,4327,4106,2701,879,1823,4047,442,7794,180,3425,4863,6425,4977,7928,8028,5026,2740,8142,1211,3465,2426,6989,5847,4710,6909,6615,3026,3098,2179,3550,3766,1647,3776,2045,1523,2040,5656,5419,2410,788,8492,1265,6070,1198,421,1494,1166,439,1780,7290,1825,4057,5136,1299,675,8678,1686,5935,3623,8779,8879,8979,508,4557,4146,9083,9182,4050,5888,9286,9386,2835,9490,1852,4488,6601,2708,4745,9614,9714,1511,2228,5866,4620,6363,9855,4725,4881,9959
59,23,72,92,149,244,510,1696,4860,6942,7672,7330,6236,7473,2888,7109,5810,4656,7795,2792,5393,7859,5869,7875,7929,8029,6577,6656,8143,8200,5726,5293,8249,6171,6142,8322,8369,3586,6826,8392,7340,6482,6640,8411,4827,5120,3502,7010,6616,5499,6187,8493,5532,7497,1962,686,2688,2233,517,6131,8597,4364,6325,6436,6967,1242,8679,2087,8723,4115,8780,8880,8980,1865,6380,3308,9084,9183,6020,6584,9287,9387,4074,9491,6147,4963,9552,5441,6664,9615,9715,6065,4193,9786,6000,7376,9856,7182,6901,9960
200,400,526,1752,2723,6048,2137,2724,7594,6545,7673,6766,3655,2548,330,1785,4119,1411,7796,233,5260,4984,5195,5314,7930,8030,5217,3278,8144,1389,3124,2541,8250,5464,4226,8323,7283,2035,3808,5804,4593,4895,2482,4661,4399,1612,3321,4412,3961,4579,1344,8494,3030,6213,1524,727,4267,1663,677,1495,8598,1401,2649,3008,2041,902,8680,2019,1768,1469,8781,8881,8981,786,2624,1848,9085,9184,4208,2514,9288,9388,2734,9492,1811,4563,5546,3814,3957,9616,9716,1480,4583,6866,4178,5814,9857,3581,4501,9961
55,74,125,151,238,438,1098,2435,6078,6504,7674,6235,5802,3237,4224,5781,6622,1187,7797,2682,6276,7860,6925,3990,7931,8031,6859,6860,8145,3710,5084,4535,8251,5904,5288,8324,8370,5356,5990,6452,2790,6852,3434,6154,6250,1654,3641,6477,5223,5891,6828,8495,2093,4122,1464,3856,2042,1530,901,3296,5833,5430,4034,1408,3279,478,8681,1832,6300,5780,8782,8882,8982,4135,5917,5040,9086,9185,5137,6916,9289,9389,1783,9493,3774,4663,6389,5175,5075,9617,9717,4123,6336,9787,6127,6108,9858,5076,6143,9962
1726,3880,1763,4305,4422,7548,3260,4361,7595,4804,7675,6586,5816,3885,2229,3800,3997,828,7798,208,4266,6589,3062,4892,7932,8032,5862,3231,8146,925,3388,2207,8252,5931,2557,7287,5479,3466,2700,5037,3886,4765,3674,4742,4186,1965,1810,5754,2802,3926,856,8496,2193,5633,1030,291,1600,376,308,736,7370,908,1554,1817,3912,627,8682,1094,6532,3566,8783,8883,8983,1405,3234,2012,9087,9186,2897,3235,9290,9390,920,9494,1652,2184,6290,2348,3082,9618,9718,863,2860,7092,4444,5146,9859,6502,3547,9963
3245,3516,1879,7423,6454,7549,5463,6486,7596,3890,7676,3157,7139,2898,2421,4197,4691,1015,7799,246,5117,3433,3826,6623,7933,8033,5611,2980,8147,4076,1171,1233,8253,5319,5286,8325,5977,3051,2077,4992,3477,4598,2505,4084,3737,3173,5618,4905,2206,6544,360,8497,2181,5449,4359,316,5173,384,300,498,7189,1364,577,636,3944,2166,7104,5359,5691,729,8784,8884,8984,4154,5516,4303,9088,9187,4533,1608,9291,9391,1894,9495,1024,5664,6088,3481,938,9619,9719,506,4037,6900,3277,1387,9860,6447,857,9964
2026,4469,1960,6931,5035,7550,5138,5388,7597,4002,7677,4763,6398,5462,2080,3668,5178,609,7800,225,4253,5335,2666,5484,7934,8034,5410,3139,8148,1296,1859,1618,8254,5599,4567,7033,6303,3299,2104,5666,4130,4825,2358,4575,3232,2280,4623,5429,2791,6269,562,8498,2196,4237,3104,250,4572,406,348,630,6428,1390,666,755,3720,1414,7508,2098,6458,1067,8785,8885,8985,2375,5092,3102,9089,9188,4312,2086,9292,9392,1144,9496,1653,5169,6801,2635,1274,9620,9720,459,3244,7463,4300,1839,9861,7125,1666,9965
4704,2065,985,6393,4284,7551,2694,1376,7598,3495,7678,2153,6846,1261,922,3999,3831,5729,7801,282,6010,3917,2825,6512,7935,8035,5786,973,8149,5237,1080,822,7484,4649,6185,7486,7194,1020,1544,3090,4297,3832,1386,3938,5097,5231,2750,6810,4160,5520,347,8499,5530,4408,4647,900,3644,1484,866,737,6771,1562,336,616,2497,2506,7121,2250,3721,359,8786,8886,8986,6201,5213,3383,9090,9189,4628,3021,9293,9393,6042,9497,1079,5500,6595,3105,1308,9621,9721,689,5928,7276,5111,984,9862,4945,1946,9966
1041,1840,2186,6596,4426,7552,5010,5615,7599,924,7679,1355,4189,2987,335,4543,4959,4587,7802,833,4504,2853,1545,5648,7936,8036,5398,1779,8150,3362,1217,1417,6861,3785,4707,8326,6441,1306,1316,2653,3795,3833,2404,3772,1907,5683,3594,4523,6019,4831,430,8500,4935,6520,6551,1246,4378,717,680,492,7258,1842,552,810,3497,1794,8683,4114,2460,883,8787,8887,8987,4155,1478,2535,9091,9190,4235,5658,9294,9394,2550,9498,962,3654,5415,2999,639,9622,9722,412,4398,6264,5801,3523,9863,5539,2147,9967
1023,4325,2483,6057,4083,7553,2247,3781,7600,6354,7680,6877,6295,6162,921,3240,4108,482,7803,197,2695,5566,3579,5743,7937,8037,6508,2504,8151,1904,3211,4166,8255,5315,3239,7443,5886,3924,2859,5119,3802,4411,3281,4021,2599,1167,2816,5101,2364,4377,635,8501,1905,5508,1368,283,1975,574,443,416,7035,1508,2128,1651,4344,986,7509,1601,6301,1833,8788,8888,8988,1327,4896,4531,9092,9191,3932,2759,9295,9395,672,9499,1489,2939,6714,2794,2260,9623,9723,705,2401,6413,3683,5276,9864,6729,2468,9968
350,1354,1352,5016,4682,7208,1711,3556,7601,6693,7681,5826,6678,4670,758,2747,5063,676,7804,297,5421,6408,2765,5859,7938,8038,5324,2836,8152,2074,2654,3058,8256,5503,5221,7144,4879,2593,3416,5426,3017,4693,3636,4920,4433,2784,3858,5352,4415,4354,547,8502,3198,5158,1603,274,4497,576,679,694,4962,1037,1228,483,4182,1872,8684,3908,6744,956,8789,8889,8989,2053,2664,5331,9093,9192,3229,3195,9296,9396,1238,9500,762,5247,5533,2752,1337,9624,9724,505,4156,7161,5453,4536,9865,6296,4027,9969
797,1770,692,4719,3662,7554,2346,1164,7602,5392,7682,5189,5980,3432,1575,1560,3993,785,7805,272,5448,6391,5474,4855,7939,8039,4511,2109,8153,2895,1614,2927,8257,3238,5791,7309,5139,4278,3610,2595,2177,4435,2079,3758,4586,4165,3950,6186,5012,1814,1656,8503,2756,6611,432,661,2971,1001,593,1106,4103,749,1221,665,5370,1925,8685,1073,4888,4428,8790,8890,8990,558,4277,1980,9094,9193,4052,4619,9297,9397,2788,9501,868,3498,5440,2290,1421,9625,9725,1028,3155,6381,4316,3756,9866,4127,3744,9970
1315,3739,1516,5820,4835,7555,2238,3323,7603,6685,7683,6881,5988,4480,1812,2742,4729,453,7806,212,4800,6355,4770,5542,7940,8040,5998,3073,8154,1114,2227,2819,8258,5970,4113,7083,6401,4669,2126,4466,4005,4372,2941,4424,3322,1360,1969,5048,3862,4651,777,8504,1445,6307,1042,301,3453,390,401,597,7190,1241,1375,1671,4132,782,8686,1300,6288,2533,8791,8891,8991,963,5099,2877,9095,9194,4530,3551,9298,9398,875,9502,1599,3884,5571,3233,1657,9626,9726,655,2890,6816,4972,5573,9867,5435,4075,7529
716,5220,1465,6613,3555,7556,2310,2904,7604,5973,7684,5979,6062,3427,1085,2861,5326,530,7807,294,5361,6497,5455,4622,7941,8041,5488,3380,8155,3438,1416,1803,8259,5612,3923,7363,5887,2433,2596,5528,3396,3417,3891,4322,2891,2847,4214,6278,3801,5836,623,8505,2633,6055,569,332,4233,852,645,871,2985,1498,838,391,4688,1893,7240,2262,5823,1269,8792,8892,8992,1425,3877,4581,9096,9195,2957,3562,9299,9399,2491,9503,911,4588,3059,3570,560,9627,9727,580,4207,6746,2715,5155,9868,5205,3085,9971
2011,4890,2454,7126,4799,7557,2761,5165,7605,5042,7685,5407,6432,4873,2266,3548,5088,435,7808,281,5030,5811,4174,6263,7942,8042,6286,3491,8156,2368,1760,2367,8260,5627,4485,7310,5001,3590,2268,5418,3702,4898,3440,4933,3406,2099,4292,5003,3759,6086,422,8506,1895,5787,1307,262,4524,365,460,417,6748,1150,660,583,3404,2047,7274,2873,6728,1005,8793,8893,8993,1806,6395,3672,9097,9196,4606,1928,9300,9400,1021,9504,910,4637,6083,3612,972,9628,9728,465,4081,6982,4169,2902,9869,7224,1645,9972
1537,4098,2061,6382,5131,7558,1626,3143,7606,6128,7686,6488,6480,5694,2150,3390,5004,546,7809,228,4980,6614,3274,5943,7943,8043,5803,3086,8157,1139,1816,2728,8261,5607,3746,7145,5470,3807,2914,5378,3925,4541,3651,4953,4383,2502,2669,6026,3918,5123,582,8507,1874,6027,982,273,4133,328,396,463,6764,1101,808,723,4500,1547,8687,2234,6077,2246,8794,8894,8994,1475,5327,3584,9098,9197,4614,3175,9301,9401,1046,9505,1179,4003,5087,2931,1175,9629,9729,519,3364,7326,4301,4709,9870,6758,2569,9973
176,303,405,1116,2590,5374,2291,2480,7470,6669,7687,7005,6943,3133,831,3743,4900,592,7810,313,4173,7211,6559,6549,7944,8044,4893,3437,8158,763,3009,3512,8262,6190,3976,6787,6242,2658,3775,4821,3353,4298,3694,4308,2908,1532,3492,5584,3649,5057,2744,8508,2319,6530,1989,458,2517,534,386,1525,8599,3732,3842,5279,1487,556,8688,1786,3691,4134,8795,8895,8995,1775,5477,6005,9099,9198,4819,5187,9302,9402,1245,9506,1725,4472,6940,2432,2830,9630,9730,1270,2213,7353,5239,4542,9871,4912,4350,9974
1206,3812,1350,5741,4697,7559,2204,2839,7607,6677,7688,6761,5690,4923,2027,2968,4951,495,7811,201,4241,6424,4355,5744,7945,8045,5594,3303,8159,1143,1798,3361,8263,6281,2644,7168,5956,5091,3227,5283,3854,4061,3348,4639,3402,1831,3083,5738,3740,4000,701,8509,1429,6445,976,288,2205,351,369,575,7069,1120,1259,1458,4206,971,8689,1648,6282,2804,8796,8896,8996,1271,4024,2448,9100,9199,4618,3236,9303,9403,1051,9507,1635,4029,6260,3202,1994,9631,9731,628,2966,6974,3974,6023,9872,6209,3145,9975
188,305,377,1216,854,4590,1466,5130,7608,2963,7689,1882,4942,2124,383,4601,4055,2956,7812,271,4990,6740,4644,5023,7946,8046,4410,4036,8160,6776,3483,2863,8264,4747,1983,8327,8371,3176,3271,1223,4843,1272,3300,1807,4545,2476,3726,5779,3426,5033,2466,8510,3474,6194,2285,928,2329,1936,604,1860,8600,2924,3109,5020,524,1450,8690,1455,809,3398,8797,8897,8997,5346,4397,2056,9101,9200,4015,2857,9304,9404,2749,9508,1898,4948,6541,2771,2297,9632,9732,2824,5776,5689,5591,4793,9873,4852,4741,7378
659,1309,1033,4310,4783,7560,2928,1880,7609,5548,7690,2686,4086,876,472,3979,3821,691,7813,578,4570,2753,5843,4025,7947,8047,4775,2395,8161,501,2854,1774,5639,4851,4217,6291,4230,2202,2284,1793,2064,2717,2571,3411,2820,2148,2182,5497,3970,3665,3178,8511,1689,6631,2452,1252,2094,832,713,1446,8601,3228,2813,1956,2286,1081,7460,787,2178,2305,8798,8898,8998,804,2387,4432,9102,9201,3528,5312,9305,9405,1587,9509,791,3904,5747,1885,2185,9633,9733,1244,2905,6261,3786,5756,9874,4215,5072,9976
325,171,106,29,3,12,79,144,258,792,7691,7471,7472,7210,6795,7297,7129,6367,7814,7082,7298,7861,7019,7150,7948,8048,8083,7151,8162,8201,7481,7213,8265,7251,7252,8328,8372,7170,6796,7489,7491,7204,6864,8412,6809,6701,7403,7254,6883,8429,8435,8512,7067,7256,8553,6200,7448,5759,6228,7272,8602,8621,7175,7259,7321,6836,8691,8720,7261,8727,8799,8899,8999,6713,7026,7513,9103,9202,6815,6885,9306,9406,9438,9510,6996,7028,9553,9558,9561,9634,9734,7207,6765,9788,6983,6984,9875,7279,7265,9977
41,50,114,142,230,440,1204,3519,6385,6749,7692,7280,6033,7734,3087,6337,6518,1526,7815,669,5827,7862,7436,6988,7949,8049,7437,5806,8163,6053,5870,5437,8266,7441,5874,8329,8373,6574,5932,8393,5905,6287,5379,8413,3074,4051,4847,6046,4966,5733,2697,8513,3627,6953,1993,619,3355,967,536,2621,8603,1797,5685,4342,6831,2159,8692,3057,6814,2606,8800,8900,9000,929,7177,4283,9104,9203,6579,4675,9307,9407,4695,9511,5344,6800,9554,5587,5948,9635,9735,2411,5651,9789,5634,7286,9876,9906,3259,9978
109,40,13,27,93,153,269,747,3185,7387,7693,7726,7732,6774,7429,4409,5751,7432,7816,844,7434,7863,5893,6360,7950,8050,7438,4191,8164,8202,2112,3929,8267,7396,6192,8330,8374,5857,5832,8394,6797,6177,3893,7141,7401,8422,6063,7315,6894,7024,8436,8514,6843,8547,8554,7075,8562,2585,1194,4455,8604,8622,1683,7505,8633,6963,8693,5703,4617,7220,8801,8901,9001,9029,6311,7461,9105,9204,6320,9233,9308,9408,7324,9512,1822,5391,7263,6188,2945,9636,9736,3602,7521,9790,7045,9802,9877,6986,7526,9979
202,323,367,1346,2416,5348,1542,5732,7610,5699,7694,5708,4565,5297,538,2925,4983,4330,7817,346,5207,6767,4440,4883,7951,8051,3366,3357,8165,1921,2405,2604,8268,5227,3797,8331,4181,1371,2618,5897,3784,2298,3371,4248,3194,1553,2085,6789,1582,4517,990,8515,5644,6757,4247,488,2443,784,444,1748,6492,2988,3254,5211,2220,899,8694,3148,3577,3546,8802,8902,9002,5347,4001,4739,9106,9205,2681,3367,9309,9409,1017,9513,1423,3123,4916,3722,2016,9637,9737,712,4420,6397,2982,1877,9878,5112,4840,9980
570,888,349,3150,3834,6932,3954,4897,7611,5707,7695,6144,6148,3887,1066,1558,5054,4125,7818,321,5742,3151,4836,3501,7952,8052,1918,1220,8166,2180,959,2235,8269,2318,3114,8332,6267,5330,3598,6244,1718,4467,3859,3564,5493,3347,2134,6737,1899,651,1404,8516,1268,6227,564,4069,2951,2071,467,581,7196,4285,2852,3852,4110,654,8695,3480,3713,3504,8803,8903,9003,2161,890,3126,9107,9206,3111,5941,9310,9410,3718,9514,1113,1693,5641,3849,507,9638,9738,733,5116,4446,2946,6467,9879,4732,4722,9981
167,259,356,953,1991,4537,5307,516,7385,5750,7696,5562,6686,1034,801,6338,1460,1040,7819,2531,6240,3428,2573,4771,7953,8053,3540,2610,8167,1639,2552,1131,8270,5105,4991,6751,6305,2036,2929,5543,4692,1165,3513,3953,4594,5458,1443,6500,5643,3839,5864,8517,2651,6888,2315,554,1706,1456,1324,775,7044,5159,1676,4014,1109,1121,8696,2198,4987,3405,8804,8904,9004,4929,4150,2526,9108,9207,3941,5966,9311,9411,5510,9515,622,5570,6802,1624,1192,9639,9739,2125,5631,7013,5838,3393,9880,6759,5486,9982
135,66,22,16,70,131,218,375,1370,5722,7697,7425,6090,6998,7071,6840,4666,3013,7820,5487,6908,7864,6253,7876,7954,8054,8084,7359,8168,8203,7336,6484,8271,5763,5027,8333,8375,6724,6136,7400,8400,8402,7493,7237,5490,3659,7367,6920,4721,4109,7087,8518,5829,6727,3188,7000,4595,6798,2439,4944,8605,3369,6578,2402,6565,5390,8697,5892,6711,4605,8805,8905,9005,4346,4849,5115,9109,9208,6015,5889,9312,9412,6479,9516,6625,6353,7285,5686,6637,9640,9740,9765,5254,9791,4256,7278,9881,6978,6312,9983
65,111,156,249,474,1297,2772,5910,7108,7329,7698,7727,5725,6407,1474,5511,6581,934,7821,434,4401,7865,6782,7300,7955,8055,5969,5982,8169,2261,5817,4291,8272,6947,5475,8334,8376,4280,6145,6827,5572,6339,5264,6854,3855,2051,3338,6902,2731,6420,3005,8519,2458,6844,2131,496,2834,793,307,3456,8606,3606,5728,6672,3595,590,8698,1519,7346,4932,8806,8906,9006,1712,6523,4532,9110,9209,5243,4592,9313,9413,1563,9517,3607,5739,7059,4922,4148,9641,9741,2513,3084,9792,6230,6533,9882,7355,5079,9984
361,1062,1016,2798,2420,6806,4871,3399,7612,6099,7699,5987,4519,2273,1049,4394,3933,631,7822,217,5501,5716,5789,5623,7956,8056,5160,3121,8170,869,2570,3484,8273,4609,3507,6124,6451,1441,1320,4865,3575,4026,2070,4353,1215,4908,2008,2909,4561,4049,2485,8520,3249,5509,515,647,4282,964,626,2010,4971,1709,1765,1342,2459,1277,8699,697,5945,3066,8807,8907,9007,1019,2537,3486,9111,9210,1565,5068,9314,9414,4491,9518,2441,2676,5522,3752,2397,9642,9742,767,4104,6969,2944,3909,9883,6602,2240,7530
104,141,189,314,559,1577,999,1644,6987,2789,7700,5724,6952,4611,907,4439,4157,2277,7823,2586,5883,6887,4128,5981,7957,8057,6468,4441,8171,3382,4474,1440,8274,6440,6464,8335,6645,3152,3452,3574,5646,5081,3857,4159,6404,2949,1158,6869,2958,3614,7056,8521,4404,7218,1418,638,2325,1182,589,1367,8607,3038,1619,4956,2520,867,8700,1573,2730,4453,8808,8908,9008,5940,5655,3714,9112,9211,4020,2493,9315,9415,5214,9519,1835,4757,4917,2677,3422,9643,9743,4097,6657,5985,5467,6293,9884,6723,4955,9985
232,138,63,9,14,36,113,182,368,2058,7701,7728,7062,7295,7738,7476,6507,3939,7824,7225,7249,7866,6706,7111,7958,8058,8085,6747,8172,8204,8212,6644,8275,7132,6002,8336,8377,6068,6725,7490,7492,6607,6842,8414,6060,6119,6965,7494,7154,6426,8437,8522,5365,7405,7447,8557,7449,8565,8569,8572,8608,7457,7371,7076,8634,8638,8701,7036,6465,7046,8809,8909,9009,3919,6792,5854,9113,9212,6871,6315,9316,9416,6347,9520,7178,6618,9555,6981,9562,9644,9744,9766,5796,9793,6028,7070,9885,7464,5632,9986
62,33,76,95,160,266,584,1829,5332,7201,7702,7426,7095,6781,1585,7006,5852,2100,7825,4451,6455,6775,5622,7335,7959,8059,5873,6184,8173,5778,6519,4657,8276,7101,5971,8337,8378,5066,5364,8395,6804,6608,6629,6972,6012,2462,4773,7016,6377,5369,7043,8523,3273,7318,2515,865,1662,1292,1682,3075,8609,6195,3424,7219,4309,983,8702,1769,6072,6712,8810,8910,9010,1970,6870,6662,9114,9213,6696,7002,9317,9417,5182,9521,3372,6359,7516,5094,4507,9645,9745,5872,3301,9794,6958,7264,9886,9907,7148,9987
490,1060,1119,4100,4733,7031,3022,5660,7613,5350,7703,2922,6506,5263,1348,3243,5321,1200,7826,751,5598,7165,5964,5840,7960,8060,5536,3309,8174,3922,652,1638,8277,5730,5764,8338,4335,1674,2874,6050,5191,5395,2981,4528,4263,1694,4403,6653,4967,1999,704,8524,5544,5420,1234,633,5389,315,479,566,5934,2321,480,1022,1496,2589,8703,3408,3678,1115,8811,8911,9011,2029,4735,2146,9115,9214,4820,3730,9318,9418,2478,9522,1118,5093,6580,4458,543,9646,9746,378,4093,7415,5126,1966,9887,6332,1161,9988
115,48,20,24,90,143,253,511,1917,5868,7704,7729,6873,7474,1909,7430,6944,3524,7827,4886,6807,7867,5090,7393,7961,8061,8086,4414,8175,8205,5071,5863,8278,5677,4185,8339,8379,6008,6259,8396,7041,5596,3969,8415,6928,3122,3280,7341,7102,6155,8438,8525,6617,7289,3441,5358,4167,7088,6369,4768,8610,8623,1606,8628,7118,3799,8704,2009,5197,6314,8812,8912,9012,4390,7347,6939,9116,9215,7262,9234,9319,9419,4391,9523,5485,5876,7410,5534,7243,9647,9747,5162,5201,9795,6168,9803,9888,9908,6941,9989
549,2356,1419,4937,4964,7561,2254,1920,7614,5665,7705,5675,5768,2751,715,2328,3643,494,7828,224,1984,4751,3288,4261,7962,8062,4220,2709,8176,941,3500,2371,6343,4406,5563,6680,2755,3294,3298,3156,2154,3823,2631,3476,2777,1595,2162,4925,3293,3728,1756,8526,980,5983,2542,520,2690,796,603,1146,7406,1827,2713,4823,2075,1000,8705,1479,4463,3209,8813,8913,9013,1263,3199,4425,9117,9216,3903,5309,9320,9420,1076,9524,816,4077,5865,1607,2245,9648,9748,1050,1853,6460,2918,6006,9889,5577,3692,7531
1226,1212,656,2256,4769,7562,2138,1617,7615,5974,7706,6080,4872,1153,2811,3745,3572,621,7829,718,3835,4854,5579,6386,7963,8063,4137,3193,8177,403,1027,1522,7020,2615,2629,6469,3956,3286,2332,3673,2793,4143,2314,2544,3070,2002,1502,4281,2594,4326,3063,8527,2442,6591,1035,898,2568,354,568,1399,7456,1790,2639,3065,3376,917,8706,1317,5923,2532,8814,8914,9014,821,3039,4689,9118,9217,3351,3645,9321,9421,2551,9525,1111,2120,6270,1973,1576,9649,9749,1145,3788,6326,3697,4349,9890,4249,3633,7532
87,60,116,152,236,456,781,1142,5867,6546,7707,4502,5442,4979,952,6605,5278,840,7830,3488,6698,7868,5301,6808,7964,8064,6150,5525,8178,4389,4968,3798,8279,6627,4795,8340,8380,4060,3992,2990,2597,5745,2301,6356,6822,3896,4340,5575,7115,6022,6921,8528,6671,6966,3325,2230,2203,1556,1449,2142,8611,4658,3400,4365,1290,2603,8707,1716,3120,5461,8815,8915,9015,6331,6223,3783,9119,9218,5317,5799,9322,9422,2376,9526,3810,5550,6557,3263,4016,9650,9750,2714,5999,6857,6238,6423,9891,6692,6279,9990
441,1010,730,2983,2133,6304,5073,1538,7616,6365,7708,5604,4287,2907,728,4009,1196,1099,7831,673,1889,5960,5736,3534,7965,8065,4776,2170,8179,1473,1266,1687,7303,4943,3439,6971,4602,3344,1574,1896,1178,3806,1697,3629,5269,4331,2519,4058,4753,2144,3158,8529,5065,5250,4899,695,1555,711,721,1160,7273,2044,3851,2428,2656,880,8708,1528,5102,2409,8816,8916,9016,4809,5265,4813,9120,9219,2875,3267,9323,9423,1749,9527,1128,4574,4877,653,2415,9651,9751,738,3959,3791,3463,2808,9892,5767,1199,7465
1056,4998,995,3410,4513,7563,2880,4381,7617,2900,7709,5616,4678,1961,789,2069,5298,419,7832,226,3265,6241,5912,6218,7966,8066,3701,3255,8180,563,2326,884,3757,4470,2967,5567,5662,2846,2605,3727,2923,3533,3224,4227,1053,4153,2561,3660,4822,2598,3734,8530,1026,6777,1381,1071,3951,719,513,2118,6980,4168,2911,2721,989,766,8709,870,1655,2823,8817,8917,9017,1627,4413,4921,9121,9220,3695,4142,9324,9424,2226,9528,1902,1201,6459,3043,806,9652,9752,1795,3118,6772,3762,4569,9893,4246,2986,7421
469,209,118,42,1,2,43,119,210,470,7710,7730,7733,7735,7739,7741,7742,7743,7833,7845,7846,7869,7874,7877,7967,8067,8087,8091,8181,8206,8213,8214,8280,8291,8292,8341,8381,8387,8388,8397,8401,8403,8405,8416,8420,8423,8424,8425,8427,8430,8439,8531,8543,8548,8555,8558,8563,8566,8570,8573,8612,8624,8626,8629,8635,8639,8710,8721,8724,8728,8818,8918,9018,9030,9031,9032,9122,9221,9232,9235,9325,9425,9439,9529,9542,9545,9556,9559,9563,9653,9753,9767,9768,9796,9801,9804,9894,9909,9913,9991
168,99,52,5,28,85,161,265,743,3975,7711,6750,7390,7231,7332,7391,6554,4384,7834,5541,7435,7870,6598,5031,7968,8068,8088,6700,8182,8207,6555,6946,8281,6708,6709,8342,8382,5282,5423,7152,6948,7136,6344,8417,7313,5245,6720,8426,7137,6813,6590,8532,7155,8549,4072,7117,6668,6309,2851,6222,8613,5431,5853,3170,7001,3391,8711,6371,8725,5795,8819,8919,9019,6064,6472,7047,9123,9222,6865,7123,9326,9426,7242,9530,6255,6906,9557,6271,6923,9654,9754,5176,6233,9797,4136,7181,9895,9910,6496,9992
1104,5517,824,4177,1510,7564,3204,3216,7618,6109,7712,5206,3868,3656,1856,3894,1681,605,7835,254,1295,6679,6498,3921,7969,8069,5036,3331,8183,2363,2920,3253,7270,5558,4279,7193,6821,2989,1432,2050,2101,3292,2423,4259,2646,1951,2031,4807,5986,4144,1303,8533,1826,6178,750,500,2556,756,324,1388,7291,1588,3423,4496,2991,389,8712,904,6690,3258,8820,8920,9020,1029,5287,3767,9124,9223,3704,5538,9327,9427,1383,9531,1933,2563,5881,1335,4304,9655,9755,404,3446,4630,3724,6553,9896,4564,4294,7533
263,702,994,2795,2139,6655,2360,5262,7619,6603,7713,6570,4356,4370,486,2451,1209,845,7836,187,3297,5700,6851,5841,7970,8070,6118,3526,8184,6450,3358,2763,8282,5625,2078,8343,7339,4129,1103,5581,4043,5150,2647,5209,2115,703,5069,3257,5529,3927,780,8534,4547,6778,2136,385,2117,1092,279,1701,8614,3103,3041,6061,2829,550,7345,1331,4141,1168,8821,8921,9021,1281,5849,6412,9125,9224,3413,4750,9328,9428,2386,9532,2665,5275,6626,2882,2516,9656,9756,946,4376,5306,3920,5424,9897,5797,4196,9993
80,45,57,94,150,239,461,1038,3377,6153,7714,6924,6694,5890,5039,6322,2472,2889,7837,1610,5711,6979,5005,5624,7971,8071,7188,5798,8185,8208,5226,4701,8283,7305,2774,8344,8383,3973,4454,4796,2806,6862,3462,5085,7086,6085,5818,7216,6752,5172,5521,8535,5166,7233,6299,4791,4866,1107,3248,1613,8615,4702,2739,4870,5557,3311,8713,5907,6552,2338,8822,8922,9022,6437,6968,5783,9126,9225,5354,5924,9329,9429,6362,9533,4994,5770,6152,1861,5805,9657,9757,1590,7029,4508,6071,6705,9898,7328,7186,9994
81,121,154,252,455,1189,2123,1602,6960,5230,7715,6221,4289,5222,1764,2844,2818,5049,7838,1818,4902,7871,4175,6164,7972,8072,5248,5443,8186,6280,4395,1730,8284,5320,6434,8345,5978,1500,3324,4276,4258,2574,3838,5002,5249,4640,4760,6962,5338,6226,5241,8536,6212,6954,3472,1254,958,1781,600,2530,8616,4062,2807,2372,5110,532,7373,872,5705,3430,8823,8923,9023,5450,5769,6208,9127,9226,4347,4429,9330,9430,5274,9534,1788,950,5919,4838,2113,9658,9758,2336,5482,7180,4362,6739,9899,4368,5921,9995
110,145,194,364,823,2272,3958,4035,7386,6415,7716,5995,6542,4270,3137,4789,4842,5549,7839,1514,4705,3952,5272,1490,7973,8073,4824,1589,8187,497,3146,2737,8285,5895,5896,8346,6328,2223,2500,5569,3658,4573,2352,3282,4506,2884,3091,5133,3860,6087,3650,8537,6047,6517,4503,437,3031,1597,1321,2337,5582,4140,3698,4777,1646,725,8714,2362,6073,2678,8824,8924,9024,2822,2636,2477,9128,9227,1772,5746,9331,9431,4787,9535,696,3314,6116,2149,3034,9659,9759,1740,4746,6167,3771,3510,9900,6753,5323,9996
97,35,17,32,100,164,287,770,2994,6786,7717,7731,6216,7475,4674,6643,5583,3663,7840,1548,6526,7872,6489,7394,7974,8074,6999,4275,8188,8209,4396,3617,8286,7271,3907,8347,8384,4790,3368,8398,6324,5792,5268,8418,8421,4679,3375,7445,6990,7025,8440,8538,4580,8550,6521,6137,1767,7011,7368,6649,8617,7238,1448,8630,8636,5385,8715,2549,4954,7221,8825,8925,9025,3863,5082,6510,9129,9228,4939,5875,9332,9432,4464,9536,3529,5406,6805,4969,5885,9660,9760,4239,4660,9798,7004,6985,9901,7419,7094,9997
78,103,133,177,280,596,1231,1948,6036,6416,7718,6715,6462,4392,1305,5132,3968,2833,7841,2378,2317,5208,3327,6254,7975,8075,3995,4759,8189,6075,4686,2304,8287,5678,4715,8348,8385,5884,3401,7034,6045,6040,4950,6225,4094,3053,4740,6251,2523,6443,6568,8539,5755,7257,3222,5078,4915,3407,935,1083,6738,5939,4314,6370,4366,371,8716,1372,5619,5021,8826,8926,9026,2282,3142,4926,9130,9229,1214,4850,9333,9433,4934,9537,1436,4940,6619,5659,4671,9661,9761,3490,6256,7093,5062,6446,9902,3072,2465,9998
147,221,231,587,1148,2600,1952,3782,7620,6817,7719,5996,6666,5523,1540,3873,5403,1395,7842,341,699,6516,4351,6417,7976,8076,2003,1149,8190,3196,2617,3312,8288,3395,5000,8349,4213,5556,2769,4846,5080,3336,2114,2577,2837,4869,4013,5192,5938,5013,4577,8540,1804,6648,2467,1239,3538,1434,567,599,8618,3599,2313,5957,4774,601,8717,1675,6478,3755,8827,8927,9027,2076,4518,4234,9131,9230,4296,6283,9334,9434,3569,9538,1126,5125,6674,3131,3790,9662,9762,2033,1846,9799,5412,5325,9903,7106,2576,9999
139,75,25,18,67,129,206,392,1394,4941,7720,7202,7080,7203,7236,7100,6732,6376,7843,3350,7479,7873,7480,7250,7977,8077,8089,7053,8191,8210,6219,6298,8289,4505,8293,8350,8386,7398,7140,8399,7023,6863,6949,8419,6682,6411,6345,6013,5564,5135,8441,8541,5411,7498,5459,7097,7450,2494,1333,1598,8619,4245,2683,4418,5731,3828,8718,5709,6878,3251,8828,8928,9028,4711,7234,7184,9132,9231,6872,6995,9335,9435,6275,9539,6158,7235,7411,7179,7049,9663,9763,6633,5652,9800,6202,7163,9904,9911,6634,10000
