445,4051,5588,2123,3037,843,1234,8347,8179,3325,5236,5046,3865,3757,1265,4510,9468,3439,3200,497,2729,5336,3235,8448,8734,8073,6896,4660,1638,6186,6890,3029,4896,4260,5252,6997,7267,3300,7623,6245,6778,5376,4395,5345,2193,4622,4176,5679,3765,1037,4390,6779,8235,7100,2122,1365,3222,9583,5150,2104,6517,3740,2383,2112,8266,5473,2709,3495,5494,4993,1448,1968,4746,9701,3927,6769,9736,7556,411,4388,9836,1442,1814,3530,2859,7057,2165,1227,145,2276,578,2355,7681,4294,1022,4137,3728,9911,4245,1870
32,8984,9231,3026,8927,6507,661,9094,7842,8535,8021,5735,1603,1323,6917,3987,9469,571,294,165,1197,8910,3919,6308,5867,314,932,9569,1377,3909,5426,4668,4427,4442,4138,7030,2771,507,6742,5320,5261,6067,2995,2233,5358,1316,6811,3751,5122,1259,679,1797,2140,7184,3948,4864,5823,9584,6745,910,6417,2889,8575,6957,8999,4248,3821,8877,5703,3005,7373,7038,2917,9702,3599,8571,9737,8547,7952,4785,9171,7201,4160,195,7743,7499,6271,8506,6825,1940,1942,6089,4640,6792,3358,1034,2814,9912,4797,7321
17,8849,9351,4516,4241,5602,597,7172,2829,1774,6003,5872,4589,4209,5665,6544,9470,4818,2236,3013,1120,7239,664,1930,1090,8359,2434,6491,3271,6919,7590,2705,6389,5853,2027,7683,6852,891,7276,5050,5064,4739,2492,2347,334,3318,6706,4871,1787,2108,3015,8241,4938,3746,6338,4311,1823,9585,7354,1563,3560,3848,7046,4931,8786,6472,6772,8176,8181,5093,4810,2398,6974,9703,187,6645,9738,6002,7298,5658,9837,7339,1846,143,6500,5080,676,8692,5757,4161,911,984,7300,3996,7238,729,7595,9913,3431,3682
372,8289,9352,6579,8578,2835,3811,8986,8795,2691,6912,4501,1640,2019,907,8862,9471,8003,230,1776,632,9257,9056,9201,8752,8648,2974,6480,1170,8544,2085,6874,8350,5717,4282,7701,4961,814,4806,4096,8398,1835,6120,7728,805,3072,8868,7778,645,1433,4193,5903,9580,4632,5624,885,8574,9586,5267,136,6344,6881,8285,7719,9683,7462,8236,9133,8418,3880,6726,7720,3946,9084,1285,6655,9739,7860,6448,7844,9838,343,1263,5516,9172,7541,1185,1747,70,1200,82,2290,6614,2364,1394,2710,8125,9914,4672,7273
384,9322,7502,2820,2339,5450,5036,4915,1539,5855,1803,2797,6520,4281,3917,5509,9472,3801,1429,731,3034,6209,1306,7827,2098,8470,5500,4351,4163,6741,4617,1908,3291,1193,2573,7403,460,1400,6584,3239,8552,2289,6944,727,5224,546,5452,7592,2817,1253,4788,2593,8729,533,6107,4772,3249,9587,5441,3550,6721,1455,569,1800,8922,5759,5612,4952,3360,3398,2813,1567,1362,7849,4572,6483,9740,3482,3828,6277,9311,3767,4873,3453,4345,4623,3305,1504,4284,2819,4276,5381,6104,4965,5830,2450,4566,9915,3391,3905
2150,9323,9248,2567,8245,2000,2959,8237,8320,9446,1428,3832,5394,2718,4131,7661,9473,883,176,3241,3150,2759,2060,5696,4655,4801,4861,7383,2158,3134,4099,4411,3975,4080,4159,5790,3401,4226,5707,5490,8524,3886,921,1692,2861,3054,3993,1564,2696,2381,535,8662,6780,4031,2295,7538,3274,9588,774,2154,1082,563,3594,3752,2072,5335,4985,6429,1524,5742,7269,4115,397,9091,5809,6008,9741,934,4727,3763,9267,2247,1946,4089,1955,3863,5166,7292,6639,3687,5912,3956,5256,6349,3299,923,5990,9916,4162,2195
104,5383,5716,3957,5489,6569,2454,4076,7870,1341,5622,4377,7942,2783,2544,4067,9293,1659,3822,900,2912,7051,466,2216,763,9064,8520,7708,3255,3585,2431,5605,3399,2327,5319,6392,3507,1570,4354,3078,7052,2309,3938,3732,584,3173,1921,3162,4087,3513,3776,8596,6720,815,7411,6393,6371,9589,7278,3049,6674,4344,2365,5814,9684,1751,5164,7483,6930,5396,8305,298,2043,9120,1337,2953,9742,6381,5594,7472,9224,4722,3731,977,5547,6525,5579,4641,3510,4044,577,273,4106,6449,5061,3258,7225,9917,997,4462
1100,8222,9353,8126,7819,5470,3680,7066,8732,2394,1376,3009,4684,3386,2326,6775,9474,5783,2028,605,57,9236,3073,5971,9021,9079,4702,5603,6903,7409,7322,1093,3003,5427,3117,8855,6110,487,4207,5631,9137,2089,3745,6503,133,213,7154,6000,3605,1390,2178,3664,8037,4011,4433,2253,8644,9590,8622,1087,4508,5387,1739,6910,9218,7186,8171,2221,8381,2354,7206,6572,3598,9704,1624,8531,9743,8938,2942,8334,9225,1155,2663,4123,8858,5743,6153,5905,628,582,140,568,7271,3896,1091,5351,8278,9918,4754,4429
2689,7335,9354,688,4013,7449,6115,8987,5092,9096,2561,3284,5495,2206,2918,4046,9475,1720,2078,247,482,6464,3521,5843,4983,6927,1484,6004,3565,3559,6665,1939,4231,2540,4423,4836,2387,2634,6333,2999,1162,3370,7758,2268,4029,2601,3147,4164,2879,600,4695,6335,8153,5656,3338,6854,1297,9591,4518,2738,6372,1986,1708,3502,5927,2703,3760,591,5410,5066,985,1861,4816,9017,2382,2595,9744,6469,1139,5220,8555,4384,3989,3088,5756,4735,4776,7585,2083,4059,2433,3406,6053,5139,1069,2176,4431,9226,2751,2409
3540,9085,9355,1140,2947,6332,3561,5976,2125,6065,4675,1836,7535,2337,3425,3686,9476,1318,1391,463,2646,6487,1905,5352,8397,3216,4920,5997,4538,6347,2340,4082,3191,3512,5055,4911,3062,454,7461,5051,7394,2421,7404,2111,969,1194,4379,162,3412,4443,2837,2997,4997,3252,6007,3402,1224,9592,3704,1997,2862,1604,4666,3936,5145,5423,3094,7984,4536,1366,5842,3321,4401,9705,2105,1864,9745,7005,8391,5555,9312,3709,3791,2755,1058,3633,1721,7406,3590,3775,1119,2642,6369,5057,5521,2577,5317,9919,2532,2525
2733,9324,9356,1756,3615,6799,8158,8624,8580,9447,243,6196,5618,1214,4943,7018,9477,6260,1885,1035,295,6758,5136,8904,6403,8292,3921,7328,3047,5744,6528,523,248,4618,2680,8301,5674,1096,8282,6886,7626,3387,7888,5636,2424,197,6400,6783,2775,3396,3701,5135,1258,442,1852,7045,242,9593,461,5071,3715,2808,412,5798,7471,6643,4759,1798,6624,4453,7355,2065,7677,9706,1143,7913,9746,6968,2242,8156,9839,5498,2597,5901,5550,4047,833,8663,4421,3570,4410,4249,3881,4723,3012,2336,8279,9920,3527,2172
3762,8588,9357,8613,8738,8269,2464,6054,7475,5557,1535,2559,3068,1931,1410,7812,9478,3840,1978,4879,5833,6062,6942,8128,7391,5635,2257,266,3479,2815,3755,1059,5839,1248,6296,4126,1299,5422,8264,3033,8462,2117,8130,2353,1018,3319,8328,2071,2493,995,5303,8463,9015,7085,7843,5697,7802,9594,936,2635,6292,391,5660,7386,4165,5599,1308,4846,1745,4669,1855,469,95,9306,2057,7937,9747,4412,6543,1933,9840,5918,4696,3673,5003,1031,7179,5497,2169,3089,3940,5091,8173,1077,5724,451,6938,9921,2160,3492
5968,9325,8975,470,7157,7614,4646,7325,8777,9253,2784,5654,4714,491,2816,5146,9479,2256,64,674,78,7663,6931,3723,5324,8074,4035,8685,6181,7188,7122,3092,2081,5965,5037,8026,6461,4321,8379,2592,8979,1332,6750,4299,6887,1831,7644,2610,3201,51,6454,4195,2130,3218,1435,7561,1015,9595,1355,340,3324,3030,1465,3148,8496,1849,5546,2685,4229,4948,8599,4033,7026,9009,5587,7732,9748,7493,3149,3912,9841,7397,5871,1850,6840,4385,5160,2372,5591,3166,1815,6605,6398,6034,4328,209,6095,9922,4768,1182
5045,9227,9358,3668,6356,3341,4825,8958,8477,3888,3924,2929,8421,2806,1354,7799,9480,2882,2530,2411,25,8568,6510,7782,7659,9098,4267,2721,5726,7158,7203,3738,3567,1533,7103,7145,7643,2050,2769,7777,8500,2211,1422,2900,160,488,8451,8052,3036,45,7205,1683,8284,1611,4544,2287,6482,9596,7370,6193,6803,3403,4591,7173,8973,2234,7508,2414,8143,1712,5035,2764,399,9205,1152,8584,9749,9266,2342,8454,9268,2222,6099,3345,5824,6723,7148,3490,5399,522,598,905,5109,3913,478,1949,8363,9923,6289,3884
1122,9187,9359,4867,8946,7120,3689,9066,9068,5233,7481,1812,954,2761,2099,8846,9481,241,3159,858,697,4860,5390,8550,8824,204,4856,4608,5481,8254,5293,2318,6363,1785,5949,9081,7008,144,7162,7800,8637,3292,637,2418,556,1399,2919,8234,4649,871,1149,6352,2244,6929,7646,1177,7668,9597,4936,3580,7306,3534,5963,6027,9183,5545,6644,8198,4921,4032,4819,3733,6878,9707,965,7312,9750,8124,4331,9041,9208,5989,3469,2460,8859,7133,6860,2655,6905,465,1910,1726,8084,6022,2038,61,7426,9924,1232,4198
5647,9242,9360,1437,8992,8765,7346,8603,8085,8932,4495,5570,8307,783,2385,7036,9482,3894,1086,683,77,1674,498,8518,7348,7746,179,5466,5282,2867,5586,896,7016,5718,2537,7958,1614,5430,6343,4069,2413,7423,7418,4744,3651,4300,4870,3711,1994,3272,4359,8821,9156,6867,5611,7784,5957,9598,2053,3320,7332,728,3465,7571,8772,2229,1233,8399,1790,5237,2271,361,7818,9121,3165,6829,9751,4430,828,8243,9842,8144,1746,156,4964,5447,3639,8577,1498,1794,8025,2425,6299,1157,6257,440,5954,9925,5129,5668
3749,9042,9361,3228,7885,5384,7648,9438,6916,9448,1334,4555,5292,2198,4521,7598,9483,3785,3574,636,22,8224,6502,8625,2074,9181,6431,3640,5421,7478,7130,2490,2348,2744,2749,8458,2058,2596,5873,4827,2724,7310,3606,5564,5488,216,3979,6751,3133,59,6113,3613,7385,713,3096,5741,3644,9599,6232,4545,5634,968,4956,5827,8964,2572,5095,177,2988,3332,2091,3796,192,8560,5946,4135,9752,8358,2449,5404,9843,904,7299,3077,4409,7697,4764,5646,3783,1761,3126,3892,7473,6880,202,2585,6304,9926,4077,3509
6090,8671,9362,4045,8365,8325,7980,9439,6450,8420,1727,3392,4439,1584,1648,7682,9484,1699,2451,3221,49,7781,2961,7806,8742,8972,1541,1445,2329,2606,8281,3027,3014,1600,5937,3873,4750,6202,3900,8012,9130,5730,5149,4716,775,2370,7881,3295,2024,81,6006,464,4517,4129,4749,5797,1470,9600,4892,7611,4711,1335,1691,3219,7539,5214,2870,84,3551,1386,7817,2824,106,9072,3730,7432,9753,6573,5257,8132,9844,7657,5072,3596,2518,7288,6578,3309,5124,5739,5285,2523,2480,4761,973,3698,4602,9927,5885,1937
5793,9188,9087,447,8967,7019,6661,7275,8814,9449,1819,3541,4066,2437,3264,8248,9485,1196,3105,516,24,7943,7750,5978,8095,7210,6884,4568,4145,7897,7948,3829,3293,3058,5659,6262,3631,5004,7757,6955,8027,5554,2774,4975,3337,1209,8188,4424,3123,14,4976,4525,4235,2305,2446,2669,1223,9601,4142,736,7654,822,1749,3417,6735,549,7527,1807,3008,4686,6824,4007,742,8856,5372,3323,9754,8641,3146,6625,9845,3870,5103,4147,7380,7034,7680,3430,4849,872,1309,7375,3523,6762,1030,494,6526,9928,5552,3289
7274,9243,9363,8486,5641,6729,7231,4034,6321,9097,5229,6800,7640,4143,2609,6629,9486,5576,4415,998,6476,7445,151,5107,9237,3187,1635,1245,1255,7410,4204,7077,2124,6141,1985,7709,3487,2128,7898,6535,8887,7253,8725,1916,289,2794,8212,1811,2456,264,4393,9108,8769,376,8099,4190,7856,9602,779,5657,420,100,8071,4330,7555,5438,8704,1266,746,2436,7625,4609,658,9708,2048,7125,9755,1451,7851,5862,9846,7831,1479,4417,8323,2827,1714,7425,3247,2223,5428,1042,7181,7399,2965,572,7439,9929,4652,4629
8049,9326,9364,7635,9232,9195,8947,8829,9443,9450,3290,8134,3413,705,3438,9178,9487,1514,244,8184,6066,4833,5628,8595,9566,9202,283,3548,1238,5477,1183,6182,8896,5314,2149,8263,245,7123,5484,2660,8570,5675,9119,6396,2501,2042,5869,8890,765,887,8914,7617,9581,7081,8304,4721,5052,9603,1444,459,635,575,3834,4075,9240,2029,8882,7371,1145,7372,5296,836,2952,9002,647,9223,9756,9835,9010,8898,9847,1731,3224,1973,9162,8623,321,4780,6807,4875,4474,3611,2973,1174,352,259,7353,9930,1480,4065
400,9327,9365,7014,5712,6159,3868,8870,5087,9451,1634,2512,7177,4329,3506,810,9488,1212,3286,2943,142,3588,4103,4966,7558,8854,5451,5117,3006,6274,2688,2916,3875,1085,5643,4607,608,3772,4564,3604,8444,4678,6516,4107,5207,3643,2283,6555,2468,750,4674,7004,6063,5503,4506,6416,5791,9604,1887,3655,4719,752,1147,2531,8131,4293,4481,5801,1872,3158,1713,232,551,8504,3625,7313,9757,7028,2075,5772,9848,4688,3573,2376,5745,3564,5259,4906,5705,4706,2199,3835,413,4576,3867,2231,4777,9931,3547,1698
4152,9328,9279,8324,7144,7647,4464,8895,3591,9452,893,5592,8673,3990,1755,7615,9489,4157,5420,90,98,4980,639,8616,8062,4715,1348,690,6708,5604,8145,2270,6967,5777,1653,9090,2442,1512,3748,5102,9105,7972,2448,5561,732,324,7305,7667,4192,101,678,8921,8597,6689,7277,4078,7497,9605,3789,7693,332,2367,2756,7705,8747,3242,4473,1011,1875,1679,8453,6081,607,9709,3189,7388,9758,1522,6940,8707,9849,7398,2527,6169,6791,6156,7106,3526,5138,5031,2746,667,7501,4698,1438,4218,8627,9932,3207,4139
5132,9273,9366,6359,7542,6557,4288,8413,6165,2126,1972,1252,1960,4242,3347,6687,9490,1028,3648,5238,6135,6681,6010,5413,4662,191,5281,6427,4112,7451,6777,6529,4756,3294,1385,8120,5558,188,7950,4853,8403,5915,4657,3429,1468,1070,4004,3163,2341,960,671,2095,762,434,5108,7244,4057,9606,5038,1984,6373,3205,4234,1055,9139,3952,1511,512,4314,1418,6422,4361,3538,9710,2542,5988,9759,8374,3968,3790,9313,4573,2323,1050,4367,3874,4895,8336,5820,4866,1283,4626,6539,6685,2884,308,6105,9271,4224,4121
6219,9127,9367,7779,9147,8635,8804,9150,5690,6546,6763,6501,7932,2630,218,8885,9491,6306,5070,2874,5806,8337,4720,8617,5909,1287,3348,1842,8300,8511,3441,6414,3314,1928,3353,7591,2538,5595,788,888,5496,1151,2839,3535,132,778,8051,8745,1597,2082,561,9216,4465,5529,8631,1456,3176,9607,319,1181,961,3552,7838,7857,9110,6531,8460,4773,8689,2640,8907,2552,3434,9241,756,8465,9760,8954,6456,8761,9850,2047,1089,3111,9060,5499,1175,1345,4620,573,1881,2306,8866,3091,172,1874,7029,9933,6773,4769
2519,9274,9368,5120,9052,7065,5652,5440,8902,9453,3844,3268,5360,1464,5627,6702,9492,1199,4418,5443,4301,8797,7340,4496,1458,1243,7107,3174,2357,7589,8471,5355,1998,6460,1292,7944,5344,517,6844,131,8767,1689,3474,3820,3925,2331,2908,231,5060,135,2785,3144,3436,217,6768,4680,5130,9608,5766,504,4977,6340,6594,6163,9023,5268,3856,5590,8892,322,8705,6982,7918,9711,3125,8789,9761,8432,8498,5192,9851,8427,269,857,874,6087,1491,8586,3232,3195,55,2678,5684,7797,7988,4298,7839,9934,3788,7773
5044,9005,9369,3623,6611,4636,7872,9250,8561,9454,341,4971,6508,5021,2349,6300,9493,2786,2164,423,10,6375,3716,9027,8655,3650,4995,4542,3992,7138,4917,1967,3364,5032,3301,8661,1486,1813,3897,6759,7489,7060,2325,5931,1871,326,5945,8472,1575,30,4053,6771,6921,2905,4863,3904,5973,9609,6692,6734,2055,1893,5203,5158,9203,1361,4937,916,2762,1585,6497,5250,536,8698,3825,7951,9762,8155,1829,8199,9852,2294,3476,3340,7733,6298,7111,5000,4079,1203,839,2093,6174,6401,387,3273,8467,9935,4470,4399
4467,9210,9249,3404,6951,5681,7427,9128,8693,9289,710,4939,5934,1164,2513,4637,9494,1319,495,235,8,8060,5518,7115,6493,875,6897,2714,4748,5134,7722,480,846,2005,4690,7636,6710,3426,6082,6536,7505,7665,4083,5357,2890,331,8166,8273,3793,590,865,8370,7869,3161,6790,2146,4539,9610,5714,4802,4052,3152,3454,6900,9303,1995,5385,1523,6495,1412,2301,3140,1013,9712,4166,7919,9763,5682,3203,7938,9853,2516,6598,5865,8075,2850,6148,8683,3131,610,2803,2445,7434,6941,1649,2101,6048,9936,4073,2982
2690,8720,9370,1439,9193,8508,6490,9286,7326,8056,2351,2263,7095,3488,3950,9047,9495,1218,616,224,12,8461,7974,8468,7341,670,4729,8384,2151,5676,7402,6012,1383,6142,6932,8563,6281,2350,7548,5898,5181,8257,2379,957,2993,1201,8069,7054,1602,43,1202,8822,5337,4271,7934,2612,7704,9611,3275,6019,1489,2692,7032,5437,8639,1417,7387,7730,8149,5882,863,5183,1537,9033,844,7771,9764,7345,3000,7287,9854,3483,5115,4691,3971,4848,7698,5836,509,892,3108,1932,8202,7182,1582,1637,6424,9937,3115,3104
4834,8794,8955,4203,5531,3192,6842,8948,3517,9037,2157,1371,6988,2473,3955,5977,9496,3279,4337,650,21,3901,4781,8562,4958,6438,5887,5763,5880,5585,4736,5892,3556,2768,1161,5142,5571,1935,2248,2821,7829,3612,5327,4175,1329,1902,6173,7361,1320,58,1268,6068,8083,4710,7025,3522,6167,9612,6486,1587,956,4202,7266,3097,7848,1623,1693,5412,7056,4592,1741,4037,1610,7696,1326,7314,9765,7861,1148,7390,9855,6386,6406,3470,6100,5773,5275,7631,642,1045,565,3185,4933,5760,1062,3016,4285,9938,4317,4479
3700,9006,9371,2297,9101,6236,7845,7415,8414,9118,7467,1628,5670,4509,4850,8918,9497,1279,5479,640,5,7835,4023,8204,1766,8863,7392,9570,5740,7879,1666,2651,2404,5414,5983,8129,6453,5435,4663,3331,8352,2632,6733,5170,5999,1477,8189,7846,1061,772,8005,4988,8726,1796,3329,1552,7379,9613,7237,300,7612,1559,6505,5538,8390,7608,6200,8380,2310,1782,1765,3672,2062,7875,7151,7859,9766,2791,560,6937,9856,829,3477,6039,3850,8296,7048,3688,27,548,951,6272,6847,6154,483,2403,7217,9939,2750,901
4593,9228,9372,8383,4491,8319,7805,4038,9199,9290,238,5866,5598,5695,2288,8290,9498,5685,5006,638,1073,3531,4524,8185,7981,6632,3349,307,6858,8175,3920,2659,6559,1487,1280,8393,417,2614,4216,1081,9299,3211,6178,6112,809,456,8070,8473,1019,903,952,8937,9157,4998,7009,4054,8355,9614,5239,2079,1237,646,4387,4843,3209,6473,6309,1380,146,6949,4760,922,1909,9025,2259,6838,9767,4499,8400,8433,9857,6187,3812,1488,4339,7012,5359,6537,8017,1499,1964,1976,7357,4211,6849,1682,4286,9940,2509,6175
4653,8763,9373,6969,8314,6599,5306,8435,9444,9455,5505,5832,1650,5619,473,4699,9499,5339,4086,223,7202,8741,3017,8798,2312,1988,6998,2315,6719,7956,2891,8480,1801,3753,4951,8255,2885,394,6111,6972,8996,6898,8408,5804,994,528,8538,4261,2720,792,2914,8346,1284,518,2238,8573,781,9615,3693,6698,1612,2461,4758,2754,8386,4236,7227,3261,525,5056,3326,1198,4633,9713,1557,7396,9768,1828,8532,7920,8991,7572,1144,2707,8055,7953,918,5068,184,4343,2013,4039,5689,2243,1770,2477,6657,9941,4553,1569
3999,9329,9374,4621,5278,4949,3511,9174,6195,6963,4108,1929,6553,2395,3544,5691,9500,2274,834,2033,1322,1005,1454,6024,1786,7377,4295,7912,3244,6776,6230,3769,3795,171,3922,3001,1521,182,5807,7163,5176,3127,5246,2031,3545,2127,6060,6924,2007,3988,5225,4766,8249,261,6079,5952,5019,9616,5151,1060,532,2631,5316,4025,8024,2926,3457,4597,6532,2136,7809,2049,381,9307,3226,6498,9769,3799,7687,7463,9858,4297,1288,2925,1382,3489,3916,5683,3962,6056,1769,2726,3761,5082,4970,1617,6627,9942,2564,2928
1579,7586,9375,3851,1734,5311,7715,9196,7699,9125,894,5211,6179,6509,1919,5331,9501,5906,3744,567,89,5510,2360,8271,6058,4852,4527,1469,5354,6979,6395,455,3480,2954,1950,7961,2668,3183,8104,4916,7605,6953,7889,5002,5991,316,5001,8431,3663,1008,6991,6471,2499,1530,1104,3824,777,9617,6524,4899,8372,1123,2032,6767,9071,3906,3782,1294,6700,1789,6072,4364,2605,9714,4353,6064,9770,5328,3046,8312,9314,2412,6646,2044,2583,513,3727,5305,2915,1735,2841,1574,3170,6265,882,3317,6184,9943,2194,2586
566,9330,9376,4630,7486,6437,1026,8614,7811,6049,1427,3342,2603,6402,6208,7662,9502,4826,5244,1350,35,7496,2865,8479,1805,700,7673,8743,6801,7700,3471,5341,3579,5370,2716,6581,1440,915,8057,1481,8833,3382,8537,6377,1239,166,7037,4471,4232,2857,1696,1952,5008,74,1936,1571,2298,9618,5321,1723,8527,3595,5453,6122,9685,5600,7455,6494,3798,2963,8755,4221,5089,7318,1646,7627,9771,5877,7789,7549,9859,2174,1894,1049,2059,6954,3771,4643,2725,364,2799,4888,8151,4683,7072,2186,5821,9944,4812,3333
1762,9051,9377,3553,8860,7207,5669,9287,8929,9076,2018,3177,8298,2476,4577,5088,9503,1312,4002,267,26,8684,7187,8441,6324,2698,5642,8988,1971,6439,1729,395,1173,6875,2275,8667,2913,3287,5163,7574,8407,6866,6146,5765,1892,1821,6303,7378,553,477,3813,8718,8404,5241,5263,1482,6485,9619,4324,2823,4900,4005,5209,5379,8990,2410,7931,6345,5539,3409,2964,4383,1528,8792,6028,6856,9772,7082,1483,6693,9315,406,1876,5662,7319,2968,6670,1520,63,2197,868,6694,6214,7165,914,1495,6057,9945,2994,4840
6220,9331,9378,7336,9117,7466,2189,8928,8492,3721,7929,1924,5127,5891,4404,6984,9504,1809,1188,515,194,8911,8751,7469,8543,769,3102,9571,6185,7264,7296,2002,3806,4600,6724,8807,6765,754,6642,4859,8881,1536,1703,602,1349,246,7575,2802,4595,990,1923,7837,5403,8205,8611,1644,6253,9620,7419,1142,5491,1195,8137,7268,9686,6418,7638,9016,6137,3949,1436,5442,7907,9715,347,8373,9773,8607,2405,8540,9860,2871,3442,4454,8230,8182,8287,6857,157,215,821,408,6848,7969,1406,962,8297,9946,3647,1959
534,9035,9379,4376,7774,6616,1219,6133,6267,8376,8438,6273,7283,5475,1854,7887,9505,2344,2941,1665,574,6222,2674,8733,339,354,6171,8195,5736,5639,6144,6618,3208,2173,5719,8668,5572,687,2621,6833,7559,3970,5461,5623,3497,2770,7243,8394,4070,2747,1016,1558,1478,178,4935,4534,964,9621,4790,3525,3862,1608,7760,2881,8058,6071,5534,8869,6243,2366,8554,873,1134,9263,338,6701,9774,935,3629,6094,9861,4275,1822,2713,3449,5375,5974,6118,1027,2619,2175,2934,7909,3866,6707,1981,6382,9947,3389,3890
2486,9332,9380,4350,7050,7302,7428,9166,7921,9254,4118,5964,1546,6237,5389,7955,9506,5313,4934,1763,33,7565,5935,5958,1710,402,7674,9049,6621,7384,7149,1191,6145,5409,1358,9155,4475,1009,7828,3636,6434,3035,7710,4745,5536,808,8233,1179,4154,4944,1208,2187,740,86,2667,3814,1958,9622,818,1343,6560,3750,2661,5492,8564,4872,6032,4369,8311,2686,3669,5894,3549,9308,1716,7147,9775,4969,2333,8601,9862,1529,2335,3098,2273,5723,3674,8775,484,585,4923,6119,8164,6595,791,4064,7119,9948,4520,1409
819,8091,9381,6360,8776,3462,3103,8908,8629,2907,6463,4786,4582,1525,344,8079,9507,3994,296,6221,3061,8536,8045,5936,8316,8261,583,3654,1221,8360,2949,7189,7160,2855,2852,6042,2311,2346,1880,2664,5542,414,7204,6985,438,3838,8215,5206,1496,3217,5377,8112,8888,5283,6823,716,8162,9623,2840,175,4313,3926,5415,5754,9304,6882,5699,8657,7998,3361,8333,5966,4155,8828,1068,6330,9776,6727,7656,8192,9135,681,1327,2980,8494,6993,1187,2190,579,580,147,5663,6600,3143,2046,3031,7524,9949,4603,6283
1851,8645,9382,3719,7229,7230,2895,8826,7219,8694,5817,3705,7785,3415,3768,6902,9508,1728,2930,4182,158,7566,6216,6541,6664,708,5878,8666,6337,6597,4789,2804,5930,2546,6443,7178,3830,476,5544,7249,2933,613,7666,4450,3903,4891,7624,855,4101,2109,66,745,1398,189,1884,6588,1024,9624,4074,3083,3665,3849,7199,2670,8341,6444,4548,3461,7141,5266,2182,4243,1641,9716,2469,6975,9777,3179,4167,4515,9863,1704,1645,1791,3063,6044,2699,6806,662,4223,4277,4240,8183,5382,1948,2500,4990,9144,2481,3283
4225,8926,8917,4036,4742,7810,4762,8159,6124,1273,6964,1163,3520,2163,4168,3363,9509,1397,311,1124,7825,8960,2170,6040,3933,9154,4279,7740,6563,7567,7233,3929,5460,3764,7063,4373,6737,28,4233,4174,5011,6585,4021,4419,1241,3641,8630,2066,1505,999,3876,6127,5951,1633,6586,4081,6147,9625,4088,293,7935,2086,5996,4220,9159,6131,1135,6263,7738,4049,7724,1527,6868,9717,807,6194,9778,7999,8054,4634,9864,2948,2155,3011,4830,1374,342,3659,7017,2899,418,1370,1863,3182,3368,3858,7420,9950,2228,1367
4558,8485,9383,8010,9281,6793,6407,8259,7941,1934,8439,603,4128,6441,3169,8696,9510,1010,5332,227,3833,9013,3171,8510,5553,403,8122,8378,7295,8011,8716,5677,7610,6980,5770,7003,5143,47,8321,4009,8758,7166,2171,3891,122,768,6378,3178,5182,1421,1080,7131,596,1452,6714,1577,3038,9626,2386,3121,1938,2616,5917,3810,9687,5364,2569,7212,8207,4001,7270,7078,8658,9718,169,8756,9779,8681,3227,8476,9865,5924,840,2025,7629,5637,1434,4606,4382,256,181,3113,8872,7970,2419,1446,4928,9951,6077,7634
3997,9189,9384,6619,9434,4463,5775,8830,9007,1993,8806,310,7252,6188,4992,4835,9511,450,4950,416,1113,9104,7421,8119,8827,648,6633,9572,5868,6035,6210,1476,1943,5541,7220,7482,6766,351,5995,3306,8841,1066,2054,1493,163,1340,8258,6678,4428,4169,2932,8147,4071,7847,8670,853,4448,9627,6609,666,4272,1589,7959,6224,9688,6571,5709,6314,3139,3587,6264,6244,5895,9719,988,5574,9780,8059,3250,8762,9866,702,1166,3842,8848,5448,6368,2966,168,542,250,2378,8812,7884,1757,2068,8428,9952,6596,3366
4055,9333,9385,7069,5155,7596,5803,3843,7894,9456,6091,6527,5196,8138,1857,8331,9512,5048,2624,120,737,9179,164,8978,2265,612,5248,4693,6952,6558,7487,8041,1267,7949,2102,5059,8022,226,8744,7416,9300,3297,8808,1853,615,6121,8669,4380,5039,5857,1038,3569,1415,385,2936,5702,2753,9628,588,4507,1457,1914,2264,4865,8053,7600,6717,1474,859,3344,5583,6652,9032,8983,3130,7079,9781,150,9059,8893,9867,1447,1918,6103,6445,6348,3943,9003,564,1492,5849,614,7308,7987,7041,3777,6157,9953,4869,6506
2617,9011,9386,2453,6736,7366,7007,7257,4406,7504,1115,3683,5047,4289,2553,7616,9513,4670,5805,4436,69,7866,2923,4158,2580,8423,7289,6718,1627,7001,4737,5113,2432,4974,6547,7791,4153,1307,6183,6960,7059,7873,8088,5346,272,2657,4341,4262,2496,1044,2415,1176,8227,1128,3444,6198,7900,9629,6565,1017,6362,1039,3220,3967,5661,5191,1364,8342,4784,6548,5785,2763,1550,6654,6336,4942,9782,1256,786,6805,9868,631,2637,622,6830,7796,4026,1118,161,4172,1792,5919,2179,6656,927,2417,6906,9954,5217,5617
5465,9116,9387,7581,8764,3466,3214,8436,9019,425,8369,1048,6092,7021,1845,7865,9514,656,4098,711,7826,8963,7067,6488,8558,137,7153,8840,6492,5799,8443,7068,6442,4274,4771,7664,6590,48,8499,3854,8920,3373,869,2204,92,2545,8736,3656,5255,1825,237,2757,1859,2129,6069,2103,2489,9630,3110,2576,2090,6080,7669,5987,9219,5356,5981,7522,8598,6496,8612,2001,8528,9720,141,8177,9783,9058,7713,8229,9869,7090,862,2443,6420,7658,2162,4563,4375,766,31,2470,8587,8066,3718,2894,8244,9955,4191,6290
3882,9123,9388,6023,9053,8028,8366,9235,8949,8401,2215,1236,4056,6189,5926,8068,9515,1249,4878,496,20,8903,7088,8993,3628,6399,4268,8457,6477,6489,3726,1204,1460,7437,5630,8345,6364,5033,4673,5411,8944,2261,3427,1886,4730,619,8956,6327,359,220,2407,8753,8997,5910,4989,2144,7901,9631,6227,617,7453,3966,5485,3774,9689,4014,5666,9024,3980,1907,1240,4904,4084,9220,1003,7174,9784,5326,2009,7228,9870,1007,3070,4874,6212,8516,7620,3831,50,691,655,5242,7562,6928,946,1324,8318,9956,4765,978
3941,9334,9062,1328,9233,7413,7414,8959,8930,7965,7294,5251,5925,519,5386,7102,9516,787,113,947,11,8970,824,8086,6117,446,353,9573,1247,5737,8186,5606,4984,2377,5480,6920,2773,5034,7787,6246,7446,5342,4303,3736,1974,1768,7479,3609,1561,942,196,8626,5720,813,8169,5778,7362,9632,3995,1970,8006,1632,8649,6804,9261,7807,5486,8835,4774,2272,2687,2558,5560,8576,2457,8251,9785,8466,2675,8843,9871,7883,4775,1207,6846,8335,2584,7954,3450,1467,7407,1303,3593,2471,5863,925,5884,9957,2063,5469
3463,9335,9389,5154,9065,4422,7902,8115,7903,8976,6730,5289,8604,6190,2138,3804,9517,4259,3071,6641,3278,8654,1160,4041,1313,312,5922,1953,1129,5888,7545,6634,5148,5501,3308,7783,4752,723,7452,1231,6760,4302,3407,3666,1381,1740,4227,453,3136,174,2077,5687,2638,73,6592,6753,5942,9633,2235,527,4901,3093,4887,2474,3514,5215,4484,7480,8322,1172,8539,6514,9001,9721,2739,5972,9786,5982,8505,7259,9872,5649,127,3533,1772,3494,695,1847,3082,5172,356,7006,3864,6686,8455,3377,7714,9320,3945,4016
1844,9336,9390,6479,8957,6658,7578,6826,8375,9457,1098,5140,366,357,6215,8308,9518,1216,981,1784,2701,4571,7194,4210,4338,5245,6041,9297,6732,5169,7265,8187,4372,4173,2708,8779,7309,1667,3263,212,8945,2392,8340,4120,4930,587,2120,318,1990,3044,3428,3532,6834,1999,7526,6761,5816,9634,5105,199,1912,3390,7737,694,9262,3231,6447,1901,6566,129,6973,5040,6385,9722,5513,8600,9787,8566,7742,3543,9873,2878,4022,472,1848,6676,7246,8961,838,3418,7374,2897,6470,4624,1722,849,7175,9958,2358,7532
5751,9337,9391,7840,9435,3819,8223,8116,8077,9458,5009,7080,2300,4308,5708,8646,9519,5673,2020,1032,52,7272,4349,3253,1572,721,5537,8778,2361,7240,7441,4455,2319,7622,987,8063,6287,1462,4097,225,9106,701,8512,3118,5308,251,5511,371,4305,2828,4574,4400,6755,67,5992,3481,6199,9635,5908,109,6205,4336,5721,2766,9204,6513,5693,3766,6276,85,5264,5960,5928,8857,3691,5540,9788,7105,8706,7118,9316,3087,898,2858,2249,7457,3953,9061,937,1014,5288,4148,7281,7914,3707,3712,7803,9959,3815,5780
6540,9190,9392,8941,9282,8884,6259,9095,8796,8447,845,6285,4482,7588,5425,8701,9520,3879,5913,206,19,8815,7672,8660,7116,6286,6794,4122,7422,8591,1806,8605,3021,5581,1408,8388,4787,2070,2887,292,9215,3151,1917,5616,1420,183,9014,6328,457,205,1300,9109,8354,7570,8632,860,3086,9636,2534,539,663,4502,6956,7822,9168,3614,8042,2652,9000,1277,7906,4905,3620,8150,924,9161,9789,8295,3978,7985,9874,3895,3708,6164,7091,8392,2834,4610,492,500,1725,1568,8193,4925,714,4805,9004,9960,5975,5614
5650,9275,9393,6228,9283,7176,7989,9440,8594,9459,4027,8078,333,5874,5567,8002,9521,6341,2607,1295,4,6136,7195,8618,1622,1820,5271,9080,6511,7762,6696,7304,5168,5713,555,9070,4222,3141,6433,443,9107,1989,5747,4254,5826,219,6203,1752,1542,1753,4381,1636,6312,365,2873,3254,8190,9637,7010,115,6319,3660,6637,2107,9690,3589,6419,698,7280,654,5118,5397,1065,6869,6577,7126,9790,7947,4642,7523,9875,1778,5969,3180,6474,8101,7320,7128,474,758,7092,4811,7247,6149,378,2374,7334,9961,3676,3285
4692,9086,9394,2940,9148,7841,7058,8034,7716,5795,7767,3106,8377,4960,1228,5940,9522,2014,2831,760,7337,9048,3554,6995,8589,6394,5608,8327,4085,7642,2781,8161,8146,6650,7084,2742,6749,210,6102,4631,6836,7821,6551,4093,65,4741,7098,1396,1130,3452,1744,9576,4543,1368,7507,4478,1000,9638,856,696,3421,4530,7676,6240,9691,7685,1347,8878,8513,6533,9039,4855,5900,9723,415,8286,9791,9170,2684,7517,9317,2758,544,2441,8201,6225,40,541,2599,5710,53,1808,5487,3602,252,4881,5204,9962,4015,5580
3877,9191,9395,4554,9063,7543,8556,9124,9036,9152,4614,6926,1210,6361,5295,8943,9523,6521,2039,945,3,8061,6096,8339,1654,2217,7735,8590,6125,7440,4017,5609,6155,6568,1592,9082,5186,4483,3064,938,8592,782,6705,5457,5525,240,8216,1913,2121,1697,2380,1595,4238,208,3607,1359,7793,9639,7813,167,6466,5234,4926,4325,9692,7191,5565,2728,7438,1472,3722,5349,1054,8690,5846,8048,9792,7222,2087,8200,9876,1271,5297,5943,2056,8009,7251,4794,93,348,3112,4982,8268,7632,407,3619,7465,9963,4604,3371
46,301,1046,2291,3618,5802,7171,6123,9045,9460,409,2137,1344,1586,2951,8659,9524,2872,1663,1992,6757,7536,2958,6412,6580,9182,2168,823,5907,7976,7915,2957,1275,2202,1213,8140,5197,3100,3729,2034,9575,4703,5686,4392,6738,2304,6370,8610,4010,1664,3802,9577,8459,4661,8816,8687,8834,9640,3080,5792,6093,320,2866,7140,4018,2945,5269,448,290,2566,7686,3206,6455,9724,3959,1053,9793,1675,5883,7405,9877,6152,8774,6051,4136,1754,5388,3944,827,7035,6046,4858,8699,4346,6549,917,3670,9964,4125,6959
2543,8364,9396,5400,8968,8429,7074,9441,8581,9177,848,3800,1274,6606,2517,8818,9525,3942,2793,309,16,8971,3885,7689,3649,9258,6872,5979,5022,5998,4528,2143,1190,2983,3635,8385,2860,4837,2237,886,8768,1639,4320,3658,3713,437,9022,6752,1461,410,7994,7139,8998,1338,7317,1111,8842,9641,2529,979,5526,3456,4613,6638,8965,5353,7695,1607,8361,668,5808,4342,570,8220,3694,7741,9794,8242,2560,7110,9878,1833,3976,3575,3493,6647,7584,2260,383,759,2712,5232,7215,7101,1372,4290,7971,9965,4877,2796
1573,8076,9397,4287,7749,3519,5156,8831,8817,3737,8050,1353,4256,7136,4062,7208,9526,2956,3928,2207,15,9089,6620,8469,4451,5519,8349,8934,4043,7599,4446,3359,5811,6211,7431,8886,7684,2254,6809,7442,7552,1758,5916,5753,2575,2045,8303,6478,854,706,1619,3346,7099,1463,866,1816,7637,9642,5749,76,6936,2939,8100,6986,9693,7117,7011,9031,2213,3351,1102,5152,4910,9126,1593,7027,9795,5620,2497,6797,9879,505,2225,3230,7619,7863,6387,4140,41,439,198,3484,7301,6266,586,4472,8102,9966,5041,1554
1063,9244,9398,7248,8664,8018,7234,9251,8208,9461,1830,6774,2352,6671,5921,6648,9527,4823,6617,764,13,6018,5776,8160,2902,2594,4656,9298,6413,7159,5147,1681,1868,6451,2203,9050,3164,3114,4718,467,8913,1184,5856,3475,6712,486,3225,1767,3983,2422,5378,2131,2955,111,3697,2732,6837,9643,6935,493,5157,4420,5198,5177,9111,6962,5230,2892,7968,912,4807,6310,633,8529,5005,8640,9796,7678,4687,8781,9880,1094,4919,3355,1205,5274,5365,6879,138,1083,4188,3725,8940,6816,682,3240,7824,9967,3528,4150
3899,9338,9399,5180,5522,7775,6109,8861,8165,8430,97,4340,6680,5638,1301,7477,9528,3020,1057,427,83,8819,2844,7707,7867,8799,5141,2466,3229,5589,6939,211,2088,1879,4006,6802,3443,3982,7652,6853,8553,7297,6743,4854,1760,270,7606,7316,1657,479,4497,7891,5796,4824,3460,6933,1226,9644,6017,5162,6981,657,755,5938,6313,2658,5322,920,2987,3662,6855,2302,2734,9725,1891,7876,9797,4266,1647,7464,9881,3818,6925,4230,5548,2842,2255,6861,4365,5837,4171,795,4697,6294,1788,1257,7382,9968,4407,1795
2672,9339,9400,5121,2798,7979,3424,1596,4884,8493,4110,2026,6827,5395,1966,3758,9529,5367,2324,2452,1002,8440,3934,4426,6325,897,6097,7083,3562,7002,2604,4804,890,2210,3616,7150,4030,2568,8141,3343,8490,7717,8226,3259,1963,345,3132,6713,1565,2022,1793,4405,1996,233,1246,5472,773,9645,1494,3781,1330,398,3327,4363,3578,2426,4440,7444,1270,3817,1732,1862,3202,9726,5287,7315,9798,4579,7765,7223,9882,2488,4050,4105,4908,5284,4557,8362,6538,3695,2191,4493,8507,5750,1431,2307,6295,9969,1426,3352
2967,8783,9401,6305,2115,6177,6976,8367,996,9129,4658,4362,2041,4061,4468,817,9530,3524,4090,1125,54,6357,4627,6631,1510,3119,3964,8994,4885,5956,5054,5875,3566,3175,5084,6607,1449,2084,6249,5369,2611,3213,3128,3138,1126,3445,5208,7645,652,975,581,2153,4003,4130,4012,379,4437,9646,5065,1642,5094,835,4391,1388,8688,3563,5512,4708,1471,1838,7213,4740,3622,8497,4492,1957,9799,8713,6756,4903,9883,3084,2776,4601,7540,5067,1211,6130,5348,5260,5188,3826,2269,4456,3498,2600,5062,9970,1651,5086
4540,9173,9044,6888,4625,8509,7564,9213,8344,9462,2626,5408,4532,3784,864,5243,9531,1920,1052,485,71,7347,6011,8135,7975,1555,7097,2278,5083,8123,7551,441,2676,2981,4647,8489,4184,3780,7330,4355,8724,4386,2252,2250,880,258,6015,8621,3028,902,722,8097,8167,7055,5596,1562,5027,9647,4134,7363,2282,1668,2482,6604,3307,3646,6320,499,6613,2462,3496,4537,1158,9727,3907,7529,9800,1189,2641,7307,9884,7047,3960,2390,7412,3194,5338,7192,3872,826,3759,1441,4250,7832,802,2888,5944,9971,2822,3137
5850,9245,9280,2990,8044,6410,3677,9252,8478,9463,239,4809,1982,2475,5111,7896,9532,3336,1473,1508,39,5340,3107,8542,6268,7911,1132,8702,5222,2625,6542,458,842,3236,3468,6530,3859,2478,7899,4476,8142,8559,4694,771,5300,2549,3902,3739,1502,1244,707,7660,7369,3935,8395,5099,5401,9648,6409,5633,4588,2809,4466,4619,8356,1310,7146,4909,5235,1261,2854,3122,3265,8923,3448,4705,9801,5333,7530,6436,9885,1235,5904,1605,6740,6248,2811,5597,751,2008,1858,3558,6862,5530,3356,449,3335,9185,2787,559
4092,9192,9402,4194,9075,7015,4813,8731,6346,6911,6106,2166,7895,6567,377,7042,9533,404,4940,3720,1676,6602,5307,6996,4628,3464,6873,6280,4987,6261,1064,3883,1878,6059,5835,7756,5201,850,6031,4897,5980,1450,2554,4100,1621,4187,2645,7653,306,3505,798,8680,7351,2717,4063,5301,4584,9649,6076,305,5126,2550,3930,5755,7823,5527,2114,2697,2444,4562,5219,2401,7712,9113,718,3908,9802,7764,3911,6839,9886,2863,388,4315,7795,4994,2653,5970,103,4461,471,2591,6288,3045,993,1869,7218,9972,1672,2391
2989,9145,9403,8445,4212,4357,8033,9151,7886,9255,2132,5762,8387,4822,944,8291,9534,692,1780,284,36,8487,5962,8225,7510,7670,6908,2622,5523,7329,6459,360,1159,4183,1515,6564,1154,3690,8636,6523,8481,8219,6036,4358,877,462,7089,5432,2134,784,7167,8371,3898,659,2106,6504,899,9650,2589,4650,7816,2901,2960,7454,8163,2727,2876,368,1180,2181,8043,5911,929,8823,7360,6168,9803,5373,3807,3847,9887,5667,4575,4488,6660,3276,4114,6519,5210,6045,4273,1419,8090,5700,234,4307,6950,9973,3986,3042
4747,9211,9404,5725,8412,7282,6226,9026,8852,9167,4605,1264,8209,3816,3060,2399,9535,3181,5189,1673,23,6353,4318,5391,4149,9259,6554,8110,4179,6197,112,1325,229,5058,4477,3717,2826,1459,6818,4141,8820,7490,6863,5104,1904,1112,2683,7071,2212,1547,7350,1363,9301,2864,8250,6739,7352,9651,6603,726,6128,1680,4999,5493,8737,4585,6129,7997,4170,430,5704,1738,1254,5007,7594,5343,9804,3414,3787,8676,9888,594,5556,4581,6270,4732,5829,3839,79,4332,1331,6207,1540,3266,1095,2209,3734,9974,5131,5330
5042,9340,9405,4799,7135,8231,7940,6894,8880,9464,5948,4770,6871,3685,4986,8674,9536,4246,4967,1750,524,5886,510,8569,712,1655,1925,5010,7349,7691,4685,5439,1251,3518,3365,8096,5023,282,8082,6545,4677,7417,6961,5077,1004,3667,8283,2772,3630,4664,797,1395,375,88,2898,8633,1684,9652,1278,4263,424,2388,6663,6675,5549,6233,8047,7731,940,2520,1311,1553,6380,9728,3237,8228,9805,2628,4503,8548,9889,3871,693,3313,2760,6983,1609,8708,955,5449,6239,6770,8609,6909,7798,949,7604,9975,3754,1538
5195,9018,9406,8709,9149,8157,8446,9175,9445,8093,2704,2016,8210,6408,2118,7408,9537,4181,4511,1837,34,6411,7075,8036,6978,8912,8523,6832,5167,6026,1006,1250,958,4292,5914,8935,1387,5024,3416,3210,8196,2373,3557,6821,1021,531,9099,8686,203,271,6016,8014,9158,6484,8416,1652,8593,9653,1033,304,6355,4523,7554,6722,9694,7132,7996,8503,7808,1056,8030,1620,861,8801,725,7925,9806,4580,5876,7986,9890,1414,2465,3743,5947,5601,5520,2777,42,1229,302,6331,4596,3577,1153,3154,8031,9976,5193,7143
3025,9043,9407,6889,8873,6601,5334,9054,8232,5424,3961,3168,8909,3837,4851,7509,9538,2695,3405,1945,7,8919,5607,6522,5212,9295,5897,4310,6201,7285,2487,1556,1544,1133,6704,8936,7242,5097,4533,4783,8240,1566,5253,3597,2548,943,8272,2467,503,130,7506,3066,9138,1618,5671,2800,8274,9654,6835,279,7718,4590,7200,6108,9695,4681,4459,6948,5573,1286,2741,2023,1127,8530,2779,4709,9807,6682,2447,8549,9891,982,4963,2730,3281,5551,7180,5081,72,1150,475,3504,6746,4560,328,4111,6907,9977,5902,3260
972,9341,9408,1369,7739,8850,7235,4541,9088,9153,6238,1736,8652,950,6180,8326,9294,336,4068,669,38,8194,288,8722,4567,6170,2962,1576,3160,3972,7776,743,876,2937,1656,8728,2280,2239,7569,6078,5012,8525,7516,4257,6810,5559,5959,8800,4757,6351,2397,9131,9302,2528,6275,3735,8265,9655,3184,5218,7221,939,7967,6020,6915,4434,5779,3315,3473,4109,1432,337,5543,9092,1025,8793,9808,1531,1991,8114,9269,1103,5416,3915,4639,4682,6088,7790,170,1888,3932,7485,7134,4914,5566,428,7833,9978,2970,2693
4889,9342,9409,5517,6158,7766,7815,9442,9046,9291,5096,4214,1404,2226,6160,7745,9539,1841,37,3963,390,7768,7688,8771,8449,5563,1346,8619,3024,6172,287,159,7511,6550,5941,4529,741,4955,2978,1962,4671,7044,7930,4447,5819,1071,2921,7993,1107,2180,4396,7155,9260,3397,7962,6934,1897,9656,3223,254,3645,1718,2778,6217,8650,1186,7364,7983,1616,7255,5165,1105,7721,8847,2507,7291,9809,7655,3101,6423,9892,2035,4902,3153,8267,5153,274,5276,5161,5298,5286,5185,3204,3388,490,800,3584,9979,2656,2281
7256,9276,9410,8405,9436,8678,2715,8541,9103,1775,879,1601,6140,5920,7544,8260,9540,1817,2502,599,44,8332,8310,7022,7836,1810,5362,8889,6608,6788,8717,1509,2526,5302,7675,8780,7547,1411,4024,6166,9038,2363,1333,804,1121,370,8980,1543,1356,789,2003,8501,8730,5764,8697,1588,8606,9657,8206,2314,4612,4104,3931,7286,9696,4113,8464,9160,8154,2317,2903,6468,5734,9729,153,8329,9810,8675,5090,8065,9893,1072,5393,3376,8313,8410,7168,7927,96,793,393,1029,8277,8288,1867,959,7519,9980,4817,1883
2010,8974,9411,2790,7226,7550,5653,8615,7928,8020,6134,2205,4432,2565,2977,7368,9541,1961,2984,2608,382,7327,6150,5221,6965,8785,7062,4779,3853,4973,1759,4215,2240,3075,4394,7546,2184,1276,3065,2332,8023,4880,4414,3500,749,948,2533,3918,753,99,5202,8317,8389,6812,3889,6339,6589,9658,2848,1405,6001,2582,4945,3855,7694,589,1947,7602,5841,1987,7484,1453,4091,8924,790,1827,9310,7494,6534,3023,9209,3684,1873,3515,5507,3440,4185,6143,3310,4968,185,4425,3186,3621,2420,2183,704,9981,2910,5116
1047,7073,8770,6870,4413,976,5854,7367,7910,7232,3702,4040,2562,2620,346,7087,9542,5361,1860,685,4291,7114,4366,8315,7376,8040,5483,6843,2292,6005,286,2308,4831,2711,3703,5175,6342,623,6943,4270,6014,5568,7769,665,1078,3380,2557,4547,502,2579,4505,3157,7801,5017,3381,5813,6623,9659,4886,1314,6367,2440,5467,757,8583,5474,5446,6699,2629,511,6561,2472,3375,9309,5528,4206,9811,7164,1260,5258,9136,767,761,3939,6139,7013,2479,4460,5847,3805,5329,2402,6315,5761,373,2825,4368,8962,2950,5194
4019,9246,9412,4733,3954,7761,4228,5429,8931,8651,684,4689,8695,7786,1688,7755,9543,3248,3642,91,1804,5471,1824,8875,8951,1915,3974,643,6971,8905,3681,2633,7258,5615,2258,8551,1389,734,4504,2765,8256,7443,1877,5582,325,276,8620,8064,2906,1856,543,5986,7916,3516,8213,2924,8136,9660,1975,2748,433,4144,3090,8474,8809,6218,6891,2416,2818,4712,8113,6073,2535,9730,770,7908,9812,1110,8811,8899,9894,4180,747,1594,8939,4244,4713,8276,5179,2927,1262,609,7613,5434,930,3339,8221,9982,3267,6047
660,9146,9413,7834,9165,8306,8495,9176,8784,6895,841,5508,2230,4389,806,7209,9544,5768,3055,1532,68,8338,5112,8853,6748,9296,8029,3794,2944,7241,1137,1040,5889,2188,7488,8302,2491,5478,2737,5310,9029,4133,5418,5174,2145,1549,8865,8353,75,125,7759,3692,6415,6992,7108,8526,8039,9661,738,1281,7576,2886,5184,6241,7748,5290,4196,4449,5178,1475,8546,2504,884,9731,847,6083,9813,8484,6311,7577,9895,820,1402,2536,6864,7679,6679,5711,508,5848,970,4753,1629,2214,601,3109,8107,9983,5240,4199
644,8985,9414,5405,6987,2152,2511,7573,6817,6061,4981,3372,7401,5664,4458,641,9545,389,529,3582,265,4868,6161,6703,4048,8109,5455,8046,4599,5727,4814,4798,3969,4269,2427,3056,2092,2719,6651,4907,6877,2846,5223,3374,3914,3869,2795,5419,720,3576,1690,7703,7024,2192,4792,1106,4322,9662,2723,2400,5347,2681,1695,5144,7892,4893,2590,4978,5953,1289,5767,3081,4820,7492,4306,5187,9814,5613,6397,2810,7725,4979,2321,323,5578,4549,5350,3410,4839,709,831,2430,5774,3679,2896,626,2299,9984,2393,3747
2843,9247,9415,5651,6279,6690,1578,8579,6630,4060,6316,1834,2682,4116,3156,6388,9546,870,1662,625,1425,1141,5655,6731,7868,396,4615,8791,4957,5769,4578,1503,1088,2647,4205,7127,5030,291,7196,2853,4348,5436,606,1941,4335,2792,6512,4829,3002,2666,986,3043,3432,2040,3714,5851,1799,9663,5732,3053,5482,2541,1076,2975,4569,4452,6242,6784,3378,1980,3010,2706,4513,9142,2459,5043,9815,4156,6038,1599,8900,5392,4416,3503,4927,6457,5961,6728,3197,717,2196,1977,7563,4598,3675,2677,3234,9186,2362,5318
3600,9343,9416,1079,6883,9234,1719,1705,6458,9256,3624,7534,8977,4020,2623,6787,9547,2508,7113,330,2830,3256,432,8838,4312,1393,2743,2017,4845,6885,6989,8087,7342,7161,4323,9028,3786,851,6819,4832,5985,5417,1379,7583,803,102,7729,7198,953,5273,514,6075,6635,852,6999,8197,6086,9664,1707,2224,881,4962,1342,4489,9163,7618,7794,545,4815,8172,5325,3243,7000,9264,715,6322,9816,278,8802,9074,9896,6904,735,3973,8118,7214,6626,9143,4258,3447,8178,335,8782,4876,380,4552,7400,9985,4486,6850
989,8916,9417,7365,9284,7020,5644,9288,8270,7864,8247,1165,8740,8582,2359,8557,9548,1983,5079,221,435,9078,7641,5784,7751,537,7933,8995,2133,7076,3459,2267,3251,8117,6376,6672,4913,1114,3586,3367,8450,2159,3408,3303,538,2521,7343,6037,1423,2316,576,6029,3135,7323,8545,730,5932,9665,2142,506,2439,4918,8759,5577,9697,6374,5454,8787,7963,3129,3446,4946,2581,9221,1290,7850,9817,8773,2745,7224,9897,1321,303,5939,9034,8275,3167,651,180,719,733,4316,8533,7216,1560,2673,8572,9986,4947,5069
1351,8218,9418,5562,7621,6628,7990,9197,7754,7853,1724,4991,1291,4728,5026,8456,9549,4280,4667,1305,18,7922,5464,7690,3572,8442,7137,7736,4583,7121,7460,2578,1545,4186,6575,6354,6365,6074,4119,7880,6820,4898,3991,2780,6151,629,4725,6899,675,62,7855,1701,6576,3304,3592,6659,6636,9666,6379,1099,5733,3501,5213,5363,8409,3039,5304,3262,7858,1392,1272,2875,1023,9222,1781,6785,9818,6021,2119,7580,9898,653,7260,1896,1764,7926,6786,5514,107,2100,1092,1534,6653,5672,444,2722,5459,9987,3958,2148
1702,8522,9419,8406,9285,4755,7597,9067,8567,8437,7358,6977,9200,5575,2313,6229,9550,6754,3981,909,744,8721,6688,8348,8766,452,6913,4237,2618,7727,8103,6446,4514,3634,7515,7512,5371,1169,6350,3379,9030,1711,2869,1269,3018,1357,7752,8013,1401,367,1075,9008,3233,6946,4445,1866,2061,9667,386,1733,967,3257,8656,6114,8452,1660,5013,8748,8514,6132,3803,4932,3057,9732,149,7389,9819,8749,6515,8252,9899,1843,2389,2076,8915,8585,2384,780,299,618,796,1304,6640,2322,489,3878,8203,9988,4333,6677
280,8837,9212,5053,5706,4217,3458,7293,5205,550,3270,2849,4734,2788,2539,4800,9551,4219,1956,2836,2232,6831,2285,4654,7236,3841,3277,6084,2992,4912,3411,2037,3608,2177,2789,6764,1669,2801,6622,4028,7211,3773,5800,2752,3455,2946,2847,4767,2185,2979,2639,6329,8098,1625,5782,5731,3052,9668,4700,1097,4102,2135,4264,5173,8007,4334,3846,4941,1840,3529,118,2494,2931,9073,4645,5265,9820,5929,5380,5106,9900,5896,3555,908,4326,3627,3947,4208,1109,3486,110,3435,2498,4124,2110,2356,5955,9989,2141,2587
4717,9344,9420,1373,8901,5752,7587,8805,8672,8368,592,7152,4095,3095,1598,7514,9552,5692,3478,421,1,5247,3022,7820,677,7450,5834,9574,6126,7520,5406,3116,2030,7650,5729,5678,3280,1485,5228,2094,7905,4594,6815,2856,1715,214,4862,1225,3124,222,4679,4522,8727,119,7031,2438,4842,9669,7190,3809,7279,4726,5533,6796,9112,4535,2838,5870,4487,825,6467,5398,1192,7609,3076,7603,9821,5323,6297,6683,9318,2073,2279,3004,1043,8016,3099,8253,1136,521,6323,5277,3808,3887,3652,3282,7093,9990,4531,4500
5715,9345,9421,832,8874,8851,6574,8035,8871,6994,8152,3860,5825,1336,2588,9020,9553,3852,1407,5280,126,5860,193,8174,2303,9567,2904,8293,5861,6691,3661,2435,4738,2998,5076,8239,3568,931,8723,7692,5402,8643,8482,4828,1242,4200,8424,6789,739,6582,7702,9578,9239,134,6055,5698,1222,9670,1041,673,4356,1101,4239,7723,8475,6247,7601,8788,8883,3079,4177,557,4498,9265,401,8925,9822,5852,6009,8089,9901,8330,268,5786,3419,8106,593,6892,8677,255,2485,3369,7474,1506,6695,200,5119,9991,1500,5075
1443,9346,9422,4000,9093,8419,6814,9214,8121,9465,2097,7468,5462,5994,812,8653,9554,5476,5101,5016,3836,8309,4751,7430,8647,2547,7649,7992,3951,6440,154,7957,2012,2938,5445,5812,468,1220,4253,3910,6085,5899,7830,2644,173,878,7124,2767,552,4117,913,7946,7917,6204,6715,6258,1922,9671,1583,3032,1890,2408,5504,4197,9132,4370,8008,6612,1661,1516,297,558,2570,8897,2167,7628,9823,8015,8836,5159,9902,2429,1384,3423,5640,7433,369,2208,7744,6235,2246,6213,1424,2220,1771,3212,3394,9992,2245,2832
6798,9229,9423,4841,9437,8343,7513,7582,7706,5110,8750,2375,9055,2986,1084,8517,9555,2700,2483,317,7991,9180,4132,8280,7169,3845,4665,5923,5200,7966,3196,9057,8351,6709,7393,4586,6255,190,4763,2574,5073,7395,7197,6666,116,1895,9083,2067,2406,3302,992,9579,3770,1116,6587,1677,1001,9672,748,776,1658,7311,7593,7170,9305,8148,1413,9699,9141,8810,9700,5535,7964,9733,249,8691,9824,9114,5014,8608,9903,2679,547,5626,7033,8719,87,540,3269,3626,60,1507,8602,1709,207,5831,8411,9993,5074,7804
2052,6284,9424,1317,7503,7814,4550,3215,5020,8711,5746,2036,2985,919,3199,8238,9556,3296,257,963,2524,5781,2116,7023,8867,6570,5049,7923,5463,8081,6990,2555,6432,2251,6481,7924,6162,1513,7904,5881,7338,2004,6326,3823,123,604,8111,1630,1490,530,2218,6859,8746,6591,5688,7254,7109,9673,3120,236,7711,5366,5890,6958,8825,4485,5694,8417,7770,7456,5100,5137,4894,9734,362,7356,9825,8760,4490,7064,9904,1012,2021,1613,8434,8000,3316,4402,3019,4565,785,128,7978,1117,374,2922,7633,9994,4561,1717
5838,9347,9425,7495,8714,7459,2369,7753,8067,1706,1615,429,7193,5648,6252,6426,9557,1643,5645,201,105,8108,6358,6030,8080,2613,7284,8262,5629,3657,8402,2807,3742,5262,5789,8521,6269,114,6191,3451,8294,3041,3617,630,520,260,7882,3537,5098,1296,4146,8981,8425,6725,5993,1108,8638,9674,7553,1671,2782,4251,5368,7324,9698,2911,7936,8357,5028,3632,1230,6405,6518,9735,436,7333,9826,7245,3857,7862,9319,2736,4701,1518,8396,7458,7734,4178,830,554,155,1131,7261,8001,1926,4546,7094,9995,2113,2368
4494,9348,9426,1466,8072,1865,4778,8790,7639,9466,5226,1678,2615,895,4791,2455,9558,2971,2643,1339,1777,4480,2851,6662,5758,8299,1927,1882,5444,3328,6291,5190,4857,5701,5818,1375,3188,3142,7763,3395,8004,6302,3485,2731,5632,2015,6822,6366,1020,94,801,5845,8712,5680,6282,6667,6744,9675,1138,1631,1416,3797,4058,3637,8565,4526,3357,2371,816,4252,6813,3354,3298,9169,5810,6206,9827,3437,6138,5216,9905,1606,1551,1403,2654,6052,2345,2650,933,7049,4924,2200,2069,3007,811,2096,2463,9996,3040,4008
5015,9230,9427,6101,9194,8803,5312,8700,8950,4890,3467,1146,4403,3710,2671,5822,9559,1036,3741,991,56,8715,6649,8519,8839,974,7129,3779,5584,8211,6428,2495,3583,2396,8139,7792,4304,983,3472,3603,9238,2423,672,2506,148,926,3696,7607,1730,329,1171,7290,6318,6390,7521,1302,4883,9676,1519,3383,4707,5294,6070,7250,7982,5828,7788,8953,8214,6033,8515,1298,2241,9206,426,8757,9828,9040,7039,7852,9184,4327,2602,4444,7871,7156,4438,2598,1215,358,263,1944,4398,2909,1360,3985,6552,9997,5864,6176
3706,9349,9428,2833,6562,8246,6865,3193,8415,9292,4731,5133,3198,3155,1526,8094,9560,3778,4309,4512,6,8488,526,7183,327,6970,4378,8735,4743,6782,5291,7436,1969,6098,5315,8679,7104,3074,6828,5125,6231,6334,8864,1743,1889,3334,5893,7579,4644,355,3420,6421,8754,186,5018,2662,8191,9677,1951,3638,8170,3433,2880,5249,8891,1168,6668,2051,4847,5458,724,2277,1748,6583,2262,7772,9829,680,2735,8894,9906,152,5374,4793,8133,7877,6684,3384,620,794,3385,2883,2877,7262,966,2649,3246,9998,3546,6278
3671,9164,9429,4201,8710,6841,7525,9198,8845,9467,315,5029,3792,3678,4265,4469,9561,2812,6116,281,9,4611,7429,8933,5794,9568,7726,2845,6918,7568,2080,3499,3312,5728,2006,7651,906,6317,4959,2665,8906,5502,5272,4551,4648,262,4996,6945,481,80,5844,6795,9217,1548,5532,3322,7747,9678,6593,837,2514,2702,7344,5967,9140,4255,2740,1839,3508,1773,6404,4796,689,5593,7498,8426,9830,8879,2320,6610,9907,1581,4519,6250,6293,7381,7500,5933,228,1051,1156,4435,3048,7518,611,1783,6893,9999,5063,4072
3085,9102,9430,7263,6425,8019,6781,7973,4457,9012,4408,971,6922,3581,1430,2991,9562,4972,3350,1315,139,1898,2161,7878,6452,7303,3238,2551,4882,6223,4782,3937,4795,3051,2293,7537,5984,3536,7977,5299,7331,1206,7053,2563,5128,5748,2227,7424,1293,627,4556,7491,8168,4587,5171,1178,5771,9679,2694,1590,3288,2996,4042,1591,5433,5199,5722,4374,6234,3422,1779,4283,349,9207,3190,6499,9831,4319,2920,3362,9270,1687,4922,941,7061,4838,6556,4635,253,3491,1517,621,5468,3059,703,1737,3827,8813,2969,2139
1903,9277,9431,4929,6615,8628,6747,8969,7780,9077,4676,6475,7112,2868,5227,5279,9563,1700,2510,363,2,7435,6808,8422,1818,9069,5879,6465,6025,7359,6923,1906,928,5515,5524,6876,7043,2286,5456,5506,4559,6697,7945,2064,5431,889,6435,3756,3311,1067,4651,4247,8038,1694,3977,3601,4704,9680,7447,4352,7185,2636,4094,6384,8502,4659,5123,5625,4360,5231,121,980,2011,9100,2648,6669,9832,7142,405,5815,9908,350,4189,5085,6901,7630,7939,4127,313,562,5025,3998,6251,3610,275,2334,4953,9272,2505,595
4371,9278,9432,8534,8092,7086,5270,8127,8180,2338,277,1626,1352,3861,7476,6383,9564,7070,2343,2484,124,6307,7854,7560,8952,8876,7557,5254,6301,8642,6851,5114,1899,1979,6013,7470,5738,3724,6673,3245,8105,1074,1911,1282,1580,1167,5309,2328,422,1686,3539,1954,8982,6043,4347,2428,7995,9681,6716,649,7671,2571,5840,6256,8966,4844,5569,7528,7874,2627,7893,501,5078,9134,392,4296,9833,6845,8491,7531,9909,686,3984,4808,2266,6462,7040,4616,117,3400,108,3393,5407,1670,3330,4278,3571,10000,2147,2805
3542,9350,9433,4724,8844,8032,7533,8739,4213,8942,1832,5859,5787,2330,4570,8665,9565,2156,4638,1685,29,3050,2515,7096,6430,8832,1900,6966,2503,2201,5788,3965,5610,3172,3069,6050,4954,2935,1826,1965,8989,1802,1742,5950,419,624,6914,7890,699,1217,2976,3699,9582,6192,8217,2522,8483,9682,2972,2219,867,4151,6947,6711,8703,3145,4397,2284,6254,1501,8634,3923,285,9122,4441,8382,9834,9115,2556,8682,9910,6391,4803,2458,1378,7448,5621,5858,431,2296,2893,634,4821,3067,799,3893,7960,9321,3653,1497
