-0.983191692320544	1.15313014457645
-0.0312846804596652	0.0450682694185924
-1.61038191529694	2.02251261462659
-0.812388436313851	1.00612533316012
-0.536073743387738	0.644757224394258
-0.954357047806603	1.18770780283717
-0.372761500987732	0.444276081071791
-0.583196540879712	0.752940510975364
-0.76175732337027	0.945421930826436
-1.12222022139351	1.50725848303257
-1.2370627802558	1.57042446465282
-1.06901245583797	1.43068507741583
-1.10459973665206	1.42594056590162
-0.96979620494954	1.18182215279581
-0.923547113917894	1.13497637433799
-0.545822774629256	0.531697734465568
-1.33524286391441	1.65214267433166
-0.771332310658137	1.06966659628139
-1.27620582950136	1.67731927796806
-0.693435085612441	0.936964958752337
-1.39251627267202	1.75065785663244
-1.53149502800961	1.8668054064467
-1.30722270834387	1.59172855706178
-1.07819682381197	1.26273700904953
-0.818989314120984	1.0221718767549
-0.883180582190603	1.11468967660719
-0.869506900679249	1.09045566203257
-1.47826200999217	1.90000157839596
-1.27289224021508	1.57542316026095
-1.00814617722018	1.23155200598883
-0.2406146118727	0.460604468055606
-0.330870013290698	0.32410292300718
-0.763546419141849	0.777368725227472
-0.663069737652777	0.731868356690109
-0.0509476662141401	0.0481255340790622
-0.382722450012303	0.7636767629163
-0.751901187476514	0.738688156790798
-0.289208497233731	0.329349147932073
-1.20607576312173	1.65334290681408
-1.04222765969268	1.23594557534819
-1.36595574923065	1.76851799800326
-1.40327626069076	1.74717126550489
-0.705569818272999	0.83880303854153
-0.319762287902597	0.351786423422779
-0.825683019003915	1.01810789974544
-1.04418465334464	1.48321451132044
-1.61182192275076	2.03313672793868
-0.174981555847417	0.214910879517859
-0.786995926514833	1.00665516297161
-0.94456414740724	1.14541199790802
-1.19530150847983	1.58768557346056
-1.06817879867786	1.400620808509
-1.00300572304802	1.41544850095039
-1.37788224532303	1.73173409192192
-0.833654081282491	0.911318021879631
-0.925394770805546	1.35369566475226
-1.07407981781402	1.44959507818554
-1.40047848633153	1.75639367736932
-1.14682543414468	1.35973255873293
-0.328748923836831	0.43245025605547
-0.256614094191891	0.283548339585175
-0.524063794331968	0.698602018190403
-1.50231721416359	1.92103351114274
-0.184655677627869	0.2378182111876
-1.49988464449779	1.88477098429373
-1.21259163827116	1.57790641974952
-1.527733112339	1.97386179404717
-0.966797698281352	1.45061376220682
-1.4345044049658	1.78546225242061
-1.63370747547734	2.0501222859813
-0.105284559365703	0.136276903043467
-0.329811911011227	0.442106046360567
-1.45621003910088	1.7754805048521
-1.49968838792524	1.87543378312839
-0.451143119158944	0.555192928265427
-1.50897884984117	1.90259514831464
-1.3627030560762	1.8160906535759
-0.138224278624778	0.130455062887105
-1.58258215177704	1.97507197841391
-0.681936847207812	0.80389559305656
-1.35972939116086	1.79093906603244
-0.155740710735788	0.159706063696962
-1.07219899262736	1.32605616306808
-1.58025220926665	1.9586554405408
-0.136803900350967	0.180103576467941
-0.518012696215444	0.650160730702901
-0.869450139966924	1.05692917014011
-0.894869312203566	1.04928786518141
-0.731697226608265	1.15171812452091
-0.208931246250906	0.232517677528743
-1.3011632131125	1.6335790268359
-1.48992425997018	1.86921179072958
-0.221690106417228	0.253677768931591
-0.290924599454571	0.406883847193331
-0.18471023758123	0.270484626015246
-1.45609963126332	1.89601583046098
-1.28776669270808	1.58831887019529
-0.341097762574416	0.409919272448693
-1.26519204964211	1.67640516975031
-0.708623288663712	0.794935113047411
