-0.198754303426985	0.283170062544168
-1.14587180010967	1.61508194425429
-1.23264518374743	1.65169193535011
-0.0548687736799786	0.13700470817622
-0.573731809636888	0.961584105256529
-1.01644287271134	1.09103595400247
-1.12107505570393	1.42678478148403
-1.05629188384436	1.32891720791898
-1.13661179225273	1.70653270865483
-1.0925056161656	1.35007883271383
-0.00182385311700967	0.00245406709269887
-0.94736065719614	1.35347832025352
-1.08403599023036	1.62764680775127
-0.942914341326434	1.47622045518745
-1.12208528964816	1.6945622363526
-0.145440461954359	0.171440971208565
-1.10032786104181	1.68076231049106
-0.0741911802339134	0.0897861764480757
-1.1715695836311	1.72536154633199
-0.771931964137543	1.19599044388427
-1.16001677220238	1.71119570233404
-0.0760805213604294	0.101900164678471
-0.0886132306238872	0.144164421999273
-0.662070284882447	0.975428566952132
-0.101163797496659	0.118254686200196
-1.11086746091423	1.63692460521439
-0.972450587777619	1.46126989854271
-0.190916836190325	0.287798490944883
-0.514255855102868	0.857178094222755
-1.23736994213393	1.64670322877391
-1.0469562130993	1.58425238085461
-0.0829368319765408	0.100789487394593
-0.155458613574523	0.269854953360798
-0.174379716622084	0.403513906115808
-0.539376564331942	0.751515794645348
-0.602075338138828	1.00155131391627
-0.0176126685762628	0.0423473465132325
-0.833232453415166	1.24769945150328
-1.04488186887507	1.58404928098797
-1.25214145102368	1.59388626074143
-0.130497427720512	0.327741410481702
-1.08322009312261	1.65247672261944
-1.12102745588574	1.69037672100283
-0.158187554950873	0.318034536603649
-1.07636975155165	1.56963613567856
-1.22276794290609	1.68661704847689
0.0194110556276408	0.0262524360667484
-0.897971800099178	1.34798168999507
-0.821928666912469	1.28510504225805
-1.08251231706351	1.52225097140284
-0.913539707511484	1.3927015335032
-0.467347716789951	0.677620484841474
-1.17710385428659	1.6839056487457
-1.24969892305966	1.6508286368934
-1.15962705110599	1.67663602718205
-0.915028929650577	1.39318254459983
-0.95148658282619	1.44571889051247
-0.0317851115537773	0.236083098455412
-0.510645906181628	0.96625560162809
-0.861687213951922	1.40250233248478
0.0308034557435069	0.0574805397549768
-0.540153160500732	0.831265827848886
-0.801567808862992	1.0833410778142
-0.0650461019786272	0.0864745007243349
-1.01081704854595	1.52340442702816
-0.837894352854747	1.33632853281903
-0.998576518321274	1.51462188924453
0.0210345191509506	0.0132297159237943
-1.17397239755127	1.65771071669542
-0.217154419812161	0.290766658411911
-0.0839923083920372	0.119039423145477
-1.19218046586665	1.63256779880963
-1.12735719615599	1.68878697132414
-0.212408008776551	0.319153737389488
-1.24063655909166	1.6812646983787
-0.531315713571602	0.833926872988485
-0.693488337702996	0.958426191796465
-0.442729002610132	0.821202464576729
0.0946635119189789	0.0291966490378179
-0.227430975769032	0.480929457783953
-0.0100853007881543	0.114992008296812
-0.751974564498312	0.896156075113361
-0.891422664030983	1.20980111123027
-0.9655087135855	1.4437317292901
-0.955155026536103	1.52306425501765
-0.361634160428556	0.652747857153745
-1.08082955117118	1.62771911170109
-0.426946918373568	0.475191977535587
-0.0881948271584765	0.104235309713622
-0.0519207864066549	0.0569588678822004
-1.11894223901989	1.69523507127258
-1.47929538112912	1.75902522600397
-0.0370027114074325	0.0450466334679104
-0.663115908492104	0.790083061933159
-0.676172368695489	1.13377311122369
-1.02240158152882	1.46655424819637
-0.964601498567619	1.46414908975343
-1.20378426063564	1.73632711184264
-0.11155672574732	0.113033386902399
-0.494611583328846	0.731182903626203
