-1.36147403377171	1.59711967519565
-0.218418303761591	0.236398912511224
-2.17650433603606	2.65518541292242
-1.2354149993711	1.47830134100886
-0.57643166519959	0.685921359203642
-1.24689862997892	1.48746505671521
-0.454324415166481	0.565786504369885
-0.84814719618424	1.00567021360493
-1.01394402034132	1.25408187073799
-1.82507539696976	2.18907000589738
-1.38980801828203	1.85550845643074
-1.58749835664418	1.95499014479329
-1.27754522825557	1.61242728172353
-1.20255888491544	1.49128918696475
-1.06631748837411	1.31916923104934
-0.692062054677192	0.695821038392072
-1.52544501046414	1.93727603882607
-0.993751653796166	1.26957641801689
-2.23285785110148	2.60718643268229
-0.902828654328705	1.08847447017412
-1.99676058170078	2.3355215913736
-2.22481093122189	2.66775238362524
-1.72414321857991	2.1300166197755
-1.26678403285574	1.55974340682283
-1.24271470495704	1.49219970688745
-1.35858210728634	1.6121333297439
-1.04391970558877	1.33735236339332
-1.98827528144021	2.46605497432415
-2.01018801516148	2.46022295500504
-1.26537307613774	1.53040865386502
-0.442739767542884	0.663130141528633
-0.220019101560194	0.233796836655211
-0.662413073146571	0.743093290741671
-0.722154246599627	0.758382193009065
-0.0729272209671811	0.069850519988389
-0.63350184561545	0.927000636014961
-0.944954220253318	1.01996559951438
-0.355472747547137	0.385450522435672
-1.7310585958823	2.1636611988086
-1.60192781322281	1.76068601623995
-1.69811149824508	2.17840506198004
-2.34738860008118	2.7508153510843
-0.794598402288596	0.954762133112916
-0.145723521904531	0.186299395674511
-1.04083263391437	1.31081593179105
-1.40482821025979	1.94667432705711
-2.11086265954558	2.60526364322361
-0.200742026390453	0.214397691831219
-0.844010286433817	1.06388401008322
-1.09327198745863	1.34960450837832
-1.96389960811972	2.36332739271403
-1.37646296691924	1.69773646390855
-1.81822957880634	2.26290860703686
-1.97876948120341	2.38067176887313
-0.912277710655203	0.940392706940734
-1.65590589415433	2.1140225127824
-1.48966327396346	1.93222616945467
-1.90328540580399	2.28709816856071
-1.26235626261029	1.55195989627061
-0.473119918966143	0.601142838783104
-0.279962103193903	0.304714478260115
-0.669920451412222	0.87014547642017
-2.19546831450589	2.61949058957899
-0.225484518521602	0.269542010349074
-1.82656001431714	2.30453038670978
-1.76624045311701	2.14661029281558
-1.86350340630867	2.38578358541212
-1.69248504149631	2.20884341606201
-2.08139942279473	2.52508568439315
-2.18981044493573	2.65540520127914
-0.133606293561044	0.155579557758984
-0.403269300055549	0.537011260501131
-2.10663765336591	2.54696080238986
-1.99648790485243	2.4361351489371
-0.560047787874631	0.673174466033504
-2.11853550609015	2.56574227853416
-1.87815764856032	2.36485427264324
-0.235386902088676	0.234867887680103
-1.93287606000105	2.33803471746905
-1.09484196473204	1.24242921619134
-2.08383290150043	2.55155073620902
-0.257921084236775	0.276209103949116
-1.29705156365804	1.58605766783599
-2.17864894668138	2.67195787139896
-0.66393689689467	0.705952676374885
-0.682074539748094	0.802317580552648
-1.23726260173186	1.45848667384478
-0.98105671501224	1.20727152450404
-1.33020364940283	1.63121174772985
-0.52267479548817	0.558439690843854
-1.42881320322747	1.85150936792834
-2.08794681538487	2.54402916048516
-0.627575162343224	0.663258163156198
-0.572281319544938	0.598500187003169
-0.331820627344609	0.361029575553116
-2.00742496763682	2.49650675916751
-2.18009518422503	2.66532286261282
-0.882258059446366	0.967692248778096
-2.01355758420425	2.45601044236025
-0.842717679705932	0.985206328597965
