4851,9258,2037,5693,1078,6567,3865,3578,5349,5,7590,4357,7778,313,3499,2460,51,4119,728,7620,9038,9679,2259,6211,4879,9782,7318,2780,419,1114,8616,5786,5675,2208,3485,514,5232,4371,5504,8429,1739,9548,2614,7051,5543,8956,9318,2125,9131,1490,4553,5634,9923,6516,7459,8903,6227,4099,2333,4731,8082,900,2454,6626,2573,605,1115,7410,6499,2698,8727,2176,4931,6031,6543,5697,6940,5041,953,8651,8483,6612,2662,8301,7434,1273,8532,6091,5827,5986,8633,3194,1128,2497,1912,1419,3330,4364,6329,8253
658,9578,3978,2430,9656,8689,6902,473,3054,5800,6976,3426,5329,6547,6224,9215,7971,8515,324,7987,3098,9680,1102,7888,6349,9523,9383,3141,6120,2615,7088,2286,7723,4955,867,3885,1350,7880,162,9389,1839,9391,4221,7498,4079,5602,2088,4723,5562,2962,7404,6588,9428,2945,8024,3374,7239,3257,8246,7334,7510,7017,451,6899,4289,7682,3902,8084,9018,2258,1358,310,198,1149,6276,2775,8783,8580,424,8971,1686,3602,2498,8086,5339,5817,9409,6533,4010,3836,3494,8389,2229,825,260,8015,5263,4992,6662,408
1099,9287,283,6802,8162,5962,6214,4094,1005,126,2561,4754,173,4892,3225,7736,5371,6027,6059,1347,7475,9681,3412,282,5839,9233,9855,2308,2003,3526,3143,958,9882,4679,2135,2281,3681,7533,7518,7160,1999,7519,6529,7180,895,8376,3179,1586,3662,974,9261,5350,9924,6596,1772,8623,6811,6592,3648,1563,4812,4869,6773,7059,5216,5848,1672,3962,7883,9019,7231,7678,8268,6630,3316,4944,6517,7996,5227,7030,5476,4489,1313,3798,8486,3333,2396,4046,4126,2057,5973,3220,428,305,5244,2292,9512,1807,1524,3509
615,9579,5961,3771,106,5954,3900,4945,7078,62,4771,579,7754,570,8174,1720,3803,3306,7115,4258,9147,9682,3329,2256,8846,9524,9124,3668,2224,5828,6082,4936,2216,7338,2873,188,5936,6325,3555,9426,6754,8463,7847,7238,3390,9240,6492,7200,7102,2190,5746,6732,9155,6099,7981,8192,8779,4687,2982,8025,6057,2791,4658,1618,7164,1740,4707,9354,5529,699,4831,83,659,1034,7994,4953,1557,8542,217,5385,5318,5496,4128,7607,8423,3776,9572,4028,3277,6951,4656,4904,590,654,3452,5853,4748,1355,6014,7669
464,9580,2283,376,2897,9122,9368,1049,4003,316,3579,2836,1364,321,7954,6322,7494,3475,752,8188,1325,9683,7603,3916,7024,9783,9345,1869,2462,6035,7899,7206,2724,4648,581,4758,725,8461,5659,9895,6054,8337,6055,8621,7980,671,2520,96,8798,8222,8353,9108,9925,1179,4875,3840,7772,9000,3928,2329,7691,5094,5434,9071,6727,7242,3914,9159,9355,4655,908,2947,1854,5105,7600,1788,6900,9249,127,9308,1238,7640,5213,5810,4577,2423,9573,7208,4513,2514,7824,9021,6952,1413,334,8661,7305,4356,8402,5742
4872,9581,76,5451,8076,4856,1389,3484,4118,6236,401,1685,2391,5726,499,4348,3815,6459,5228,3140,8910,9684,1510,2931,4756,9784,5314,191,1187,2959,2185,4586,9883,1664,5516,4124,5336,2785,6861,4110,3910,3702,2623,5433,326,6919,3267,5020,7277,1254,8622,5171,3547,3751,7092,6434,7027,1230,6127,5151,6263,2007,7900,3754,7195,3234,1556,7637,3046,7123,5922,1167,6130,4865,1780,3086,604,6266,1649,7148,4460,6796,5686,5804,4670,4650,8806,3482,6468,4347,2044,4351,4294,1302,4385,2810,6365,1272,3029,5409
3849,9366,1693,320,5114,1339,1898,3939,2513,2538,4169,924,5198,5009,847,2417,4638,7098,3251,4045,3121,9685,3202,3949,7610,9785,8755,1483,2544,1555,5808,2533,9065,4073,2874,2013,1721,3626,5068,6666,5994,2912,5359,5584,2489,5368,7566,3630,4844,3114,6624,3419,8529,485,4076,8259,5899,6770,3796,5355,2681,899,4591,5428,3842,2710,3204,7490,4390,4629,3451,6296,2805,2958,2877,3622,2106,3558,1101,4582,6466,3931,2369,4208,7298,1552,7674,3708,969,1602,5566,3012,3787,883,3430,3584,7037,2547,1852,5129
817,9582,221,3091,852,5533,8505,2776,1879,346,2619,1629,2761,443,8789,1000,9372,8118,2268,8994,9663,9686,3256,1590,4029,9786,7956,3314,1434,2046,9127,8879,8868,5165,556,2092,6691,8954,8405,9896,1263,6698,4249,9194,3540,8034,3445,420,9083,879,9918,8591,9926,8453,6332,8509,8407,8567,4873,8038,9973,354,8883,7930,8827,4027,886,7966,7344,1532,7182,3094,986,2447,8439,9087,1282,7763,527,9978,7734,6879,9179,9359,9165,3918,8551,9096,1882,6085,9991,892,3700,2806,922,1264,9994,6555,8603,6546
600,9583,7415,1294,4823,8552,8473,6477,1748,4183,7962,920,8855,2925,9091,1044,9078,4127,7986,8102,8546,9687,6277,1947,9025,9787,9856,8,1287,6909,738,307,8208,2601,2096,750,2597,4519,2154,9897,8654,9485,7488,4316,4566,9331,8869,6959,8079,5150,7443,8319,9553,5441,8838,8849,8539,8679,3000,6578,6641,657,8395,8540,8570,5600,2214,696,6445,345,661,756,602,389,3209,8066,411,6883,1804,5430,7260,7398,4290,8271,8660,979,9229,2766,3278,6720,8214,2738,5087,3507,2678,6941,6729,6260,6748,6330
24,9584,6366,1519,9657,3706,8920,665,3782,7039,5383,1651,7417,6973,4075,6793,1902,7556,736,7300,3110,9688,613,6324,6850,9788,9857,3068,6925,1971,5300,3993,7860,4649,1864,5517,372,9151,629,9009,1039,8899,7622,4212,8292,8826,4062,6705,8758,4225,9195,5756,9927,1445,7045,5930,5188,1715,8037,2922,6685,2627,1963,7522,819,9407,683,7335,6672,8496,276,222,383,3339,4447,3020,9118,5328,3711,6333,2926,3748,300,8014,8272,1189,8888,8446,6744,4635,8829,4697,6593,737,6668,5820,6133,5687,8273,4453
4714,9585,6837,113,8788,3639,8057,4627,244,6058,1477,3855,6221,968,6885,8894,4807,8001,304,4813,3489,9689,5055,5567,7049,9789,9858,1346,4632,521,410,2091,6785,2103,6250,1163,5210,4864,5707,8793,999,9278,5033,4819,2416,9067,2673,1918,6854,1770,3805,4475,3144,5781,6577,9496,2650,3594,1704,4086,6661,2060,5000,3358,5242,6379,402,9116,2876,8040,6893,6275,7586,8139,3064,6399,8300,4935,3537,5858,1792,2480,606,5341,8239,3066,7766,6467,3753,3300,630,880,5481,1113,5220,3352,8584,3279,4597,5486
70,9586,929,2693,6834,8349,6808,1121,3049,1152,4078,56,1206,6917,5343,8391,8604,7542,1458,6859,9374,9690,4511,7451,6989,9790,8822,1642,673,6954,4912,6196,4763,7064,1987,3923,50,5256,1851,9297,8181,5663,7394,5897,7276,599,911,1173,7771,2981,8947,7163,9279,4738,2580,6246,8851,4187,4444,2303,7121,7194,6832,5168,7241,7165,4177,9337,7854,8432,1425,414,554,6734,4838,3051,7776,9357,1636,9163,3118,7168,669,3111,8786,3211,8852,5862,5933,4441,6124,3790,4215,2651,212,7174,6848,5464,1729,6821
339,9587,2503,1633,7011,8718,5386,1170,2209,97,5503,3653,884,5880,6894,7618,5432,2907,6890,5514,9521,9691,3116,5842,7437,9525,9859,826,4584,5005,1725,3642,7575,5713,7480,2899,2120,5145,2321,2603,4147,7161,7593,6945,2637,2901,5397,4095,7520,1515,6300,6188,3392,6864,5423,9956,6464,5380,1776,592,2801,4836,2921,5812,5558,4806,768,7392,6733,6686,3799,745,991,7587,6435,1623,9141,5565,1232,8652,1060,6358,258,6608,4070,1935,8988,5724,3697,4001,6141,7129,5485,164,1998,2778,9170,4746,3154,2000
532,9588,462,42,8573,8447,8690,4284,2226,1558,1089,3290,2783,522,6981,1319,2332,8207,1061,4308,976,9692,4200,8831,9292,9791,7574,1320,2478,6548,7420,7468,9884,1584,1752,2022,3765,3936,6485,9093,6314,9014,5411,8946,3545,957,5618,691,7126,7555,7661,5221,9554,5377,2040,3362,8676,1682,3784,7990,4445,441,8632,3298,8745,8915,163,9283,8816,5761,8550,6253,6590,3677,1857,9088,3224,7251,306,8784,8523,6191,6573,7805,4320,5990,7916,7739,7884,5089,8698,3031,5912,3976,1067,3303,8029,2240,5894,510
2129,9589,2194,4788,9099,2789,1546,2477,2266,8575,484,4832,3127,5379,2020,2188,1310,8810,2991,5645,4500,9693,4841,6984,8428,9792,9326,3609,6930,4911,721,1431,9885,2276,8136,5046,4245,2997,6235,6692,8364,9447,7676,4317,6110,9915,7421,1624,4262,1453,8725,4071,9555,7382,7082,9084,4984,474,5352,6598,4243,99,5590,5060,8379,6209,4543,8213,7329,2390,5510,6038,5160,158,7036,4440,172,1613,1694,5682,5831,4400,6148,6523,1033,332,3402,3271,3457,1993,7086,2515,6594,4456,1462,6001,3890,4052,1719,233
225,9590,6601,5215,9232,8843,8474,294,433,2035,5130,1046,9290,5763,1717,5088,8673,8830,5075,7818,8859,9694,2745,9049,8328,8449,9860,2389,1799,4817,2072,2495,8492,5324,1116,4116,881,9079,784,9480,3188,9486,8997,8386,8797,315,194,6357,8221,8369,8010,4983,9928,2528,907,7595,8904,5407,4480,3415,4609,2150,8680,9177,5499,8961,3954,9226,7243,8065,1668,243,486,3291,7196,4131,6233,6631,3525,8380,2021,2754,610,7823,7580,2432,7019,3263,7581,2299,4138,1724,3994,1764,267,5769,9254,3632,4736,4269
252,9591,6784,982,335,8892,2989,7306,6704,1117,4862,694,7561,342,6043,1513,4167,6249,7836,7977,7205,9695,2492,7532,8586,9793,9125,807,2604,8121,6623,1353,4206,1492,58,93,4380,6910,4274,9347,5337,9913,2797,4956,7482,4228,7808,3391,3490,5197,3989,6875,9929,4508,5316,2970,8109,7509,8454,7324,8592,2337,9306,7539,8762,6075,497,6967,7502,2131,1701,824,716,3631,8322,5474,1811,6077,1212,7346,8714,8865,8702,6826,9033,2059,9034,6960,7602,5346,8374,6489,3417,3059,208,5353,8241,3137,2062,1368
779,7588,1809,4067,1600,3894,4790,5719,1119,2965,5616,580,7185,5927,4843,2731,1673,4035,2134,5918,5856,9696,2790,3550,7132,9794,9126,1041,6063,1280,7279,4826,9384,5178,5494,1404,1493,7788,3975,8943,8342,3030,2688,4016,6481,7119,2004,3604,4349,2298,8442,3375,9930,3538,3488,9401,7372,4134,3270,3788,7247,5035,5976,4494,7983,1787,365,6554,6774,9339,8085,1726,2813,8251,2560,7638,9453,3232,4673,2295,7529,1270,2592,4596,742,828,7667,4782,1923,1508,6441,1401,1092,476,975,3640,7798,3619,2516,6538
866,9592,1937,3802,679,7845,8993,7583,1516,284,2777,2349,7735,1207,9467,937,9184,7023,2137,8995,9664,9697,6700,2986,6708,9795,8675,2262,1598,2469,7781,7438,5421,6749,747,1837,8824,9026,3397,9898,9238,8736,6539,9448,2587,5953,1523,1360,8305,2566,9490,6493,9931,7368,3827,6262,9970,8464,1587,5254,9566,2500,8307,9974,8279,2195,2860,5622,6877,1926,2288,357,470,418,8886,3800,1184,8656,28,7874,5997,3151,9180,8421,8611,7113,8581,9120,5096,2878,9992,1155,1040,1738,534,2048,9995,7514,8561,4161
2599,9593,2066,465,5169,3208,2890,4002,4192,3586,2404,1051,3244,2300,3089,3026,2279,3136,4910,2347,5658,9698,2164,4671,8642,9796,6005,3044,2073,2453,6715,3476,5993,2978,4220,1562,2611,4835,3007,3618,8441,8737,3483,2476,3368,7565,6340,2545,6681,3977,4298,4794,9333,1603,623,6856,4893,3286,2571,985,3813,2355,6813,5345,7378,3013,905,8026,5286,1699,3947,5492,5193,4446,1929,4641,8521,3745,366,6906,4734,4042,3019,3215,5832,3214,8152,3462,2950,2038,6658,4558,1448,2148,2082,993,4275,3164,3659,1687
368,9594,367,3450,203,9183,4927,6361,7278,517,7560,781,6929,395,9371,772,8922,5907,3165,9113,9416,9699,7627,1388,3984,9797,8896,1326,648,2732,8605,5458,6472,7576,218,1758,7584,9894,8618,9899,3301,7269,7729,9130,5416,3997,3638,2896,8589,1208,7091,8224,9932,7081,7256,6871,5398,7460,5621,7762,9085,2177,8700,2633,9406,3227,197,5865,9434,1110,5757,901,821,3727,9321,5989,4056,9307,1391,8522,9284,3886,8150,9251,9204,6513,9981,9074,5755,3588,9206,1761,488,4353,447,1151,9996,2104,8802,3869
4469,9514,1762,2833,2455,4694,1186,1293,2660,793,5245,3820,4204,2440,5731,6234,5561,5712,5365,4324,6244,9700,3280,6204,7358,9798,9296,1966,5024,3699,7921,1234,8189,2728,2879,1551,3565,6442,5466,5593,7852,4975,4663,2147,6393,8699,4402,3319,6463,2219,6341,2126,7811,3866,2809,9176,4486,893,4568,849,4448,3117,5276,2676,8557,3847,1022,6258,1023,6795,1648,789,1790,5578,2933,2145,3320,4152,3122,7665,2009,5972,3770,6343,2995,730,8533,2685,2325,3792,6070,3651,4407,363,1542,3109,2655,3830,4829,1427
858,7791,872,4861,1266,9343,5610,2796,2380,110,3972,3560,119,1299,6454,3021,2406,8475,775,3469,9171,9701,1244,405,6561,9799,9008,3281,1595,5153,2293,3999,9536,5008,239,1919,3418,8275,8933,4989,595,8430,4412,6717,5518,5257,4399,396,7015,596,9302,6946,8958,8772,6208,9244,7006,6440,3794,3312,7046,236,7646,2507,3718,2201,452,7598,4532,8874,7385,4527,4214,7664,7272,5845,8747,6706,1716,9509,8936,7273,6760,8499,4745,6096,9252,8388,2928,4151,7582,1783,5214,2254,2508,4564,9997,5649,6248,4471
838,9595,5814,4798,3899,8544,5887,878,2674,7608,3615,2747,4391,6534,1578,7562,840,8576,109,6267,2915,9702,1070,4106,4237,7793,9530,387,2377,3693,2456,5617,8537,6680,3995,1535,5297,8198,829,6313,802,8635,6709,4341,3467,4051,1311,5191,8080,5338,9395,5684,9933,6818,6542,8693,8480,769,5022,5393,4692,3736,2178,4870,1907,4443,865,7122,2490,8433,4193,5544,3773,1486,3728,3957,4191,6580,3912,8602,1052,4483,2136,6319,4792,1292,6297,3183,3762,4787,6560,4976,5630,1374,3354,2971,8751,1420,5149,141
998,9596,92,2690,1002,8764,8058,5657,1858,123,3252,2434,1174,1256,4358,4986,6664,9037,1841,6347,9665,9703,3107,796,2487,9800,8351,4018,917,1275,1655,4727,9476,7927,349,1160,8341,9105,8811,8352,773,8836,5950,8796,2306,6646,2474,299,8724,1054,9919,6163,9934,6385,2671,7841,9110,8051,936,2953,9225,1802,8226,6252,5442,4197,808,9338,6579,7696,9356,5716,3761,8356,5083,5813,9340,9002,839,8204,7290,6585,7381,8918,6210,6288,9982,7408,2606,4442,8975,2260,6805,938,1157,1832,9460,2466,7952,9181
1896,8952,132,788,137,4302,8303,4219,5002,140,7356,535,3811,774,3075,2420,7700,7768,4808,7236,9666,9704,1989,1122,5992,9801,6851,1108,2217,7898,9218,7447,8617,5391,1414,1035,7794,8362,6378,8288,888,6750,6187,8199,4136,8771,7746,3159,5929,645,8211,6711,9935,5730,5603,9497,8934,7703,3877,8882,8839,689,5277,3682,5679,2892,156,5315,6172,916,3834,1222,40,4529,6782,6788,7018,7639,6993,8887,8281,6777,8828,4013,8819,4946,9322,8787,1243,3779,8045,2345,2425,2859,2819,3974,9255,2261,4728,9577
3187,9231,4796,1954,8155,4006,7826,4103,17,3250,1824,3539,6762,3655,2199,2441,6102,6033,3221,2939,8860,9705,4097,5811,7479,9469,7263,1373,5780,1249,6874,5546,9537,3332,1225,272,5078,7837,5387,8944,6121,7370,4055,5167,6049,7181,1581,2591,4937,4784,9133,2356,9936,5126,6226,9957,6999,6857,5363,2374,6642,434,4962,4083,512,2471,647,3985,4264,6136,4137,6189,6537,1321,3605,5144,1083,8357,2041,8669,1964,2708,4342,7523,3481,1193,7203,2984,5525,1650,7114,3249,4512,394,153,3958,4234,2993,4175,2327
2730,9597,8056,6401,4011,8992,7999,856,3289,2019,7659,2172,9661,9077,4244,8468,8216,2632,5955,9024,9667,9706,2323,7827,8767,9802,9531,3,1489,6495,7179,2122,2788,6758,1743,2570,4607,8577,246,9481,8257,9549,8927,8554,3607,5648,539,2144,6766,2187,6036,8127,9429,7094,5003,9450,8677,9305,2117,4876,9505,2429,7842,5664,9432,2881,4970,3534,4814,455,547,248,157,707,7995,4397,8068,6140,247,7959,2428,4845,6713,8785,5403,5932,9435,9121,3070,2291,9993,815,6032,1955,82,7209,9998,622,4395,8891
1599,9598,477,6384,3360,5382,8448,7309,3981,6872,855,1979,3382,7427,8514,7755,2889,1638,7680,7877,9668,9707,4039,8895,9217,9803,9532,1,5158,1688,2305,894,7101,2980,8517,511,6963,6045,513,8709,8897,9914,2837,1845,8235,6772,8983,3546,6718,1910,3670,5176,9937,9054,8236,9958,8678,7644,4520,3903,8781,3528,8761,3134,9001,2310,2419,2197,4069,1407,943,48,169,292,3823,6652,1548,8069,3283,8172,9203,7541,8684,7777,7865,794,9574,2192,6804,6695,8976,1217,5998,3714,715,7559,4179,6820,6669,6412
7292,9599,997,5203,4194,4626,6852,5266,598,2133,2378,2898,7436,5806,3438,2742,1058,8018,753,4485,6323,9708,1087,687,2672,9804,8790,1517,1166,174,1435,5834,9385,4506,2443,1372,3514,7211,7701,9152,8898,5836,5438,3870,1214,8645,1574,2313,7254,1735,8330,1565,9494,5980,1076,8201,7784,4439,1645,5581,3601,2535,4776,7662,8420,4319,1172,8916,6500,8111,7732,7341,4257,2607,7624,7303,9031,8610,381,4575,8484,1911,5554,3273,7706,3628,8087,4417,5468,2031,7445,504,2045,1376,5449,1527,8154,2875,7450,5348
5389,9600,6009,4816,8335,6041,4753,270,1446,7021,2063,1331,6714,1849,1522,4661,5964,5957,818,5631,8002,9709,624,7525,2697,9805,9051,2061,5735,1592,3067,457,7630,4370,5999,81,2550,4888,4409,8166,5857,8606,6990,6356,5427,7548,471,4181,5031,5966,3783,3922,8047,2582,4229,9402,4438,6921,6521,5552,6023,2186,5576,2957,7951,5360,3405,6219,5843,8266,2631,44,538,560,1786,3432,5722,6228,3261,7512,5085,4484,3344,4497,4634,4053,7127,6452,6637,234,5643,4637,3733,2372,4401,2143,2725,3308,2458,5340
6737,9601,6703,903,8129,5771,8513,1561,7478,8719,7515,4493,5157,8614,6173,8856,8316,2376,1384,4327,9669,9710,3038,7851,6701,9806,7133,1909,1853,5014,8105,954,569,6015,735,568,6350,7080,214,9129,8620,7702,7789,7838,3383,6607,3125,1679,8338,8295,9053,7422,8986,2628,1496,9959,7193,8036,1711,7265,8438,6965,5938,8396,8905,6833,5794,3955,5931,1408,131,634,2163,1056,4871,1357,9408,5463,13,3248,809,5287,7968,7725,5737,1279,9983,7875,2448,2405,9167,3941,3414,2433,75,8205,8820,550,7400,6298
7107,9602,6229,2472,5941,7970,7299,2319,8424,9004,887,2641,3327,7925,5478,6839,2683,4188,684,5965,8088,9711,6961,7675,8720,9807,8942,53,3970,1118,4615,564,9477,3101,7728,147,680,4729,269,8619,7319,9487,3396,6327,8739,6958,9210,4772,8367,2350,8741,9069,9938,6497,6139,9451,7861,7941,9503,4509,6423,6633,4282,5995,7813,1191,871,729,2773,746,771,406,1218,1395,3968,7809,5923,7224,6154,8009,8876,6100,960,8907,8159,493,9361,1288,7843,7399,8230,1509,2636,122,5303,6490,7493,7032,7268,7234
1136,9603,1913,2079,8347,3687,8206,5681,3388,3170,3011,5367,7727,2825,5182,1081,4901,2808,1075,5275,3172,9712,4235,4834,7757,9379,8104,4672,3600,7389,2932,1503,4120,2284,1714,5538,7144,5422,545,8967,9192,7807,7937,8470,2252,5440,6073,2596,8590,8378,9491,6964,9556,8004,9269,5981,8970,1412,2826,8548,6424,55,4366,4881,5591,3096,4525,2387,6432,216,2118,1488,467,377,7135,6845,266,7218,32,4155,5685,7814,7169,7834,8625,6586,7117,4057,1224,6290,9144,1639,4322,3986,1019,7314,8890,6683,5282,347
5974,8940,5759,3684,697,7365,2231,2317,1821,1994,559,3100,7792,749,8031,834,392,5987,1239,6873,3896,9713,4176,589,7351,9808,9861,100,6562,5323,4273,7070,9386,4721,2054,1084,1371,8862,6896,9080,966,5019,6903,7643,7890,6416,8502,5765,8368,4996,9396,7270,9303,6651,8049,9563,4773,2273,7832,7720,7853,2501,3716,319,2709,5983,1268,4256,2714,552,5563,274,861,7976,3816,6789,6687,6783,5332,4247,5873,5903,978,8151,7570,1753,9984,2070,2241,4742,8099,4907,7253,1175,5805,6104,8716,4182,7708,6778
3725,9515,1410,5526,6969,6995,9273,318,2680,165,7718,5539,4170,7591,1889,9100,8383,8435,3841,8340,9670,9714,3513,6230,6029,9380,9471,3656,720,5700,2634,6955,2309,6724,1759,47,797,7275,1452,9235,8462,8738,7390,9239,948,2643,1504,2590,8200,4587,6501,5418,8837,4112,712,6439,8320,7812,2359,4008,6251,6037,4677,8264,8007,3045,3448,8503,7716,8497,1015,566,1398,6511,8140,472,5709,7097,1141,8411,805,1538,3146,8543,5066,4696,9035,8325,6155,422,9168,5703,3973,436,655,7330,9098,4797,5482,6736
2831,9604,2149,2976,4954,9076,8964,5252,2647,3439,5818,897,9214,5540,5054,4631,7686,8165,6602,8731,8931,9715,3427,2884,9188,9809,8722,312,1008,7611,7988,891,6665,7906,378,60,2222,7487,2504,8276,9300,9316,4090,7339,5720,9551,1454,2675,7162,3621,8023,7870,9939,6589,1156,8850,8780,8409,4085,7116,6450,4999,8601,8744,8247,1526,1164,2700,9200,1461,1139,388,751,2794,1965,2328,9454,9569,1692,7106,9358,6284,9112,2212,7232,5754,9985,6707,5173,340,8231,29,2237,844,1025,1068,6259,5878,8313,4374
4060,9605,2064,2744,8130,7649,7552,870,5100,1344,5968,2263,5935,7387,1090,8196,4967,5949,6048,3735,7609,9716,4115,7317,8861,9810,8460,1281,2296,2362,351,5802,5676,3856,1245,646,296,3988,1690,5959,8663,7621,8093,5111,608,3881,2127,3102,5608,2918,8759,5823,8959,6725,3322,5599,1465,8331,2151,5239,3858,2179,4020,3663,3384,7872,3235,8864,7084,8498,6426,407,3431,5890,7345,635,1818,3608,4350,7067,3196,4420,490,5717,7765,1295,8414,4490,6019,2854,6721,1801,5177,1233,415,5262,3120,3531,4572,6470
1872,7741,2033,3937,362,8574,1066,2589,2952,33,988,633,7935,662,6281,2236,2330,8982,2375,7955,8426,9717,3652,1863,8119,9811,8923,41,2005,3105,5159,3909,9538,2485,4146,115,2364,7803,7090,8710,609,9317,6934,7782,7670,5773,9040,6540,6650,1382,2798,6372,8637,7713,7499,9334,8182,8578,2534,8871,4561,4154,3401,4047,4688,8655,78,9248,8177,4574,7599,4569,2648,8008,3926,2488,4482,4314,7053,8311,2414,3680,2575,3576,8339,675,9458,3240,2098,6161,8686,3287,7903,914,7551,4682,4252,5134,4647,7685
836,9461,2486,1981,6620,6675,5074,1304,4499,1796,5785,763,5601,831,5560,5370,6616,5782,7079,1951,5541,9718,1794,4715,6887,9812,9862,1977,2341,4560,6020,2123,8477,5471,4857,5018,3950,3821,531,1922,3189,3846,5919,6817,5462,8757,1831,5619,7448,4156,7191,5473,9940,5946,6389,9498,5636,3864,5708,1312,5108,5065,7250,1204,6938,7750,2340,6182,7384,2204,2352,184,286,4551,3406,2600,4150,5079,1675,5164,4218,6572,3678,3454,4000,2146,6924,5673,553,5374,1429,835,4900,2232,3542,4885,8500,495,1315,6632
341,7471,85,2275,2719,7143,8314,5362,2605,22,3961,5457,90,337,6106,3077,7316,8360,6334,5334,7495,9719,2509,350,6109,9189,8073,548,1702,6137,7905,2395,9539,5583,530,1059,6527,8562,8776,6261,249,7804,7294,5847,2207,5524,3497,686,7456,2803,9242,7694,9557,6301,7257,6223,7229,8649,1178,3063,7214,562,8681,5104,2511,5219,1396,5097,4474,9161,9271,9140,8713,8184,3349,6824,7473,6522,726,8412,5364,6907,6183,8413,5710,5001,9410,7698,2948,4606,8670,7917,6689,253,3022,5725,9999,3009,4918,7261
1209,9606,1671,1924,220,8403,5728,4195,6505,87,3879,800,1158,889,1012,7048,7176,2095,6506,3535,8845,9720,4088,1543,5572,9813,9264,3310,1329,1659,3206,5161,9540,3274,2051,2994,5325,6206,5791,7359,946,5480,5795,5653,5678,8692,2297,4685,6159,2818,8011,6146,9941,5898,1768,8667,4958,6936,3203,4403,5882,1309,6966,5747,3778,7785,1340,6628,3673,8683,6644,5298,7414,3477,2756,6544,2987,9201,3637,1819,2979,5049,1397,7031,3789,2735,5637,7244,1826,3142,6025,5395,5063,965,1145,2649,8688,35,4287,7572
3577,9607,5186,4,1856,7440,5694,2622,5895,8254,3088,3562,5313,799,3090,8327,3338,1614,2109,4538,1336,9721,5698,4236,8878,9814,9533,3853,5752,5270,7629,1343,8833,3377,572,2770,650,4058,6986,8794,8060,7527,524,4535,5952,179,8258,2170,6855,4680,9351,3839,8960,3222,5609,4820,8081,7296,4149,6390,1014,4466,3553,4454,6787,4842,1036,8149,3772,5715,2138,5672,3370,4367,2983,7111,8668,8075,2030,5042,2942,4585,3132,3749,7601,2624,4620,5240,5029,4563,6688,4530,1125,1123,23,2335,7513,1756,6280,1135
761,9462,3180,2510,6344,3883,4941,2081,1695,1502,1530,3722,2368,6072,4590,7204,4583,5975,5669,2733,3572,9722,3616,7177,8131,9815,8436,1815,727,5437,7100,710,9387,4255,2043,2880,1900,3571,1767,6415,5170,7142,4004,1291,6083,5796,2692,1610,3387,3738,5021,4301,6876,1975,780,9499,2908,4501,2242,1085,3219,3919,3832,6417,7362,3486,1968,2290,6775,3767,4623,4455,3115,4415,3585,3197,7913,4712,983,7136,4173,2626,3873,5859,4468,3010,8938,4433,2659,3437,6360,3740,1471,1255,1883,1860,7657,429,4802,4719
1544,9608,4502,2014,529,1775,1774,1589,5400,6374,4478,574,1460,2445,5439,1132,3913,4458,2251,6348,5861,9723,3241,6447,3573,9816,9863,578,4190,3689,2554,4418,8256,5426,7089,1335,3444,3423,7245,8501,5271,5272,5417,6170,1365,7439,7391,3057,7604,5487,4504,2551,3990,4130,6991,9281,7028,5809,6369,4938,2961,5850,1529,5127,7647,6295,2392,4476,5051,2768,4332,421,611,5304,3395,6927,1069,4600,4897,6950,5884,6403,1301,2155,5507,2713,3583,5777,859,2437,6858,5606,1893,760,1747,3043,5067,2919,3495,2682
1606,9609,7835,678,1888,6614,9465,7068,4278,2235,4022,237,9662,1732,5508,3595,6144,6256,8490,8545,9671,9724,2029,6044,9779,9817,9421,65,2694,7856,8507,4809,7452,6232,2027,143,4217,8363,1640,9900,9390,8770,701,6618,7949,7367,3750,4007,9221,4145,5194,4724,7282,7360,4242,6882,9224,9502,6213,9404,9115,4271,7790,9320,9975,2058,6,4336,9117,1148,3276,416,138,3420,6939,3906,5414,3337,3356,9250,8715,6575,8937,1733,2916,2721,9230,7336,8929,425,5283,632,3724,1615,364,4491,2911,5080,1094,6272
7190,9610,2852,6994,3895,6010,9659,1362,6615,7416,3852,4933,9324,2121,4557,151,8980,9006,4015,8858,9672,9725,6169,2883,7868,9818,8385,882,6860,6278,770,3845,9388,951,8769,776,1107,4849,3804,9901,8289,7074,4305,9082,3381,9916,7677,2210,6803,6843,6531,6625,9942,6767,8848,9960,9500,9094,8465,3328,8549,277,6823,8053,9137,4735,1782,1065,7985,393,7932,2973,536,130,6199,7895,168,2227,591,3746,8070,8028,851,9456,2484,1048,2684,1996,7225,4276,7435,672,2666,3307,8143,1512,4408,4339,2142,3036
1850,9611,1363,708,4043,8808,5217,668,4732,200,7357,4514,1269,4165,1303,4534,8628,5147,1571,7554,4354,9726,3262,6617,6116,9819,9864,245,2435,7063,1769,4818,9541,7139,1755,4406,444,8287,6496,6897,3442,9153,8021,4040,2851,2067,3882,1813,5233,1710,7457,4241,7909,6751,7831,6920,7377,7558,1880,1950,4549,5789,6364,7444,3157,8541,3671,1226,8593,5753,7104,4202,7536,3744,226,4021,4595,8043,2479,2975,2557,7960,72,4903,6359,2491,9411,2895,2531,7020,7740,5425,9022,577,823,2457,9075,1646,5321,6026
295,9612,1439,2162,8375,8302,2116,5849,3156,1386,4044,4488,5705,6815,5030,2853,7806,5815,3004,5229,5696,9727,3231,3551,8019,9820,8691,3844,4768,3335,5592,5701,9886,2718,3888,63,4853,7453,2436,9902,5120,7633,7869,4163,1873,8646,7483,5910,2006,2206,2301,2158,9398,5688,1144,9353,8202,7645,7596,5143,5285,2832,3083,8531,7425,1579,228,6498,3707,5553,3519,1120,2543,155,5799,3502,3703,1927,6084,9073,7901,1098,4231,3675,4959,3285,9575,6097,827,480,7426,4775,322,801,4541,1887,6545,1778,3198,6605
3921,9613,2285,4625,876,7130,3518,4369,2814,877,4142,990,970,297,4166,7946,6367,1840,5037,5501,7003,9728,2494,1828,9208,9821,9865,1607,5230,2839,7979,2399,5187,2781,1939,2750,977,5123,2107,8777,4810,2097,1763,1750,3667,3311,6368,4318,6225,36,7489,2664,9558,6151,7071,9430,7016,3807,4140,3355,4617,4550,5837,1958,4031,6922,3018,6949,3472,3305,4178,5655,6386,3230,755,4785,5605,7406,3688,7672,4109,5493,5924,1498,6079,2727,8401,1944,806,3887,6933,4233,3131,2168,2723,2784,3530,765,5450,5743
5040,9614,5135,309,107,3491,4747,6761,1921,2234,4405,1481,7012,18,3135,2841,4205,6086,2812,3742,8536,9729,5064,2239,4786,9822,9346,3138,5322,4422,6723,5084,9209,5166,1884,3917,5835,7221,1943,2189,6212,1338,1171,4381,4689,1072,2139,1771,6912,5372,4971,5132,8608,5489,4699,9222,4730,2287,2506,6317,5034,1817,1925,6287,7705,7540,166,6483,7585,8112,2847,3743,1627,5249,3952,1042,4619,8728,5867,5921,2243,3729,3991,7149,7326,3649,8456,4713,5299,1235,3956,6279,698,2594,3819,1297,8100,2988,2670,2687
4914,9615,4516,1745,7709,7825,6428,4589,3243,7175,4949,1242,6143,3623,1440,2228,4755,5500,2830,6886,7800,9730,1814,7013,7769,9823,9063,1031,2843,458,7308,5515,8734,6047,3145,453,5154,5549,2555,8106,7320,8900,1539,5928,4915,8245,3556,3093,4779,811,2055,1011,9943,6667,1705,9431,7423,7009,1959,3712,1575,5642,4089,7431,5413,4599,1567,8134,4416,4048,1876,1300,992,1892,3072,5506,5612,5626,2828,4360,6790,5311,656,7751,4725,1262,4432,5098,1518,1124,5892,3709,496,2588,5184,5109,8284,478,4565,1654
1652,9616,3309,2935,6003,5596,7054,2645,4303,9123,6519,3037,5308,3606,4923,6982,9274,6376,4950,7069,9673,9731,430,8404,9377,9824,8469,690,1073,1862,8823,5294,7612,6175,7140,541,39,7454,644,9903,4982,5410,2225,1392,2609,5937,1480,5058,5840,7201,7171,3363,5550,7120,3017,6247,5247,3353,3470,8203,5402,6135,8321,7258,9282,5235,1154,5384,7462,6536,5295,463,14,2891,5776,3946,9043,5415,2568,7433,7998,4005,6847,7184,2247,4652,8963,7626,4300,31,7354,186,6604,2191,843,6105,3163,1908,949,2657
382,9617,963,1411,289,8092,7026,7953,7474,594,8627,740,6149,71,8255,2383,8844,1594,7642,8674,9417,9732,6584,2977,9102,9825,9866,4757,2141,8175,8643,5915,3862,3207,748,947,8450,7155,7125,9315,3112,6392,3826,8723,5889,5556,3893,333,7057,1533,5180,7528,9944,7288,9197,5982,3238,8237,5234,8466,7692,927,8091,3644,9056,3554,706,8193,7993,1728,5447,1637,733,1050,8398,6167,1356,6395,26,8323,4894,8333,8282,3713,8750,2930,9412,7464,3099,7061,8704,7615,2451,3095,379,4477,8705,2025,5036,3992
4974,9618,1064,4344,5405,8016,7349,757,193,2524,4279,3195,8526,3465,5307,5825,3455,6621,4365,5991,9441,9733,3533,4216,6779,9470,9472,2052,3625,4423,3082,4376,4168,3590,6145,1505,3167,7469,2867,7681,7352,9392,3511,4107,6648,7145,2363,5660,3829,3265,8870,2358,8968,2173,3190,9198,6422,456,1182,2576,4280,4171,4711,6913,8148,2270,3710,6052,6397,8712,2640,913,5530,5564,3756,1678,4223,6078,910,8373,492,181,6338,2968,2320,1700,3212,3193,2502,2322,3661,7252,1976,567,176,2815,4908,3508,4123,6193
2526,9262,3058,5460,38,5778,1451,5772,2068,94,1957,928,7650,290,5513,6409,438,3624,649,4764,5269,9734,2024,744,6962,9826,8197,1843,4437,5527,2246,6304,5354,7280,460,2752,6853,7563,8418,8835,2505,7212,6138,2161,6444,5392,8528,4313,7255,1553,8984,7557,9945,5641,4129,8479,4997,4642,3541,5568,7538,5201,1327,380,1838,3254,1904,7432,4452,4767,4883,242,2741,5211,6975,6337,8309,8097,5521,5454,9045,6923,7342,8422,2113,3228,9986,5846,1215,6320,7286,6321,5680,2069,587,5408,9364,4752,6610,6046
2086,9619,54,3398,2823,8729,7506,6346,3591,358,5497,2517,1074,1274,3645,7022,4121,6552,5264,4025,8775,9735,2848,7485,7237,9827,9473,192,6563,2771,4248,2941,8493,6006,6421,1894,4260,2608,6448,6660,4362,6326,2858,2602,1047,8555,8293,4968,1608,3493,6731,4148,7957,2786,1573,9961,6118,2108,5419,5156,4710,1337,2530,8039,1985,7189,4032,2196,5015,1400,1689,481,1938,537,3378,4651,5625,4643,5113,5569,7085,6901,2084,3880,4023,4660,5926,2311,5985,4328,2835,5012,3380,1001,759,3005,6002,3683,5863,6040
1470,5905,4329,1030,279,3933,2438,4993,5071,167,4859,3453,2996,206,3592,3872,3372,4840,6484,5175,2838,9736,2156,6257,8218,9828,9173,2011,4548,3295,5729,4605,7517,4578,356,2817,4224,5908,3055,3124,1289,9028,4479,3646,5881,3732,7199,2598,5248,3633,739,4880,9559,3040,1201,2870,6152,3506,1891,5767,2668,719,6074,5505,5032,2381,702,3876,5977,3173,6308,4533,6166,6342,6776,4198,3266,4761,2782,5768,6634,5095,1541,3024,7285,3487,3874,4544,3768,1216,6071,5751,5632,1848,2667,6587,8179,2811,3766,2857
489,9516,483,6914,265,7401,4630,5465,4690,84,8908,183,6524,2373,5016,1948,3226,4254,4580,6739,8596,9737,3726,6639,8516,9829,7543,2017,722,6205,9445,5647,5547,5573,3719,423,7989,8336,4830,9348,5520,7564,4265,6781,2800,9154,4858,3103,6904,1043,8814,3160,8914,7025,4952,9335,8419,5727,2015,3857,5290,1754,6030,8935,8227,1984,1317,5222,6931,3463,3963,616,343,3326,7873,7105,1674,7914,502,8748,7821,7347,7848,3969,4343,1009,6177,4973,2985,6387,8142,1547,3818,3042,631,1742,3515,3409,3233,7073
5004,8187,1328,1647,3672,7886,6391,4117,1580,6738,4804,1696,3428,7388,2016,2012,1722,7516,3966,2410,8707,9738,4398,1881,7878,9830,9867,785,3944,2354,8032,940,9266,2562,2157,148,4913,7065,4925,8003,6987,6315,6491,4934,4026,7730,2924,934,6238,4994,8074,4270,9267,8128,5766,9156,7096,5532,1342,3860,6269,790,6599,8345,8410,2465,703,2654,6381,6865,3084,959,873,1564,3520,5223,8571,4681,1967,7625,5902,6988,508,7864,6069,1097,8582,4102,4238,348,6353,685,5124,1457,3705,1914,7348,4608,4203,5770
3603,9620,2427,3980,5704,2855,4803,1142,4848,3108,3764,135,3654,5045,1528,5942,4628,6181,5870,3410,7978,9739,3264,4604,7802,9831,4686,1676,1727,2159,5366,3039,8437,4211,1514,1138,667,4451,4922,5624,3806,6355,4939,5139,3825,7043,7839,3429,3153,4108,7892,2250,9399,3791,142,9403,5798,1723,2342,3563,1248,5412,6203,5446,5077,3833,1080,5317,2689,7738,5750,4092,4299,5069,3449,4384,3747,5273,3940,5758,4377,4539,3665,2579,4017,2722,6289,906,187,4054,4174,4209,5006,848,2707,863,6156,3434,4295,1731
4162,9621,4702,3634,2034,5174,6042,1506,3269,4704,6201,2140,8163,695,4064,331,7186,7849,1991,6034,7099,9740,4450,912,9275,9832,9104,3133,6093,4981,238,4662,9887,918,6798,4594,5629,7613,4868,9081,8365,8795,6957,6503,5614,8957,5670,1569,7442,2758,7567,5945,9946,5580,3047,9304,8520,7188,3723,5241,8225,620,7871,3161,7695,3367,931,3456,1330,66,6972,2205,516,404,6398,5212,201,3255,5656,5431,5448,4860,3182,7491,5025,9,4470,1936,7150,5404,5886,3478,3599,1793,4877,1622,6884,4368,4987,3635
2336,9058,6611,3074,4621,9213,7055,6606,1210,1032,7944,2802,8641,6081,6458,6849,8981,9373,1177,8286,9468,9741,1494,1667,9293,9833,9868,139,1525,4783,4921,2869,9888,6841,1534,563,7846,9330,330,9482,9012,7455,7948,8022,1134,9332,4222,7660,4363,3838,7634,2755,9947,6273,944,9109,9055,7704,2245,4337,8095,6000,2712,7950,5429,1626,984,950,8817,1053,2820,1223,413,1093,4049,3965,4733,2408,3674,7380,7000,571,6220,8114,6565,1946,9436,6404,7233,275,8472,588,4995,2842,2532,1469,8977,6427,6436,6801
49,9622,291,3730,5762,3589,5821,3878,2348,235,5296,361,124,6115,7118,8072,7198,9061,6678,4227,8911,9742,2553,2218,7722,9526,9869,479,211,5479,1800,5076,9542,4811,2422,5574,2111,4929,4082,9191,1441,8664,1246,8033,7547,2844,8277,4749,4902,3421,8607,6532,7830,6553,6978,8260,6812,5406,2493,500,3404,3318,7461,435,3557,8265,2686,4701,7373,6479,5956,4603,3464,2119,5511,4659,5128,6979,4087,6867,5723,5691,525,7304,2083,4540,6791,4421,6800,5934,2360,1423,8161,549,6792,3237,3904,2656,5874,7235
259,4640,640,731,5854,4947,6345,3905,4307,98,5306,4743,384,136,5979,5267,1265,6983,6410,3564,9101,9743,3861,442,6231,9834,9422,2169,6012,6065,5396,5916,9889,1227,352,116,3106,1803,8834,7050,133,8945,5092,5319,4261,6655,7295,972,4266,4969,6293,5871,9175,2955,7521,6892,5535,7264,5445,6061,5947,4311,7052,3801,1707,8558,120,6076,8178,8841,5490,4065,7484,3166,3775,7217,9228,5996,1596,8381,6113,4321,5522,5225,3168,2324,9413,5885,5790,1847,7668,7504,7374,2552,4059,4867,3979,2943,4559,6114
2882,9623,1450,3741,9145,6420,8017,1219,4361,1949,980,2822,2366,5855,6186,8156,4012,8392,5131,7153,9375,9744,4633,8274,8350,9172,9870,95,1377,1267,1625,3617,8924,5587,1601,1560,2523,7412,3178,8190,5888,7481,7882,2763,5829,1103,1143,2653,7005,6898,7795,2536,4496,6016,7671,8296,7579,4676,7301,1665,5671,7511,6451,8137,7010,4759,469,3568,7683,2583,7379,6160,5420,7733,1760,2026,7289,6270,1677,8572,555,1367,129,6446,4461,134,9437,1475,3152,6312,8160,4613,6953,34,2032,4576,3376,3496,5255,6471
1805,9624,758,1545,9518,9003,7262,1251,2238,498,5963,7402,1501,1785,6828,5819,6670,6889,185,7652,1945,9745,6107,3365,2585,8832,8708,4942,5115,6764,9219,5231,7828,264,4507,3148,3052,6684,558,9544,7578,9427,6944,9174,1417,1487,6111,2610,9068,6007,6051,8538,9948,4465,8354,5057,9114,3061,4041,7409,2211,149,2863,7501,9178,3752,816,6017,8594,798,2638,3199,837,1100,2518,6673,2449,8372,400,8875,4926,8195,3835,8973,8685,5312,9205,4286,6682,3008,8687,4352,8153,2409,227,6942,6291,3001,6039,1283
2307,9625,2749,3731,9288,8525,4498,2909,2077,5101,27,5452,2807,2475,4542,3403,7553,7780,7331,6740,9418,9746,6763,2519,8120,7376,7711,280,301,1463,7688,3517,5072,4863,822,1127,5246,8630,5509,9483,9013,7343,8598,2936,5208,723,1969,229,9449,8061,9920,7044,7857,7761,4435,8261,6455,4622,8212,4230,8006,278,6239,7413,4414,3669,4526,7992,9138,1835,8267,2578,5665,1366,2407,3223,2346,8310,533,8972,3433,2574,4505,8659,8974,1305,9253,5181,8055,2929,7876,3581,360,994,845,1885,8488,4718,5711,875
6184,9626,2679,1612,1037,7904,5007,4852,4072,3413,5310,1749,6375,6888,3158,6869,8145,1886,2864,5335,7867,9747,2272,391,6117,9050,8417,2053,4528,2042,3210,2743,7743,509,6396,1485,5279,6640,3627,9298,8219,5498,6098,6268,6150,8508,7322,5073,6487,2584,8062,2271,8344,3174,3425,9157,6794,5162,2886,6123,2257,1188,8371,3062,7636,4760,3817,7215,3500,2076,6128,5484,12,171,3694,6265,1663,5833,619,5274,2537,3998,4554,5146,7726,860,6119,4552,1846,2461,5291,5053,1137,1126,1479,4250,4770,338,4980,4905
3544,9627,2521,1161,7787,8030,7131,1181,2278,6908,154,6180,2334,3510,2917,1972,1605,8553,287,2716,2110,9748,5801,8732,5502,9835,9534,15,20,5470,6985,5958,6780,6197,1250,1572,5523,6753,8825,9236,8863,8805,7631,7109,8387,1021,637,385,9917,4063,9921,4780,9560,5911,8063,9962,2760,8443,8297,1905,6719,21,4646,9506,4854,9158,2616,9160,9030,4618,6129,3755,4940,1784,4410,3948,6090,9211,1438,8044,3192,5969,7822,6928,9510,890,9576,1746,6674,2564,3521,8116,7158,1252,1278,7072,8046,6453,7137,1394
2757,9628,4703,7969,8717,9439,7315,6980,7138,7350,88,3408,3982,7531,5013,9059,1257,8317,3056,9048,8427,9749,1484,5152,9149,9836,9871,145,3245,3597,6411,2182,9329,2586,7507,19,1433,8234,1077,9299,8167,8290,7226,3400,6881,161,5112,930,8294,8125,6710,6970,4978,7893,4019,9963,5330,6971,8743,1982,4691,4611,4388,8885,5491,7472,91,709,8650,3679,7216,2230,104,5081,3081,5456,9044,7997,6309,7325,6657,5243,2635,7666,4536,152,9459,766,6735,4624,8115,3185,7815,224,1901,2696,1231,3763,2114,6747
2677,9629,2394,3613,9519,9658,9660,1352,5284,7441,170,3529,5695,8117,5118,8752,3698,8101,3302,7293,7920,9750,6918,9376,8629,9837,9872,209,501,1797,2213,2351,9890,2499,1766,1192,118,7928,1180,7497,7929,3259,8451,6122,8519,86,1004,1096,9241,7395,7829,8406,6094,6222,7731,7095,8408,7982,8568,1874,6068,7500,8950,8873,6318,6418,4740,1585,8228,1730,3561,4487,4695,2720,1604,2940,5579,8270,4837,7267,1511,4334,1995,9341,8703,46,9987,230,1521,3288,4449,3471,5692,426,1691,7844,4139,7219,7767,7961
8071,9630,6255,2223,9367,9463,6582,1464,2665,9440,67,6591,5475,5638,9005,9520,2102,8730,459,8766,2418,9751,6125,8803,7466,9259,9442,285,207,6696,4133,7926,4895,5207,2415,1870,427,8478,9314,9904,8107,7508,8169,6870,7429,73,1424,660,7034,5917,8948,6822,5488,4101,5320,9041,9135,7449,9136,1825,2956,5733,2282,6814,4172,9568,1662,8746,9507,9976,3446,5577,8445,5082,4333,945,9162,5260,575,8358,450,4874,4426,9032,6095,74,9988,2124,8612,4232,4164,1455,3666,1354,466,8382,981,2792,3567,4708
2090,9631,1334,6413,9182,7943,8893,293,2691,3620,1712,506,2630,6215,5651,7866,7040,8425,3686,8416,9674,9752,4644,8821,8384,9838,9474,202,205,1020,3317,5375,6437,2075,1205,4531,782,6507,7332,9349,7758,8901,8304,7228,3927,1917,288,1308,7207,3777,8799,6694,6430,7192,6520,9336,8146,7942,7302,2094,4965,3149,6164,4425,9072,4338,1877,7862,6311,9111,5988,1237,2736,5106,4612,1709,7363,4570,4693,7673,643,5939,199,7172,7707,213,8054,1185,5086,4866,7797,5893,7446,144,846,7571,7093,5185,2050,6619
1861,9632,2316,5718,4492,7197,8000,7355,6638,2595,4104,3596,8634,6722,4323,2130,5760,8243,2483,6011,6335,9753,1822,8804,9062,9839,9873,3875,540,2799,3394,3690,7041,5119,942,399,5575,3345,6570,9260,8955,8912,7227,6474,3664,7939,1088,1992,5792,1361,3527,1789,7747,3147,3459,8355,5783,8176,7103,7297,6351,5900,7568,6165,9433,3480,652,7859,7060,2702,3692,778,298,1341,1159,5061,1491,1459,6653,8229,8141,4009,5250,8749,1983,2546,8939,6370,2746,597,5906,241,1277,1474,1406,925,5378,1387,3246,6383
1258,9438,3315,3503,3734,4966,4277,3268,7710,2039,397,311,8164,6185,3216,6174,1375,7307,8753,8585,9675,9754,2220,8941,9294,9840,9874,7,5027,820,1812,653,8791,8209,9066,445,6997,4896,103,7907,8597,9488,5738,3785,8913,6671,4030,3863,8740,5401,8647,9319,8998,8815,9352,9964,8742,7690,5023,9504,8760,1468,9247,2762,8840,3501,5394,4720,2403,526,1915,159,68,1751,3548,2496,3028,8657,2180,8511,9020,6819,6242,8324,9571,303,9089,3385,1236,5940,6400,1476,8774,2304,6746,6469,3169,4199,3371,9207
503,9633,3323,1554,9323,2905,8415,2398,1867,5644,711,4573,4105,6388,3181,1197,909,6028,584,6108,2215,9755,4459,6194,7004,9841,9875,1903,5107,8059,1399,5259,7744,3015,4340,4698,6765,3930,2248,9010,9277,9393,6863,8210,6050,6831,2085,919,8636,7403,9397,5797,9949,5774,7594,9965,6741,2326,8579,8569,1744,59,4665,7156,2153,7283,2704,8138,7786,777,3569,2367,582,262,8609,8027,108,3859,77,8818,3282,8399,2388,7477,4991,4033,9286,7337,1196,6868,9169,5443,9363,1194,5293,6178,9365,6285,4909,1241
2621,9634,5477,4675,9023,1202,4799,1003,314,3331,2255,639,6915,7524,4239,2424,5779,7817,3393,4472,2166,9756,2769,6977,4601,7879,9327,792,3945,4309,2413,1609,9478,2866,6292,4524,6528,5091,1221,8587,6862,9550,7759,6508,3296,3253,4144,4296,4750,6134,5721,4331,8987,4424,5551,9966,7773,4246,5613,7271,3786,336,7035,1165,2010,6425,4521,6380,5803,1063,4481,5435,1071,105,5690,7183,804,2411,37,4774,1422,6968,3213,8485,4828,3612,9143,4899,3889,5196,7684,7327,3809,374,5381,5913,7885,4985,2779,713
2625,9635,1247,89,8348,4292,3929,1109,5512,9036,6306,4345,9325,8506,5140,3041,1333,1307,714,3812,2556,9757,5745,6895,7178,9842,9876,2850,6797,3891,6697,813,3935,6302,4744,5598,2910,5714,862,9545,9350,5453,4387,7340,7891,8124,4951,5944,6935,2644,9243,3304,9561,4096,6218,9967,6202,7623,5103,5528,4304,1619,1129,7858,7894,8248,551,6394,1859,3325,371,7223,6018,6488,4741,1777,8332,1798,1577,3543,1928,6101,4113,7924,2593,3350,8807,6352,468,2253,6132,783,1024,1086,2914,3932,8173,64,3760,4886
933,9636,449,2951,5444,8467,8250,4667,1823,3205,1131,4654,4034,3386,1734,692,4061,3925,4125,8244,9676,9758,4430,4737,8721,9843,9423,741,2569,1211,9265,1105,9128,6245,3247,1816,1932,2617,2244,9546,8518,3636,7737,5951,6171,6162,546,121,7783,7371,9552,5635,9400,4791,6712,6157,7110,3032,6406,6103,2541,3071,7749,3658,3960,8308,1276,6147,4201,9227,2468,5327,5844,5604,3695,6131,1415,1426,5163,3532,5043,2706,6825,8842,923,5925,7933,5195,6702,1010,4522,359,612,178,5288,4226,9256,2846,7002,6142
987,9637,2181,2629,3951,6179,7465,2401,3440,885,7945,1351,9370,3685,8242,904,8217,9291,5268,7972,9419,9759,4898,5537,9311,9527,7486,1091,5017,7712,8966,5209,8768,1820,2577,2639,5548,9027,1284,9547,9910,5179,4207,8108,2202,2265,2056,2525,8565,5376,7654,5960,9950,8005,5788,8035,9971,4436,5824,8299,2001,952,8147,8639,8481,6643,996,5984,9139,932,2174,767,25,1456,3468,7029,603,6636,195,9309,3598,8135,2289,9979,3867,4066,9342,3610,6654,2701,7503,328,1403,3150,386,2711,8285,5044,2402,1285
3479,9638,1978,601,325,6581,5734,7062,8458,323,4988,1952,5102,1240,1271,6943,5309,1499,7170,7418,8754,9760,1079,3128,7419,9420,4210,1055,2473,1359,3218,1765,1345,1296,2274,390,5358,5822,2264,9905,1195,9107,3774,5909,4766,1697,8599,2331,8377,2512,8471,7458,7222,6603,6475,9199,8394,5879,2992,8530,4413,6948,6937,7714,2787,8158,1018,4091,2558,6743,180,1708,5495,7656,6088,1680,9508,7967,317,5261,8186,5302,8238,8283,1703,5571,9362,7128,3379,5967,7614,8457,3087,1974,494,8595,9415,4268,7087,7124
5668,9639,4793,1632,8763,3155,7855,4518,520,3942,5142,2703,7799,812,5875,1393,8662,9047,5351,5732,5652,9761,3435,2343,8393,9844,9443,2669,2740,2620,1133,3593,9446,3006,491,4545,1988,7974,7922,8812,8366,8756,7042,2115,2386,7333,3097,3907,5640,2444,5611,593,9196,8048,3126,4961,6769,8556,4709,5424,6549,45,6786,7774,5740,7476,1643,8696,7693,128,7550,6629,1203,1385,2193,5841,3871,3808,2715,3473,2198,5133,2900,8400,3461,1323,8487,2539,6745,3176,7386,638,3758,3920,1737,409,8919,4153,4392,544
4588,9640,4291,231,8626,5399,4114,5333,6838,2765,5744,955,6916,5706,4592,1482,353,627,1409,1634,6659,9762,4393,4434,8476,9007,9064,4359,5519,1444,4705,3441,9891,5110,6842,743,1147,1473,1906,9011,8547,8665,4805,6067,1591,7975,8564,2357,1933,2093,6429,4080,8666,5388,8370,9968,6363,4382,3175,5138,6947,2028,6013,6407,6240,664,1962,8782,2269,7717,8194,1150,3580,3139,6456,6932,8042,7915,5588,4431,6241,6271,4283,446,2442,1670,8504,5172,2099,6064,4884,2872,4068,440,375,3123,1540,2559,3780,4037
3050,9641,2338,3229,3559,7047,8765,617,1390,1421,7210,1322,7936,5357,3474,3364,8359,4464,7592,2542,9677,9763,2294,4315,8615,9528,9234,1447,4036,6414,9475,2522,8925,6891,1669,869,3953,6956,935,9276,6926,7724,5011,8291,7075,5226,257,3369,6699,1324,5620,6541,9951,7311,2845,7008,6294,7655,8263,6564,6274,1314,5062,9270,4639,4160,146,5920,8397,2446,3299,857,125,1698,7912,2949,9455,5052,1153,7112,2132,4669,5868,2171,4378,6195,9057,8334,6866,874,8232,2080,1970,1416,79,4917,8706,3650,1013,4495
842,9642,1990,2717,2748,4789,7721,5070,7658,160,9146,810,5289,2482,7152,1027,9185,6514,5205,9186,7756,9764,6460,3959,9378,9845,9444,2816,1536,7496,7154,5090,3549,4616,1028,196,7810,6126,561,9906,4419,8220,4683,8563,2888,7940,2452,1621,8778,3967,6482,8985,9952,6768,8133,7361,9972,8444,6431,8872,8052,718,9042,2470,7965,1834,1111,7470,3691,268,1630,896,256,693,6512,8067,1582,9142,10,8512,4411,8455,7313,9980,9360,4213,9989,7274,3201,4653,8990,2100,2969,2753,705,7077,8326,2829,5627,3781
4457,9643,5650,232,3915,2318,8921,6305,189,4824,961,4556,6053,1198,6024,1559,2793,1332,5896,2563,4189,9765,5662,8932,8361,9846,8653,1779,2834,3014,7393,5190,9479,2128,1104,6237,6556,6911,4135,9484,9911,9394,2365,6307,6830,8090,5136,841,8566,4964,9492,2384,9953,6504,6597,9134,9245,8949,8624,8694,5148,117,8701,4404,4467,7984,3575,3343,7606,1449,3854,6558,1666,475,7405,8800,487,4293,101,8658,4916,7902,7001,3704,3498,1318,523,8989,1006,6752,8853,2540,8240,3523,263,2652,9257,7038,6600,832
3676,9644,585,4517,7679,7248,2397,3324,1899,8671,4132,3629,5026,7151,5683,7632,677,4281,111,5597,6996,9766,3943,1718,3737,9381,7653,4394,6216,902,7544,4887,1890,3884,5864,3696,5155,5472,1038,9106,8318,4074,7187,6645,3016,7213,3824,1961,7249,5050,9493,5048,9070,6478,5739,9969,4157,3411,5218,1550,3868,2529,2827,8682,5775,3574,3060,3162,8280,1497,830,898,626,1168,3341,2966,2439,8185,1370,1016,7369,7157,3200,3570,7796,4571,6457,2861,1176,674,2361,5970,1199,2087,3034,4185,6254,2385,4100,2821
3239,9645,2972,2944,7505,4847,2840,1298,4463,7641,4948,4977,1916,5661,4346,1443,7619,7033,964,6526,8103,9767,3522,2737,3908,9847,9039,1381,5039,642,1220,1795,9892,3399,7428,681,2314,4330,4386,7881,6829,8926,4546,4800,1576,9015,7760,557,1628,5557,8126,4098,9562,6087,2661,8969,5793,3416,5594,688,4930,1095,7597,7820,8012,2221,2382,7266,1942,3359,4769,1570,4932,921,4306,6328,5116,7764,6200,7167,5851,5278,2612,3236,5589,607,8583,3053,255,5623,3757,1653,3814,482,1430,4014,5369,2353,5305,4253
5361,9517,1611,6486,8489,7159,6476,329,2078,1656,5483,3023,5199,4928,6525,7699,7742,4024,1810,6331,4765,9768,1146,6461,3025,9382,9313,1316,271,1868,7545,3715,9150,5028,4706,1190,2990,3447,1931,6716,8168,8631,4184,5344,2450,5749,3002,2663,5689,4722,4111,2315,9016,5137,1418,7246,5459,6336,6726,2902,3079,4259,5971,7424,6550,3242,3660,8640,3797,7569,4979,4777,787,2856,308,2049,7166,6574,5281,1791,1057,1183,1379,4684,7752,2726,4963,6728,1405,1616,5748,5869,5607,251,1757,4143,6405,1106,1467,4312
4427,9646,2767,670,9212,8877,6663,2658,2862,7589,5204,995,6595,4668,4657,1062,5943,4833,3078,6647,4396,9769,4593,1941,9103,9848,9877,150,5699,2481,3436,5122,9893,4428,2946,3366,261,6998,586,3837,8494,7353,6473,5200,2431,4379,7908,3647,7066,4515,6693,3458,7840,7058,4610,6008,8711,6283,5301,6771,4158,2824,6755,1658,6992,3336,3080,1029,5872,1806,2233,369,1260,4700,850,2764,1871,7463,3171,3971,1349,6576,651,3347,6609,1531,9119,6310,4855,3964,5251,1644,1200,1432,1045,3334,7648,4891,4839,5586
2527,9647,5117,3987,9289,9464,9369,52,676,6568,6004,2160,7287,8144,2105,7779,7687,8857,1827,7973,7887,9770,2370,6502,5807,9312,9878,3076,2112,6377,302,3524,9092,7366,1593,6021,432,8996,431,9237,4325,9220,8191,8880,3850,437,448,3177,2565,6299,7323,4285,9268,5059,6438,9223,8928,7534,5702,1875,3720,7748,4739,7931,7991,5189,5192,6535,8064,6465,2175,398,177,7134,1973,3292,7923,5582,1442,3258,1478,3843,583,8773,6192,4093,3897,3340,5904,5860,9097,1229,6494,2998,57,7530,8560,732,6806,4666
2759,9648,2018,3092,9090,5555,4919,717,1026,5461,3424,3321,6080,6303,6168,8672,724,5056,3721,3275,1940,9771,1684,7628,2074,9529,9328,112,5010,4598,6679,4960,9425,2459,1830,4355,5455,2849,4429,8644,6217,6282,3938,3582,666,5787,2967,5467,2695,2774,5183,1436,8648,2887,3048,6060,6557,4827,2426,2567,2464,864,4581,6974,3184,7715,1920,8183,7911,5883,6756,2804,5236,5615,6089,6190,8269,5237,5901,3739,519,3357,1836,7492,7364,3422,2937,4050,5667,3342,2165,4614,240,250,1286,4878,8390,2548,2412,1620
2184,9649,4555,636,3313,9263,8978,3293,2934,1681,7753,403,9466,1661,7816,3769,9216,2963,4825,4081,9678,9772,4998,7056,9780,9849,4778,926,956,8491,9424,1261,2964,1660,1290,2023,5206,8792,2071,9907,8735,7537,4326,5633,7938,3466,3505,2642,9132,2903,7635,8306,9954,7958,2008,6509,9501,8094,5830,9565,7910,4383,8884,9086,7775,8482,281,2751,8096,1130,573,628,1520,3085,8041,2871,7833,8962,507,5816,8440,6518,9095,2795,6551,7291,8801,9166,6613,4141,8889,1169,1380,80,16,1437,9272,5202,1683,2267
2203,9650,5595,3217,518,8077,8979,7220,3614,939,6676,43,8965,3129,6809,2065,7328,6569,7651,7573,9187,9773,4240,1378,9781,9850,5545,454,3104,6840,9190,2734,4645,4943,1500,210,7141,8123,803,9908,9912,6362,2893,6022,2885,7310,2047,6198,9489,1833,8902,8132,9495,7312,5253,9017,9564,7397,2913,9246,5891,1568,7605,9405,9452,1930,370,1773,6844,1986,625,223,254,833,7863,4889,4972,9977,1348,8252,5666,5536,8113,4801,8312,6559,9511,3130,5342,4537,9046,1306,3003,814,542,3186,8991,4510,5559,8249
786,9651,182,6286,2868,8854,8809,4180,791,515,2167,2249,5534,1631,8233,3717,9060,6677,6622,8534,9344,9774,5038,663,7963,9295,7526,4297,1706,2463,3892,8329,2865,7108,1842,4579,7577,9052,2421,9909,7947,7321,8588,6799,2772,2923,868,1895,8431,8223,9922,7281,9955,8278,6449,6571,8262,8600,2906,3294,6742,962,8510,9567,8110,2894,3848,5585,7663,2581,2393,854,412,273,8171,1878,3272,9570,69,9164,2549,2002,8098,9457,8559,5373,9414,5948,2729,1844,8867,3035,2036,941,543,2618,10000,1808,8613,2938
1641,9652,6807,795,8524,4251,6583,6371,4503,7411,1428,3934,5914,5390,3924,8909,6092,7919,6690,7850,9522,9775,1537,7719,6462,9851,9879,61,3027,3284,4462,2200,9543,1259,2400,2,1402,7546,754,6443,8343,8813,7889,6836,5292,2974,6530,6649,3297,3851,4186,5125,3587,7147,2277,9029,3831,6510,1588,4473,6112,3566,7240,8726,5654,7383,102,355,8013,734,2927,1597,327,5866,505,4890,8917,6062,7407,7284,5224,5978,1781,5570,6419,1082,8866,2904,4822,1549,3898,3443,7375,700,6373,4267,3759,6408,5347,4547
989,9653,3983,2920,1472,8434,5628,1657,967,417,8215,4159,8315,1736,4523,915,4924,8459,6730,8535,7801,9776,4762,9148,8733,9852,9535,4263,4920,6480,8122,8020,7964,4196,2699,682,528,6354,3643,5677,9193,6835,1495,5764,1960,114,641,1855,7689,3552,8452,5047,7146,4664,6176,8638,8050,7430,2960,6056,4077,3810,8695,8083,7259,7535,1112,8951,6382,5356,1866,175,373,1213,3460,4751,4717,6846,219,9202,3361,8697,4821,9285,7896,6433,9990,8346,5741,4567,8930,1017,764,3073,618,7918,9513,971,6827,5674
11,9654,3516,3348,7616,7617,4678,4815,5258,2089,5121,190,3793,5838,762,8180,6757,2101,3346,5646,5639,9777,3373,7014,8953,9853,9880,439,1713,3901,7467,2379,5542,2705,6515,3069,461,3996,3795,6066,7819,8527,6316,3657,2339,9301,6402,5093,4372,1369,1383,1980,9280,4906,4957,8157,6153,3351,4781,7083,6264,5280,4389,853,4562,6627,4882,6656,3911,2280,3822,204,215,2646,5826,4122,3191,4990,4674,5877,5736,4373,1897,3512,7202,1635,7897,6566,3407,4636,6635,6243,4335,973,614,4716,7934,1865,1253,5469
5784,9655,3641,1007,3113,3504,2739,5099,1140,2302,576,1829,4038,2312,2572,2613,30,6816,1583,3492,1566,9778,3701,7007,8847,9854,9881,2954,4288,2467,344,6339,8089,1934,6759,3611,4084,621,4310,5876,6810,8078,1953,7745,6207,7770,8495,1741,4602,2152,8881,2999,7396,5141,7076,8999,3828,2344,8298,5326,4850,1228,4272,7230,7549,4795,3260,8170,5331,6878,6905,3536,7697,1162,3065,5265,1466,5436,1507,8906,3119,4375,6158,7173,2183,704,4846,5852,1956,5531,6880,3033,4726,1997,2371,5238,9310,3389,1617,565
