7,10,13,46,387,641,1702,4183,7182,5395,2209,6186,1244,988,5653,5894,2832,6518,2545,4895,5357,2708,3684,8573,9126,3150,4269,3255,8031,1008,9184,6389,8288,7670,7293,7863,2591,5566,8300,9221,9317,6584,9417,6585,4125,7680,7801,9478,4533,5692,4044,9578,6825,2057,9592,9594,5950,4208,8304,7134,3740,5975,9631,9731,1081,6666,4666,6743,4210,5376,7869,9746,5489,4177,8379,9827,1362,6097,5351,6158,5978,4259,6557,9856,6071,7737,7550,7888,1301,9934,9965,7636,2324,1417,297,3109,9992,1697,6271,7336
14,9,3,1,2,5,11,35,687,2880,8351,9124,5885,6039,8352,6945,5944,8606,2670,8296,8528,8607,8120,9125,9127,9171,7926,7948,9176,2821,9185,8236,9217,6343,7558,8433,9219,8540,9220,9222,9318,8354,9418,9467,9468,9469,8324,9479,7532,7442,8478,9579,8615,5073,9593,9595,8616,8371,7240,8355,8372,6731,9632,9732,4203,7279,8439,3791,7378,6962,7385,9747,9824,9825,9826,9828,4707,9839,9851,9854,7803,8725,8293,9857,8730,9930,9931,7814,7507,9935,9966,8295,8472,4878,8405,7838,9993,8028,9996,8672
8746,8842,1053,8938,5454,1601,4025,2729,9028,4498,3247,997,2245,883,5672,4299,1617,2380,796,3421,2434,5678,2059,4508,9128,7155,5254,3490,7851,1547,8447,4054,4459,2969,5331,3908,6156,3512,4697,9223,9319,6225,9419,5697,1657,3662,1679,9480,978,2829,1580,7811,4432,887,6556,9596,6045,5020,6631,4151,3066,3871,9633,6853,2268,3252,4204,2737,3064,614,5051,9748,1791,852,3859,8647,1328,6581,1692,2900,2363,1829,4949,6813,527,4351,6286,7096,4393,8095,8738,5077,1315,2086,1223,3048,7827,34,6671,3164
8747,8843,7197,8245,4475,4803,6752,6086,9029,7183,6765,644,4677,2706,7773,679,893,6091,2885,1760,2228,6823,435,596,1029,840,7844,3892,8445,4607,9186,4220,7728,8088,4667,3732,466,8202,8410,9224,9320,2645,7995,8253,2164,8545,7086,9481,425,24,1441,9580,4389,5968,8183,9597,7542,2893,5350,8161,2932,5611,9634,8617,5563,4242,7046,313,553,410,7684,9749,8071,3033,2256,9829,5239,955,8722,8653,4353,1866,6182,9858,6339,7187,9932,8358,6638,8501,9967,7493,7303,1873,408,5070,8004,284,4771,3666
8748,8844,6857,8939,3106,8414,8119,4804,9030,7190,8629,123,5171,590,7828,3351,759,6364,638,6378,3841,8181,2221,7141,9129,869,7314,3832,8201,742,9187,7068,8692,7500,7130,7518,1539,8312,4195,9225,9321,6600,9420,6569,1821,9470,632,9482,1861,6576,5135,6622,7278,1338,3717,7712,8369,6700,7978,7830,7108,1297,9635,9733,2551,7060,7945,758,311,905,8458,9750,3120,7252,8714,9830,1613,3683,8652,7798,745,4796,8398,9859,3281,5510,7835,1415,2874,9936,9968,530,7569,197,156,8003,2290,81,3576,5291
8749,8845,3747,8940,6024,1587,4308,2406,9031,3406,2768,4371,5338,1514,2337,1606,3356,3384,2648,2917,3168,2620,3738,4786,6754,5777,1280,3318,5922,1572,4194,3303,2745,2890,2912,3376,836,3833,4409,9226,9322,1218,8510,4967,1885,6264,3743,9483,2715,1968,1452,6283,2002,2359,3645,8707,1731,3167,1614,3594,3597,3310,9636,4500,1109,3348,3142,906,2581,3852,3194,9751,2544,2049,5061,6940,3271,7576,4011,1070,1199,2302,2958,6012,2392,4553,1729,2132,5440,6372,3097,3358,2882,2598,1770,2802,4716,1176,8096,939
8750,8846,5822,8941,7789,5484,3605,6242,9032,2038,4023,1510,4756,2812,1460,3931,2197,3125,3955,4884,3133,3956,777,3017,9130,7291,4110,3149,7726,504,8688,4134,6501,5330,4370,5458,8362,1312,5270,9227,9323,2818,8696,6756,1726,4379,5428,9484,2136,1307,665,7124,4164,636,7106,8583,3592,917,7107,5994,6089,2319,9637,4887,3238,3363,6561,2474,48,3243,2692,6138,3878,6366,5335,3345,3148,5613,6195,6793,285,3312,6452,7915,639,6307,5322,1543,2583,6965,7876,115,1785,2422,2804,2133,7247,979,5847,2183
8751,8847,2911,8942,7049,4657,6214,38,9033,5312,1912,2318,2391,791,5197,6141,2662,3073,3975,3993,5041,5910,974,1114,9131,8529,6542,4395,5592,2594,6859,5956,1843,6003,1086,5750,7375,6907,3991,9228,9324,5527,8639,5557,2445,6250,414,9485,5349,2400,140,8069,3812,4196,5494,8708,3625,5183,4759,6004,4611,3534,9638,4837,3008,1325,6037,2760,502,3437,1550,9752,1440,5939,4552,8260,1190,6400,6041,6202,4027,4057,4672,9860,682,3746,7396,7551,4534,6443,7038,750,4539,725,3934,1986,1391,138,8484,3457
380,712,1165,1999,3086,3282,3129,4281,8605,3799,3317,3703,4610,2372,5904,4851,4708,2342,2625,4714,5302,3205,2980,4161,8188,5581,3822,3819,1959,2210,3679,3689,6746,4781,1773,2563,3792,4060,6029,8578,9325,1485,9421,7283,3694,7277,4056,9486,4689,4020,464,8339,1286,2518,732,9598,4656,5175,2600,1723,1005,1844,9639,2649,2963,2694,4479,1115,1044,4745,1350,9753,4160,5081,3795,8557,2243,7031,6353,7173,426,4182,5574,9861,1917,3593,4715,5605,5109,6009,4077,2513,2092,1700,4662,3024,4354,998,8359,2418
8752,8848,6695,8943,7571,5462,7676,4890,9034,3583,6010,989,1792,84,2815,3181,1396,1888,1710,2923,2942,6916,2030,2113,6533,658,5539,2953,6837,576,8608,5492,7467,6081,5407,6092,1056,5751,4050,9229,9326,5774,9422,7754,3685,7731,2851,9487,4150,1947,3057,8325,5027,3299,4571,5250,6737,5090,7383,4862,5914,2344,9640,7747,2467,4922,7633,239,1809,298,2223,9754,1765,1464,4484,7457,1569,2212,7562,7114,3350,5024,3573,9862,3887,4802,8731,1778,4149,9937,8601,2386,5170,246,26,5873,7509,797,4713,4693
8753,8849,4266,8944,7357,2053,3510,4720,9035,2371,1363,1972,2103,1887,4193,2726,3905,3386,2787,4581,6094,2809,1732,4412,7957,6901,3187,2508,3439,695,7679,3336,6780,3110,3539,3896,7078,2350,6249,9230,9327,1087,8579,6168,2154,6314,3961,9488,1671,2903,1699,8217,667,876,8020,9599,2703,4273,2696,4336,5268,2425,9641,4415,2644,937,5548,2490,2463,4264,1306,9755,2114,5328,3826,5367,2605,9840,5942,1496,1446,2565,889,9863,2466,5076,4480,5696,4070,8165,9969,5606,2003,776,589,1976,7266,806,8741,562
8754,8850,7579,8945,2448,4463,4574,5377,9036,4894,3828,23,1919,3809,5965,1411,855,7599,5759,1368,232,7667,951,1488,1825,606,7742,5911,8064,4823,9188,7344,7557,6656,8391,4521,1137,8203,7775,9231,9328,1358,9423,4142,4271,7996,2230,9489,767,2077,3547,7376,4004,4199,8479,5775,8124,5388,8114,7921,6405,3794,9642,8115,2047,4526,8306,125,545,157,7520,9756,6980,5516,7515,9831,5409,1998,8107,6504,7237,7115,6290,9864,5257,8384,8657,5583,7288,9938,9970,3924,7099,251,114,6670,8075,177,4180,2898
8755,8851,7616,8946,8168,7290,8155,6942,9037,3204,6730,496,1883,3829,8214,6454,244,3676,1727,7305,3953,8431,864,6117,4356,7175,5358,491,9177,328,9189,5778,7129,7657,5299,6076,1467,6218,2009,9232,9329,7250,9424,1321,6114,7057,559,9490,1596,6716,1283,4807,7332,2032,8021,9600,7560,6170,3701,4660,8016,3640,9643,9734,5304,995,6939,2416,529,454,7294,8588,2291,8343,7491,8083,4857,2914,8084,8262,622,3263,8294,9865,1082,7353,7339,8230,3434,9939,9971,1290,7418,271,87,8231,7805,176,2520,5767
8756,8852,4497,8947,7271,7181,7626,4658,9038,5040,5823,2269,2267,290,6262,2640,564,6468,1915,1013,2295,6200,1781,6618,6917,2045,6001,3664,7818,210,9190,6619,8693,7051,7012,6690,948,5962,7540,9233,9330,6863,9425,5288,5836,9471,1590,9491,599,4263,3771,9581,5327,3134,4376,7210,6331,7146,6258,7547,5341,5704,9644,5877,3696,5308,6719,203,618,93,5225,9757,6064,3515,7575,8716,2469,1802,7001,4850,2430,5628,6260,9866,3936,4392,7147,7506,2678,8412,9972,824,7905,202,58,6490,7877,173,1633,3121
8757,8853,4819,8948,7267,1558,4811,5689,9039,810,2801,5252,4287,1195,1646,2959,1310,6946,5122,5538,3444,7407,2523,5130,9132,7374,6347,3667,6320,505,7259,2270,6689,6763,3989,6838,5841,4896,6672,9234,9331,5503,8697,2310,4033,7361,5623,9492,5486,1389,3055,9582,1554,53,5733,6949,6630,4899,3976,5595,6311,4886,9645,8373,2145,357,6732,3556,1024,930,4461,6667,1480,5456,5519,2666,3480,6744,7161,1298,1201,5000,2111,8467,2141,1536,7749,7916,5284,7405,7554,1314,4506,296,731,2776,5736,128,8626,605
8758,8854,5880,8949,7478,2902,3393,6291,9040,1894,6486,1202,5062,3543,3077,5159,2068,2835,1611,1161,4775,5979,561,4417,5306,4663,6559,1494,3720,47,8507,7281,6761,8065,5656,5115,1062,7631,6077,9235,9332,7056,9426,7730,6385,6462,558,9493,1146,4589,1500,8704,7035,3876,7042,9601,5869,6971,2965,7632,7265,2979,9646,7350,1669,4172,7221,649,921,1404,2220,9758,1874,6889,8497,8648,4350,1850,8194,3863,1405,5559,7327,9867,1453,6112,7687,4462,3731,7786,7302,1095,6981,306,22,5038,8669,77,2099,4112
8759,8855,7654,8950,862,3223,5597,7892,9041,6887,6540,431,1582,402,7028,4950,2378,2823,713,7517,7225,7366,3511,1249,8276,8680,3422,225,8489,421,6479,7499,6126,5146,6815,5974,8338,7021,1694,9236,9333,5898,7718,6699,367,4450,142,9494,7285,4123,275,3018,4875,1513,5582,9602,7857,6365,2364,7998,7023,1431,9647,7777,1924,6570,8258,4916,2194,6152,8377,9759,4537,6867,8116,8461,1784,9841,9852,7833,32,6651,6417,9868,2533,6759,7222,3423,4817,8659,6551,1538,1119,1983,1471,4169,6932,5348,8273,132
8760,8856,2129,8951,3389,741,4494,3898,9042,4127,1957,2992,2922,716,4488,5217,5324,2470,3038,4805,5445,2564,4061,4780,8574,6125,3578,427,6844,2104,4592,1973,7440,3514,3848,4728,4664,2531,4009,9237,9334,3569,9427,5786,2395,5339,2599,9495,3095,2647,418,8218,3248,2412,5529,8641,4330,3997,3224,3190,4143,2749,9648,3136,1989,981,5813,2051,1595,1839,3704,9760,5321,5337,4103,7334,3144,8423,4702,1734,1845,3130,1142,8001,2314,3954,7379,5424,1908,7417,5854,5234,766,401,2792,3135,5296,946,7466,79
8761,8857,3139,8952,7963,7090,7598,5410,9043,2174,7565,6072,4527,1745,6446,5829,1374,1914,986,4309,2680,6849,3352,4407,9133,2840,5897,4431,7593,116,8535,4543,3988,7911,7473,6321,1369,7958,5779,9238,9335,4866,9428,6263,5550,7433,1639,9496,2962,3154,2596,8511,6226,4075,5267,5009,4446,4945,7567,5631,6665,5275,9649,6409,1212,2929,7713,107,362,80,2297,9761,1771,5929,8380,8498,1112,4296,6812,4882,5776,5102,6750,9869,1010,3531,8523,4058,3670,9940,5687,159,5660,153,73,7032,4035,241,2847,4900
8762,8858,3007,8953,4901,5088,3420,1170,9044,5206,1808,5025,4924,884,6104,2069,945,5387,1104,3313,4696,3723,5043,7330,8630,6787,6423,2556,8633,2939,9191,6016,7595,2854,4619,1911,4038,4146,8047,9239,9336,2521,9429,7220,1067,8067,1793,9497,3329,612,2158,9583,3884,549,856,8642,6852,3419,6895,6171,6278,2765,9650,8374,744,1841,6854,831,880,2150,2313,9762,5989,1174,4683,8482,6245,2950,7823,5012,4746,3296,6964,9870,984,420,5545,7552,5441,8660,8625,2362,4385,1776,455,5916,1216,236,2894,5614
8763,8859,5256,8954,1444,8059,7934,6986,9045,7199,5230,1097,2468,379,6124,6958,1468,3026,901,4937,7067,7873,5432,2838,9134,8297,4873,377,8476,256,8536,6655,7531,6968,5540,3293,4081,2778,1900,9240,9337,3899,7150,7651,573,8700,609,9498,2323,5333,781,6729,4222,3564,4129,9603,5787,6938,4465,8050,6259,1132,9651,8585,1101,1634,7822,1805,790,7346,6063,9763,1085,7961,5970,8318,5273,7415,8618,5952,172,6911,7653,9871,4399,5976,4912,2251,1458,9941,4927,1527,6153,348,110,7906,3735,1007,7724,5013
8764,8860,4615,8955,5800,3950,6515,4486,9046,3302,1504,3429,729,2740,2690,4367,3078,2771,1588,3952,4832,1895,983,1964,3308,1269,4401,3206,8045,1035,8409,3729,6342,2273,3041,1942,4262,6273,2764,9241,9338,2895,7829,5935,768,6536,3119,9499,4595,1032,1385,8270,3070,1040,5023,9604,6175,1429,2732,2031,4617,3985,9652,5799,1831,3067,5371,2139,3528,4801,4079,9764,5128,4795,1262,6897,5634,7875,5739,5953,489,2349,2084,9872,4041,4073,1295,3472,3542,8565,8569,5740,2663,932,1186,3340,6032,30,7082,3047
8765,8861,7238,8956,5698,5765,6992,7027,9047,6847,1774,262,2039,1509,4274,743,3737,7020,4614,1418,1061,4575,469,4413,647,3163,7011,1237,7206,1687,9192,6054,7345,6548,7261,1416,709,4790,7392,9242,9339,3730,9430,4478,4954,9472,1207,9500,512,772,121,8454,4752,5214,8123,9605,7382,3772,6305,7160,2227,3311,9653,8257,3353,7045,7514,62,111,875,6855,9765,7484,4709,6463,7870,2332,1423,8328,8109,5600,4686,8521,9873,3453,3131,5447,3824,7691,9942,9973,6184,7180,5521,785,6913,7722,1493,5908,4192
8766,8862,6318,8957,5402,7322,7974,2712,9048,565,6087,6800,6575,1612,6199,6809,548,2793,4300,2849,2891,7701,1003,480,7191,8112,8086,2098,5924,126,9193,7260,8694,7055,7463,6988,701,3994,7695,9243,9340,5644,4769,4357,1688,3193,1302,9501,1390,5314,4626,9584,429,5881,4944,8393,4442,5667,6896,6177,6251,7455,9654,4704,3680,4288,8106,517,602,487,6121,9766,7036,6130,8037,9832,5755,1654,6549,8563,7301,6659,6524,9874,3337,5001,4661,8734,1909,8597,9974,1594,3628,608,54,3186,8285,186,1681,1343
8767,8863,2238,8958,8675,4706,5992,4749,9049,3710,4391,524,6336,318,3638,6822,245,5821,1899,7323,5830,6588,597,1034,6388,8353,4776,209,8334,3182,8689,6919,423,8390,6332,7794,2830,6788,8048,9244,9341,6781,6017,4848,1647,7071,4938,9502,1974,535,195,7696,3460,2446,6528,5716,6276,7404,7489,2856,6657,2727,9655,6145,2188,5599,7008,704,3349,1741,2171,9767,3179,1042,5668,6361,6007,2109,7352,7980,2460,4877,3012,9875,3798,4669,8732,8400,1713,8598,9975,4736,1442,2651,4596,681,8406,2794,7751,264
8768,8864,6552,8959,332,2561,7580,5690,9050,5097,4810,259,2271,183,6881,5851,4951,6073,1716,4586,6987,4176,1549,3530,9135,6795,5179,526,9178,697,6810,3697,8298,3237,4301,7864,5674,7795,2242,9245,9342,6883,8279,5469,1090,8068,345,9503,1422,3030,299,5846,4694,2080,4422,8709,4868,7757,4665,8091,5064,1518,9656,8643,738,5694,8125,1718,152,3568,6371,9768,4021,7962,8556,4277,1828,3633,8053,8520,180,5907,6084,9876,5943,7476,8272,2205,2137,9943,7872,4584,2961,2135,563,3764,4818,2027,8179,4234
8769,8865,3467,8960,5366,630,5810,2872,9051,1544,3075,3781,3920,2336,3655,4549,1143,7359,3983,2554,1641,3902,4419,3063,9136,2789,3567,1261,6679,453,9194,5485,6502,5266,6293,4105,2604,5426,6206,9246,9343,3245,9431,5307,3361,7284,6664,9504,1293,4118,2586,8417,4564,910,6383,8080,7488,4974,6189,6791,3778,811,9657,7589,2000,2303,5080,813,1426,1198,4999,8025,1171,2327,4246,5372,3414,6394,5520,2679,1708,4040,6484,9877,1893,4427,6057,7738,5476,8621,7769,954,3392,130,149,4535,7328,31,7297,2491
8770,8866,7788,8961,5154,9027,6711,5862,9052,1902,5801,1586,5590,2574,7149,5512,646,6499,4829,1628,2413,7257,570,5433,6977,3454,8170,654,7991,91,9195,7034,8335,7227,6440,6698,812,8450,7768,9247,9344,5675,9432,2573,4978,9473,581,9505,903,2949,4791,7251,2603,4700,6774,7559,5808,5136,6352,8205,7111,7859,9658,8395,3957,3039,8228,127,747,92,5938,9769,4558,7000,8307,9833,4052,1401,8723,7416,1886,2998,5681,9878,2974,7162,5915,8152,2995,9944,9976,1004,7779,205,71,7397,8056,213,1898,2231
8771,8867,7256,8962,4816,6539,7925,3842,9053,1392,6660,634,2762,1000,7627,5292,1766,2993,2870,4071,2546,7205,258,1233,8475,909,5111,4867,1469,631,8225,7446,7669,5181,3584,5967,2023,6789,7939,9248,9345,5477,9433,5259,3508,6115,383,9506,5072,3378,4191,8159,2964,2093,3992,8255,2845,3032,5761,6961,3096,5140,9659,1840,5010,4438,5899,226,1215,2140,4516,9770,4547,8481,2219,7860,1680,7436,8283,8564,991,2236,7465,9879,2287,4990,8733,6571,6496,4835,9977,2443,6376,443,57,6134,8670,118,2618,4725
8772,8868,5861,8963,5147,7555,7965,5932,9054,1346,4541,4997,4685,4340,3344,5425,1240,2606,2081,3316,1213,6428,4397,5840,9137,6500,7258,5981,8171,96,9196,2761,8032,5315,7401,7145,1693,7994,4491,9249,9346,5856,9434,1799,1525,7848,4743,9507,6404,1149,3173,8254,6865,2653,7683,6458,6817,8256,7053,3649,5461,6771,9660,7504,2010,291,5748,375,371,136,1662,6733,1833,5878,8440,3500,2866,7468,6297,2724,1546,6363,4303,9880,528,4893,6386,7946,7241,8347,7295,660,4744,693,89,6984,7990,164,2772,3062
8773,8869,7878,8964,7536,6507,8408,7816,9055,5621,7219,360,3235,1508,7763,4386,1147,8187,1219,7546,1786,8043,2534,6150,9138,4155,7678,1620,9179,268,9197,6118,8336,6947,8192,8060,1154,8695,6565,9250,9347,6864,8612,3004,3103,7896,255,9508,972,7132,1685,6691,2317,2006,8034,8551,6805,6455,7126,8081,8024,3320,9661,8713,4825,1308,7987,1015,283,507,7643,9771,4405,8131,5990,8208,5091,4361,8329,3177,158,7522,5601,9881,1326,7697,5439,5891,2071,9945,9978,534,7663,337,94,7563,6785,178,2024,4567
8774,8870,5137,8965,7116,721,6256,3840,9056,3127,4958,1089,4906,2707,6395,6280,2301,6519,4347,4920,3536,3907,2626,5325,9139,2315,6272,1502,5413,627,9198,4111,6641,3098,4445,5886,1351,5016,4698,9251,9348,2723,9435,7474,3758,6742,6757,9509,1817,2472,2616,8614,1470,805,7043,8710,7812,6510,5340,6769,5320,1116,9662,7548,3702,518,7286,607,866,580,5153,9772,1196,4090,5459,9834,2710,8424,3999,2676,1451,3540,1798,9882,4911,4988,6720,7136,5251,8566,9979,2261,4520,304,163,3092,7770,106,8153,688
8775,8871,7298,8966,7973,6340,7841,6615,9057,2716,4470,739,3495,2930,5749,6413,635,6509,4165,5444,2028,3546,842,6814,1801,7709,7646,1084,7163,103,8609,5329,5319,7454,7938,6663,1960,7899,6303,9252,9349,7360,9436,2076,5815,6062,3215,9510,1260,3242,1169,7658,4410,625,7855,9606,8104,3885,2543,5648,6686,2043,9663,8017,4636,278,4100,595,604,146,8496,5624,5633,8378,7922,6219,6101,4166,8466,6238,463,5819,3448,9883,2108,7577,5638,8346,5222,9946,8413,5465,7427,610,37,6531,7918,274,5546,2088
8776,8872,2834,8967,6646,3474,4135,2921,9058,3054,3152,3932,2537,2073,5022,3462,4198,4089,2597,1254,4532,3526,3408,1395,3998,5966,385,2833,6927,2307,7647,1897,2877,391,6167,4482,5152,4369,3749,9253,9350,2976,7487,4504,2334,2826,5053,9511,3688,1803,782,8089,1495,764,5709,9607,3391,3485,4753,2182,4794,3332,9664,6522,1858,3014,3272,2553,2887,514,5101,9773,3058,5055,5573,7244,2688,6567,1018,3775,2041,3294,2507,6159,2781,2167,6419,6613,5971,7098,8350,4648,692,4091,1564,1296,5229,700,6602,795
8777,8873,4984,8968,5833,3682,4975,1230,9059,3960,1256,5132,3642,728,1599,2022,2305,4168,3160,5895,2339,2990,3217,994,9140,7337,5745,2850,4876,2338,8537,1287,4310,5902,2082,3290,698,4513,5295,9254,9351,5743,8580,7159,3435,1403,1128,9512,3505,1200,1608,6903,3165,2501,6212,8366,6441,3233,4701,1535,4045,3365,9665,2144,3355,4245,4487,346,2654,1178,1779,9774,2569,3080,4094,7690,1522,7037,3741,7177,2343,4976,4247,9884,3113,1871,8094,4766,6513,8166,8664,4730,4797,295,966,5390,3277,1129,7289,664
8778,8874,4646,8969,1725,5352,5671,4406,9060,2907,1354,4985,547,1889,4654,4671,1483,4952,3009,5343,1105,4727,1162,5145,8267,7765,5124,3677,6850,2184,7774,2883,5738,3304,1950,3259,871,4064,6727,8508,9352,2402,9437,4570,2828,5792,2805,9513,3927,3362,2277,8314,520,3123,5719,9608,2207,3962,4145,1665,5762,4213,9666,5806,432,3588,5238,1474,1285,1993,2875,3379,4739,4591,4375,1045,4910,8163,2146,3880,2933,4380,833,8442,2061,3604,6220,4233,4942,8567,7246,1621,942,2754,2249,1224,6710,305,5997,2795
8779,8875,7329,8970,1275,7101,4731,6934,9061,7966,5844,3341,196,950,7109,5491,5691,5139,969,4830,7717,5248,3914,1036,7967,8487,5875,369,7400,552,9199,3875,7157,6217,7846,2803,6862,4798,926,9255,9353,8066,8121,4402,477,7640,307,9514,4368,2839,3175,2525,6350,1906,6888,8418,7784,6447,5381,6489,3918,2155,9667,9735,671,6580,7377,1661,1520,6360,8206,9775,2379,2278,4265,8261,7715,9842,7235,7923,104,6899,5866,9885,248,7834,6061,6026,6255,8426,8211,985,7406,865,2441,3913,5311,523,5568,218
8780,8876,1340,8971,7964,3225,3140,3390,9062,4511,1449,3056,3766,1083,4430,1948,1987,2500,3843,1728,3117,5353,2978,5204,9141,8044,4228,3189,8189,3309,8576,3910,7092,5575,4904,4764,5237,1867,4799,9256,9354,2414,8542,6851,778,5676,5616,9515,2951,3319,1400,6589,952,1177,3269,9609,2539,1238,3889,968,786,331,9668,2578,1664,2698,5470,2190,2682,475,3214,9776,3562,2831,4723,3279,2901,7614,4456,3831,2668,1980,1876,8655,771,3509,7370,7178,2018,6381,7904,3894,2758,1666,4243,3079,7025,1123,7062,1868
8781,8877,6614,8972,4099,5085,5537,5096,9063,4991,5909,4400,2608,544,6735,4613,1135,7076,4726,2260,1931,5564,4280,1402,8486,2642,7156,3652,8247,437,7807,879,7338,6920,6434,5067,4827,3849,1592,9257,9355,5561,8049,510,207,8434,3218,9516,2983,3102,1242,5569,5780,4034,4514,6358,8070,6999,7413,7264,7024,4253,9669,7902,1583,2451,7979,1650,3211,204,1292,9777,4735,6725,7080,4289,5226,5710,8054,7335,3232,1229,6042,9886,354,5355,8357,8244,6827,8599,6652,2630,6563,344,145,1604,6687,45,3673,3808
8782,8878,7063,8973,2054,7364,6915,5737,9064,6051,7725,506,814,389,6205,4545,5198,4630,1057,7388,8029,5265,2320,566,9142,8681,3971,513,1835,352,8361,6373,2289,5647,5332,2296,6227,5958,6929,9258,9356,7602,9438,8269,392,8301,90,9517,6937,3524,2404,5920,2738,3466,1164,7856,5832,5680,1319,6116,6096,1181,9670,2029,850,6577,7061,3845,4729,8162,6909,9778,2609,4948,5158,8326,2697,9843,7954,7270,253,6624,7549,9887,3443,7426,7698,3990,4510,8198,8223,1031,5571,736,201,6368,3405,2405,4861,2814
8783,8879,4053,8974,3882,6591,5896,4507,9065,442,2014,1225,5789,1408,2915,6377,680,3806,5089,1782,848,8678,2575,4252,9143,1528,5249,2095,7893,1051,9200,4550,5814,6105,6344,5151,2817,6287,4017,9259,9357,3085,9439,3052,1724,6975,1281,9518,2478,2388,1033,8546,2017,3380,6717,5263,5795,6399,8141,4515,7475,5865,9671,6078,2013,2783,4881,925,971,1954,4572,9779,2796,7309,7351,5923,4833,4634,7686,2519,4173,4995,3465,9888,1584,3796,7634,7460,6426,8348,8062,1184,5607,181,15,3995,7889,21,6085,2011
8784,8880,6204,8526,8005,1638,4540,2808,9066,4902,2700,3111,2126,2612,2650,4740,5110,5246,1846,1409,5608,3481,3926,3059,6872,3404,3767,2004,7006,2233,8137,1904,6762,5973,4174,4229,1217,5723,4679,9260,9358,2408,8364,4787,1124,6082,2166,9519,2411,2567,1676,7985,2550,3010,4473,8584,6055,774,3943,3494,3900,1775,9672,7300,3347,1553,5007,1454,3436,1348,3601,9780,1382,1111,5187,8093,4284,7590,1806,3241,2919,4559,3557,8726,594,1956,6453,6467,3672,8427,2215,5746,3486,944,1054,409,6954,229,7356,789
8785,8881,6972,8975,6973,4485,6696,4154,9067,542,2981,4411,5901,4012,5863,6508,476,3856,2757,4315,2982,6098,1736,1185,9144,8530,8444,3491,9180,1226,9201,6714,7702,5202,7693,1706,495,4568,5699,9261,9359,3220,1268,3074,598,3046,4929,9520,5261,5205,4690,8705,188,4294,4437,8022,5463,7960,5747,4082,7044,5717,9673,8644,2999,6006,5334,828,347,458,6252,9781,2075,4441,8082,8462,5705,4216,3212,8263,6338,1842,5125,8072,3137,3438,4453,7635,2123,7917,8739,1823,1963,611,88,1927,5602,252,4202,2035
8786,8882,4211,8976,5636,2360,2151,5838,9068,3034,7075,2374,1433,676,4043,5052,6713,7242,3100,7077,6074,3487,1761,7601,9145,4297,2504,5673,8684,572,9202,5912,8492,5906,7793,7582,2592,4517,5903,9262,9360,5287,9440,1038,1046,7318,7143,9521,4921,2389,1009,2769,3937,922,2134,9610,3698,5988,7619,7561,4467,1133,9674,5763,134,3339,6866,1209,220,949,8051,8459,2381,6244,5586,8649,2677,8241,3346,1949,273,1953,6869,9889,6905,7232,5888,497,7153,9947,9980,982,5867,710,1253,7839,4327,613,9997,2206
8787,8883,7879,8977,7100,7655,7358,2431,9069,2906,6173,6015,6943,2987,6022,6149,551,5579,2005,6848,3161,5528,3827,3094,9146,9172,5050,2685,8634,263,9203,5646,7234,5536,5449,7402,1099,7808,5835,9263,9361,5593,3295,4114,165,7017,6430,9522,6902,6349,3166,9585,643,829,1851,7533,7884,7897,4276,5063,5843,6370,9675,8586,1704,780,6702,891,61,234,6930,6333,4931,3797,8038,8185,3609,3192,2589,7492,4846,3107,3928,9890,2464,2748,3433,7097,5285,9948,8570,72,5651,683,137,3104,1997,751,5119,4602
8788,8884,3413,8978,2281,3687,6583,1934,9070,999,3853,4843,4167,2410,4236,5467,1367,5094,2398,1465,3375,1872,3475,2714,7154,5253,4844,720,6928,2259,6472,2462,5241,2719,1581,4509,4892,5099,5760,9264,9362,1780,6543,3082,3398,1052,1737,9523,4968,3739,1019,8315,192,1436,2473,5803,6304,2944,5734,4996,2753,4072,9676,8193,2112,3088,6611,1969,1263,5501,3987,9782,2530,4238,4551,8282,3455,8242,6590,5472,1172,3084,4760,6196,293,3619,7254,5892,4362,7212,8402,854,2691,2393,3554,2355,2403,82,8742,2377
8789,8885,7218,8979,5421,7381,7365,5937,9071,1259,6261,2867,4548,5812,7167,6745,554,4471,1653,2348,722,7324,2492,6384,9147,2938,7982,4282,8248,150,8635,6534,8322,4108,6162,7894,2763,8252,5031,9265,9363,5106,9441,2383,6403,9474,238,9524,7263,1566,1203,6969,7144,4306,8061,6133,7986,7052,6782,6322,5274,7519,9677,8092,4024,3330,8555,537,500,155,4452,9783,1568,8259,8516,9835,3977,6898,8591,5397,656,6912,6298,9891,617,6103,8127,6953,4748,7675,8428,182,7578,119,78,7494,6203,86,3013,3982
6,4,8,12,17,211,819,2070,5019,7372,2579,7762,7861,6833,7656,6088,7341,4907,2684,7677,5286,2971,3040,2050,9148,9173,7628,6836,9181,2423,7710,7292,8636,3780,6845,3699,6628,7649,8173,9266,9364,8138,3693,8581,798,3941,2660,9525,7733,4555,3979,8512,2107,2064,8015,9611,3381,6693,6623,6701,6493,5487,9678,9736,6840,8149,6100,1279,5039,7435,7988,9784,5309,4439,5744,9836,3441,9844,9853,8133,3071,5354,6178,9892,4443,7310,5104,8385,2247,9949,8740,9991,3503,5018,7140,3411,9994,3529,9998,3229
8790,8886,2515,8980,4883,2185,3659,6721,9072,2770,3600,1822,3596,1179,5874,3634,3028,6678,4481,6433,4186,2536,616,4737,424,7306,1790,557,8182,2667,8432,2810,6491,5173,957,4933,4382,1812,7014,9267,9365,4270,9442,6944,1958,4436,5562,9526,2368,719,794,8455,5344,2274,3044,6482,3548,3227,5408,4460,1559,918,9679,7719,827,5184,4181,143,1327,2116,3461,9785,4468,5578,6464,8143,4593,2791,1542,4566,4042,3575,1372,9893,592,5820,7836,1545,2820,5389,7354,3763,4086,2376,4121,3289,6890,2138,6966,3836
8791,8887,5508,8628,7088,6431,6880,5893,9073,1675,5207,2514,323,2299,2458,233,2947,4898,3504,2279,6608,6465,1204,1703,521,4293,3810,1428,7453,3172,9204,2178,7969,5641,2365,3774,1645,6527,6824,9268,9366,5298,8216,5427,3629,7403,4758,9527,74,254,920,9586,4384,3498,4148,9612,5209,1721,6033,3072,546,4433,9680,8148,4115,5884,6346,479,5180,2759,5589,9786,3653,1804,1074,8558,6523,1127,8144,8619,1359,4809,5362,9894,560,3923,6601,8134,5629,8308,7689,2632,2634,3858,3001,4227,8473,1571,5657,4943
8792,8888,7189,8981,8154,6955,5702,7511,9074,3274,8224,1682,6123,3823,6768,5845,843,8135,3643,5297,3112,8333,652,7184,6541,4673,8277,3612,8415,366,9205,4008,8389,6620,3870,7983,912,7574,7015,9269,9367,7369,9443,3267,3599,5732,2613,9528,858,3325,279,9587,2078,784,7022,8367,5617,7913,7229,6345,6819,4159,9681,7874,4762,673,8219,148,179,141,6137,8460,3397,5478,8184,5216,4959,2118,6334,3447,845,5167,7607,9895,1341,7347,5735,4311,5356,9950,7039,708,6317,763,112,7524,6514,242,3006,5855
8793,8889,7040,8982,6313,7664,5658,6753,9075,2503,7373,166,1715,4007,7880,7496,492,4703,1602,4836,1002,8504,1366,6132,9149,3171,7638,574,8532,543,8690,7123,8191,6229,8337,7441,3250,7820,3090,9270,9368,3750,9444,1511,3712,9475,59,9529,2306,3553,3541,1414,6382,2526,8493,8494,7944,6466,5805,6157,5686,4800,9682,9737,3595,4320,7642,1236,993,837,7363,9787,3266,7672,8207,9837,4505,4808,7850,7824,228,6254,7081,9896,2052,6886,6538,5643,2208,8222,9981,1078,7692,85,223,7224,7586,44,2681,3925
8794,8890,3473,8983,4594,5029,5666,5196,9076,2272,1335,2566,4046,3489,5522,6432,316,4733,2559,4136,3442,4741,4659,2149,9150,7498,4062,3866,8286,1472,8448,4343,6572,3122,5826,4258,1432,1709,6481,9271,9369,1239,4953,5848,1447,2181,4620,9530,3087,2799,2927,8547,60,4464,7588,7849,6111,2465,7490,7185,4998,4179,9683,6326,1450,1243,6776,1058,953,2614,4826,9788,1163,3145,3686,8517,2357,4359,5664,6708,1952,2767,5129,9897,4355,6412,6065,7553,1575,8661,9982,3818,2920,384,162,1849,7510,266,8572,516
8795,8891,5688,8984,7398,4251,5972,3402,9077,3280,3128,2555,4006,3158,1037,6165,2786,6803,2354,2658,1028,6617,4838,7367,9151,8156,6873,4542,7852,1288,8490,5630,7648,3865,5576,6599,1270,1951,7164,9272,9370,6535,9445,2937,3199,7596,4383,9531,3917,3752,230,8281,5165,336,6636,8514,6176,6448,5059,1762,4627,934,9684,7758,1357,49,2502,2216,18,669,3959,1563,4601,4096,7534,577,4633,9845,7914,2079,168,2517,3292,6668,5726,6335,6008,2711,7450,9951,8665,624,5279,1106,5996,5290,8042,2975,9999,6164
8796,8892,4286,8985,7073,4239,6592,2673,9078,5918,5900,5741,3825,2484,3476,3719,881,3407,4098,4852,2021,3760,2101,4643,7975,2590,6174,4623,7409,1220,1990,4812,7977,4582,4678,2522,1399,2481,7262,9273,9371,4414,8698,7746,3275,1126,1113,9532,4639,2214,1789,6629,5008,3359,456,8456,5816,5419,4828,4793,4946,3321,9685,5166,2237,4314,4783,394,493,2439,5713,9789,4051,6375,1865,8559,4394,7321,2385,7644,3733,4940,5163,9898,2421,705,7195,7837,5872,8662,6312,97,3322,416,320,5243,1878,214,3273,2705
8797,8893,8180,8986,8309,8676,8085,5150,9079,7526,8332,538,6661,382,8266,4625,503,7791,4292,4396,3210,6215,657,7708,2582,5120,7527,1055,8147,206,9206,6058,6747,7430,8006,7745,685,8363,8313,9274,9372,8012,9446,5849,6830,9476,1932,9533,368,1333,568,9588,6284,1330,7393,9613,8420,7611,4466,7736,5882,2186,9686,7320,3860,898,4325,447,282,509,8052,6410,7464,6885,8026,6367,5399,1753,8319,5954,555,5065,7615,9899,6512,8271,5401,6406,7223,8600,9983,1910,7739,1098,99,8232,9995,208,2471,6760
8798,8894,4676,8987,1636,3203,6328,6014,9080,1371,2977,292,2570,1303,5318,3507,2036,5715,1189,1140,5260,5400,3577,5323,5831,6926,6155,1383,7528,1756,5622,4156,7215,1384,5174,1852,7694,3721,3230,9275,9373,2540,9447,5032,1332,6554,417,9534,696,2497,924,4404,2643,1072,6048,9614,2909,5393,6011,4597,1316,1331,9687,8142,3785,3972,5612,1206,1607,3637,4031,9790,3980,5157,3897,8589,1435,5543,5662,5347,2572,3947,1642,9900,1191,1735,7645,7002,2483,9952,2960,5301,1427,1853,3935,2615,3590,1080,8200,2827
8799,8895,2159,8988,4069,2037,3331,5048,9081,2610,583,4638,2588,2263,3497,3711,2373,3639,1551,2266,3373,1733,2180,5190,9152,5868,3262,2165,4373,1847,5468,2153,6269,4580,3762,2739,3916,756,4569,9276,9374,340,9448,6741,3545,2695,2782,9535,1006,2925,1482,7105,928,2246,4577,9615,4983,1890,4076,4068,4451,3126,9688,4331,1838,2096,3176,2356,1603,1393,4175,9791,4349,3191,3143,8186,3410,8344,3657,5718,2200,1540,2475,8220,1541,6080,7196,5788,2457,8349,7380,4561,1379,1961,2161,1131,6772,686,6240,4428
8800,8896,5554,8989,1901,996,6228,5003,9082,4323,2892,4525,2255,2996,6564,5443,1670,1814,3219,2384,3519,2717,2584,5412,8169,1884,6047,2496,7486,1110,7481,4055,1060,4472,6301,3724,2777,3198,4772,9277,9375,4925,9449,964,4454,7412,711,9536,4426,3141,536,5509,3403,3844,4834,8394,1689,4849,2886,4189,5518,4519,9689,5977,1356,3450,5220,1481,2623,653,5420,9792,3820,7118,5940,7613,3256,7437,7543,7127,2110,2367,5650,7748,908,3690,3478,4719,6506,4095,8073,1933,4590,267,190,2453,7723,265,1618,2015
8801,8897,2240,8430,1698,5921,6108,6192,9083,4992,3049,6052,1211,2935,5172,1251,1903,4219,2709,1515,6892,2904,1922,2646,1743,7843,4870,992,7368,1342,7041,3579,6067,5987,1305,961,2505,4345,1674,9278,9376,5588,8640,8078,1707,6391,533,9537,1120,1255,1978,5594,4102,3963,7072,9616,6128,5162,5160,1940,2918,4765,9690,6005,3598,5764,6289,2218,3124,977,2617,9793,1068,1125,1651,8717,4474,6459,6783,6868,1877,4718,2865,9901,648,2329,8128,6113,7625,8401,7120,678,2157,3068,4312,3258,6694,668,8627,603
8802,8898,4637,8990,5701,4163,3948,4235,9084,3940,2449,6319,3446,3552,6648,4909,1519,3201,3620,5654,4994,4585,2148,5436,5712,6449,5213,2131,5535,769,8538,3614,4049,3996,2542,4915,3264,4408,6773,8611,9377,5857,9450,2226,3874,5403,1965,9538,1064,3942,970,7308,4655,1030,5802,8368,5817,5345,4448,3445,2994,4256,9691,3807,2941,674,3631,334,826,2713,4352,9794,4565,3678,1738,5289,4358,1304,3146,2607,55,2541,3493,9902,2499,5479,5793,6197,4692,5728,8666,1945,1938,326,40,4206,7705,963,2353,4562
8803,8899,7609,8991,7919,3323,6764,4458,9085,5661,5049,160,1754,3249,4120,2702,809,5223,5682,3151,1155,2298,1377,807,5418,3029,5980,5453,8533,4029,8539,6595,8250,6724,7282,4144,2487,5773,7274,9279,9378,1069,9451,6435,2428,7085,7094,9539,3278,655,3213,8436,3101,849,5215,8419,6587,6705,7326,5858,6802,1656,9692,8457,1739,1231,7759,64,317,404,7135,6494,6146,3021,5663,5941,5404,4668,7394,4501,4416,5771,3786,8399,1635,3496,7624,7469,8118,9953,7804,637,6846,490,467,6914,4019,281,2858,3901
8804,8900,6191,8992,6991,5305,7545,1749,9086,2042,3770,1183,1438,358,5231,3463,1486,5834,1420,6603,1320,5565,748,3477,8443,7462,4554,1421,8388,308,7993,4777,8637,4101,6526,5114,619,6790,7865,9280,9379,5493,6894,6596,2229,6237,2235,9540,1273,4546,462,8079,3816,2286,6392,8290,2437,3603,6908,3803,6806,1982,9693,6610,4364,3253,7483,645,440,1478,5809,9795,5860,7009,7010,7933,5955,2689,4377,2571,847,6246,5103,9903,2213,5711,6021,3456,601,8622,9984,4763,5505,1695,95,2341,8321,1370,5998,4863
8805,8901,1921,8993,3835,2899,2168,1507,9087,3958,3015,5011,3646,1365,4139,3016,2090,4757,2234,752,2351,973,4036,1121,3307,4820,3817,2824,1767,959,3586,5791,7069,3555,1955,5283,1984,2889,5927,9281,9380,6621,8451,8158,3427,7821,5078,9541,2868,3305,2498,9589,1466,1210,3488,8411,6574,4880,3570,5720,5496,3581,9694,770,2997,2897,3314,1859,730,815,4770,9796,5211,5640,5069,8463,820,8650,6046,6425,2293,4322,4104,9904,1811,2427,8330,6160,5457,4774,6832,1857,5164,1386,189,2924,3334,860,3550,2837
8806,8902,6990,8994,7544,8077,5466,3484,9088,6779,4732,436,2085,749,2450,5790,2160,7497,4971,5798,6547,7399,746,6834,3647,1318,7581,2973,8099,900,9207,6002,8638,9218,7103,4275,1630,6680,7949,9282,9381,7810,9452,8019,1752,8701,4250,9542,943,1266,1473,9590,5262,1076,1971,9617,6325,7641,8227,7901,4872,2094,9695,7384,422,6682,8376,200,100,702,6675,9797,3451,7095,6545,8560,1561,1788,7443,8356,896,5194,8243,9905,4642,6478,8151,1711,8040,9954,8602,1530,7139,724,167,7570,1619,288,3582,6148
8807,8903,3622,8995,9026,5766,3883,5411,9089,2669,3736,6053,3185,108,5963,5375,1834,5178,2252,3517,6235,5986,5035,6471,9153,5905,4162,3616,5269,120,9208,3611,4360,6166,4424,4842,5742,6642,6728,9283,9382,4966,9453,7895,250,5360,2931,9543,6151,3416,1476,8706,4398,276,6416,9618,7813,3709,6818,4083,4889,1160,9696,2062,1625,1247,4224,3986,835,885,5074,808,1777,6808,5951,488,4215,9846,7236,6931,793,1077,5203,8727,4022,5373,2934,3297,7662,8735,9985,5033,2397,4918,582,2725,7213,270,5177,1156
8808,8904,3707,8673,7198,1573,4298,4272,9090,2257,1148,2173,2857,539,2156,2558,2250,4231,3984,4651,3644,5272,834,5293,7782,6766,3674,1929,5794,976,6860,3544,6224,2283,4932,3178,5294,1529,4207,9284,9383,4628,9454,6609,3635,5842,4455,9544,1043,3065,1334,8033,1585,1352,5604,8495,4313,3906,3945,1503,4530,2280,9697,7831,2780,450,3369,1985,2549,4721,2661,9798,3222,4845,4254,8126,3521,6568,3981,861,923,2046,1523,9906,1512,3383,6983,3879,4986,7568,8284,2952,3370,2087,1537,3343,7750,1294,8474,243
8809,8905,2841,8996,5587,2532,2873,6842,9091,4342,1565,936,2843,498,5598,2105,2282,7110,3656,965,5839,3903,839,5155,775,4864,6835,872,6292,3385,8416,3418,5635,5584,2635,4490,1479,3468,5609,9285,9384,6811,8452,8008,3855,5890,1783,9545,867,170,361,7997,3035,2896,6487,8204,5182,5693,4856,3857,3651,3499,9698,8035,403,4152,4140,726,882,3815,3615,9799,3919,3565,3306,8209,4858,579,7425,5531,1819,1180,5475,9907,1455,5398,8002,6190,6437,7470,8331,4789,3019,2825,2358,6770,7438,1769,4493,3978
8810,8906,8234,8997,1257,5374,4449,4579,9092,5555,4681,222,1905,386,5460,6995,6936,5247,240,7268,6299,8215,2936,5960,8631,7910,4495,650,8534,330,7976,7315,7331,4926,7629,7630,6294,7013,6236,9286,9385,7411,9455,7203,174,9477,821,9546,4734,4420,1430,7541,4962,1329,6692,9619,8292,7029,4632,5827,6521,626,9699,9738,755,2728,8036,5488,1227,4980,7414,8317,915,7685,7605,4321,4778,6582,7886,9855,185,2426,6059,9908,5936,6270,5645,1157,3069,9955,8502,1623,8429,237,184,8233,2382,1091,7419,2420
8811,8907,7908,8998,2991,5430,7799,7004,9093,2968,6712,355,913,1443,7817,6109,5824,4080,757,7389,5637,7668,1720,717,6722,8246,8098,508,8685,960,6918,7556,4344,8323,6948,6715,5852,7317,3174,9287,9386,4249,6348,6357,260,7502,28,9547,1214,4635,3641,2750,3636,661,7194,9620,5804,6310,5316,4839,6658,5271,9700,8587,5342,2752,5724,868,2067,2510,7230,8646,6030,5075,1066,1311,2333,8039,5504,2419,280,6495,6952,9909,1880,5117,2115,1555,6525,9956,8403,5142,7947,3847,3787,1660,7495,1696,6427,33
8812,8908,5753,8999,3372,5511,4859,1836,9094,1757,1701,4128,5168,897,5034,2130,623,4993,1684,3909,851,6161,5026,2641,8505,1516,4372,2121,7343,1768,8101,6579,7729,5961,1649,6379,1937,5107,4158,9288,9387,2008,9456,6474,3287,6560,6180,9548,1797,3409,147,8302,1439,2191,7604,7597,6503,6439,4964,6315,6144,5369,9701,7612,873,1205,7186,1197,1475,4624,3239,9800,5553,2800,6758,8590,1252,6362,6820,5695,3718,6131,3147,9910,4232,3518,7505,7371,6709,7592,8404,1457,5242,235,43,2587,7806,16,4190,3335
8813,8909,7439,9000,3769,7840,4088,7204,9095,6994,8677,907,289,515,7054,6387,6616,5708,933,4831,4641,6300,5523,3538,9154,9174,7862,1398,9182,322,9209,7727,1141,6480,8289,1730,7984,1344,4711,9289,9388,8103,9457,7951,101,7854,947,9549,4824,6119,1188,8365,5551,301,6573,3793,8421,3722,2577,3431,4157,349,9702,9739,3800,802,8009,4903,1477,407,5144,6209,733,7932,7424,272,6633,8719,8441,4869,309,5278,5363,9911,3268,6530,4002,4153,6327,9957,8212,6034,3180,7516,5707,8525,5490,1347,4328,1717
8814,8910,1497,9001,2766,2401,6341,2254,9096,5191,4722,4305,3236,224,1648,5422,870,5825,3226,4341,2407,5280,3537,888,9155,4865,4874,1870,7992,2538,3105,2127,6893,844,6604,6457,5547,5925,6683,9290,9389,6461,6685,6099,363,5017,5542,9550,2940,2926,663,7959,5208,3364,4979,7059,6520,7019,7152,7007,6605,1425,9703,6019,3251,1506,6451,2335,1764,319,4469,8342,1016,7423,5818,7903,3966,9847,7444,1923,2693,3654,5131,8620,482,2476,6923,4291,3506,9958,7340,3395,4434,397,677,4710,7296,65,4675,4588
8815,8911,4226,9002,5021,1574,7428,6516,9097,895,1463,370,3754,3660,4122,5721,2309,5336,2433,962,1130,5446,451,5683,7741,5127,5224,4225,7743,1863,9210,2276,5448,4014,6135,6302,1946,2524,7202,9291,9390,2284,9458,6586,3118,7307,3156,9551,2352,3482,783,8548,2459,4969,6831,9621,5255,5524,4621,5859,1282,2751,9704,7529,4001,2871,6296,691,715,525,4283,9801,1552,4598,6546,8483,2683,7953,5482,3869,2304,2622,3839,9912,1020,6777,6354,5949,6562,8736,9986,4097,2741,734,287,3132,7608,571,6967,740
8816,8912,3650,8674,4084,3246,3424,3813,9098,1830,3060,706,3734,1317,3572,3805,1705,6329,2529,4512,329,3535,2444,4536,4618,8488,5161,2611,2322,3036,8610,3748,6429,3630,4333,2720,3867,3022,4751,9292,9391,4085,7639,3745,4126,5086,1138,9552,2128,406,1875,6875,4124,2447,2735,8552,6288,5368,5752,325,1041,1748,9705,7621,927,3042,6841,1192,859,5481,5423,9802,2945,2440,3023,8327,3877,8561,7661,4779,3155,3315,5669,8595,804,3627,7688,4557,5619,7941,7355,1345,448,1807,4767,2986,3479,1373,7981,1818
8817,8913,1145,9003,7089,5985,5240,1759,9099,3624,5406,6198,1615,3755,1750,3782,5169,3338,3382,6025,6470,2853,5004,7956,9156,2083,1591,2016,6697,302,6028,4616,7200,5218,6337,5556,6402,1073,5058,9293,9392,5700,9459,7171,593,8702,5514,9553,7239,3209,1837,7900,1388,69,6718,8291,5100,6351,6380,4366,2179,5028,9706,8515,956,20,6306,1879,75,194,6792,511,4705,5871,4612,3744,4684,8465,7871,6637,444,5108,5126,8728,1228,3589,3890,7898,3691,9959,8667,2264,2452,6407,5235,5917,8057,1532,7907,3561
8818,8914,3093,9004,8063,5729,6532,5378,9100,4957,6038,1977,1683,1744,5534,1930,5014,7066,1025,919,1407,7882,1501,2163,8632,1920,2102,4147,8087,723,7845,3968,7587,7158,5541,5495,2124,3814,6040,9294,9393,5948,9460,6998,4755,7912,3965,9554,2686,4522,1941,8513,3425,3426,3893,7151,7422,5385,7503,5864,5200,5060,9707,3368,1556,5046,6884,339,588,727,3327,9803,5984,3003,7606,8381,675,4587,1772,5642,5499,1719,6102,9913,1577,2624,7825,4747,3522,8210,8264,1071,6266,249,29,5782,3115,52,2089,4285
8819,8915,1049,6778,3208,6578,3944,7665,9101,6891,6647,109,4141,398,7881,7168,1276,6154,3532,7600,6268,8111,438,4888,350,8531,5391,154,8446,2285,8577,3207,3050,7447,2170,7249,5112,1075,6424,9295,9394,4518,9461,7070,2143,8237,5199,9555,3284,41,303,5887,5685,4963,2248,4137,8105,6277,1355,6706,6544,472,9708,8480,846,799,7931,1557,413,2074,1966,9804,5471,6079,6707,8177,7449,5596,7113,8724,2655,6083,4538,9914,2601,4773,8500,8110,6878,8623,9987,2012,4578,1560,2862,5507,4923,4119,8503,5228
8820,8916,640,9005,5082,5244,3881,4606,9102,2224,1093,499,3300,1012,4388,6640,3216,3099,3257,3298,2331,6414,2152,4381,9157,4854,5201,1992,8100,1810,9211,1854,5913,1378,4037,3904,7131,2516,6324,9296,9395,1274,9462,6597,899,6187,3221,9556,5303,3708,1827,9591,1763,3716,2869,9622,6169,1668,6143,6295,3265,1742,9709,6181,2066,1118,6738,1862,3946,3700,5498,9805,1011,7386,5930,7721,1150,8562,1376,1168,3388,1751,3483,8656,6060,3288,8018,7137,4248,8468,8471,7179,4604,718,1001,1291,2859,70,10000,1250
8821,8917,6359,9006,6767,2631,3967,6172,9103,6043,3043,1289,2424,914,5626,2734,3188,6110,3116,4879,6627,1891,1499,4278,9158,8575,3728,2494,7927,63,9212,6281,4418,1309,2253,5785,1380,4813,5603,9297,9396,6127,8280,4218,788,3412,4939,9557,2509,4403,1361,8122,980,161,5552,9623,6285,4496,5926,6049,4093,878,9710,6606,1820,621,5382,1740,333,198,5386,2262,2345,6477,6644,6922,5570,6537,4138,5227,1122,4941,6418,8178,3661,4599,2438,5416,3138,8524,8213,5429,2495,1182,1576,3516,6626,1597,8265,4457
8822,8918,4847,9007,5497,8360,6993,6677,9104,2879,5093,6498,4339,5245,3415,7480,792,8097,5945,5722,586,4067,3244,6356,9159,7390,6075,5964,5513,215,9213,6740,7753,3873,7410,6755,1108,4003,8392,9298,9397,6207,9463,3533,2989,7732,5087,9558,5121,4015,2948,8437,6959,633,8238,6921,8370,7671,7333,2701,3851,5837,9711,9740,3357,415,1690,1677,169,221,5618,5396,3713,6068,7832,2361,5438,5756,7231,1136,27,7924,1712,9915,2056,6316,6870,4304,7255,9960,9988,261,7989,171,113,7477,7311,217,4600,6185
8823,8919,2292,9008,1622,1232,2652,5442,9105,5828,3170,341,2562,3159,1832,3051,2657,1816,1824,3286,4785,1567,3523,5066,8506,5627,2985,2347,5232,1102,8691,2807,5703,2346,5300,4387,5934,5192,6804,9299,9398,5807,7796,5379,4018,6106,1925,9559,4221,3428,825,8140,5005,1023,5037,9624,6018,714,2928,3254,4223,874,9712,8341,1336,3571,5437,3648,760,3804,5928,9806,4374,5517,4116,4197,2436,8425,5483,2878,1360,1609,5670,8522,1631,3714,7188,1598,3929,8167,5620,699,2063,247,2733,2704,2846,1245,8671,3377
8824,8920,4981,9009,4853,3837,5639,2621,9106,3773,1387,1158,2222,2881,4649,1456,3081,3846,1926,1048,1943,3464,2241,4897,9160,3520,1088,4324,4908,2091,2394,779,4378,4688,4644,4000,4483,838,5277,9300,9399,4109,9464,6274,3053,6650,3811,9560,3091,1491,1248,7734,351,2773,6681,9625,2326,3492,2955,4695,2595,1979,9713,5370,2187,3621,1593,481,1445,3202,4987,9807,5212,3759,5502,3675,2211,9848,4032,4935,2672,3195,2007,8729,428,1755,7940,7211,3671,7535,6784,2836,1531,3751,2429,2731,8027,1663,6734,2638
8825,8921,2811,9010,6456,1267,4928,4840,9107,5526,2294,2300,2387,832,1746,4860,4435,4531,2629,4329,3715,4631,2718,1988,7342,4738,4476,1490,7935,3367,8287,5036,7819,1892,5326,2417,1107,4609,4784,9301,9400,2576,7797,7016,460,6816,938,9561,1562,2239,2125,7755,1981,822,5450,8176,6979,4750,4026,5054,4905,2176,9714,5141,4106,2396,5781,468,1410,3089,4005,9808,5451,2044,6201,1570,1640,6213,5706,5149,2375,1152,3471,6239,1881,2884,7233,6877,6485,8469,4652,4524,3045,219,2328,3559,6090,800,8603,353
8826,8922,6906,9011,452,4421,7064,8146,9108,6445,6517,199,2480,321,7451,6726,7485,6438,823,7169,7707,7050,4841,1616,8679,6654,2988,501,8235,569,5281,6275,5030,4092,7744,6874,8046,7243,7209,9302,9401,4477,8268,7079,449,8435,151,9562,3260,4955,359,3587,3513,1375,1424,9626,8160,6488,2321,6231,5176,1632,9715,9741,1050,6243,8316,257,3606,2699,1996,9809,6632,3342,7521,5959,5714,7387,8108,7287,42,4821,5757,9916,3765,7087,3394,6558,2557,9961,8571,584,6444,1994,2019,6856,3854,1589,7699,3401
8827,8923,4230,9012,2675,7102,6941,7573,9109,6924,4914,216,3025,1397,7472,5364,6233,7429,461,7452,3027,6397,2193,2120,5591,7083,5133,2639,8249,762,8310,6222,7316,6748,5384,8251,3430,7273,6839,9303,9402,4241,8453,6801,2816,7681,286,9563,6223,2175,3031,8013,4185,941,7920,7943,7952,7030,7858,5415,5185,3083,9716,8553,2369,1187,7216,3452,135,5577,6442,9810,4440,7673,3969,2743,2204,8720,8195,1349,105,5002,5056,9917,1722,5195,4257,1151,3663,9962,8668,689,8199,83,39,7787,6933,388,7304,1246
8828,8924,5105,9013,4087,3779,2913,6935,9110,1234,1624,3400,3777,3501,6000,7121,929,4113,5221,6974,1017,7117,5580,5045,9161,8157,6829,4212,3449,324,9214,4682,5768,5919,6861,5455,1600,3324,8102,9304,9403,4316,7276,2798,3623,6093,5380,9564,7883,2100,2844,7735,629,690,7930,6330,5983,7482,6799,2568,6976,5883,9717,8375,1271,471,7172,911,578,459,6436,3525,6139,6069,6951,3234,3560,8164,4917,4337,1258,5649,2722,9918,1796,6308,4560,8221,5525,8320,9989,227,2106,478,102,3658,7955,139,6645,4261
8829,8925,7312,9014,7026,7572,4048,5730,9111,5533,3864,754,803,4503,4016,4960,1691,5258,1014,1194,1434,8275,935,2097,9162,1579,6688,2199,6796,801,9215,6216,2860,5731,7228,7207,1323,7104,6473,9305,9404,6684,9465,7349,3608,8582,2822,9565,6978,4712,4529,8113,6904,1521,8129,3399,4583,7133,4423,4260,6450,6807,9718,9742,2415,5219,8150,269,684,50,5572,9811,1193,4645,8396,8464,2656,3821,7785,4573,1800,2527,5567,9919,2192,5995,8117,1166,4822,8737,9990,1159,6989,193,51,7148,8058,98,5084,4761
8830,8926,3000,9015,5652,2177,916,4267,9112,2025,1627,5677,3440,2162,4217,5758,694,1860,1505,3585,3114,1644,3459,3912,7513,7968,5783,1686,5544,642,7936,4806,4608,4563,5236,3862,2602,5071,5042,9306,9405,4425,7269,6230,1787,6673,3801,9566,3695,2806,2117,7682,816,3768,6142,9627,4544,2863,5585,5632,2547,2633,9719,7885,474,4209,4010,294,3333,1394,4961,9812,2687,975,4065,7623,3387,8721,6020,6107,1265,3850,2637,9920,1406,4074,5394,6066,540,7972,7461,5500,1026,1747,1079,3371,6639,672,8743,1655
8831,8927,3470,9016,2742,3891,5431,2147,9113,1094,4977,3930,3354,2026,1364,2265,4184,6234,1995,4028,628,2864,3970,3838,9163,6634,4742,2665,5317,439,2755,4768,3458,5113,2627,5946,3607,4363,5610,9307,9406,7193,8226,7448,1936,4982,5769,9567,2040,2560,2954,7434,5434,2060,7319,8711,7756,6120,1526,6393,1826,4130,9720,1848,2819,3200,5361,1492,662,615,1758,9813,3632,5853,2813,8718,2482,8519,6703,7119,395,4290,3417,9921,818,5473,7716,4523,6183,4629,8386,761,2065,446,405,3566,6985,1175,1975,4913
8832,8928,4502,9017,6241,3591,1059,1498,9114,6248,6401,5933,3527,3742,4622,4792,2852,7617,817,6786,7538,7842,2034,3868,9164,5684,7005,1864,8686,486,8491,6723,4237,7767,5392,7208,3374,7809,890,9308,9407,1039,9466,4576,2493,6265,2461,9568,3580,3725,3169,5414,6188,4244,5464,7783,5870,4295,7620,6775,6749,4317,9721,9743,1962,4214,5558,2788,400,175,1970,9814,575,7217,7720,9838,2058,3360,4307,8055,4691,6550,6179,9922,124,3558,8196,2628,5727,8624,591,931,4670,372,300,3757,1277,312,6211,2756
8833,8929,3162,8527,651,2196,5532,7772,9115,4268,2232,485,1913,433,7065,3964,2340,2659,4131,4499,5123,5435,1935,6323,9165,7942,7408,735,8687,1605,2512,5549,5143,2855,3933,6612,7458,5233,7650,9309,9408,5193,8543,7501,1337,7142,1284,9569,342,1100,131,1548,1815,4973,8090,8130,6876,6129,1027,4930,4947,904,9722,8305,2876,5116,6674,3574,1533,4346,6511,9815,6253,6411,2956,8499,2966,8132,8397,8593,853,2486,7166,9923,666,541,8345,6751,5947,7508,3549,4390,4674,1264,3681,2225,7525,587,5999,2671
8834,8930,1524,9018,7771,5138,2454,2172,9116,3726,2330,3002,3076,2311,3888,5480,600,2366,3301,5276,1413,3668,4489,2721,9166,1167,4255,1794,6593,1643,6996,3610,5359,2861,4972,4302,2908,6136,6390,9310,9409,5615,8544,6369,1381,4885,3613,9570,1869,3037,2119,7058,5148,3326,4815,9628,2905,3911,3834,1300,2910,3784,9723,8422,2308,3396,2842,830,1222,3270,5346,9816,3157,3563,531,5474,3005,6056,5188,6050,4178,2203,1626,8596,1461,5452,8197,7445,2528,9963,6900,1637,737,434,430,3788,7471,122,7637,3776
8835,8931,7909,9019,335,4653,5095,6247,9117,6027,7420,441,1139,327,7790,6843,7781,7512,412,6422,7700,5083,2619,1063,7170,8682,1672,567,7594,483,5560,4063,7937,5282,7084,7703,8278,7847,4528,9311,9410,7603,6282,6566,419,6492,315,9571,6798,3184,894,4814,5515,1795,6960,9629,4871,5969,6475,5506,5006,3922,9724,8554,1173,6036,7868,2970,473,5015,6963,9817,2593,6950,6070,6910,4326,9849,7971,7395,144,5092,3618,9924,3285,4724,7778,343,4788,8663,6676,1462,3108,3706,2489,7033,5991,2455,8744,68
8836,8932,8407,9020,390,7479,3551,7800,9118,6925,6871,277,470,376,7091,4650,7706,7214,1096,7537,3861,7421,1928,765,9167,8030,7766,191,2775,519,6193,7325,5784,8449,6997,4030,2585,6704,3183,9312,9411,7566,7950,8174,364,8703,66,9572,6736,3789,231,2442,5982,1459,3261,6970,8303,7970,1437,7275,6035,886,9725,9744,381,6529,8239,5210,3626,1134,8000,9818,3669,7760,8715,8382,4117,9850,8592,8654,56,4956,8010,9925,5310,2189,7523,2201,7530,8011,6739,2195,7704,5405,6653,7003,6267,4934,8387,1991
8837,8933,2033,9021,7752,1855,2477,2746,9119,2409,1714,877,1907,2916,2946,2202,2784,3502,1939,1629,3196,4447,3602,4132,9168,4855,2972,3283,7192,2432,8190,3915,5957,1896,4059,773,3921,4556,1916,9313,9412,1324,8477,6982,2169,4319,5313,9573,3802,1419,1517,8549,1272,2736,3011,8340,3790,1487,3469,3938,3939,4348,9726,7112,2072,1208,3872,2001,2535,841,2730,9819,1610,3973,2288,8518,1658,7802,3231,4039,1484,1534,3328,8383,2275,5931,5796,4066,4444,4687,4936,5118,3705,1448,2258,556,7890,1322,8076,2548
8838,8934,8274,9022,3020,6553,4605,411,9120,7128,3951,3753,4717,2580,2664,6396,2797,7348,465,4365,7313,2779,2506,2957,9169,9175,6257,2790,9183,1103,7928,1489,7539,6662,2055,5679,4187,8299,5068,9314,9413,6408,8699,7853,902,6555,484,9574,7711,4782,1021,8550,6194,1221,1092,8712,7652,4603,4171,4970,5156,2984,9727,8645,1313,5186,7999,3830,19,1353,7456,9820,2747,6031,2636,7459,4492,4201,6147,7887,6598,1022,6279,9926,2848,1235,9933,3276,7826,9964,8041,212,2325,445,356,7740,399,1153,8604,4170
8839,8935,6421,9023,703,2390,5850,5811,9121,6044,6956,76,4919,129,7248,6355,7764,4989,787,6469,4332,7299,494,4647,9170,5772,7122,940,8172,338,5134,7272,7226,2785,5993,7201,3153,7391,4699,9315,9414,7431,7432,6635,1047,7866,522,9575,1241,2048,310,4334,2122,2456,5754,9630,7618,6625,2479,7659,6476,857,9728,8438,2774,5530,7622,117,1412,3974,7165,9821,3665,5879,5770,7253,1667,5725,6122,6826,550,6210,7280,9927,1967,6505,7245,1944,1117,8470,6163,6140,6420,2511,659,6879,6497,4240,8745,2674
8840,8936,7891,9024,187,7761,4279,7780,9122,3895,6957,378,314,863,7666,3783,2312,8136,1278,3061,1659,7792,5189,532,3197,8683,6858,373,6398,1918,6594,6797,6095,8311,7929,2316,1673,2217,1856,9316,9415,8509,6415,7610,987,8175,133,9576,3228,2488,585,2485,4188,1578,6023,8023,7176,7125,4078,7776,4680,2943,9729,9745,1065,5079,8240,892,3617,396,7584,9822,3727,4429,5365,7714,7047,8651,5625,8594,67,6794,7585,9928,5659,2967,8145,1652,5665,8568,4338,7138,6669,5889,5797,7564,6828,1813,8485,1678
8841,8937,6013,9025,2020,4965,7074,6821,9123,4318,5417,707,620,3366,6460,2744,958,6882,3240,967,670,6221,753,3756,6649,2435,5655,1299,4891,3949,9216,6309,3761,5098,7093,2888,393,8007,7583,8541,9416,3886,8613,6643,2399,8139,2370,9577,3692,1882,3291,8014,2142,4335,7362,6483,7018,4200,6374,6208,5876,4640,9730,7867,1144,2244,7660,374,365,25,5264,9823,5383,5044,7674,8229,4047,5047,7591,6607,4754,4107,2198,9929,3432,4205,8658,5057,4013,7815,8074,7048,2552,457,36,6232,4133,990,7174,1339
