8.34438623621892	-8.13092008395257
0.969080940986866	-0.953190335868738
5.49368323834437	-5.3944934221281
5.57820033785746	-5.4098200160236
3.25847486726724	-3.17683006687082
6.56330291436734	-6.46908365326381
5.70251007859652	-5.56237756808161
2.88162529759225	-2.8430604926801
7.31658110014874	-7.09359003835833
2.63652773305673	-2.59098295045294
7.08403525142585	-6.9222073976294
4.95464799549993	-4.79319591869469
6.05471433390726	-5.90049867032698
3.46514469186565	-3.34260498162857
7.3249080633331	-7.12293853577218
2.32269668887049	-2.25707541337542
4.27404368473417	-4.16655476398892
5.7384629402732	-5.5816085459572
2.90207386410773	-2.82051013397367
8.82892143578128	-8.62863106504202
2.47651745360664	-2.44132989813972
1.83559667906778	-1.76896456633725
6.20416217120145	-5.98509133473009
4.31885762339415	-4.12318254390404
2.04745076816507	-1.97431789991779
1.4855637161487	-1.52829091261847
1.38046199972474	-1.3635122902934
7.27502729340359	-7.0827732879965
6.22192003031961	-6.0075104069217
7.99719321273324	-7.82021391391334
5.74468130741601	-5.61199301896418
8.50274989017862	-8.3031484277419
1.15129747714941	-1.11990924697797
8.40901806321206	-8.21965333912798
6.16736774549855	-5.96436389560525
4.90196785914882	-4.72549023032779
5.83740649224782	-5.69803273600801
6.29510420575708	-6.13983663655344
5.06171508508071	-4.92653825394547
3.6023181971488	-3.49962422235213
0.278097474839788	-0.270392031163567
2.92540989259621	-2.87268182240559
4.29037373365539	-4.21688169150046
8.60103853149501	-8.37591704881657
8.74447394264844	-8.54732448544263
0.420709608841127	-0.42942966334625
1.6631458836971	-1.63490471153174
5.60642544496938	-5.46887200768263
5.11830133905773	-5.02070952919769
5.60176687438293	-5.46490657509619
3.07022872229985	-3.0045299956814
7.76183821508052	-7.56706598467464
2.05408066944276	-2.05713616409308
5.37216795520162	-5.21034105445144
7.2753473130075	-7.10744712337212
1.68117523873276	-1.63512434816277
5.51742904423365	-5.41365503593229
6.8730617408676	-6.72591046390578
8.14351278160647	-7.91685920058541
7.60194050072127	-7.40452844478068
7.51061170291358	-7.35333229267073
8.63662398661398	-8.42169086167412
4.73687209848267	-4.61844772016358
2.98675669497385	-2.90955894380319
3.07893510597802	-2.98369539876345
6.73328097819079	-6.54109093742442
3.91471484611529	-3.8546678174159
2.75001422571731	-2.71945715480966
8.59635593226446	-8.38769521183827
2.19548606010928	-2.14236447385354
2.4583264110524	-2.45303251319853
2.4301472820253	-2.45566284053412
2.35972991365783	-2.37946686162563
4.54682134118285	-4.4710440310994
5.04857753551099	-4.92561794985617
2.62659747074321	-2.60067357034129
0.954550143525587	-0.90004357947289
6.82880027227271	-6.66532138248869
5.70882974206252	-5.5302533331922
3.59788225912426	-3.59799837884409
4.06068709224802	-3.95648553992271
3.62920268781822	-3.588145839961
7.37315482577173	-7.16197930201346
2.1217616946411	-2.04527817278209
3.09214015544813	-2.98838323446977
7.40389300985708	-7.18217531267496
2.54923702938884	-2.49160621005364
6.50837957543399	-6.30186463842465
5.02522799843975	-4.79747566503141
6.76880712089407	-6.589045497076
5.02342485311716	-4.94666331123773
5.78638268610909	-5.63862045898589
5.93036429774877	-5.69252991608511
8.02774978527543	-7.85132664048014
8.10997237255171	-7.88696346236288
7.20900465308909	-7.06694090888681
3.21996377935924	-3.11798782860288
7.17341192858912	-6.98798217138506
8.23133124364759	-8.05892595762518
8.47421349696166	-8.2451408550155
