-1.14443841920206	1.23850650545874
-1.96153654175081	2.11341706108024
-3.67518768917584	4.03581548231998
-2.27896510773962	2.58694566358775
-3.95764264688979	4.43839319207763
-0.285376424480753	0.316478765449168
-3.95719705601117	4.42053539636217
-2.87751017245259	3.17493401320268
-0.497038760057563	0.525926908384998
-2.38629132914605	2.72382306597393
-0.115022299869735	0.122914388822677
-2.30171135614972	2.5503005674488
-0.186534269873582	0.204256900888574
-0.500562726464658	0.521554750374635
-0.178630017385146	0.180307509362571
-1.22250143770705	1.33195108588477
-3.23569247896754	3.51555267236169
-3.73372251470348	4.11475200921602
-0.465657570059176	0.513668871766032
-0.243848351524953	0.228526589541613
-1.13406675010656	1.1885992065104
-1.48811227556369	1.62353838561733
-0.771632696729229	0.815720843510923
-1.09825208428084	1.14018429337222
-0.873319654505822	0.950235638036563
-3.99185291908698	4.41945068522035
-3.13372965010129	3.44069933700142
-2.13806913856438	2.35288065553538
-1.22251650899432	1.36543429535003
-2.97095237959939	3.33552824294148
-1.39894913566832	1.55448542503792
-0.120893206907025	0.139614916068473
-1.14953431748642	1.31653677972901
-0.853638693327492	0.922885284349349
-4.04392358265577	4.56937736538154
-3.86560830466877	4.38855334689302
-3.72445799626721	4.31808838428165
-0.623193158271212	0.694554408461189
-1.14592517806158	1.21722235958468
-3.28416907174319	3.72735817290465
-1.47464979617078	1.51857149922579
-3.52899068748866	3.9017629603732
-3.13475450455068	3.6051059203777
-2.91002098392379	3.29255615672672
-3.57227665951802	4.03962976457226
-3.87788936866423	4.32986658403683
-3.75312530644765	4.22818680051991
-3.93543323220598	4.36650070483319
-2.38857340164441	2.68051158813528
-1.20043335477294	1.33745004733555
-3.56483290680561	3.98313331366668
-4.0510243569477	4.51818441292076
-2.60769189372256	2.89784037190328
-1.35106955151888	1.55198103332398
-3.51928892510445	3.90988426999467
-2.22486751522075	2.41999818824732
-1.80127648650603	2.00885664093351
-1.96373603523877	2.13721388019187
-0.816418102268597	0.865559573375403
-1.62321463232487	1.78713041439814
-0.257063288631189	0.25310637543529
-1.81442788672654	2.00951777957825
-3.38630535995896	3.93917913175113
-2.39874224269095	2.81030452866892
-2.56183631982747	2.9793400185948
-2.38381557189541	2.58999730082404
-2.65635234631134	2.91903110310429
-2.80922761463896	3.13848694268496
-3.05017436373984	3.39313488091973
-0.1069359604802	0.123804839451467
-0.962508477927963	1.1073969987818
-0.124923205959961	0.142685033030331
-0.229265017636584	0.26326046572248
-0.677556159251124	0.703095076085924
-1.96972561446962	2.27887704184193
-3.60429158939183	4.01928074182803
-0.854143538773968	0.877014131024771
-0.805238193788778	0.869699300938624
-1.45932435369567	1.50894662821074
-0.405169726029946	0.409686164288022
-2.72969656779005	2.99045120133063
-0.815223795017725	0.884688211633921
-3.70609842857897	4.1632653556473
-1.20719191356263	1.31065902107724
-3.5071631804034	3.88580082926853
-1.06478794150094	1.16976307533173
-0.911178266045014	1.02780146894536
-0.996073829961822	1.07274508213125
-0.748431471172096	0.797396334046002
-3.51221629009076	3.95773465177889
-3.97507345407235	4.4548109940989
-2.9568790804587	3.31425293806594
-3.58874884842059	4.01086802269741
-2.08144758260807	2.45882466152964
-2.47936401452374	2.85197356171579
-3.68751561160159	4.11192124597066
-1.63668504791101	1.82498569493855
-4.04640527074955	4.47043178061309
-3.52900114890296	3.93943023772889
-3.54606840111687	4.00214693403048
