1912,1867,200,12,3155,461,7280,211,67,887,8061,8180,5552,5039,8501,4897,6637,8525,1037,6215,4123,8566,8609,6469,7987,5206,8230,1982,35,8012,4176,8703,6944,6253,8801,8147,2671,6722,3513,7887,3788,8901,8993,7065,6426,7782,4515,3940,7156,1673,97,8270,1056,1629,832,1469,7706,1520,5772,6109,6784,6556,3553,163,9117,5438,6894,4036,1335,2714,3652,3365,6318,3752,7423,4873,8059,8273,9408,7809,7300,3731,3065,240,9508,6682,6924,8074,8280,9567,8076,6089,9652,9752,9835,7463,7406,9935,7981,7709
4690,2144,2130,586,372,3841,6697,866,1998,4768,7926,7866,6168,2454,7880,6717,5592,8526,6268,8009,1066,8567,8610,5482,6035,3005,8336,3952,1430,1805,2898,8704,5490,5870,8802,7244,1920,6575,3606,3495,128,8902,7897,5947,6404,5606,3316,5638,4273,2775,50,7949,7568,2645,1771,6096,9022,547,1945,5480,2181,1809,2392,45,9118,5848,4303,9217,4315,4388,5632,1183,815,1657,2269,2765,6529,9328,9409,6484,5456,2516,6290,1817,8461,1077,5050,7232,6227,9568,4087,2211,9653,8319,9836,4424,2718,9936,4639,2105
4880,1786,2354,2819,559,415,4077,475,1169,3394,1768,1487,7139,5028,4210,556,7632,5466,7228,411,3689,8568,7580,3081,2608,3511,5785,4762,344,2426,5743,8705,4753,7635,8803,7434,1990,7435,6990,5113,3038,8903,3485,743,4299,2887,1748,4070,4830,3801,2,9000,4875,2690,540,5465,9023,2809,6069,1859,4468,5356,4957,2759,9119,5297,7299,9218,6517,5416,7223,3836,5189,3456,5670,3691,8084,8112,9410,1645,5888,826,3359,2218,9509,1563,4993,5514,6935,8347,6684,7022,9654,9753,9837,2453,5314,9937,3133,5636
2688,4631,1663,194,1511,576,3418,65,2254,3714,2257,7488,2640,7702,6348,313,3804,5069,6391,717,7140,8292,8611,6017,5861,7024,8298,5322,2063,228,2025,8706,5720,7753,8804,7780,1334,7231,5643,2715,1984,8904,1941,4783,6355,2496,414,2996,4838,3879,520,4351,7009,5645,1151,2604,9024,2900,5822,3894,5995,4707,4843,1532,9120,4654,5666,9219,3207,7459,1991,1919,127,3825,6751,2987,9316,8216,9411,6927,7251,4704,6271,174,9510,6856,3876,5784,5913,9569,8417,7196,9655,9754,9838,6443,7105,9938,6987,6064
3867,4436,5570,2466,735,117,3705,196,1619,6498,4328,3173,7400,5431,6233,424,7384,2202,2820,879,5607,8569,8095,7368,7534,6072,7516,7916,224,468,5250,8707,7449,7674,8805,7080,911,5704,6680,7340,4970,8905,1737,1231,7038,7066,1103,1192,4239,5787,14,7805,4771,7006,250,4548,9025,3170,6050,4616,7203,3504,796,1051,9121,7651,7826,9220,7059,7377,5726,6573,4389,3509,7205,7017,7344,8243,9412,8100,6867,44,5949,884,9511,734,7347,5190,7815,9570,7137,6780,9656,9755,9839,4168,6580,9939,5115,7207
8176,629,3256,2313,3982,160,6241,2157,1761,7227,799,2075,2084,4860,5587,784,2925,3912,2634,850,6006,8355,7553,4001,7715,4846,4602,1355,5730,7398,276,8708,6982,5345,8806,7625,4018,6275,5503,5805,6190,8906,5763,1387,4084,1858,314,519,5993,2412,137,9001,6762,6605,5029,5401,9026,291,5104,159,6724,2858,770,5202,9122,3794,4689,9221,3845,5667,7213,6694,2018,3594,6536,3887,9317,9329,9413,3736,3761,4099,4363,1635,9512,4748,1349,9551,5095,9571,8077,6635,9657,9756,9840,5496,7268,9940,6978,2618
8115,3723,4267,2548,4767,3866,3277,554,1302,3045,7655,3933,5052,2386,7163,865,1005,7319,3400,1465,673,8570,7504,1567,3950,3972,7315,2255,600,2288,1992,8709,2587,4425,8807,6430,5823,4744,4705,3692,4374,8907,7496,2513,3569,4780,1818,2946,2908,3875,867,7249,4199,3772,233,5093,9027,1170,3507,6030,1162,5044,4329,3886,9123,4564,2012,9222,505,4249,6797,4688,2010,1419,2543,3976,7572,8159,9414,1812,2621,2639,4871,1642,8310,6545,1461,6336,5182,8370,5569,5845,9658,9757,9841,7111,4139,6566,932,5177
6891,4250,4885,848,241,29,4751,261,3756,6607,7759,5585,6726,5261,3977,1788,4886,2725,7454,5034,2093,8571,7684,6875,7509,7554,8684,4253,93,6195,2162,8710,7896,7074,8808,7427,786,6711,5958,3858,814,8908,7830,1205,5714,6652,938,2467,4701,2423,3,8214,3811,6302,4476,2372,9028,823,6622,2019,7437,3578,6402,320,9124,7825,6776,9223,4177,6232,7354,6210,427,542,6579,7586,8239,9330,9415,7267,5989,628,3040,521,9513,4518,5027,8409,3061,9572,8318,6882,9659,9758,9842,7552,6686,9941,6407,7060
6733,3332,1378,2731,3720,1542,2575,2909,920,3209,3017,8105,3252,2004,7198,5945,3605,8527,4466,3786,631,3203,8612,4343,4832,1006,7331,4457,2828,3680,5507,8711,4820,6192,8809,4344,4922,4587,1380,2232,1481,8909,7626,3939,4005,3293,1896,4224,3551,3650,904,5886,3817,1119,1620,3698,9029,166,5267,6933,1527,4878,4158,1100,9125,4173,4720,9224,959,2726,6414,898,2234,1778,5939,1060,7699,9331,9416,4593,4179,2005,3762,2488,8462,5239,3981,8276,5184,9573,4433,5370,9660,9759,9843,3301,2287,9942,3598,281
4662,3604,4773,487,727,198,3149,4,1462,1134,6272,4145,2489,6434,7533,2006,6176,7349,5223,1699,6562,8331,8443,1650,6583,7720,8128,5061,1358,7094,7685,8712,7617,7261,8810,8013,379,6747,4984,3193,7324,8910,5000,4975,6038,6723,2585,732,7747,4626,212,5035,3941,6361,25,444,8453,4157,2842,5395,5591,6866,4212,180,9126,6766,5126,9225,6277,6993,4549,5310,3302,150,3295,3318,5097,9332,9417,7766,5260,2600,5090,630,9514,3386,4083,8190,7575,9574,7666,5659,9661,9760,9844,5671,6067,9943,7785,5383
8283,5746,5560,343,95,49,7167,1326,1967,5759,2276,5815,6716,6065,6370,2812,7113,1756,7867,5043,1267,7561,7603,4945,6039,5179,7937,1727,142,4235,5596,8713,2542,5196,8811,7381,845,1755,6908,5942,3331,8911,7627,2389,7191,3637,48,860,7697,2514,2060,8449,4274,6950,7389,5856,9030,1847,7832,2088,5303,1622,5229,325,9127,6385,6841,9226,6702,2153,7671,6703,275,2895,6059,6650,9318,8308,9418,6487,6738,488,971,1081,8463,1191,4474,8087,7424,9575,8245,5767,9662,9761,9845,6928,6124,9944,4713,7357
7565,4453,1777,1854,26,1215,7623,3857,3864,495,1880,2399,4738,5794,1686,5295,5391,7277,5048,5227,2224,5474,3897,1354,6358,7515,5286,2941,5799,2154,4769,8714,7704,7492,8812,3014,5475,90,3426,6761,2066,8912,8148,6554,6615,4635,222,3244,4078,842,3141,9002,6828,6937,939,5681,9031,2357,2579,1015,5652,6693,7091,140,9128,1715,6226,9227,1602,5779,7327,6329,107,2343,7537,6730,3838,9333,9419,6031,5089,1046,2095,1206,9515,1315,5641,9552,7318,9576,6383,7630,9663,9762,9846,4108,3770,9945,6630,6890
7718,2113,1893,1550,1185,553,7041,3677,334,4752,834,4204,3287,4440,1800,1413,3759,2480,5511,2807,5506,4887,5446,5433,4153,6223,5974,377,3356,2943,3116,8715,7243,6651,8813,5387,2294,7040,4985,5152,5970,8913,8388,5065,6061,3280,319,3458,4619,4285,1030,8029,758,2993,2767,5140,9032,1184,5721,1515,6110,2935,5712,3223,9129,4642,5876,9228,5280,2494,7979,4785,3317,2069,4928,5430,7745,9334,9420,5898,4355,1590,40,4105,8403,3678,358,8201,7306,9577,6531,4682,9664,9763,9847,1095,987,8253,5051,6174
2204,3011,3589,1627,5142,2475,5332,2857,1470,4732,8194,7811,3837,89,5642,4044,4202,8528,2711,5923,1405,8572,8613,5423,2396,4497,7977,4364,1798,7190,478,8716,3309,1321,8814,5800,5085,3107,5389,2221,2147,8914,8994,4960,757,2851,638,4675,4869,4115,1597,9003,2421,2416,4718,4952,9033,1175,3792,4927,1918,2769,2843,3818,9130,1058,6480,9229,2740,5894,3052,3230,2249,660,4777,2067,8240,9335,9421,948,2902,434,6785,2742,8311,1406,3697,4516,5363,9578,7239,4666,9665,6003,9848,6602,6363,9946,3568,723
6462,232,791,75,308,385,6660,3199,922,2293,4906,5697,5735,4033,7541,5148,5566,8290,1680,3870,1600,8257,8048,6757,7442,7116,7751,1926,3015,7851,6846,8717,1093,2643,8815,7786,5403,490,3182,7549,5801,8915,8995,6871,7831,5971,102,5362,7016,3451,178,9004,7744,5526,401,6198,9034,687,2160,1328,4671,3077,2086,1478,9131,7266,5397,9230,6750,2679,7283,2653,1042,4074,7485,6322,3047,9336,9422,5769,6801,1399,552,4742,8404,2609,5565,9553,7856,9579,6376,7426,9666,9764,9849,7286,7070,9947,5112,5072
8423,6640,4195,219,153,145,5245,172,5463,3492,828,3763,2849,5037,2229,1379,8079,1852,6813,1442,1636,6992,6429,4186,5828,8683,7186,282,399,7124,6798,8718,7567,5308,8816,6095,1647,1721,6641,8051,2960,8916,7868,3413,7253,1325,19,1598,7341,4644,4980,9005,6204,7749,8150,3111,9035,2009,7707,1054,6848,5773,7353,838,9132,4382,7254,9231,7690,3275,8131,7911,242,3114,7834,7900,8042,8399,9423,7700,7077,1492,1556,1208,9516,1535,1705,8410,8414,9580,8252,6173,9667,9765,9850,7971,8192,9948,5442,7302
4737,2622,3167,2196,2791,1586,5337,1643,1198,4141,7953,8375,2308,2699,8227,6037,2242,8529,2431,5275,1280,8185,8614,1422,5719,934,8164,963,3435,4419,2457,8719,5180,5612,8817,4459,3106,2758,2874,2522,2282,8917,7155,5145,1027,1402,2659,1443,5257,2862,1346,7276,335,2290,3151,2696,9036,2360,7095,6057,3142,657,2499,3029,9133,2483,3102,9232,3036,4185,5708,2487,1485,2174,5059,3785,8363,9337,9424,1834,3664,2465,4495,2815,8464,3285,4063,7820,2103,9581,7206,3439,9668,9766,9851,4545,1262,8114,2977,907
8060,5536,3333,7,124,157,2390,4938,2915,3380,8162,8008,6948,4178,8502,3086,6285,8530,3746,2411,2079,7850,8615,4574,3041,2331,7490,1514,752,7051,6903,8720,2746,5251,8818,3599,4125,691,5057,5976,1585,8918,8996,6466,6847,6207,24,3831,6208,4045,4132,9006,4811,7136,1062,2413,9037,768,1933,1274,5471,3684,6238,722,9134,4740,7907,9233,6623,7585,8032,7069,176,4544,7999,5268,4891,9338,9425,684,6259,2734,1382,389,9517,3104,5635,9554,8173,9582,8246,2097,9669,9767,9852,7774,6399,9949,3737,4286
1245,1124,4611,1452,2033,3498,7293,994,321,2916,8486,6454,3686,878,6513,5149,1966,8531,3657,5068,3409,8573,8616,3371,4020,3625,4193,2213,3062,4088,2795,8721,4365,3423,8819,6254,5166,4592,2146,4106,1268,8919,8199,4134,1824,1218,1199,5146,1143,4585,1410,9007,1901,4543,3414,4463,9038,2687,458,5902,2265,4995,1033,3448,9135,3694,3424,9234,2017,4870,2381,3314,1400,606,2544,3251,7980,9339,9426,4812,3296,2836,2581,1612,7691,3774,2436,7046,6330,9583,6601,4316,9670,8419,9853,3890,1603,9950,4376,5285
8424,6789,5878,400,100,338,6337,106,5701,2611,779,3360,5869,5439,1994,2623,7760,1587,6297,2831,883,7582,3810,2490,6663,7742,6915,975,368,7663,7071,8722,7634,6266,8820,7373,869,760,6817,7043,2115,8920,7948,5601,6162,4472,188,2406,7686,3815,1891,8389,4068,7687,8111,3034,9039,1907,7451,1591,8118,4500,7237,462,9136,2520,7792,9235,6121,3334,8362,8205,98,1285,6550,7799,8241,9340,9427,8309,7012,1023,1641,855,9518,1661,6062,9555,7888,9584,8348,6869,9671,9768,9854,7146,7307,9951,7430,8088
7757,2550,2049,2665,2363,1646,5371,1053,265,3610,7396,7216,3090,3200,7526,5117,3172,8291,1949,3805,1735,8439,8617,1271,2280,3477,6595,5338,2805,696,5960,8723,3105,5318,8821,4824,4527,2420,3002,4612,4992,8921,6001,2433,4040,530,1247,3191,4400,1488,2780,8040,1138,3192,3773,5110,9040,3313,4670,3639,2588,254,3075,1802,9137,609,1330,9236,5183,4798,7959,2316,3464,670,5905,2650,7508,9341,9428,2291,4144,1897,5814,2349,6470,2743,3538,8222,6246,9585,3943,2799,9672,9769,9855,5931,2118,8482,2353,5406
7358,1453,5889,3101,4534,239,2563,416,2334,4042,2398,4872,5860,6172,7027,199,6561,2264,7648,585,1581,8574,8096,5982,7408,6177,7728,2177,900,1538,6343,8724,6931,7181,8822,6772,1125,3490,5493,6142,6196,8922,1404,259,6885,6440,1356,164,1888,1367,165,6753,4035,5689,226,3872,9041,1960,6763,3812,6020,5802,1976,3868,9138,7101,5741,9237,5682,7192,6310,6427,3308,4111,7502,4933,7712,8099,9429,6488,6709,22,7194,3082,8312,4606,4910,7252,5478,9586,6824,7026,9673,9770,9856,5231,6629,9952,1842,3326
7348,1968,2428,82,134,454,7681,4335,1518,1706,3534,5494,6471,1509,4053,4201,7269,3988,962,3596,465,7881,6594,4481,6250,7128,7056,3084,2382,7089,4997,8725,2666,5343,8823,6955,4254,244,2435,7234,2206,8923,8007,3565,7939,6749,118,4166,6819,2383,4218,9008,4797,7119,2359,3407,9042,170,2866,844,7807,4130,5076,571,9139,4894,7788,9238,6777,3735,7545,6926,197,6331,6970,7990,6593,9342,9430,5786,3600,1291,409,1117,9519,5032,4452,9556,7523,9587,5022,7014,9674,9771,9857,7871,6214,9953,7453,7272
7908,1722,1652,274,3417,2250,5695,1250,704,1383,8094,7862,3176,3636,8182,2410,1884,8175,4094,6743,617,8575,8618,694,2366,5965,8685,5742,316,960,1670,8726,3117,3835,8824,3225,3006,6552,2668,3741,3373,8924,7176,4674,5194,2212,997,3921,733,4559,3271,7606,3187,2779,2549,4061,9043,2986,4066,6478,4988,2098,5054,2919,9140,6564,4531,9239,3980,3255,5988,4252,1493,882,6191,4404,8120,8274,9431,5535,3069,1041,5451,3995,7846,2445,741,7814,2757,9588,7285,4028,9675,8282,9858,4685,1811,9954,1868,3262
7643,3232,618,1674,1728,4627,3445,1530,214,1679,8426,8286,5453,2572,7288,6804,4490,8532,5969,5501,1959,7610,8619,2065,2253,861,8358,5074,2689,1293,167,8727,4089,6486,8825,5273,5739,6231,1109,3246,2981,8925,8204,2865,2707,2300,2048,4837,1694,1035,2735,8450,3109,1905,4360,5159,9044,968,3749,6534,4851,570,4470,3649,9141,3215,4605,9240,4219,3647,4784,3545,1925,721,3522,2424,7912,9343,9432,1640,2036,3282,3791,1963,8092,2845,3340,8133,3085,9589,6685,3136,9676,9772,9859,3768,3640,9955,2339,3146
6026,2336,1829,1391,2217,4162,6098,452,284,5760,8350,8287,2500,5516,8503,6808,2625,8533,4941,8019,4471,7923,8620,4071,2813,2148,8186,2939,656,441,5572,8728,2180,6475,8826,5605,4232,1531,5412,5723,3592,8926,7716,3913,4977,1318,3561,4821,2194,2263,41,8014,6448,2776,496,3369,9045,1820,633,6413,1758,4391,3861,2921,9142,648,3548,9241,5558,3462,6386,4150,3320,1746,6155,3051,6833,9344,9433,3663,5559,1345,1760,2272,7103,2577,3074,7503,4076,9590,5288,6052,9677,9773,9860,5758,1878,8248,1903,1916
8425,5073,4944,579,257,357,7566,2320,4000,2244,322,2651,2601,5685,2464,1196,6202,1681,7839,3659,3546,2301,4836,2501,7314,6954,6090,2243,1807,7824,4215,8729,3907,6744,8827,7495,896,256,4965,5534,4576,8927,6027,5077,5078,2624,225,2853,3053,3129,1255,8259,3687,4955,3032,4477,9046,4508,5578,1360,6237,5938,6911,1130,9143,1958,2404,9242,2152,2125,8398,7551,402,3544,7930,6713,8085,9345,9434,6544,2545,3152,293,4136,7878,4446,1695,8472,7659,9591,8135,2730,9678,9774,9861,5378,3859,9956,7002,7114
8046,2237,2312,730,1202,2468,2561,2058,1711,580,5333,7594,1213,1665,8265,2570,4416,8434,4128,4354,4148,7513,8621,5157,4659,2739,7920,1726,2374,7135,4672,8730,3072,6091,8828,6255,6346,1460,1115,5351,4375,8928,4227,2814,3693,3863,297,1710,1418,3469,119,8129,4971,4537,3633,5181,9047,2722,3039,2810,3118,1168,4381,529,9144,6070,1039,9243,1776,953,6912,4796,2660,2859,7257,3307,9319,9346,9435,3449,2135,2096,5435,3588,8093,5899,4810,9557,4562,9592,6112,5830,9679,8045,9862,7439,1257,9957,1316,5219
3732,3188,3667,1767,147,1014,2247,3563,2373,6144,7741,8218,7153,956,7975,3236,7489,8534,7320,4591,5192,8576,8622,5392,6327,7229,7491,6633,587,6269,7413,8731,2106,6881,8829,1214,5618,3806,4214,6019,120,8929,3558,1525,6103,7612,55,6360,3966,4091,43,9009,5806,1390,6209,1272,9048,130,4073,3619,7282,6256,5254,76,9145,2256,7765,9244,1431,2134,6097,7087,798,4233,8033,7159,4259,8400,9436,6838,4681,4622,1917,393,8365,1841,5783,9558,6995,9593,6389,1823,9680,9775,9863,6984,4234,9958,7848,6405
6988,3126,4725,943,3510,886,2023,3138,1063,1363,7857,8210,3892,3367,5086,5410,3904,8535,5191,6053,1428,3401,8623,1372,4336,1427,8686,2894,2304,4095,7052,8732,5385,6416,8830,3695,5274,1234,4341,1648,6115,8930,8448,4247,5011,1796,419,4901,4213,3123,2593,2473,3903,5346,2013,1565,9049,1529,5355,7081,2963,4331,5842,664,9146,3710,4825,9245,1971,4240,7362,1660,568,2591,2142,2056,7717,9347,9437,4853,4510,2143,3422,87,8122,5026,1486,7967,5185,9594,4415,3524,9681,9776,9864,3973,2872,9959,3190,611
6968,1155,1592,309,1792,2855,2907,1178,1283,2485,8324,8226,4163,543,8036,5489,3733,8536,965,4792,5874,8577,8624,3248,2091,2670,5379,5137,3381,4949,1973,8733,3349,1780,8831,6107,1336,6235,3591,1856,4104,8931,7724,3626,5943,1831,2071,5163,2479,2773,318,7235,1438,4079,3945,6384,9050,511,5063,6245,5233,3704,4443,589,9147,2508,1145,9246,5225,2647,4092,5172,2309,748,6512,3813,8455,9348,9438,4799,2737,3670,3419,1749,7879,4709,4835,7968,2346,9595,5208,3194,9682,8349,9865,1166,4305,7379,3891,4281
8161,2552,4983,3918,4230,1700,7431,158,873,5422,2020,6374,6326,5214,6094,584,7023,6973,4818,862,7036,8578,8625,7290,7093,7337,6760,3834,2192,1519,3744,8734,4700,3214,8832,5538,6345,3935,4283,6859,892,8932,350,341,5955,448,778,6809,6146,4528,4169,6909,6458,5986,1148,3885,9051,4719,3378,7053,7518,6549,3654,2527,9148,1225,7725,9247,3112,7250,8454,5374,299,1031,7736,6754,5818,9349,9439,1649,383,243,3159,4724,9520,6351,7184,2266,4421,8000,724,6333,9683,7279,9866,1844,7934,7903,1439,6830
7637,3312,737,2228,1296,2873,5984,1307,1329,2324,5793,8219,3970,2777,8504,3068,3656,7591,3297,4236,2800,7936,8626,3577,4601,3615,7535,2929,1716,1848,563,8735,2355,5038,8833,6839,2839,4743,3501,5315,2541,8933,8997,2957,1496,3385,1633,5399,4889,1544,1010,6287,3934,2016,1420,4065,9052,985,5881,7010,2738,1491,1869,1182,9149,4165,6113,9248,3049,2414,6644,2783,2756,397,2186,2205,7126,9350,9440,294,2305,2876,1887,3162,6656,4016,5021,7946,2555,9596,5934,4634,9684,9777,9867,6185,4455,9960,2694,3218
4394,4579,2922,2270,2283,3743,4929,351,304,1944,8372,8106,3724,699,8432,1857,3121,8537,5428,4739,3245,6420,8627,4789,5959,4003,8687,3233,3161,331,4229,8736,2302,3959,8834,3257,5217,903,4345,5589,2796,8934,8052,1718,6129,1371,3324,1764,5458,2920,692,9010,6563,3898,204,4361,9053,1951,6811,7864,2379,3776,2388,3760,9150,1506,5264,9249,800,6133,2691,5235,2101,560,5887,2239,7922,9351,9441,2409,3198,2317,4009,378,7521,4609,5344,8075,1106,9597,7629,6263,9685,8480,9868,4919,5289,9961,4754,6004
7003,859,4525,3441,497,2045,7273,2262,1068,3757,4357,7608,6507,4526,8505,442,2983,8163,7372,607,2001,8579,8628,4703,4418,3564,6408,5248,1377,6077,3221,8737,1339,7182,8835,5562,7679,6800,818,1678,3347,8935,967,3156,3514,1096,4475,5527,440,5175,3281,5912,2526,1846,7620,6527,9054,288,5834,5287,4558,5195,871,1224,9151,7869,6335,9250,6449,6483,6832,3055,3508,4082,1593,1331,8121,9352,9442,4384,2822,4207,5056,634,8405,6657,4503,7794,6786,8477,551,7547,9686,9778,9869,2914,5941,7791,745,1524
7615,2039,1947,2141,2658,2323,4750,3083,726,2400,7942,5803,885,3856,8228,2590,1989,8156,5040,4962,4940,7993,8629,2798,4501,4392,8231,4529,1561,3971,1621,8738,5967,4823,8836,1503,2877,3103,2824,4932,1806,8936,8103,3088,3374,2559,489,2903,1799,2281,2163,8149,1607,2040,2529,1639,9055,1570,4159,5835,2683,2326,3936,1794,9152,4014,1923,9251,2102,2589,6609,5394,2825,912,4560,2580,9320,8457,9443,3537,3487,1036,4665,1704,7399,2657,3703,9559,4778,9598,5963,2062,9687,9779,9870,4781,1412,8421,978,1819
7407,3671,3185,466,263,1502,6560,3415,1656,7576,8427,8018,6532,3243,8506,6522,3202,8538,7270,6914,5532,8580,8630,5672,6961,4650,8688,3119,1435,5049,3468,8739,7597,7174,8837,5009,5619,2506,2432,3346,352,8937,8038,5221,4801,3965,317,1365,1731,428,305,9011,5821,2492,984,2187,9056,2041,5497,5188,7187,1874,4613,216,9153,6503,7664,9252,6930,5616,6778,876,260,2235,7021,4578,9321,8401,9444,3628,339,348,3750,1032,9521,2472,4959,8411,4208,9599,7837,6719,9688,9780,9871,7185,3865,9962,5702,3181
8371,4072,6158,1696,6845,3377,5676,181,2891,5731,3702,5294,2965,6378,6835,506,5839,7008,7843,793,8184,8380,8631,4761,2455,6568,6359,6981,940,639,6509,8740,3525,7339,8838,5623,4868,4146,6203,6977,3725,8938,396,640,6476,6217,2358,3206,6041,4304,1723,596,7731,2061,966,4326,9057,2883,6516,5372,8119,6422,6557,1975,9154,6205,6676,9253,6792,6796,8058,2380,267,83,7224,3549,6011,9353,9445,6855,581,217,5884,1444,9522,4538,5249,2051,6206,9600,690,5957,9689,9781,9872,4059,6324,7532,2110,658
8167,5617,6589,1029,2933,624,3375,504,473,7464,3009,4756,6291,6959,5692,812,7364,6338,6949,508,5119,8581,8212,4575,6567,7616,6585,7173,595,1160,6689,8741,7165,6799,8839,7604,2236,772,941,1289,751,8939,555,6515,7605,5361,532,5816,7467,1554,4350,8390,7733,7366,5437,7468,9058,3646,7764,2297,7210,816,3064,893,9155,6553,4712,9254,6494,5933,7998,6975,285,1135,7960,6047,9322,9354,9446,8043,706,247,6679,1309,9523,3224,2518,8315,7313,9601,1626,5102,9690,9782,9873,2337,5545,9963,2827,6314
7061,1940,2547,2936,1313,3595,1697,977,1417,4302,8264,8325,2310,3820,8433,6221,4142,8539,2568,7350,1664,8026,8632,2974,2785,5470,8689,5003,643,5808,3717,8742,5108,5464,8840,3405,4649,2307,3087,3057,1127,8940,5707,1101,5252,738,539,4246,2158,702,108,6054,5258,5573,5615,4676,9059,1227,5176,6046,3730,2384,4458,3096,9156,5263,2910,9255,4401,6079,7422,3927,1860,2165,5911,4660,8271,9355,9447,945,992,361,4729,604,7346,2493,1421,8367,6755,8415,4800,4774,9691,9783,9874,6127,4069,3174,5253,3701
7334,790,7308,5776,4268,5893,4377,1186,1625,3001,8178,8495,2620,5124,8507,3809,5350,8540,7289,6612,4103,8440,8633,6790,7662,6942,8690,6423,1332,7005,6590,8743,4359,4450,8841,6157,7296,2674,251,7275,47,8213,303,626,2899,928,1001,7325,3447,2251,4974,2321,5523,7770,3110,4127,9060,2637,5302,4973,4156,2917,5005,2356,9157,7144,7855,9256,6105,7957,7507,6535,218,582,4646,5468,4118,9356,9448,4991,155,3321,5647,3899,9524,7801,2476,1615,7932,7391,195,6802,9692,7739,9875,2089,7964,4192,152,685
7018,3769,7719,1559,32,5981,3844,4731,1445,6085,7122,8062,7974,5789,8508,2844,6500,8541,6918,2035,5144,8582,8634,7986,2732,5820,6632,7499,3830,7710,2885,8744,2678,5533,8842,6141,8232,1946,125,5237,301,8941,817,1226,7200,3948,1260,6570,546,1687,4864,1317,8098,7342,6574,4953,9061,463,7698,436,9116,1147,7956,2260,9158,6925,8031,9257,8237,8342,6878,9315,99,1795,8304,6994,5122,9357,9449,2676,2498,4884,6323,714,9525,2151,7732,9560,8369,7918,300,4610,9693,9784,9876,7403,4924,1978,762,470
7478,5747,5327,1286,57,919,2456,1589,3962,3683,8487,8124,4432,7260,7397,7168,2597,8542,6586,6960,7750,8047,8635,5272,2976,5918,8691,7338,3432,7019,2268,8745,7882,6898,8843,5736,7129,129,365,4461,205,8942,8039,5283,3986,7072,536,6962,1479,863,4629,7787,8157,7410,7501,6074,9062,1154,3364,528,5656,2771,6104,1306,9159,3822,6974,9258,4923,7445,7328,7833,62,476,7865,7777,7746,9358,9450,5891,1131,1497,3916,287,9526,5094,7653,8412,7013,8251,804,7816,9694,8420,9877,3452,2442,6879,583,1396
7904,3503,5128,1743,1078,5292,5016,2345,813,227,8373,7802,4586,2841,8377,1904,3953,8435,5651,3196,2890,7433,8636,4504,6455,1790,7695,1236,1876,2328,2031,8746,5588,6917,8844,5849,6892,526,562,6236,1416,8943,1153,4090,4979,46,561,5530,7369,455,4706,4337,4462,5852,3826,5504,9063,1490,7383,6996,5240,6317,3829,1684,9160,2286,7125,9259,4489,4826,7378,5948,111,936,5859,2821,7588,9359,9451,5105,782,2763,6587,3429,9527,2546,976,7529,7636,9602,5907,6803,9695,8066,9878,6147,3278,7847,6320,2370
7872,958,3582,616,112,1021,5408,2994,1759,2361,7007,7914,3475,5165,8126,5517,999,8543,3658,6929,3366,8583,8637,3832,2327,5036,8069,4946,1526,5282,6252,8747,2850,6463,8845,3035,3878,2892,518,3351,2681,8944,6655,4380,2644,2068,3888,5001,4100,2880,3329,8138,5053,3496,6014,2127,9064,1110,1177,3999,3460,1504,5284,1073,9161,3675,4865,9260,1474,6130,8238,4347,1977,2871,6683,4628,8015,9360,9452,4349,4630,1025,6008,755,7573,1083,3796,8206,3100,9603,191,6313,9696,9785,9879,4372,1044,7581,1232,4396
7838,2582,2750,3130,4916,3213,3925,1605,672,5952,6880,8496,3869,4614,8509,2122,5790,7909,5917,3411,4417,8584,8638,1702,653,3454,8692,3947,4664,6292,3668,8748,5377,5522,8846,4023,4379,295,4288,3827,572,8945,7761,835,3712,1370,3570,1210,4197,1677,3421,8139,6301,3614,6707,4597,9065,1425,6965,7676,2054,4110,2786,3019,9162,988,3781,9261,4409,4478,7645,2629,1128,1373,2886,1892,6156,9361,9453,1691,4393,846,2911,3092,9528,2043,533,9561,5006,9604,1510,4802,9697,9786,9880,6460,996,8263,1104,1047
7035,756,3018,2169,1655,23,7822,133,2755,6473,1091,3607,6024,4521,5409,645,6406,2140,4603,853,7180,8585,7813,4809,6160,4368,6251,3991,3046,4022,2641,8749,7360,7510,8847,7852,2461,6339,4656,7388,2080,8946,453,64,4877,964,245,1850,7748,4256,2566,7640,1864,4926,2979,7497,9066,235,3984,1745,7305,5325,4950,3574,9163,4978,6523,9262,5461,2573,5882,6137,1254,5858,6793,7587,7931,9362,9454,7446,6610,1534,6032,5765,9529,4184,2463,3708,6131,8281,2486,3430,9698,9787,9881,3515,5832,8193,2586,1988
7740,2635,4554,2159,4857,21,4687,636,1736,6453,1026,6538,2099,5703,3848,675,2728,1374,5753,1085,4714,6489,8097,3292,7291,4482,4931,3931,408,6181,4231,8750,5419,7001,8848,5749,6490,7130,2375,5125,2626,8947,916,1689,6044,4114,851,1816,5420,151,450,7945,3612,5232,2322,2617,9067,491,5929,2240,6854,5071,5380,262,9164,5674,5837,9263,3571,6842,7677,3824,4098,4859,3059,4655,8456,9363,9455,5690,1667,3688,5715,2437,8406,6670,889,9562,5599,9605,7660,4749,9699,9788,9882,6201,4244,9964,6438,2790
7330,872,1357,502,890,2958,7115,2747,1882,610,8179,8035,1932,3946,6521,1724,6005,8544,1173,5321,2686,8027,8639,1999,3276,1194,8006,5342,849,5975,2989,8751,6025,6073,8849,5347,2387,6409,4530,5031,5896,8948,2258,3079,3361,1454,4010,5301,209,472,2852,8215,7443,4149,1522,5341,9068,1588,6042,6479,2716,1333,3852,2652,9165,4854,6767,9264,457,4243,4086,1533,1943,1804,6350,915,9323,9364,9456,1582,4702,3587,6220,4216,7665,4581,2395,8277,4121,9606,6230,5473,9700,9789,9883,6036,4323,9965,5716,1028
7458,1995,4896,5174,7083,5586,7672,433,1071,4431,8195,8497,6646,5996,8510,1320,7661,8183,6581,3881,5890,8586,8640,7611,8146,7004,8445,7696,362,6349,7860,8752,3412,5777,8850,7170,7175,3767,503,7374,213,8949,326,328,2325,1385,868,7265,1244,3742,2182,1219,2973,7863,1217,7722,9069,3066,4338,3602,6620,6262,7376,3132,9166,6280,7599,9265,7808,7600,7220,5865,342,429,3985,5709,2787,8402,9457,7345,94,1489,3960,4444,8465,6398,1785,3028,6901,8478,290,7891,9701,9790,9884,3884,6347,5278,524,2030
407,577,1401,183,1507,3535,7106,38,1299,3506,8428,8136,597,2888,8378,5660,7188,8436,2024,7274,4024,8356,8641,6081,8010,6022,8091,2992,169,7752,5919,8753,4643,2927,8851,7311,957,1781,3669,7924,6969,8950,6920,5733,7528,5087,2949,6298,5414,1089,20,8391,1319,3910,403,2008,9070,286,2938,7910,5075,5114,564,5669,9167,6849,7444,9266,4935,3823,1105,7678,1983,1057,7132,6312,2789,8458,9458,7952,7461,6083,2928,1426,9530,7462,6352,7238,7195,9607,7025,7947,9702,9791,9885,7476,7127,9966,6611,5991
2662,5436,1308,4334,1415,4969,2869,268,1548,1122,7524,8055,6128,6390,8511,632,5824,8102,3930,2752,6734,8441,8642,6822,2913,6278,8165,7729,972,881,5004,8754,6690,8050,8852,8170,6165,492,346,2447,230,8269,3219,4164,1212,54,1149,6068,5924,680,894,8110,6328,7598,1000,7245,9071,544,7562,7557,7058,7326,1908,3954,9168,6170,7020,9267,6372,5774,3937,4747,822,1480,6393,4420,7149,9365,9459,6806,238,6530,1906,3780,9531,7402,1909,9563,6424,9608,4422,6442,9703,9792,9886,6668,4102,8321,6151,6415
4716,4048,1618,1577,2171,899,5030,1434,1108,1429,8168,8181,2531,5129,8352,6140,708,8545,3012,7202,2481,8293,8643,1733,2231,4551,7633,5862,175,3208,3143,8447,5386,6899,8853,2274,785,4542,744,3729,2121,8951,8171,3641,5563,3556,1701,4652,3227,4488,9,8056,2394,5855,2649,3601,9072,2702,5539,5972,5595,4320,3089,983,9169,5513,4054,9268,3955,5421,4920,5877,4271,2210,1708,4332,9324,9366,9460,1853,2199,2837,5892,499,9532,2551,3989,8217,4948,9609,4217,4618,9704,9793,9887,2273,1742,9967,4314,1952
2860,821,277,464,4806,3679,979,2429,808,382,8488,8498,1549,2443,8512,3673,4607,8546,148,4228,4427,8587,8644,4161,5193,3665,8337,1885,990,1211,6086,8755,4220,6055,8854,4855,4856,6712,2719,6040,6569,8952,8360,4321,5024,3560,3212,4764,3289,3997,6,8392,5211,3124,1637,4237,8397,909,4850,6872,3882,4981,2116,1985,9170,6120,4330,9269,1757,3777,4867,4577,3284,1007,4990,3335,3258,9367,9461,3298,3505,3655,5259,973,8154,6897,4117,8123,6138,9610,5872,2341,9705,9794,9888,3499,3660,9968,4847,3056
5336,507,3909,373,1389,5487,5548,3403,384,374,8196,8351,6764,6468,8024,3163,7441,8547,7512,6941,7218,8588,8645,4282,7465,4888,8693,7595,1440,1980,1566,8756,6936,5139,8855,7322,2619,7222,1877,7382,1229,8953,5846,1601,3727,139,126,6782,5994,72,246,7675,7593,1651,2511,3512,9073,420,5529,7906,6805,4879,5168,1770,9171,7621,5531,9270,7415,7563,4943,3463,138,514,7652,5204,8260,9368,9462,4637,5807,2594,7474,549,9533,7258,6895,9564,7917,9611,5459,7870,9706,9795,9889,7447,5979,8483,3178,627
3719,2893,3183,947,2368,2440,5561,435,2003,6325,5954,7823,1501,1630,8513,740,5201,8353,6132,2667,2364,7859,8646,4494,4043,4467,7583,3631,1659,3342,1861,8757,3734,5017,8856,5992,456,439,3024,2817,6286,8954,1473,4535,6088,4135,3562,603,1747,1578,144,9012,5158,5725,4008,1773,9074,1682,5224,6774,2161,3319,764,2633,9172,364,5654,9271,4866,7068,1797,5405,4399,930,6505,4553,6946,9369,9463,4621,2835,1516,4366,2495,8466,5452,4844,8316,5515,9612,7531,5509,9707,9796,9890,4385,5200,9969,3021,4876
2615,3846,5265,8,103,6740,4275,1300,3482,4570,8284,7359,6852,1921,8144,5153,6953,8548,7929,7242,1304,8332,8647,5460,6366,5317,8384,2451,888,3393,5041,8758,3157,2985,8857,7804,1270,5296,4848,6727,86,8955,8258,5413,3653,6814,186,5339,7845,620,56,8393,7073,3438,3201,7940,9075,981,4680,6991,1931,3833,5734,30,9173,7756,7271,9272,7076,7506,5212,6249,154,2614,7951,905,7405,9370,9464,3969,5012,1632,7520,446,9534,1080,6998,6559,7738,9613,8016,5752,9708,9797,9891,8160,4029,9970,5521,6341
7133,1825,4491,4936,4311,2484,6180,136,667,6958,8429,8001,3150,6125,8025,1560,7385,7241,1157,4640,7840,8589,8648,4540,7107,6178,8694,6234,394,707,7730,8759,5809,6447,8858,7668,1494,1495,4505,3240,6634,8956,2002,1176,7921,6893,3216,3354,7157,4833,27,6699,7631,2931,10,6681,9076,534,1833,7352,7469,2164,1720,2149,9174,7689,5426,9273,5055,6906,7158,4772,763,58,3091,7088,2285,9371,9465,6820,3798,59,5081,1314,9535,7589,1939,3728,7166,9614,3154,7240,9709,9798,9892,6048,6967,9971,5376,7259
5895,2560,803,2677,3094,3540,3590,105,2201,500,8285,7590,3790,5454,7927,5922,1935,8266,4691,7189,6647,7943,8649,4667,4615,6688,8695,2449,666,6444,1075,8760,1252,7310,8859,7387,1248,6510,5880,6576,6078,8957,7996,2077,6863,5847,4203,1536,6356,637,179,7409,5745,5133,1634,3528,9077,1616,1862,6922,4890,3932,3539,273,9175,2567,6058,9274,6666,5658,7011,3621,649,366,6273,1409,6428,9372,9466,6123,3700,2792,6624,1050,7429,6779,2830,7574,689,9615,3623,5244,9710,9799,9893,5469,4175,9972,1822,989
8485,1113,2770,4294,1009,132,6825,115,5448,7779,731,1543,6539,3842,2673,1040,6436,4358,5577,682,3008,8590,5705,676,8005,8068,3341,1287,1730,7938,1666,8761,7944,6731,8860,8387,739,2114,6932,3135,1484,8958,1282,2198,7844,1203,185,2155,4641,4126,6840,9013,2942,7806,7658,4306,9078,6411,8361,371,7755,5396,2434,2419,9176,5792,7394,9275,4460,8303,9314,7284,797,1411,6737,5633,9325,9373,9467,7171,5375,590,3355,4522,9536,902,6739,9565,7143,9616,7546,7539,9711,9800,9894,2477,7647,9973,7477,2179
5331,913,3288,2753,4514,2209,2000,661,1311,5411,7577,6770,4429,2599,7955,392,4312,6197,619,1787,3493,8080,8650,3550,4695,3353,8081,3384,1513,1873,5549,8762,4841,5449,8861,4423,5479,5864,612,2968,3893,8959,6367,3031,5353,4352,3148,1118,5699,3716,1614,7592,6626,2937,289,4278,9079,1298,4263,4484,2811,4262,2781,2034,9177,3363,4895,9276,3396,2015,6732,4588,573,677,5381,1238,7800,9374,9468,5369,1235,669,2664,1065,8467,5127,3120,7962,4693,9617,6695,4209,9712,9801,9895,5904,3632,9974,4803,4808
7221,1070,4049,3264,2184,258,3274,333,2037,5868,2636,4882,4775,1049,1606,864,5906,7480,7294,1954,6721,8333,8297,3929,2027,3979,7841,1310,970,7570,5440,8763,7482,6831,8862,6183,5811,7323,1146,1172,4411,8960,6745,5132,6864,5256,189,2605,5985,4408,69,8394,6477,6905,5640,4414,9080,3433,3294,713,6299,3080,2259,2571,9178,2606,3254,9277,6966,3789,7622,5687,3076,2438,6673,3634,8272,9375,9469,918,4699,663,3044,2052,8468,5326,221,8413,6947,9618,7152,5417,9713,9802,9896,1179,4721,9975,6364,3758
2129,2119,1024,654,2318,2397,2200,405,1043,1709,8224,7601,5718,5047,7893,2332,6701,8354,443,6546,5187,8591,8444,4119,6222,2627,8299,5826,114,4787,6919,8764,2610,7161,8863,6533,1872,6380,5543,3996,4245,8961,7925,4536,6904,7039,4060,2193,6555,3944,1,7762,4257,1922,101,5120,7734,2744,4264,6577,5111,5603,2491,51,9179,6728,2638,7776,2007,1734,3532,4822,1653,686,6543,7262,7901,8261,9470,3389,7102,4327,4107,484,8366,4017,2794,6705,7104,9619,6844,5382,9714,9803,9897,6377,7055,9976,3613,4755
7215,4852,5510,471,6009,71,3166,208,16,5953,6902,4067,4862,3379,6457,602,5571,5366,1499,1097,7683,8592,8335,6582,4845,2947,8049,4154,1092,109,5150,8765,7978,5871,8864,7493,6189,6445,1301,4904,7436,8962,306,1288,7118,6818,3073,4310,4759,3629,1086,5673,7428,2826,839,7688,9081,2881,6795,5432,5657,2864,1242,806,9180,8188,6257,9278,7255,7121,7034,7876,2203,545,7355,6021,3137,9376,9471,6887,6388,681,5213,1541,8407,5486,615,4406,7054,9620,5751,6671,9715,9804,9898,2832,7713,9977,7795,7411
7247,1752,4546,2188,3685,2407,4324,248,1189,4480,7726,6520,3974,3576,7511,2070,1729,6696,4648,2133,2208,7134,8651,4914,6758,3998,7321,3267,574,2680,1574,8766,5518,3042,8865,4398,1353,1744,4434,4390,3283,8963,6643,1913,3645,2126,2507,4552,5554,683,34,8072,6907,1457,931,4222,9082,2532,6421,6401,2517,3635,2655,4765,9181,85,3651,9279,3050,5700,6504,5319,3896,693,4791,4499,7317,9377,9472,5197,4265,599,3603,2642,8313,3030,679,8317,5999,9621,8044,4599,9716,8481,9899,6139,2778,9978,5663,5580
5925,3682,5220,1576,483,4101,5696,857,1087,3330,5688,8202,1158,1216,7983,5316,4779,8549,2712,4325,716,8442,8652,6491,6474,1714,8011,2998,1690,2241,3184,8767,2271,5312,8866,5279,5299,2648,4151,6300,5841,8964,7312,2704,2708,1762,1738,1161,1263,3266,1870,9014,5199,5594,5309,1969,9083,1929,3920,5836,5334,1312,3470,1508,9182,1017,5778,9280,5694,3706,5857,2823,3140,2804,2723,1240,8305,9378,9473,5020,2504,3994,4572,60,7966,2904,1141,7773,5990,9622,3444,5082,9717,9805,9900,2685,1144,9979,1894,2926
7692,2562,6106,3399,1403,1528,6452,1692,387,7225,7842,6467,3270,5625,7096,2136,1277,8550,2150,6746,367,5276,8653,4819,5178,4242,8028,1408,709,4710,5100,8768,4735,3905,8867,5388,5092,5717,4745,3860,5593,8965,5582,1368,2952,2173,1305,688,5564,3739,1810,8451,4986,4483,4661,5649,9084,711,575,5646,2682,2964,2166,271,9183,5088,2450,9281,1171,3481,5921,1986,2401,2344,5135,1448,7329,9379,9474,5481,3795,1375,4512,3443,8469,386,4333,7969,6606,9623,6752,2692,9718,9806,9901,6888,3383,9980,3494,1599
336,4097,1610,3431,794,3489,7303,2408,652,2698,3900,8499,2011,6540,8229,1167,1449,8551,1751,897,5156,8593,8654,3541,6228,4858,8063,5915,635,4757,3125,8769,1927,7505,8868,3721,4842,5850,3516,5352,5277,8966,7536,5796,5744,6441,2950,4152,2064,1069,184,9015,4034,3713,3488,6584,9085,2458,1774,7472,6669,4834,182,1789,9184,3437,5987,9282,5415,6111,1129,6983,220,1638,5883,2867,7680,9380,9475,4296,6082,1898,5269,202,8020,5750,4174,9566,6756,9624,5766,2220,9719,9807,9902,4191,1094,9981,6403,2371
6049,2207,1476,2107,4817,3484,5255,601,404,4198,7991,8089,2425,4734,8197,2717,5266,8249,3322,7079,5228,7985,8655,4663,3674,3398,8187,3139,141,1120,5966,8770,5305,2578,8869,4353,2729,2335,2277,4905,5653,8967,3764,2348,5614,1540,1840,5306,6028,3164,28,7544,3231,5070,296,4080,9086,1910,5476,6910,3922,1970,4485,3779,9185,5973,725,9283,2503,2733,6184,1911,2583,1114,5462,3554,6956,9381,9476,5542,2768,104,5025,1165,7883,3442,4902,8207,5798,9625,7970,4623,9720,9808,9903,6870,1067,8422,2275,5023
4284,3580,4565,3291,192,2448,7758,858,501,2083,7828,7682,1953,2584,8330,3476,2772,8552,538,2646,4007,7797,8656,1539,2984,4340,8221,3517,4200,4547,253,8771,1974,7657,8870,6161,5365,6718,4238,4976,3217,8968,6371,3871,4496,5118,323,5424,5665,1957,783,8395,6692,4956,3033,4918,9087,2195,4428,2990,4062,3043,5450,914,9186,1016,3071,9284,567,2072,3566,2482,3483,771,7246,4730,8189,9382,9477,6417,4356,4342,1437,96,7961,3676,3622,8473,6425,9626,8017,6063,9721,9809,9904,3949,2784,9982,3573,4223
1575,742,74,15,4038,811,7112,255,510,1111,7954,8174,5684,2233,8514,5281,7894,8553,1258,6379,4925,8594,8657,6989,7365,7494,8109,459,61,7548,2533,8772,6884,6244,8871,7316,2847,7711,2882,7854,6169,8969,8998,8233,5661,8071,4426,6815,6279,1707,77,7997,1343,1955,700,1793,8030,1936,6446,5998,5817,4831,3238,236,9187,7211,4451,6218,1580,3579,3387,4170,6306,3575,4524,5756,7835,8364,9478,6431,5604,5584,1732,201,9537,7475,6166,8474,7452,9627,8418,7343,9722,9810,9905,5935,8021,9983,10000,6264
6519,1537,2806,2267,2014,3165,6741,66,1572,3642,8054,8326,2554,1562,8211,6175,3328,8554,4594,6858,3358,8595,8658,2971,1997,3478,8300,5946,1962,4188,3249,8773,3778,6193,8872,6293,1261,2878,623,5541,2422,8970,6662,5404,4506,4248,720,4183,3416,1223,310,8452,5557,767,2721,5519,9088,1195,4987,5611,2616,3306,4533,2923,9188,3951,6305,9285,3286,2727,5903,1573,3681,1275,6311,3630,7708,9383,9479,565,3771,671,4733,753,9538,4147,5567,8244,2044,9628,6710,1364,9723,9811,9906,4561,4260,9984,3459,937
6186,1121,4041,3797,746,523,7309,655,1564,1855,3175,8002,7031,4473,7248,330,5748,3235,4006,1048,7032,8294,8382,6308,7727,5664,7281,7037,498,810,7542,8774,3526,4625,8873,4814,5014,3518,4449,7721,6394,8971,149,535,6625,6368,3748,2248,2556,4109,1658,1424,6340,4816,593,6627,9089,4511,6571,6459,6592,5897,3895,3486,9189,7670,7414,9286,5373,7421,6829,6126,280,3471,7899,6923,2889,9384,9480,6284,625,412,3145,2713,9539,6971,5775,2574,7889,8416,332,3911,9724,9812,9907,3239,6565,6972,986,4413
7769,1052,3808,1112,824,6212,7810,229,2951,5761,8489,8220,3408,6435,8515,5622,7217,8067,7063,7000,3425,8268,8659,1233,7818,5553,8696,6342,766,6765,6781,8775,1152,6827,8874,7466,2245,6773,417,2612,4815,8972,1604,776,4557,6921,5218,5368,7420,2697,252,3851,5961,6135,52,7471,9090,1827,447,6597,4498,4004,6051,2997,9190,8057,6775,9287,4258,6729,7470,1791,4590,17,1828,7183,406,9385,9481,3388,2459,4967,5524,3711,8113,6432,2760,7145,4807,9629,569,5390,9725,9813,9908,7078,6603,6485,425,2521
6687,1324,2930,2050,4937,2252,6012,2596,92,6499,8490,8107,3450,1222,7905,4019,1498,8555,5926,7028,5795,7419,8660,2059,4287,5678,8301,5444,3715,2901,5236,8776,3404,4143,8875,3474,6224,4113,515,1011,4595,8973,6148,4519,4255,481,4196,5222,4047,728,820,5639,1337,4289,4736,4566,9091,1750,1671,2168,2613,4567,3428,2319,9191,1266,5648,9288,3766,4776,5291,2510,2362,272,1432,3753,6843,9386,9482,4580,3529,874,4280,3179,7861,5060,4295,7110,3153,9630,3025,605,9726,7963,9909,5575,2090,9985,1801,3336
7849,237,3037,270,705,2710,6525,710,1866,1609,7048,7992,4122,3195,8003,1832,4758,8556,5819,2833,4241,8596,8661,3131,4942,3783,8446,6771,3323,2216,4717,8777,4454,3189,8876,3242,4571,3787,4954,1303,891,8974,8999,5447,5234,3975,541,2972,980,3726,1284,7763,6134,3480,4840,4116,9092,3472,5171,5711,5083,6528,917,951,9192,2087,774,9289,2137,2190,8132,4913,445,1703,5472,3557,9326,9387,9483,5477,6373,3819,998,1164,8470,2279,662,7701,5525,9631,7902,4464,9727,8191,9910,4839,4569,9986,4031,4189
6506,1133,5844,4573,2962,3186,4964,110,283,3555,8491,8327,4930,7812,8516,4683,6010,8437,7090,7673,7895,8597,8662,8090,7481,7154,8697,8083,388,7596,6433,8778,5810,8386,8877,6986,1327,3527,926,3220,2868,8975,2693,4369,7141,1741,1123,4532,7639,474,13,2595,7297,7057,73,3992,9093,908,1471,8117,5791,7584,5540,1517,9193,7735,7473,9290,6122,7162,7120,6823,327,18,7455,6598,6043,9388,9484,7767,522,1769,7819,1617,9540,7613,7030,5590,6667,9632,2661,5360,9728,9814,9911,7487,8209,8022,438,641
1352,2215,4064,78,4934,749,7335,113,2430,1571,4555,6698,1136,2402,7928,345,7723,7304,2838,831,4556,8598,8383,2940,3058,1340,5729,7084,1348,5927,7392,8779,3624,4813,8878,1875,5928,3466,3144,5812,6392,8976,207,1297,6748,6397,5429,4502,3097,2764,729,8234,548,6303,5853,6075,9094,31,3542,7045,6304,6938,2512,2896,9194,4015,5042,9291,3618,5631,2523,6708,4958,3699,6794,7092,6093,9389,9485,5066,3390,1505,6537,3707,9541,5230,5123,6706,7278,9633,1076,7197,9729,9815,9912,5600,3473,9987,1362,5843
4096,1879,2701,1351,3906,1019,5936,1207,1098,1450,7873,8328,3968,4367,8288,6353,807,8267,3395,7147,485,8599,8663,4129,1579,2870,7332,4187,513,3747,2226,8780,5997,4726,8879,4346,5198,5502,3611,825,5609,8977,7781,3745,4435,3272,2176,3446,2478,2123,1251,7743,4050,4994,2191,5238,9095,2663,6143,4058,1784,1323,1523,2840,9195,6163,4509,9292,1246,3113,5019,449,1993,2074,6628,3022,9327,8172,9486,3993,2352,2808,1863,2474,9542,2632,1059,7371,2393,9634,6060,4447,9730,8247,9913,4968,3620,9988,4293,1163
7417,3847,3259,2774,3523,423,5293,460,1180,1256,8225,7418,3376,1079,7448,991,4441,6619,6118,6013,4112,8295,8664,4951,1221,2124,8338,4225,1038,5686,1964,8302,1662,6354,8880,5216,4604,2189,3147,1915,3122,8978,8070,2999,5167,954,4030,3310,1264,1458,2720,9016,3397,4011,2138,5101,9096,2934,6213,4636,3436,3327,802,2539,9196,3593,6015,9293,2829,4722,8064,924,3567,177,6149,3023,7793,9390,9487,2057,1624,1835,4638,2296,5485,5311,509,8101,3956,9635,7768,5398,9731,9816,9914,5096,2427,9989,4898,3338
6616,2469,7138,3127,2042,6913,2602,5320,2603,2631,8492,8329,1187,3803,8517,3751,7050,8557,5209,7295,4900,7514,8665,6439,6309,5825,8385,5679,1583,5492,7029,8781,1668,7500,8881,3382,7361,3814,566,6664,1552,8979,312,550,4804,1482,4276,6787,2875,1521,5491,2377,4493,5602,1423,1865,9097,1126,6154,4322,5831,3802,5520,2959,9197,6850,5084,9294,6016,7142,5863,6219,79,422,7401,6071,6939,9391,9488,2156,37,927,5930,2117,9543,6714,836,7172,6076,8223,324,5713,9732,9817,9915,5914,2724,5944,360,875
7892,1775,5098,3581,2854,2081,1107,162,1253,4694,3862,2525,6315,3048,5978,315,6836,3928,3299,659,2955,8357,7885,4182,7694,5402,4138,3957,1150,2403,3583,8782,7064,7798,8882,4711,2222,1996,5710,6087,7131,8980,2338,215,6678,6638,946,1074,4849,5550,1376,8396,6639,6464,161,5445,9098,2299,6023,4620,4760,2945,1350,4947,9198,6934,6508,9295,4279,6578,7628,5683,1886,2954,4827,647,7579,9392,9489,5916,2576,143,1739,1557,8034,588,5757,6768,6194,9636,7160,3465,9733,9818,9916,4686,4012,9990,6715,6979
8141,1295,4600,949,1090,1956,3260,1292,410,1979,5728,6618,1779,5130,5270,432,5143,7976,4266,591,4697,8600,7656,1055,5768,3479,6980,4313,1753,7015,3958,8783,4442,6101,8883,6945,6551,1889,2802,6642,2047,8981,7375,5737,3197,665,2029,5002,2441,854,2470,9017,7483,6810,4793,6382,9099,2803,7298,3455,1683,5349,6119,1883,9199,5544,6007,9296,698,4290,7989,2966,895,2656,6704,1821,8200,9393,9490,3696,4598,719,3344,678,8344,1322,2076,8475,3391,9637,1341,4025,9734,9819,9917,5579,6084,8484,1712,5205
302,801,1468,2918,2314,2528,2524,347,3168,2145,7479,8143,4448,923,8379,1456,6857,7609,1928,4137,6080,8127,8666,6608,7404,3964,8339,5854,135,933,7108,8784,4541,5937,8884,4487,1241,1555,5762,7829,6200,8982,1116,2975,6604,7543,3099,4430,1676,3457,5,7209,3609,7292,840,3339,8236,1290,6412,7236,7067,3816,477,3362,9200,5161,7151,9297,6621,5597,1338,7519,5335,4026,6321,7456,5583,9394,9491,7370,6211,788,1851,39,9544,6807,5505,5300,7933,9638,7425,1782,9735,9820,9918,4741,6645,9991,7440,7351
4678,5576,2856,1783,2230,3924,5418,1230,311,1228,6600,8500,2534,3350,8254,467,2816,7199,4863,2225,4056,7693,8667,5064,6759,829,7263,1294,340,203,1088,8785,4226,3368,8885,6542,3821,1654,4155,3060,5900,8983,2219,2292,1895,4211,1394,5629,5079,718,2452,9018,5630,4972,3273,3427,9100,2654,5121,7097,3263,2782,4172,2462,9201,1551,6649,9298,4996,6362,2530,6229,3402,356,6274,4788,5313,9395,9492,2741,3027,266,3840,2369,4445,5950,3643,8278,6654,9639,7890,3352,9736,8320,9919,6497,6033,9992,2924,5770
3828,2558,3169,2675,4407,3491,4917,391,1890,2170,8430,7226,1948,3000,8255,2132,6267,8004,6100,1220,1924,5271,8668,2978,3586,2172,7703,6018,3237,1675,3709,8786,5328,6000,8886,1269,3241,4893,5829,2261,4966,8984,2333,775,4221,4939,1273,2342,3095,2797,1237,9019,6029,3919,437,5977,9101,608,3755,6865,3662,1839,1249,5203,9202,3290,877,9299,5241,2705,4911,4961,4131,1808,5298,3855,6332,9396,9493,4673,3315,68,1384,2418,8140,1740,2214,7530,7363,9640,7646,6952,9737,9821,9920,6239,870,9993,2238,5951
7775,1814,6167,3171,5568,2607,5691,3357,644,7395,7817,8023,6526,5013,8518,6976,3901,8558,4171,7560,2953,8296,8669,3874,6791,4632,8359,4563,4318,4251,6661,8787,830,6648,8887,5407,6092,1965,921,5010,827,8985,390,1477,1193,3205,4277,6886,5340,1546,1369,494,4081,2766,6410,3738,9102,3983,6108,3279,1914,1034,5693,2905,9203,2884,1843,9300,5838,7098,7875,6860,761,809,6258,3372,8086,9397,9494,6451,88,4093,6319,3572,8314,6437,231,3093,6472,9641,780,5499,9738,9822,9921,6240,3661,3180,173,1004
2167,3843,3016,1397,363,3370,2761,426,1084,3026,5364,8078,4039,5162,8519,6260,6742,8203,6282,7042,2365,8601,8670,7380,1568,7164,8698,843,4194,3210,6396,8788,5138,1008,8888,4770,5323,4907,1628,5840,2444,8986,1393,2378,6270,3226,2340,2315,5680,642,777,4608,5062,6964,1388,7484,9103,1139,5788,2311,2108,1361,1278,3672,9204,1938,3616,9301,2278,1459,6456,1414,5675,4272,6518,2736,5304,9398,9495,4405,1395,4909,3261,4513,9545,6658,3938,7789,7047,9642,354,5866,9739,9823,9922,6281,2306,9994,703,2183
7941,1772,1899,1472,3923,3345,5226,2505,1140,2706,8431,7884,3963,1813,8256,6242,4921,7919,5106,5637,5262,7602,8671,837,1950,4075,8169,2967,4261,4766,2120,8789,4668,5455,8889,3754,3078,5434,557,5706,3978,8987,1685,2021,2391,944,668,765,3502,517,2100,8235,2598,2032,1763,4206,9104,2111,6247,5393,1102,2038,3020,2553,9205,3128,2131,9302,3853,4386,8158,3533,4963,1961,1838,3158,8306,9399,9496,1276,1871,2223,3269,3300,6957,3967,4307,7778,1972,9643,6481,2980,9740,9824,9923,2026,4828,9995,3585,1002
8142,6117,6617,3497,1181,6152,7336,1003,1441,1381,6674,6999,2284,7432,8289,4539,4373,8559,6874,6034,3337,8602,8672,5290,7965,2703,8699,7230,3531,7264,6862,8790,6985,7995,8890,6056,1174,769,789,646,1072,8341,650,6400,4507,123,795,6357,5528,674,482,5626,7641,3597,7109,7650,9105,1137,5875,7219,5243,5624,4617,747,9206,6179,7558,9303,6997,6450,8151,7333,190,223,4298,6369,8307,8459,9497,6387,929,1545,6951,395,8471,5621,42,8104,5940,8479,5677,7790,9741,9825,9924,7416,5008,8166,1475,2246
6164,6588,1558,3392,1644,6614,6187,621,116,1500,8493,7796,7049,6541,8520,5246,6419,8560,7179,6821,2537,8603,8673,7169,7886,6547,8700,7527,3915,1463,6216,8791,5910,7874,8891,5467,5210,279,146,2446,1512,7649,493,7075,7754,11,736,5968,7517,278,4653,1447,7988,7619,6502,7669,9106,2788,5956,8041,6613,7950,781,759,9207,7390,8130,9304,5574,5551,5091,6873,121,329,6289,7193,8152,9400,9498,7438,418,5598,7827,1623,9546,7772,337,6816,8134,9644,4568,6418,9742,9826,9925,6524,7367,7540,2846,856
6199,1204,1455,2104,3914,2175,5727,486,1082,3765,7525,7935,1836,2139,7915,1446,5131,8561,5781,5873,5443,8381,8674,2303,5384,4874,8082,5007,1201,1061,2092,8792,4998,4402,8892,5329,2185,4790,2073,935,4013,8988,7044,3839,2684,1693,695,1934,1881,3228,651,7393,3467,5109,2801,5348,9107,852,3666,6896,4469,3520,3311,2897,9208,4908,4456,9305,2128,2944,2912,2295,2793,63,4677,2834,6940,9401,9499,4715,3007,1392,3410,2754,8065,2932,2439,7522,2460,9645,7538,2197,9743,9827,9926,3348,3343,9996,4339,4410
5164,4479,6307,2351,6188,5186,1803,91,1239,3559,7714,4437,4269,6265,8145,974,6296,8137,5307,1197,4046,8604,8675,2471,5754,1259,8250,5662,5107,1688,4124,8793,6344,6182,8893,6677,6465,1045,210,2557,950,7117,847,2347,4370,53,1209,4589,6225,1845,1022,6501,7177,5620,4085,3987,9108,2085,5901,5324,7082,6653,1672,3234,9209,2509,3108,9306,5827,7033,4550,4645,1981,1815,5650,2497,8242,9402,9500,6116,234,993,4982,5067,9547,3807,349,8368,5359,9646,3883,1765,9744,9828,9927,5147,5547,9997,4786,4439
7973,880,6171,1611,421,5581,6700,355,3265,1099,5628,8155,6482,4899,8521,614,2751,8562,6631,1466,5247,8037,8676,6735,7994,6334,8198,7578,4438,4397,7386,8794,2046,1407,8894,5330,6294,4696,1020,6492,2376,8989,376,1483,3850,2709,4692,4596,2672,4523,3627,5610,6002,5495,701,3013,9109,451,3305,2515,4051,6248,5358,1386,9210,5962,7783,9307,3325,6288,8073,6511,4861,3521,1937,5080,4362,9403,9501,4291,792,4301,7877,193,9548,7836,4657,1987,7233,7913,122,7301,9745,7614,9928,430,7457,6659,787,2969
6769,1669,3160,715,1279,2227,4728,512,578,469,3067,6636,2094,4723,7644,298,6316,7123,5103,833,4583,8334,8677,2956,7569,5885,7821,5771,2329,6243,1594,8795,4120,5608,8895,5634,2028,2082,4746,5698,2502,8990,7085,5851,5354,5797,2022,598,4348,249,805,9020,7607,3453,353,6045,9110,1265,4057,6136,1837,5740,5155,1902,9211,6851,3536,9308,3722,5045,5046,2535,1281,2762,7460,1190,7737,8275,9502,592,2879,4708,5173,1132,7486,5015,4903,8279,4658,9647,7654,4915,9746,9829,9929,6461,5500,9998,5980,4387
3854,969,3461,527,80,4297,5908,4520,156,613,6725,8125,3799,3222,8522,1342,6883,8563,2178,2818,2569,6889,8678,4317,7667,6943,6876,4829,5099,5215,7624,8796,3134,3530,8896,6102,7853,6514,1900,6493,4999,8991,2415,4698,4727,2748,531,4383,7571,2861,1569,6963,7555,3229,6591,5207,9111,171,3775,2745,5813,712,6665,370,9212,5782,7086,9309,5555,2628,6572,4027,5134,1608,4300,2848,5655,9404,9503,1930,1451,4167,5722,1156,8345,2053,1553,8208,4292,9648,1200,5983,9747,9830,9930,906,4133,7972,1725,2350
7412,3420,2982,2565,3500,4309,3990,1631,841,2519,5732,6395,3115,5833,5780,2695,431,8438,3800,2417,3926,8605,8679,1188,4002,1142,7803,3010,1713,3961,1754,8797,1547,6114,8897,1347,4270,5613,2669,3644,4763,8992,7618,2995,3204,4795,2564,2538,4669,5151,2536,9021,2961,3552,3608,3304,9112,819,2749,5920,1942,4883,4486,3648,9213,2078,4881,9310,269,952,7204,3782,4517,537,2367,3547,8343,9405,9504,901,955,2592,5508,3098,7771,1433,5033,8476,6868,9649,7564,5170,9748,9831,9931,5724,1467,9999,982,1698
7178,3434,3543,4892,2863,3519,6099,36,84,4181,7982,7150,6365,6861,8523,2330,7062,8564,5367,3877,2948,8606,8680,6853,4378,5242,8340,7638,4492,622,6916,8798,7705,4021,8898,5441,3902,292,750,3303,480,3784,168,5154,1243,33,1436,5058,4319,773,3004,4205,6295,7556,1613,7642,9113,5425,5018,6783,2700,6276,4465,1826,9214,6381,7784,9311,7256,7958,6812,2055,1012,4633,1344,6150,6599,9406,9505,6375,369,4371,3638,961,9549,7201,206,7214,6788,9650,3889,6720,9749,9832,9932,5627,5804,8322,5964,5457
8116,413,5668,2540,5136,2991,6672,3211,1018,4032,8494,8376,5488,4395,7858,3617,6159,7100,5909,4055,925,8607,8681,3070,4624,6675,8701,5556,1359,4584,1849,8799,5537,6548,8899,6900,6691,754,1398,942,1013,6153,81,4684,4651,264,375,3003,5400,307,1719,3253,5932,3942,4782,5738,9114,995,4794,6877,5160,3880,6736,910,9215,5755,4989,9312,6558,5764,7148,2405,1464,594,5546,4037,8053,8460,9506,4140,380,3063,6066,1717,8408,3908,2298,8346,5357,8262,4180,6496,9750,9833,9933,4647,5867,7356,2112,1766
8177,398,4582,3849,3740,2385,6834,3718,1830,7287,8374,8108,4052,4160,8524,7099,3250,8565,7208,7984,1596,8608,8682,4679,6826,6261,8702,5879,3690,5427,1584,8800,2289,7450,8900,525,1064,1595,359,4403,3793,7550,516,5644,2970,131,3406,6145,4190,70,2109,3917,4912,5512,6837,6283,9115,2630,6596,3873,5141,5498,5483,3054,9216,7212,7559,9313,6495,4412,7898,3584,1159,479,3247,3440,8153,9407,9507,5484,187,3268,2988,5116,9550,4805,558,7498,1366,9651,5169,4308,9751,9834,9934,697,2906,8323,3177,381
