-1.40291019193988	1.62116562748222
-0.762595321501343	0.806641607126283
-0.51089338676209	0.550902311899035
-0.487747414364194	0.491417766475989
-1.14783757713334	1.28111584095421
-1.98889663524506	2.29048635820742
-1.33932091527214	1.58145375767503
-0.488967979100813	0.4941494904338
-1.46828042130358	1.61554791667814
-0.792735806969546	0.845087246737301
-1.74820496121618	2.01375827978122
-2.46775395575971	2.65679420821572
-1.26203622345053	1.43119727655843
-0.620006776466852	0.68373377156807
-1.90509980431249	2.17265486864094
-2.40540257088996	2.84622706069933
-0.621575586951863	0.64080863630278
-2.21884602378884	2.49785376946394
-1.51214743313634	1.70708887046976
-2.23648616970295	2.68723721277486
-0.574327500848998	0.637567978687479
-1.32329516873615	1.59589503069875
-0.723350158272316	0.887196090900775
-1.82394661728838	2.08871665062995
-1.21367219850982	1.42382933579773
-1.15891779048561	1.20953891083975
-1.66158232677576	1.88830360135277
-1.23099736868468	1.34706617681071
-1.3739651928133	1.56565894501546
-2.20383141693303	2.57066243818841
-1.22129622143242	1.48245671579641
-2.72513002376121	3.10153492459225
-1.64810677983028	1.90352023806746
-2.27471176556569	2.54678139082136
-2.73541746406544	3.13191048923529
-1.52966266080781	1.61049701779705
-1.94086103109135	2.2598002274677
-2.55239669234438	2.83614405677079
-1.30360482830661	1.56092631901526
-1.33699701919143	1.55936810702688
-1.03904657934272	1.22728949334919
-2.07674827733814	2.4012172461049
-1.6001683532744	1.87466709815003
-1.95984552300454	2.27389264482635
-2.18932616852633	2.46086074625822
-1.23647037435336	1.27739188076553
-1.33184350247552	1.57179145359535
-0.411521797486934	0.459787639913727
-2.64629931009135	2.91990751525889
-1.53518867583943	1.70105199120521
-1.9460296800796	2.42106920737894
-1.36537482000457	1.43284958279172
-0.937133563461703	1.00802636238647
-1.09444055151066	1.40750792649236
-1.62346170418046	1.75539858027663
-1.55852518698656	1.68736044972007
-1.5356692879615	1.62150833978197
-0.066736005497779	0.107196014865904
-0.708917176136448	0.940644840139576
-0.257971294235537	0.344119955902579
-1.7120675952133	1.85731041252808
-1.64966871213931	1.95345868759986
-2.08135935684972	2.46304853338656
-2.1649706911188	2.53274321573099
-0.616808996420067	0.667172634923525
-2.39773379773803	2.65493959436
-1.07282778361549	1.28299586777719
-1.88890968487897	2.21276194588692
-1.55995954132249	1.84046127785624
-1.54913790418399	1.76485682330492
-1.26936633298967	1.46667317599261
-1.12351619871796	1.3750181597614
-1.81964550027902	2.15003091065249
-0.115795938031083	0.174552164106676
-0.742689403406357	0.907640388156223
-2.31659233311068	2.67152109013472
-0.323303278372709	0.339879749602035
-1.046254871541	1.20329727252696
-1.01398909753149	1.12318587720305
-2.50639918369053	2.79529412183843
-0.698361654831963	0.786266261408921
-1.09439878126206	1.32915040550928
-0.398588120255416	0.431233040915651
-0.960449351497445	1.1177184328555
-2.45643256707118	2.85152798242999
-2.64275084908015	3.01052886263572
-1.48554561800967	1.55264179849716
-0.628034532594073	0.872334128661287
-1.79634140432021	2.09566262552812
-0.377817233931434	0.415289527528258
-2.48923935950508	2.90162003260506
-2.6039667043819	2.88069462730134
-2.37179971628524	2.75800163966895
-2.78028629039922	3.16466272897558
-0.803591837240515	1.09829037100667
-2.54859798041248	2.93436591333818
-2.48927086473756	2.73495008133136
-0.65714345863804	0.719576756967222
-2.58821508416929	2.93406829212212
-2.59970256489081	2.92970167745164
