0.00552771220732579	0.00378812459297324
-0.00937267758594886	0.0105829492101577
0.243020300236011	0.520090122485155
0.0214011141676466	0.0126696663618584
0.00322905034091457	0.0063037738033684
0.207292177344558	0.459987113892407
0.167649448872639	0.269942462528324
0.126718324230683	0.286958715869578
0.0026232304070604	0.00760796119426444
0.198518165378806	0.512357779120877
0.190015567371867	0.496882411809504
0.000431727839557044	0.000214930672257555
0.209570967464994	0.496750980577286
0.208982106064088	0.473246530285522
0.230497463125883	0.51667079917266
0.1932703083569	0.467779075050973
0.162600119371999	0.404066947221017
0.233112245183384	0.520004385726642
0.142215656917182	0.489516257090299
0.145603406872036	0.359262596740837
0.121945289954626	0.434981643242274
0.245807329248252	0.521794728790679
0.150449496055124	0.495238553148088
0.035879935573658	0.0223719850343975
0.00288179205796498	0.0114908299367843
0.0648982945290793	0.146345225541224
0.198133934856084	0.503182172703458
0.0865302236576914	0.283265420739075
0.0702453347949619	0.144272403894372
0.109576849776579	0.480837176055216
0.0221086838501084	0.0794816338846222
0.209951590826296	0.512850481996306
0.0463120944092785	0.195680403761745
0.222457814315855	0.430002498283081
0.224800774612232	0.508086215159106
0.291651312259202	0.51186146905307
0.0770799381720417	0.242896629055683
0.169066700920746	0.429172995100742
0.272741959790242	0.363589008677111
0.0195914687888177	0.0381412948168612
-0.00043255693808901	0.0193450563950582
0.214723146466789	0.509517650857918
0.00660589042346581	0.00980475771103121
0.0895757629341425	0.171397351935341
0.0788017223212942	0.0595789688286292
0.10509135673151	0.257948158616648
0.0993764397798327	0.197958649681203
-0.000334442819597495	0.00652243751091959
0.199954724338684	0.451429742167927
0.162020222958287	0.513087233479628
0.155259082443139	0.192419365942639
0.0922230019323163	0.0673334370325873
0.191213027695618	0.493656668513862
0.101389963940085	0.495630372853032
0.169089348060792	0.365438756744928
0.00518979791972632	0.00314030642715803
0.24026515282362	0.473299243565723
0.25367701169732	0.521143689292423
0.155001952682118	0.410302324896846
0.206206869112543	0.495821802508934
0.219965550872161	0.504085775920944
0.211030269391477	0.377309040165253
0.000147219651592416	0.0131687555863014
0.100777496695042	0.201692007488525
0.16301320312951	0.484801181509188
0.185087585410302	0.51889113395947
0.206950619268238	0.493527159389267
0.220617012832048	0.524808651608431
0.260002734846787	0.499818585051712
0.127643546255051	0.307162591207003
0.24884653912085	0.525635409349488
-0.00209073939218678	0.00368343045351363
0.22003506766962	0.3815497055097
0.156732230238676	0.371685554444073
0.166117889802129	0.391159057624813
0.0148926465493569	0.041027268871584
0.181761932192939	0.514204043377162
0.038901805634516	0.03751142510416
0.093399541550481	0.326773604106188
0.103992388089427	0.272249500970837
0.0320273416968691	0.0651324972911378
0.158764407308757	0.402300457762539
0.255375646727508	0.513749191129721
0.0625486473734448	0.128536505119847
0.101182217014579	0.212543715259662
0.0248048212064445	0.149874701090266
0.0992325517180461	0.187348791060862
0.0743610475059042	0.220569276913205
0.190897691509628	0.448928096839293
0.0590187201001449	0.137045652846218
0.0399054114236811	0.072876357195328
0.0647548036627449	0.245415513079061
0.176350802333909	0.5209524132454
0.111367647792327	0.262431019548657
0.0831600484735686	0.268641135700605
0.219432197881424	0.513351314022669
0.0776342479632535	0.0486685258973995
-0.0303162954991743	0.0869333479995295
0.00108219245216717	0.12967958368191
0.124971149177007	0.172885352400972
