38.571779825691	-38.5473633756539
66.924812947839	-66.7402947410164
115.081215958539	-114.760464706798
79.1425359207296	-79.028879888081
124.272753274194	-123.991415514072
17.9354388019509	-17.9408613352892
126.834520275119	-126.436195115786
87.3077499737668	-87.1107205206149
7.29574209501275	-7.28014077183565
89.5154152751797	-89.2567182280435
8.12449746395872	-8.11970821413949
80.7181596636741	-80.5516507080459
13.6361053672343	-13.6470082263482
14.5755873002706	-14.5783652339149
13.3287269803073	-13.341503520957
27.5213889826961	-27.448182135881
90.3686920823569	-90.1406455637973
106.773118307818	-106.489979076256
17.3506502282997	-17.3433211538766
5.2688863471773	-5.2779227372003
44.8101879313984	-44.758510236025
55.701561699367	-55.57538415662
41.7164411838234	-41.7026469972829
57.3547906501847	-57.3617185103755
37.4467635943511	-37.413576871812
123.515909265326	-123.220358289099
88.6272494076603	-88.3186954488045
69.8075079676625	-69.6710703592376
46.4643939822396	-46.4180282194432
91.5928887647544	-91.2893477136773
45.8578278054266	-45.7092916884329
8.35876631865561	-8.36199942381094
51.2099220845677	-51.1264577103892
34.3880584119398	-34.345215183689
136.222309608706	-135.857721121685
118.928160720004	-118.646247403962
110.631166731864	-110.23274769265
20.3678676330941	-20.3262578158701
18.1823119410757	-18.147408291068
123.343981654859	-123.043942640687
17.0613541259634	-17.007314862094
130.741605114397	-130.425042571755
133.389486714312	-133.058496722289
106.343703275728	-106.010394735178
134.284791008488	-133.969526931118
108.752227858139	-108.518011057366
111.901820937262	-111.527787889275
103.393045627259	-103.034715006272
85.9179270957475	-85.7510351521919
51.2368812880624	-51.1174274996562
103.214587430342	-102.864529492728
125.757460254596	-125.396109389843
52.6756999748296	-52.4318192145901
44.7500073467719	-44.659392011437
118.710096914528	-118.414193725385
89.2269457514423	-89.0305054476871
88.4352399494202	-88.2615933319833
60.857278717471	-60.681053577844
22.8606320784747	-22.8256366410471
49.307377683999	-49.1794056505501
5.05090206321912	-5.05319113923847
65.5688182969259	-65.479270657494
133.748474602603	-133.383246840345
96.6834945191564	-96.4376807881106
94.3001576087801	-93.9785828656652
73.816172866173	-73.738527822439
84.1030027239914	-83.8857459584045
94.1781650771603	-93.9554314286465
92.9123602926519	-92.60952309518
9.44319703536987	-9.45783923046801
43.6625435326991	-43.6287810463748
20.5868409007929	-20.6317757577007
18.9202087693225	-18.9444898322029
37.8699206050976	-37.909957248757
84.5717515741749	-84.3700091413011
106.142139240369	-105.750791146214
23.5550014746409	-23.5743026512889
18.5945760279571	-18.5494895773059
29.0030508095998	-28.9544251594908
5.36008688318578	-5.35247488183415
69.8579617628631	-69.6367086207087
36.0843167829417	-36.0288544055254
120.168426654704	-119.896143115586
47.351263942633	-47.2203699762231
110.400376980119	-110.071939654346
30.9050164090609	-30.8292848898759
27.3420716756326	-27.2913657731957
28.3465603653103	-28.2602908068423
26.5228133613321	-26.5556953302166
123.790968277934	-123.48255061298
124.972129766014	-124.633143047591
87.1274080497639	-86.8707553449118
113.175810754166	-112.846560431365
76.5386792681453	-76.2928000243319
96.407202607617	-96.0973393200608
117.909316306578	-117.644459742493
54.1399956054309	-54.0510289177734
123.208879952448	-122.952671574796
107.784302630501	-107.439385433898
117.438644817524	-117.120231101569
