-0.0622862707521356	0.0712196974590874
-0.283925215956432	0.274197962423225
-12.6280009494985	13.0107971086541
-0.662999827785861	0.663652045508411
-0.118396956865864	0.12580411760799
-11.1277858603607	11.4613869103185
-6.17804140350757	6.44844115473763
-6.96556404193939	7.16886454030894
-0.0755520067350271	0.0878995660894975
-12.5487135275999	12.8749429782514
-12.3672387460587	12.6665977166298
-0.00381065999780441	0.0044215398905297
-10.9829296672578	11.401008499653
-10.2563153181989	10.679692619768
-12.8268436188876	13.1758285776863
-10.8094424936777	11.1658774750895
-8.8946172637655	9.22959014089107
-12.9856395720212	13.3326830205034
-10.5029737205962	10.8690494871661
-8.87766422260693	9.10745762733462
-11.1355587069626	11.3278876571316
-12.4036697145651	12.80899276684
-11.0612750077239	11.4075662805357
-1.39153461172124	1.37483818892828
-0.271076407110033	0.277418370255101
-3.13316206028726	3.26702216744372
-11.6795007648576	12.0484655837903
-5.95392815292642	6.17916984560232
-3.88947903561591	3.97147986581068
-9.78512515233797	10.1495525140443
-1.4360104957301	1.51369479012301
-12.6166026503297	12.9511837088569
-6.84018096475253	6.78667361358161
-9.52306613803853	9.92886440968761
-12.6982039089101	13.0333361729234
-12.1775460796089	12.6281962862064
-5.47755318674957	5.64678894114106
-10.647537330363	10.9140927465275
-11.4795882840877	11.6690705367713
-1.1651587440026	1.17811964405523
-0.513230557390839	0.514166572389684
-12.2977789033699	12.6531269403954
-0.254725323990585	0.262888673164473
-4.71674307220932	4.81407233504196
-2.51055306200472	2.53333563939691
-5.36787546155772	5.60479936379183
-5.44125610805729	5.54901531723512
-0.150628820406531	0.15231057273152
-11.4530761059196	11.7389062474091
-11.7367821766572	12.0828678916812
-7.04049046073836	7.08384591427003
-3.37801464400524	3.36840440556992
-10.59816204768	11.0174472430101
-10.2696541952324	10.6200712375542
-9.37740600975732	9.60857411234664
-0.195607684650255	0.193402682475542
-11.59575018382	11.9573248868655
-12.3674465333213	12.7821132449951
-9.75223699093069	10.0298142836414
-11.8908989920202	12.239256925614
-12.0045198735175	12.3756212438605
-10.3329032378443	10.5647513295245
-0.236354554774809	0.245563138784026
-5.00306262221348	5.15100179798249
-10.1828464825537	10.5849829441993
-12.5041754941773	12.8317314752155
-11.3625036209163	11.7448588733529
-13.016707478441	13.3573505088163
-12.0235036202627	12.42846897089
-8.27643704466655	8.42702032169417
-12.3288564714405	12.7503217845534
-0.0626543930432121	0.0631849465539779
-9.50762516914702	9.81649309130548
-8.72620514469071	9.00293508683502
-9.97507075008927	10.2114699784776
-0.597476346366973	0.651240060883355
-11.874708136959	12.2341111149329
-1.59672069355026	1.59844354532394
-7.61899953817305	7.81849812778953
-6.41401148200792	6.60364319068635
-2.10232168398008	2.11504637512753
-9.86838152250094	10.1258018286967
-12.3128853908862	12.7190788265426
-3.03029668413815	3.13398505647592
-4.4275544572825	4.63907892553727
-2.66477567602623	2.79612291417997
-4.3336532607469	4.49938358591454
-5.35003498815265	5.48199845370561
-10.8540426167566	11.1679493884597
-3.28809944987612	3.38667784289194
-2.24097631423538	2.26733129020885
-6.89777181269574	6.95751033562399
-12.5510338625461	12.8698879574569
-6.24123359308446	6.43234771920712
-7.87402942594482	7.92917557745736
-12.3565993596795	12.7203202743434
-2.54683968471249	2.54490448092851
-1.71661587826077	1.7327076392131
-3.29549044302756	3.31642124809497
-5.02529750917237	5.14225152765892
