0.0080615532552069	0.0296773823871253
0.108479315745856	0.46632722869082
0.16528974345697	0.757388044900217
0.162526170190839	0.718746957246109
0.00792695505261491	0.0250962420970828
0.164071253653786	0.69111527243257
0.169760507516549	0.771825049644505
0.157656227728225	0.757871412250619
0.0950481648218036	0.37443872885099
0.0669389717006441	0.232966051661234
0.0178372874738078	0.0730172424877467
0.0123111905283098	0.0568324721545321
0.161152597310973	0.714976015985724
0.169285558878285	0.804859655834255
0.0212499416989539	0.0805871124228571
0.021065966331853	0.103618008929901
0.168585445364188	0.769301182456495
0.0165332693856632	0.0694547399708065
0.167770224267355	0.794011557134201
0.00748867250205738	0.0352091988060398
0.169224864056216	0.798957812544514
0.0298990943576982	0.140317053040897
0.00613781436246977	0.020989057757644
0.16856360050214	0.819065919966998
0.170001066088641	0.745145322360718
0.17114944048919	0.789701979231433
0.0124599768069894	0.0623798433341796
0.166700337788671	0.794403288958219
0.150792918594868	0.753501216452726
0.0339372150981056	0.183267471304273
0.166771183181073	0.751134288775725
0.0155021716261393	0.0468710510669125
0.167011172300376	0.729737039628775
0.164663946562972	0.800491359538135
0.00768257523441051	0.0229480749667542
0.153344107753879	0.721897254014917
0.165465160737554	0.752890694684397
0.100782968257879	0.474509859692122
0.145197731273938	0.600937946285138
0.167157648017236	0.739360069484461
0.0264651604130988	0.212430033804032
0.000515100776251028	0.0027934024772094
0.0268928206111276	0.126793904817808
0.149239689695733	0.653363208813139
0.167473853407127	0.798565090665978
0.162065371982552	0.737396208592106
0.165679558650413	0.75338478007793
0.163929653694458	0.741635676302881
0.169078384846715	0.751689780779528
0.163370373437858	0.73436706361249
0.164001752009443	0.661844779368069
0.0188387259310847	0.0706825955772186
0.143001392434746	0.661841166136654
0.164092021569984	0.7540456331099
0.0934133546115369	0.474403990993435
0.161259585170329	0.772332771661572
0.00487355181106444	0.0181942927461601
0.164428340835667	0.709832168027131
0.168263670478489	0.811491900957773
0.0244222105900025	0.248320025804191
0.163126382615108	0.71315666169282
0.106851353472175	0.377822364481183
0.154251339637766	0.709242803312881
0.156927162805724	0.600557574132225
0.00783190129396132	0.0282679916268413
0.168020148638727	0.787496428301135
0.137693309957461	0.658288406262015
0.00369401418484451	0.0102503812996392
0.164321191489427	0.772688220828892
0.158760869302814	0.740654777228501
0.00933649247424878	0.034934087095061
0.161703602245823	0.754063399667767
0.091757220347291	0.483539861154391
0.163454596801798	0.652931293875439
0.165910454483478	0.7669326061867
0.16637073581116	0.708145628197726
0.015267079623753	0.064983017781511
0.0212895910809208	0.104734623674431
0.00874535149517722	0.0529131631381138
0.166305222407314	0.740673302107794
0.157836261125771	0.538809117716976
0.145883239829267	0.591972334865281
0.164087131702083	0.690493705318045
0.00836803844321533	0.0599381781728507
0.05811905049219	0.224196204385633
0.163278178170615	0.770730468510151
0.166384541925033	0.753474601254422
0.0303509214148833	0.11149026750433
0.167397365052766	0.797342681283989
0.0111415056035232	0.0516149669687206
0.0185109135194037	0.062361550709252
0.166943373630642	0.797352156329387
0.00538995148324575	0.0235189672859038
0.0222181452596812	0.0871032109875013
0.0116636385838804	0.0585661300828735
0.0914696918028761	0.383592966902206
0.170488487971098	0.773940639037103
0.0081354279778883	0.0365521563975197
0.167270582620357	0.768743743333169
0.16796620810733	0.784568212937595
