-5.68531802558476	5.6625751364496
-3.9826526201016	3.96029133438353
-17.6030384995845	17.6065893061074
-5.50091189657594	5.49836272161083
-17.6736028712412	18.2776655929625
-0.145252656658454	0.158845208422027
-17.4037267093198	18.0403417015286
-17.7902489826248	18.3254166528669
-0.376837394655939	0.389110692776207
-17.9901616230558	18.5680020650765
-0.67147499312331	0.694436535289746
-17.0588538365555	17.496036758389
-17.8954416249672	18.4624426536248
-18.970739362479	19.4621935094734
-6.79718127650959	6.73437655826793
-16.0475152474105	16.5931196946033
-17.512880467305	18.0989414148244
-17.8237897704227	18.5001434088267
-0.499303284180513	0.521000385812535
-8.13987597871458	8.75089503662064
-16.0791765421955	16.5975493003571
-4.58990139912341	4.62486026631537
-18.0119193722597	18.5918519230065
-17.4734068972833	18.076475905965
-0.526051987622042	0.570647070950554
-0.0732161103813447	0.0905078404556159
-11.7755636608398	12.1680067466928
-15.7341172443542	16.3037210468134
-0.595933472372118	0.638021398693638
-2.69692280934192	2.72564704216671
-13.7148929875773	14.3074581694692
-14.9474783539123	15.5481531967388
-1.56488193242078	1.59982351321317
-17.671909103206	18.2638748268526
-17.2150299679011	17.7921091380488
-2.08112143889655	2.13744352083564
-1.57416774197797	1.58052806843972
-15.9885528963304	16.5991918959682
-15.2789239141727	15.8684528568592
-18.1055955905059	18.6141447806024
-17.0323963211641	17.5776383132343
-16.4134017054143	16.9971948232305
-16.1764036334172	16.7803253969374
-11.2281646836272	11.5962286234535
-17.6879862678976	18.297110874418
-18.1008089841275	18.7013550627114
-15.5773043839156	16.1975883639034
-17.256953759938	17.8175679052874
-18.4518165156229	18.9952793789046
-16.9213163317896	17.5563503148389
-6.25266898170868	6.26958196175417
-0.147644471977936	0.178675060608681
-17.7704908415321	18.3982743869559
-17.2883725490475	17.853443618089
-0.294208263582098	0.683906635462031
-9.52408631744037	9.52648239379692
-4.342684196544	4.72826608448515
-10.766628478447	10.980323709655
-7.86816606222312	7.97746927627357
-12.8868205959999	12.8553114993659
-1.12411023094069	1.24393598972009
-13.4714169970851	13.7841377689994
-2.83137870243982	3.38286713868218
-18.4883156000341	18.9284552359281
-13.8257132339714	13.9917153105533
-16.6052390526625	16.6085460518769
-0.850067740638165	0.939549889671521
-0.764896534845548	1.21894575312563
-17.5651242920678	18.1509088187149
-15.6762316809893	16.0522310857018
-0.346461207477093	0.362865010781989
-0.350694857860147	0.398082470177164
-0.558131570920737	0.576480169733473
-18.2281276617592	18.8648973737178
-18.1494947623007	18.6819390019679
-17.8349275997924	18.4511211457227
-2.44897200432951	2.54415448584341
-0.49091442512757	0.551530816800598
-16.606756416568	17.2003883992776
-18.6785086723381	19.2315984520556
-0.134537925854689	0.146758718394512
-0.969216217061936	1.02922095524635
-15.9980276416662	16.5707533613056
-0.68742803893565	0.722671241406505
-12.6833353682113	13.2632997915088
-16.0654243689095	16.6746414824761
-16.0437454953747	16.5590556822003
-15.7181950275185	16.2707774367153
-12.696435315303	13.1891464653099
-0.0396056220040422	0.0414131879433179
-2.39378343547602	2.47665159105426
-11.1537334638479	11.6720310482114
-16.9489304537471	17.5593898316805
-6.09140734501657	6.2846077420476
-17.9165778923473	18.5244539553029
-18.4917316665035	19.0449710997238
-1.2488558164143	1.30188243940777
-16.8783961411911	17.4223526688534
-17.5526460802554	18.1619888896675
-2.82610124480276	2.93013929168567
