-0.0627638854450798	0.124181473111066
-0.0240845059934137	0.0442003352742384
-0.473717006130317	0.887897432916528
-0.103524514018059	0.202449267971907
-0.440425466437319	0.916445831786009
-0.00728433566025799	0.0151942183134471
-0.547963953112634	1.09111187970487
-0.554143227130979	1.0995672994907
-0.0142353605149608	0.0287019078004133
-0.544658374049657	1.08495441664478
-0.0240194913967336	0.0487207426199908
-0.460532474667855	0.922546208021659
-0.534888524583474	1.06649334240511
-0.495503775792926	1.00021077980814
-0.230828755559896	0.38690558556206
-0.550422317446368	1.09463413046605
-0.364222986806912	0.79481793782408
-0.557310463115953	1.10347116334104
-0.010065786674975	0.0247588733249499
-0.438736895093203	0.912937430746096
-0.487304822407002	0.970043815339222
-0.0537791765425168	0.107035190761774
-0.371417373752383	0.806882989662231
-0.548463277983663	1.09087636549778
-0.0321527950816729	0.0651896986428088
0.000961213430392698	0.00221196000193484
-0.356029206283365	0.720107776863637
-0.554935473219592	1.09715659893502
-0.0109911901267969	0.0297646239609512
-0.0806774779372778	0.150979043797598
-0.47618967307178	0.972375798590309
-0.460522195414139	0.948248942575441
-0.0332109632672023	0.0707819551082947
-0.543682404922277	1.08336520077999
-0.497599172063844	1.00267685500609
-0.0731497971385403	0.141088478975398
-0.0521354293099581	0.0895508500837054
-0.460569606476835	0.949361475309129
-0.536849132711896	1.0736921491135
-0.535881368771055	1.07208923688908
-0.379824723771129	0.816666505145662
-0.529748957215133	1.06076342685225
-0.429594588007032	0.897759746155281
-0.333498586368993	0.67433663561231
-0.543095234652735	1.0825421685379
-0.524776714249021	1.05072126377482
-0.526680255991903	1.05658845556711
-0.554264101520516	1.09719233507444
-0.527105792415809	1.05358389102013
-0.540443800886373	1.08045063566367
-0.0815637209384561	0.150076684906183
-0.0118419469953064	0.0259733096005133
-0.552354224195834	1.09744713387529
-0.543551560080691	1.08396051217477
-0.0762917661096255	0.165613030463332
-0.257445740824527	0.47053198131347
-0.243575336276227	0.483639065563826
-0.249614368025597	0.530630017516065
-0.287737252369497	0.576297728595507
-0.207389468743919	0.359399561108445
-0.0797119502256431	0.165176734586063
-0.356831105105379	0.684294863953684
-0.185693530011847	0.459949578973295
-0.533814715275553	1.02976785018786
-0.315327699102919	0.592908139260127
-0.452217574675429	0.801187335805278
-0.0461871539495475	0.101047351814352
-0.162378100358782	0.367258699061333
-0.547145286065886	1.08929458097487
-0.45026218825932	0.861498066399222
-0.0115312943538082	0.0242643971595152
-0.0168993669151456	0.0371892251688057
-0.00596265013994915	0.0177499666783494
-0.554789440041481	1.1005384740047
-0.548188820909557	1.08883440729529
-0.547697458182755	1.08983640380271
-0.238820292668393	0.413137232788086
-0.0244412570434332	0.053573083042076
-0.390617774874828	0.83818275020664
-0.543990119642168	1.08492553865523
-0.00428924791658584	0.0101535016539846
-0.0531891125903106	0.102949627938465
-0.394281713059524	0.81341829681937
-0.046645411715015	0.0850950811113698
-0.173326530498815	0.489469301432386
-0.494638892035828	1.00316881088758
-0.511517447619334	1.01840727211034
-0.485961160672565	0.982232115989148
-0.398463292335098	0.826734424032162
-0.0273257012718775	0.0448633402407827
-0.0928257587886202	0.17653957455063
-0.335138007983202	0.716024380275287
-0.426666520137773	0.896458578618281
-0.14169166573578	0.307374078547443
-0.549328102096729	1.09602403205655
-0.540343446994376	1.08043873668728
-0.0508715952897258	0.0973735830408973
-0.478833876617746	0.970778961004163
-0.43006291052317	0.900694039643748
-0.0971293837779584	0.18980536166804
