3720,6716,6760,5982,3488,4473,8230,3210,8286,617,886,1982,6044,269,8162,8476,4282,5115,2523,345,5213,5549,5751,5357,2521,7158,2282,8563,4262,3960,4375,8653,2230,6719,3557,3780,6854,2762,5772,2644,5487,8794,572,3949,672,1072,660,1326,1937,2559,6884,5067,7060,2231,972,5223,5596,4098,2232,1088,3981,7645,8972,7651,447,6211,7808,9131,6565,195,1673,9238,1112,5085,9307,2846,1074,3343,864,4267,9424,3017,5423,2870,6073,5758,2268,4090,6631,9519,9618,9718,3856,9816,3080,2879,4102,4614,612,9901
124,442,1705,1791,1371,3284,7917,5241,8287,2464,3834,2457,3830,3456,8379,8477,5145,3669,3796,1058,6676,4974,3362,5560,1228,3986,1428,8564,6140,4470,4508,8654,3100,5565,2253,4296,7625,4839,3331,1695,1076,8795,4884,2146,3390,2706,5090,2336,2602,429,5184,3158,6665,242,3724,3045,7395,5899,3159,2189,6896,6431,8973,7350,2504,5469,9089,9132,7514,397,1661,7642,4718,2306,9308,5177,2885,5790,615,1967,9425,3776,6835,4217,4629,4399,3842,6911,6375,9520,9619,9719,4644,9817,1145,3081,3802,1346,247,9902
71,94,120,270,544,1300,5710,5383,8096,1082,2591,6139,4759,3114,8380,8478,3837,1625,3905,2075,3733,5743,3789,3522,5707,5232,2181,8565,4028,3402,6541,8655,5969,3525,2112,5345,7544,6028,6914,3000,5162,8796,6180,4907,3565,2535,4560,3356,2465,2130,6438,7089,4156,2039,3455,6020,3318,5711,4274,3093,7481,5840,8974,7663,4429,5764,5652,9133,2710,1067,1553,7611,3508,4099,9309,6303,3143,5206,3479,3216,9426,2190,6995,3545,2990,2517,5118,6561,6479,9521,9620,9720,1783,8067,1582,6690,4203,2271,4214,9903
84,108,158,330,823,1405,6291,2500,7950,3614,627,4246,5101,1859,8381,8479,2053,5529,3696,798,7523,6178,5011,6973,5629,6179,3289,8566,5169,3373,6682,8656,5966,7246,4120,2817,7767,5384,7375,3956,1836,8797,6828,2023,4063,2169,5504,3831,2984,1721,1044,7077,7196,927,3671,7238,4076,5714,2770,1092,2713,7640,8975,7547,3883,4150,7943,9134,7444,853,884,9239,4865,5455,9310,4989,2492,4522,2213,4605,9427,3128,7553,1211,7324,2742,5174,4833,6752,9522,9621,9721,7066,8031,505,7118,3534,4637,6143,9904
1322,3803,2110,6649,542,5354,8231,2798,8288,191,1520,4558,5759,511,8382,7995,4002,1459,2916,1138,7382,4329,6037,6599,897,6421,2865,8567,4441,1176,3005,8657,6105,4520,2866,3374,7400,5534,5175,3007,4391,8798,5651,4009,2048,3869,2666,2720,2998,2689,5364,3339,5491,2228,1883,4345,5793,7003,1310,1849,6102,3735,8976,7671,323,5133,8129,9135,7429,167,575,7461,2424,2177,9311,5385,1407,5447,1343,2045,9428,1939,6636,1287,3078,6450,3612,3843,6413,9523,9622,9722,5489,8222,1927,4358,1668,2180,1369,9905
4334,4919,5255,6182,601,3641,8232,1698,8289,152,1950,5066,6204,219,8383,7886,4499,2472,3275,664,6747,4673,5363,6749,1507,5589,1650,8568,3304,4205,2966,8658,5106,5398,3812,4712,7409,1906,5835,3559,4424,8799,6867,3773,2129,4155,4680,2814,3048,1147,6122,5300,6064,1036,422,6315,5977,4304,1528,1743,5536,6556,8977,6458,517,6264,8130,9136,6369,166,1477,9240,1107,1657,9312,4412,2374,5781,2484,1433,9429,2660,3090,3562,4762,5260,1295,3018,6851,9524,9623,9723,5493,9818,849,4497,1516,2690,1811,9906
203,95,57,27,1,2,29,63,102,267,8357,8365,8098,8373,8384,8480,8540,8541,7887,8542,8543,8010,8553,8560,8100,7946,8562,8569,7975,8645,8652,8659,8753,8754,8764,8770,8773,7776,8188,8012,8791,8800,8894,8189,8190,8191,8048,8905,8912,8916,7956,7913,8018,8922,7979,7980,8926,8938,8195,7758,8949,8960,8978,9072,9084,8019,9090,9137,9231,9237,8201,9241,9299,9300,9313,9407,9417,8108,8109,8110,9430,9492,9498,9506,8112,9513,8215,8029,8030,9525,9624,9724,9811,9819,9882,9883,8229,9886,9893,9907
690,1605,3684,4534,2883,4638,8113,3303,8290,965,4474,4310,6329,1889,8385,8481,3988,4300,2769,1304,4215,5855,789,5617,3990,2881,2530,8570,4946,2410,1641,8660,4797,6306,5089,2700,7669,1286,7614,1885,4645,8801,6814,1073,3127,2340,1660,466,1593,925,3333,5543,7130,1183,3764,5983,3826,6040,2469,2949,4457,6419,8979,4632,2723,3244,9091,9138,7440,134,967,9242,3414,2067,9314,5640,1524,6231,1278,3446,9431,1636,7316,1367,6395,5289,935,1048,7050,9526,9625,9725,5131,9820,824,5914,2784,1648,3458,9908
88,52,21,3,17,45,77,127,593,6586,8358,8366,7572,8374,8386,8482,7683,5979,6116,5172,8544,7423,8554,7734,8172,7191,5154,8571,7174,8646,8121,8661,6881,8755,8765,8073,8774,6593,7745,5936,7819,8802,8895,6883,4191,6525,7638,8906,8913,8917,8193,7894,7546,8923,3712,7895,8927,8939,5925,6843,8950,8961,8980,9073,9085,7186,9092,9139,9232,8200,3895,9243,7633,9301,9315,9408,9418,7902,5761,7396,9432,9493,9499,9507,7830,9514,5918,6743,9518,9527,9626,9726,9812,9821,6604,8151,6226,9887,9894,9909
4454,6559,6819,6545,2623,3073,8233,2417,8291,1377,814,2002,6376,277,8387,8070,2119,1111,1856,563,774,3400,2354,2600,2761,6032,934,8572,2659,5542,6724,8662,4406,6523,4426,4915,7898,4407,5845,2639,6076,8803,2270,2501,361,956,778,3015,1978,3259,6754,984,5228,1944,567,5574,6555,6327,3472,2337,6571,5869,8981,6742,184,3658,7815,9140,7377,1160,1503,9244,3537,3645,9316,3677,2684,6189,1324,3193,9433,1083,5786,3579,7411,4929,2519,5326,5783,9528,9627,9727,5997,7338,1942,2996,2041,5092,3519,9910
1476,7234,4631,4959,2569,2042,8234,4507,8292,148,620,5767,7594,231,8388,7217,4056,4778,1128,837,6996,4654,7274,4978,2165,2356,1434,8573,3570,7171,5220,8663,4923,5298,1925,5785,6334,913,1606,2687,2836,8804,7076,5457,1398,574,4870,1589,3214,943,6905,4955,6394,831,741,4489,5236,4491,1709,718,4753,7482,8982,5597,2364,6364,7957,9141,5681,141,679,9245,5043,3099,9317,5339,3877,6266,2167,5482,8139,1526,4410,5916,6950,6643,1826,2911,5905,9529,9628,9728,4110,9822,1599,5171,2632,4941,2131,9911
6104,6036,6597,6894,6437,6095,8235,6427,8293,937,4335,680,5337,2108,8389,8483,2908,5151,2377,561,6795,6746,4003,4320,892,6856,3765,8574,3848,5420,4231,8664,1131,5132,6288,4808,6466,4198,6274,548,2507,8805,2917,3900,1792,3365,603,953,2766,278,6381,4057,5812,571,468,6628,4897,3751,2718,796,6648,7695,8983,5010,1054,4737,8196,9142,5259,441,2107,9246,775,2010,9318,4055,1921,5623,453,3667,9434,3301,6831,4951,6621,3750,1461,3360,6558,9530,9629,7691,6293,9823,1910,1832,1217,5379,343,9912
86,116,153,384,618,2436,5415,6622,7885,4091,3847,2481,387,2945,8390,8484,4756,3426,3162,3844,6858,4796,3697,5057,4885,3517,3083,6846,4807,2780,2799,8665,4157,5538,5003,5107,7789,4043,4247,2592,4221,8806,3003,1806,2452,4322,4332,3155,3346,2145,6199,5450,3805,2279,3801,4591,6693,4139,3528,1772,5881,7185,8984,7135,1724,1962,9093,9143,6185,2379,1963,9247,4036,2497,9319,1920,2855,2645,2683,1221,9435,4350,2859,5830,6400,4912,5001,1080,6573,9531,9630,9729,6653,8068,2685,6311,2448,3787,7470,9913
1575,5002,2212,5891,833,4450,8236,562,8294,272,1388,3521,5432,759,8391,7537,3984,2871,2913,2243,6506,4578,2939,5402,3632,5760,902,8174,4422,4960,4517,8666,4710,4979,595,3418,7827,6183,4697,3436,2816,8807,3437,3942,2557,2017,4904,1013,2722,1730,6092,3904,7506,1586,3899,876,6151,6239,3778,1151,6844,4134,8985,6446,154,5114,7878,9144,6352,208,999,8004,4244,3212,9320,4565,3313,2986,1779,2435,7992,2060,3668,2389,5218,2556,3208,4777,3415,9532,9631,9730,4443,7869,3057,5311,2829,2450,2696,9914
42,49,76,118,190,1031,3505,6009,7756,1623,4742,3793,7235,4370,8392,8485,4225,4996,6578,2442,7838,6777,7517,7408,2413,7201,4383,8575,7192,7042,7166,8667,5744,6263,3287,6452,8775,5302,7621,4230,3635,8808,8014,5924,6323,7390,7632,1103,3845,283,7679,7195,6209,729,1222,7600,7422,4031,3817,4338,7751,7764,8986,8075,4608,5841,9094,9145,8003,665,3798,9248,2736,982,9321,6526,4643,7682,3154,5124,9436,1740,7843,5606,7772,6346,4034,6463,7515,9533,9632,9731,7505,9824,1665,6165,6611,3088,1372,9915
50,69,90,126,144,348,2116,2063,6964,656,878,7798,7707,693,8393,6233,7094,3433,5321,1468,7769,2951,7940,6206,4290,3660,659,8576,5572,7525,5237,8668,7267,8756,7037,7122,8044,3474,7153,5553,4094,8809,8896,6549,2298,4162,6016,4543,6134,6613,7381,7538,7698,5208,1533,4131,7436,3703,2175,4087,6983,7426,8987,7103,2251,6284,8077,9146,6898,273,810,9249,7323,5875,9322,7483,3439,7796,5904,7384,9437,3976,9500,7073,7148,7636,2201,4488,7468,9534,9633,9732,2515,9825,6103,7378,6660,7181,7343,9916
3409,6480,7010,4653,1200,4573,8237,6804,8295,253,1252,4532,5961,214,8394,8486,929,4436,1993,484,7455,4604,6972,6267,3734,3648,2317,8577,4167,6612,5281,8669,5395,5421,3464,4054,7549,1180,4420,5083,4626,8810,7194,3975,733,1342,3200,3644,2179,2662,6901,4509,5886,2155,370,6418,6544,5601,1748,1323,2395,4014,8988,966,439,1761,7914,9147,6065,215,322,9250,5871,951,9323,6488,1871,4938,1008,2425,8084,3052,4886,5661,7359,5429,3184,5147,2529,9535,9634,9733,3160,8223,2954,5478,554,5021,5418,9917
3076,1515,5638,7093,1618,5964,8238,4433,8296,1384,3621,4369,5226,2721,8395,7647,4555,881,2311,1269,6066,2297,4112,5059,887,6320,1629,8578,4731,5674,7075,8670,5497,2397,557,3384,7530,2884,7495,1830,4617,8811,2676,2302,4266,3407,2479,871,3317,281,3075,6039,5243,366,997,4949,6688,3459,3870,1471,7428,7169,8989,7501,2304,3021,7990,9148,4077,1244,1329,7729,2764,657,9324,6436,1598,6609,2396,3531,8059,1263,6949,2652,5697,2675,4081,2173,3297,9536,9635,9734,5267,9826,516,4990,1508,2420,471,9918
4149,5540,4176,4743,4442,3493,8239,5941,8297,1334,1020,1469,6202,2358,8396,8487,4019,1818,1220,2259,5318,6532,2618,4204,2682,5541,2679,8041,2845,4452,3863,8671,1015,4101,3860,6404,6314,5610,1376,779,2186,8812,1247,1617,1786,1733,3363,2308,2771,710,5490,1356,5149,507,4306,4592,7102,6002,2164,767,5084,7352,8990,4931,248,5813,9095,9149,6030,308,502,8022,1753,3016,9325,2598,2013,5545,2307,4704,9438,1780,6057,1565,6406,4202,1677,5249,5832,9537,9636,9735,5809,9827,1192,5945,2634,4486,3651,9919
4620,6468,6194,4171,4272,6704,8240,3129,8298,1948,2161,2963,6721,1501,8397,7845,4998,2560,2293,506,5892,4419,2650,4859,385,7272,2580,8175,3918,6133,6997,8672,2182,4612,1616,2655,7888,4814,4628,952,2152,8813,1349,3849,648,1267,1375,1626,2470,670,7475,5477,6387,974,588,7045,7215,7224,1643,3156,6940,5807,8991,7556,3296,3316,9096,9150,4083,206,856,8080,1209,433,9326,1971,3293,6365,2516,4184,7960,4309,5877,1930,5953,5451,1718,6483,5473,9538,9637,9736,6853,9828,2841,4260,2697,2594,193,9920
2106,3435,3944,6476,1785,2938,7966,676,8156,216,5056,1637,3286,2333,8398,8488,3215,3066,1101,2014,3601,5825,1987,5069,1664,2975,1431,8118,6082,4942,5663,8673,1397,4504,2621,2730,7969,5075,5500,394,4805,8814,685,1266,1414,1822,1988,1762,1879,1696,5660,2694,5387,1894,1793,2678,6923,6533,4235,2199,7291,4888,8992,7502,1865,6459,7862,9151,6335,1596,752,9251,1827,5196,9327,4845,3704,3274,2444,4909,7972,2566,3476,786,6235,4524,1320,6145,5225,9539,9638,9737,2788,8145,2831,6591,3938,3965,841,9921
3882,5922,5827,6046,4305,5719,8241,3299,8299,431,2275,1158,6025,2629,8399,8489,3506,3031,2206,747,4794,5919,2104,5049,863,5780,1005,8176,3229,4348,2961,8674,589,4511,4669,3911,7790,6190,6847,540,5202,8815,993,1457,1188,1556,1534,1095,1997,1481,4371,5485,4352,2409,4561,4579,4593,5388,4788,977,6728,6007,8993,6979,3544,5499,7654,9152,5370,1380,246,7863,2399,5393,9328,5585,1392,3134,2553,4430,9439,2787,2262,541,5850,3187,1114,5144,5619,9540,9639,9738,1353,9829,3254,6370,4258,4427,527,9922
5025,6260,5483,7458,4444,6008,8242,1642,8300,746,3864,1940,7204,1852,8400,8490,4639,3568,1614,584,5006,5530,2564,4129,321,5221,1611,8579,4736,6184,4080,8675,1316,4446,2549,2835,7976,5645,5509,373,4622,8816,1059,2020,640,1141,845,1001,2185,907,5064,5191,5033,1394,3144,3166,6603,7027,4755,3009,7231,4711,8994,7146,5366,5581,7823,9153,6295,491,795,8202,1619,1824,9329,4182,3022,2981,2894,4791,7904,3461,3530,650,6353,4916,1041,5671,6256,9541,9640,9739,1823,9830,3209,5873,3939,3709,287,9923
4400,5097,6522,7005,4469,6290,8243,2968,8301,1294,3540,2886,5227,1416,8401,8491,5515,3859,1693,705,4876,6722,2893,4053,426,5756,2096,8177,4732,4969,3852,8676,1633,4829,1941,4459,8074,4648,3089,261,5381,8817,1976,1973,941,1676,2027,633,2159,638,5258,6141,5142,803,4347,2958,7133,6534,4393,2914,7575,5401,8995,6454,4636,5047,7559,9154,6670,244,519,9252,2536,4095,9330,6136,2052,4074,2754,5163,9440,2137,5486,451,6078,5716,793,4109,4040,9542,9641,9740,736,9831,2058,4249,3146,4763,328,9924
4548,6951,7730,7149,3336,5587,8244,6827,8302,1992,978,2955,5843,284,8402,8492,5771,4785,1399,377,6605,6723,2273,5173,1706,5041,559,8580,3630,2825,2196,8677,3276,6280,2822,3608,7727,2459,3394,1003,6197,8818,1958,3352,1133,877,1387,241,1867,1017,7342,4715,5440,1272,1681,5680,6055,5019,3086,1678,6588,6656,8996,7684,3483,5770,7936,9155,6328,177,666,9253,2936,5244,9331,5077,1308,6577,1590,5062,8210,3695,7131,1035,6929,6513,306,3121,6396,9543,9642,9741,2765,9832,1966,3079,2900,5193,2054,9925
123,201,669,1850,2455,696,7656,4997,8303,2489,331,2122,4466,1996,8403,8493,1543,4529,2099,2544,2758,3928,3586,3687,2322,3044,2848,8581,894,3467,3468,8678,7043,7205,4932,6173,8045,3673,6299,5773,4024,8819,6890,3108,647,1488,2781,3074,2326,3386,4936,6993,4766,1631,3997,6343,5343,3690,1340,1979,6702,2833,8997,3937,1594,4618,9097,9156,7255,1630,1268,9254,2669,5725,9332,7269,944,2184,1510,2808,9441,1256,6382,2384,7024,1738,4166,5672,6852,9544,9643,9742,6273,8224,4418,3147,3909,4505,6214,9926
4924,3940,5579,6772,3072,4835,8245,5200,8304,532,2305,5495,7431,1164,8404,7111,5342,904,3989,496,6581,2957,5787,6460,266,6354,784,8582,5556,5805,4786,8679,4624,4006,1332,4656,7834,1634,6988,727,3389,8820,6891,4751,1694,2545,4525,450,3657,368,6191,6160,4635,295,1030,5034,5689,2775,3620,3511,7007,6657,8998,6572,3047,4761,8050,9157,6152,240,1363,9255,1775,954,9333,4726,1426,6733,3232,5113,8211,1427,7565,1810,7079,4803,1309,2729,6318,9545,9644,9743,3947,9833,543,4317,4106,4378,319,9927
39,23,41,58,89,133,530,2715,6350,6630,1980,3486,4765,7177,8405,8494,7051,7273,3788,7347,8116,7371,4804,7211,6026,6761,4782,8583,7620,6813,7775,8680,6222,7579,7783,6163,8776,7866,7876,6895,2688,8821,7425,6750,2240,4975,7728,8015,5048,314,7345,7889,7962,992,7284,7680,8928,7842,2260,2593,8951,8962,8999,9074,4479,7814,9098,9158,7472,3327,3591,9256,7761,6275,9334,8083,7155,7628,3507,7355,9442,1759,9501,7478,7880,5648,7430,7449,7740,9546,9645,9744,7534,9834,1716,6502,7119,3563,6671,9928
4325,2603,6679,4179,2341,5406,8246,6498,8305,737,3238,3737,6091,1841,8406,7779,3811,1870,3880,594,5407,4078,5996,6633,2171,6796,1187,8119,2851,6052,4882,8681,5335,3054,2453,4640,7288,2827,4892,2466,1635,8822,7531,3178,3743,4196,5351,1279,3698,233,4130,6063,5949,178,221,6281,6269,1574,3873,1917,5816,7292,9000,2541,2527,5229,7925,9159,7098,223,565,8135,3908,510,9335,5836,1544,5427,2136,4824,9443,1280,6872,5502,6930,4675,2707,869,4554,9547,9646,9745,6137,9835,760,5802,996,3053,643,9929
4922,4164,7370,6667,1770,4379,8247,2335,8306,415,4627,2437,7188,434,8407,8495,4836,4930,4774,401,7333,4952,6563,6680,552,6606,3428,8584,2734,2674,2779,8682,3595,4597,3757,4059,7168,2176,7048,1513,6224,8823,6711,5788,2933,4207,5390,500,2558,403,7088,4297,5962,438,381,6118,2887,3135,2388,2583,6885,6928,9001,6405,2086,6398,9099,9160,7723,181,1788,8203,2408,604,9336,5459,374,6308,969,2474,9444,1817,7139,1902,6936,6589,2703,3548,6759,9548,9647,9746,5555,8225,734,3497,1261,3172,898,9930
136,315,1166,2937,3064,5452,7805,4661,8307,3388,1336,2316,5372,2925,8408,8496,4085,1812,445,3855,3868,6144,2015,2491,1570,754,1012,8585,2438,855,4992,8683,6707,5099,4686,5135,7750,2657,3889,668,5826,8824,5792,2414,3593,2383,5636,1831,1355,2824,6539,4570,6726,2487,4403,1410,7339,6168,4291,1139,5664,7497,9002,7582,286,6399,9100,9161,4374,857,854,9257,5631,3349,9337,6920,3126,6366,2882,4471,8060,4547,5181,1569,7143,838,1621,5794,6497,9549,9648,9747,3716,8089,1647,5137,3957,1455,6241,9931
98,62,31,5,8,38,67,104,251,4042,8359,8367,7624,8375,8409,8497,7666,7280,6380,6839,8545,7910,8555,7330,7554,7657,4827,8586,7304,8647,7968,8684,7865,8757,8766,7988,8777,7480,7835,6461,8792,8825,8897,7520,7248,6686,7922,8907,7900,8016,7948,7402,7555,8124,5068,7743,8929,8940,6816,6803,8952,8963,9003,9075,9086,6729,9101,9162,9233,7448,3973,9258,6975,9302,9338,9409,9419,9423,6490,7397,9445,9494,9502,9508,7441,9515,7125,7445,7916,9550,9649,9748,9813,9836,7029,8152,7713,9888,9895,9932
1797,1175,5958,5160,3633,4747,8154,4284,8308,1274,626,709,4311,4219,8410,8498,4467,586,2156,2031,5666,6332,1306,6254,3442,5028,1361,8587,2227,1296,6576,8685,3948,4883,5238,4373,5594,3084,6684,1700,6524,8826,2115,802,3552,2001,3231,1014,1214,3324,4530,5722,6785,2065,4512,2327,7279,1835,3680,1802,7082,7372,9004,495,2328,3790,7454,9163,2752,728,1153,9259,6097,6081,9339,1568,756,6170,2441,4100,8024,1713,4208,2695,2633,4913,1512,1364,4125,9551,9650,9749,5166,9837,444,5076,3492,3987,6517,9933
121,162,550,1602,2390,5239,7619,7176,8309,1492,1974,1024,2811,4359,8411,8499,826,2403,2160,2125,6371,5779,2239,3526,5272,7056,2319,8588,5408,6681,6560,8686,4750,3205,4181,5013,6889,6034,4776,1236,5042,8827,1794,1959,1413,1895,4349,3443,1887,2423,5207,2969,5052,2551,1620,7061,7334,6675,3273,1890,2931,6550,9005,7652,2100,4738,9102,9164,6774,624,198,7124,3150,2478,9340,5159,2552,4141,860,3513,9446,4487,6809,2926,6300,3969,2891,6472,3706,9552,9651,9750,3713,8146,958,7055,1951,2860,6252,9934
1379,1229,1417,5017,3502,4411,8248,3107,8310,1542,1290,2868,4581,2030,8412,8500,890,1758,3279,1181,6219,3721,3330,6228,1742,6762,1045,7986,4851,5533,5796,8687,5009,1245,1563,2371,7228,3637,5894,3357,5656,8828,5358,4227,2372,2264,2910,3561,2922,1893,4958,1834,4344,900,1299,5911,6712,1659,924,1208,6514,5800,9006,2927,2266,4611,5986,9165,2930,380,791,6793,2759,5020,9341,1233,600,6023,1954,4523,7492,4066,6147,3004,5624,5567,2889,3879,3850,9553,9652,9751,4001,9838,553,5747,1919,4353,5550,9935
1121,2852,5484,4881,2224,3998,8249,3404,8311,1728,3012,842,2989,1288,8413,7926,628,3739,3550,846,6220,4721,6187,6982,4634,5165,2636,8589,5723,3068,5931,8688,5038,4733,3230,2994,7253,3573,5400,4869,2510,8829,5284,1717,1331,859,3055,3034,1926,3413,3270,5498,4613,1816,697,5434,5156,3730,2604,1165,2343,1597,9007,2359,560,3781,7879,9166,4572,1585,1506,7601,1319,435,9342,6601,2537,5127,809,2875,9447,658,6811,2331,6610,4862,2747,5072,4049,9554,9653,9752,6826,9839,2538,4623,608,3498,5086,9936
107,139,390,980,1132,5161,7592,5766,8312,182,1109,4503,7358,1249,8414,7999,4701,1386,3770,1499,7318,3626,5717,6564,1502,5923,2872,8590,3919,4861,4220,8689,4143,3681,1703,5580,7493,6107,6029,3627,1877,8830,7527,6422,1628,3268,5653,1237,2016,2345,7001,6342,7467,2612,868,4920,7261,6755,1798,1866,7438,7128,9008,7765,1130,3271,9103,9167,6123,258,1079,7659,2193,1283,9343,3927,2078,6730,2101,4033,8085,3527,7091,5655,5913,5563,5290,6126,5897,9555,9654,9753,7226,9840,2807,4962,3903,2142,875,9937
3024,3767,5317,3161,957,489,8250,1098,8313,3615,155,573,5942,3382,8415,8035,843,4896,3235,412,7100,6510,3213,7512,6319,6718,1027,8591,5219,309,5376,8690,5516,6167,4263,7019,7599,6006,7631,4663,4947,8831,5679,4117,1129,1061,2628,1561,1938,2708,6829,4537,6815,360,6117,7106,7476,5336,799,1778,1777,7392,9009,7138,1062,6861,8051,9168,7598,407,598,9260,5688,4587,9344,5382,2289,1026,928,4906,9448,1991,6336,3049,4194,1612,2406,3560,2783,9556,9655,9754,4472,7622,4128,5988,1646,1899,6397,9938
378,1006,3462,4498,3065,5018,8251,5811,8314,1385,1654,4119,5073,1182,8416,7694,4285,2941,3037,3685,1226,4008,4293,2330,3025,1351,1727,7780,3481,4917,4232,8691,5570,5691,4717,1420,7040,3771,4670,1489,3925,8832,6990,2047,1029,2716,3453,2869,3168,1734,5639,4655,4815,205,3085,6161,6519,3953,2288,2018,6135,6720,9010,2085,492,4018,9104,9169,2902,719,1494,9261,5446,5665,9345,2512,2548,5139,2028,3440,9449,1514,6379,1969,531,1493,1774,3201,1854,9557,9656,9755,5930,8090,1610,5096,3272,4792,6916,9939
4831,5876,6740,6672,4480,5824,8252,5551,8315,1608,4326,1900,5677,1298,8417,8501,4211,4397,1691,452,4140,4445,2378,3659,639,6987,1932,8592,6451,5409,4668,8692,1551,5531,3427,1757,7068,4500,5183,347,3029,8833,682,3496,1358,3014,449,1773,2843,395,4780,5454,6736,301,1264,6915,4642,6939,1799,2392,6991,6344,9011,7641,1869,6540,9105,9170,7173,249,2274,9262,692,2246,9346,1892,3726,6615,2462,4287,8140,3263,6449,2066,5472,5602,933,5586,7278,9558,9657,8217,4084,9841,1931,4413,3491,4209,194,9940
5736,6304,6138,5008,3341,4115,8253,5375,8316,1007,748,5437,7252,591,8418,7882,4007,4280,3192,352,7190,5641,5902,6061,3460,1803,1404,8178,5123,3653,4339,8693,3875,5630,4790,4395,7919,801,4684,480,4187,8834,5248,3494,1680,1995,5299,1179,2642,1053,6393,6868,6944,212,477,4650,5578,4460,2844,2857,5882,7262,9012,1505,3277,4017,8052,9171,5309,175,398,9263,5715,2357,9347,6056,564,5616,2772,5276,9450,1422,7643,1751,6694,5413,782,3118,6132,9559,9658,9756,4228,9842,788,5833,1482,5441,689,9941
73,46,18,25,28,56,92,160,1172,3396,5523,6637,6922,7811,8419,8502,8099,7484,7644,7199,8546,8169,7953,8561,8173,7731,7498,8593,8183,6652,8184,8694,7987,7742,7705,5957,8778,7474,7955,7706,7721,8835,8898,6356,7206,7820,4294,7794,6090,3422,6457,8017,7435,3833,8104,7046,8930,8941,6855,7197,8953,8964,9013,9076,7276,6974,9106,9172,6875,5176,6515,9264,6776,7137,9348,9410,7393,7310,6619,7099,9451,2429,7908,7965,6236,7059,7509,8065,7108,9560,9659,9757,7712,9843,5261,8094,7577,4527,7849,9942
188,879,1555,2369,2038,2543,6003,4821,7716,355,6215,576,5749,1731,8420,8503,3412,1924,677,3183,1999,6866,1173,5898,5524,4722,1741,8594,6409,6243,7412,8695,1908,5508,5275,2476,7550,3822,7551,529,3742,8836,749,735,1552,2433,3457,2286,1390,1335,6512,1868,4476,2257,4878,5769,7134,6580,4190,1535,7403,7053,9014,8076,3603,5622,7970,9173,2753,988,605,9265,1022,5136,9349,3993,4521,7302,3915,6099,9452,5512,2782,5371,5820,3180,820,5831,3038,9561,9660,9758,3344,6473,456,7114,5323,4666,3206,9943
1016,6863,7466,5367,3198,4363,8254,6349,8317,1702,5040,1075,4516,3006,8421,8504,1876,3631,1273,1068,4887,5373,2355,5341,411,3727,2178,8120,3835,6823,1254,8696,1105,4770,6106,2329,7379,3951,5475,610,4540,8837,686,923,473,3501,2202,2296,1447,847,5100,4409,4178,971,1484,4360,6594,6802,4021,1820,7004,7607,9015,8126,2525,4241,9107,9174,6735,169,732,9266,2062,4468,9350,3371,4154,6984,3920,4961,8086,5000,4279,4218,5777,4493,1472,6282,5808,9562,9661,9759,2803,7994,2245,1538,4321,4175,275,9944
5460,6388,7264,6469,3217,4719,8255,4963,8318,1952,1560,3423,6960,307,8422,8164,4299,4069,1391,694,3622,5828,4124,4253,2094,5647,3452,8179,1143,4926,4834,8697,5197,6216,4158,1729,7718,3252,4853,1901,6386,8838,1285,4401,341,1204,1159,2502,2471,1961,7268,4564,5980,1429,211,4020,5895,6771,1189,1640,6130,6957,9016,4212,551,3173,7958,9175,7351,129,583,9267,4295,2419,9351,3369,549,6111,2454,5030,9453,3112,6959,3240,6886,5675,1110,4568,6812,9563,9662,9760,6492,9844,1858,3871,1435,6734,1248,9945
1115,6678,4302,3818,3590,3994,8256,7222,8319,476,870,6805,7578,189,8423,7818,2793,3549,1250,663,5532,4880,5070,5817,1277,5738,2128,8595,3666,7245,6156,8698,5956,6067,1362,5708,7630,1303,2903,2904,4315,8839,6071,5696,975,645,906,1227,3353,1156,7097,3923,6453,1357,622,6325,4787,5198,1576,1099,5007,6557,9017,6462,1685,4795,7929,9176,5724,149,1201,9268,2531,1010,9352,5305,3558,6659,1578,3963,7685,3194,5211,4174,7187,6148,2320,4757,2918,9564,9663,9761,5079,9845,1903,4857,1707,4740,844,9946
3933,6493,4879,6967,4983,5055,8257,5397,8320,2999,3541,1536,6415,1169,8424,8505,4051,3523,2698,313,5250,6627,2170,5205,524,3578,2509,8596,3982,6407,3380,8699,2421,6042,3115,3434,6373,5212,5776,1789,5120,8840,1814,1063,183,1275,1366,1567,1163,2649,6961,4893,5868,2342,2577,5235,5288,4071,2702,2007,4404,6781,9018,7241,766,6110,7747,9177,7286,420,962,7971,720,1473,9353,2578,3500,1746,2089,3308,9454,3929,5798,2979,5310,2663,1518,5362,3623,9565,9664,9762,916,9846,3566,5847,4448,2197,399,9947
5503,5803,5392,6616,3123,5879,8258,5356,8321,1600,5698,3379,6818,597,8425,8165,5547,4868,2590,525,6247,3157,3246,4674,234,5874,2068,8597,2976,3177,5757,8700,2194,5849,3033,4477,5044,4482,7049,714,4991,8841,2059,4173,721,1749,1224,402,2503,209,7230,5702,6695,770,1034,6741,2292,6142,3367,4324,7563,6658,9019,7673,3980,5667,8131,9178,6391,357,1463,9269,777,414,9354,4562,1197,4976,3190,1853,8061,2127,6310,1662,7028,6225,1998,5554,6980,9566,9665,9763,2928,9847,3181,6456,2671,2037,304,9948
5520,6237,6361,6864,3916,6880,8259,4238,8322,1104,5331,3069,7266,1125,8426,8506,5204,4394,2043,582,6088,3678,3411,5102,326,6933,2477,8598,2348,3325,4229,8701,1525,5399,2840,3710,5943,5721,6639,458,5146,8842,1032,3824,832,1690,808,386,2000,210,7223,6200,6906,681,1234,6086,4097,5865,3556,4283,7597,6289,9020,7722,4905,5230,9108,9179,7232,408,1374,9270,914,687,9355,4458,1546,5037,2463,2806,8062,2567,5189,1137,6924,6420,1381,4580,7180,9567,9666,9764,1688,9848,3119,5731,3974,3026,354,9949
5234,7208,7570,5386,2815,3196,8260,7022,8323,3164,717,2083,7442,260,8427,8507,5844,4514,1521,318,7383,6546,5128,6301,1000,6000,1271,8599,2092,1846,2505,8702,4681,7282,3408,3397,7193,3323,4330,702,6926,8843,1839,5700,688,695,739,243,1815,1896,7069,4900,6624,2959,474,5210,4871,3499,3571,3125,5646,7297,9021,7653,3340,4703,7867,9180,6713,180,1155,9271,2126,3731,9356,6489,570,5488,1161,4502,9455,4553,7711,1096,7140,6575,804,2726,7083,9568,9667,9765,2422,9849,3381,3906,3512,5296,1313,9950
82,113,157,508,1120,2347,6166,4944,8008,1888,2686,4377,4734,1669,8428,8508,2901,3405,2278,1496,6753,4690,2876,5280,4346,5604,2325,8600,5734,4047,6377,8703,6150,6683,1994,5190,7828,4823,5282,2992,2929,8844,3800,3314,4273,2439,5593,3101,2072,3051,4664,2412,7415,2071,1312,5265,6348,5950,4127,3061,5901,7170,9022,7771,1656,5669,8078,9181,7503,1198,968,7612,3253,646,9357,6203,3736,3841,2353,4135,9456,2974,5632,3141,4826,5801,3576,3403,7488,9569,9668,9766,7303,9850,2029,4889,3222,1989,745,9951
132,256,1093,2635,1604,4820,7787,6768,8157,2080,3701,5732,6205,400,8429,8509,1396,631,3450,2051,4582,6495,5134,2315,2965,4013,1383,8601,3676,5117,2255,8704,6287,5240,2022,4901,7861,3823,3650,4723,3185,8845,3967,4270,3138,4402,1821,2036,3310,1124,6068,5518,4556,2849,2483,7209,6127,6699,3391,2643,2267,2443,9023,2786,556,3914,7752,9182,5870,805,743,9272,5024,1686,9358,5797,2198,5750,320,4271,9457,1949,6218,2719,6186,4563,2166,3122,5378,9570,9669,9767,4526,9851,2350,4485,2134,4588,2944,9952
78,111,147,488,1235,2760,6832,6298,8158,2321,3639,5088,5859,3292,8430,8510,2982,2940,2946,3907,6953,7080,2854,3032,5642,1500,2987,8602,3970,4615,6634,8705,6882,5525,4496,4455,8779,4384,7183,4423,5501,8846,5180,3520,3655,6174,3971,6049,2434,3060,4536,2035,7026,423,2597,4022,8931,4771,4798,4301,2767,7353,9024,1460,2830,2461,9109,9183,7136,220,2978,9273,4595,3350,9359,3395,5745,1972,2532,5389,9458,2640,6077,4713,6739,469,4542,6021,6321,9571,9670,9768,4144,7749,255,4779,2174,2858,5391,9953
5878,6931,7766,5279,2287,5494,8261,6414,8324,2401,1205,893,5270,590,8431,8511,5194,4151,1857,463,7524,5762,5338,6709,580,7236,526,8603,1651,1423,3950,8706,5082,7121,4362,5295,5293,4041,7414,961,6217,8847,3894,5946,915,1845,312,300,1787,1091,7464,1864,7308,2812,472,6790,4254,1754,3759,2654,7013,7822,9025,7681,1171,5023,9110,9184,5657,513,2117,9274,461,3725,9360,4993,985,5301,819,3592,9459,4319,7233,2200,7221,5755,895,2743,4768,9572,9671,9769,2113,8091,4160,3167,3027,4855,2407,9954
4982,5522,5559,4903,2121,4647,8262,6745,8325,1915,493,1986,4858,1554,8432,8512,1756,3782,4720,908,7952,2140,5268,6507,2458,2123,2411,8604,1213,2625,5294,8707,6674,4822,2746,4811,7697,3744,5045,2588,5526,8848,7687,3885,1327,364,3454,662,1581,3366,3120,5818,4073,2495,596,4665,7322,7109,4462,981,3674,6810,9026,566,1328,2310,8020,9185,4048,396,174,8005,6412,1365,9361,6876,483,6830,460,1975,9460,2915,5377,3355,5782,5643,3587,4688,4746,9573,9672,9770,3896,9852,3675,5557,885,4382,3955,9955
119,171,704,1466,973,2673,7855,6946,8326,2778,919,1601,5153,3199,8433,8513,3832,4708,3934,4702,1983,4877,409,1613,1540,2376,1784,8605,4748,2745,7471,8708,6322,7032,5433,4574,7920,6338,7462,1947,5510,8849,4575,3992,4408,3124,5823,3638,3646,2402,7172,5618,7161,1259,2009,5094,3816,3946,1395,3262,2920,7924,9027,6345,305,5348,9111,9186,6862,2217,2150,9275,5015,1255,9362,2344,3221,2346,1545,3699,9461,2895,7477,3338,6642,1592,2276,3732,2480,9574,9673,9771,5576,9853,4248,5774,764,2005,2485,9956
110,145,405,882,959,2924,7451,6060,8327,3345,1089,2208,6562,2223,8434,7850,5274,1241,1409,1529,6748,2813,2570,2382,1230,5286,1314,8606,4038,1805,6840,8709,3995,6411,2616,1577,7720,6249,4331,3827,4126,8850,5709,4336,1412,1745,5659,836,2360,2809,7709,3604,7164,840,4030,6014,3913,3813,998,1790,5329,7112,9028,7674,3059,5938,9112,9187,7147,1530,1333,9276,3444,3529,9363,5016,3098,6958,1670,4545,8087,3577,5861,2819,6120,4921,3893,4709,7357,9575,9674,9772,1769,8092,3063,6602,3116,3471,3532,9957
2332,2732,2044,3377,1102,2111,8155,4850,8328,3207,501,2890,4243,490,7961,8166,2801,2235,3959,2656,6912,2847,5727,6873,6031,1043,1253,8607,2215,2828,4072,8710,6062,3058,5741,3071,7941,6569,3596,3102,1486,8851,7443,1077,1658,1004,4064,3961,3688,428,5654,1321,6240,143,465,3825,5740,4385,2546,1747,7219,4000,9029,4435,1243,4950,9113,9188,5934,2012,410,9277,5346,4817,9364,5053,1886,5974,1564,3290,9462,558,7487,2242,5670,4289,4387,6131,7469,9576,9675,9773,5819,7618,2805,3932,1624,4449,4847,9958
6358,6079,7450,7150,2148,5456,8263,5505,8329,1344,2431,4758,7335,787,8435,8036,4988,2850,2802,293,6968,3642,6592,6784,523,5955,1037,8608,2195,4800,5012,8711,3991,4333,2820,5866,7413,1964,7038,830,6429,8852,4724,5527,1106,1402,1672,346,2299,350,7160,6085,6518,616,329,6907,5621,3582,4372,3872,6941,7349,9030,3132,1692,4453,7959,9189,7589,225,623,9278,1936,794,9365,5416,769,6966,2203,4405,9463,3447,7689,2528,7508,6058,1442,3665,7117,9577,9676,9774,3092,9854,1042,2653,2056,5324,427,9959
2905,5890,6963,5436,3466,5179,8264,5712,8330,151,918,912,3175,163,8436,8009,2606,4172,1796,828,7067,6227,7320,5795,1639,5620,931,8609,3042,5481,4590,8712,4029,6477,1517,5566,6568,2862,3477,4116,3475,8853,3258,5511,1532,865,1174,1293,3804,1281,4899,1406,6051,1699,667,5466,4698,4980,2172,437,5857,7298,9031,7627,486,6791,7817,9190,6850,337,2712,9279,1152,5061,9366,4651,3019,5273,783,4193,9464,4365,3792,5349,6552,3977,2692,2880,6424,9578,9677,8218,5247,7576,3013,1891,2211,6838,4557,9960
109,150,317,446,1781,2370,6632,6661,8097,1441,4984,5449,5591,2599,8437,7692,1583,3887,3319,2475,7839,7319,4086,6647,4023,5355,2102,8610,4079,6001,5425,8713,6954,6428,4641,1622,7874,6268,4809,5119,6351,8854,7927,3774,1337,4483,2943,2188,3280,4152,7574,3745,2565,1977,1301,4937,5246,6635,2651,2608,3326,4192,9032,1002,1946,1070,7427,9191,3387,1443,867,9280,4898,494,9367,7848,3432,2498,1345,3964,8088,2338,5462,2935,6758,1768,3862,4357,3136,9579,9678,9775,4093,8032,1844,3700,930,3815,3747,9961
168,454,1439,3188,4177,5838,7856,2375,8331,536,1448,3930,7344,1663,8438,8514,3634,1519,4165,2596,5187,2619,1019,6286,432,1225,1863,8611,6697,6012,6706,8714,6692,6053,2658,2711,7768,5251,7736,3574,6608,8855,6934,5087,2426,3307,3510,4010,2693,404,7095,4096,7557,375,4065,7421,4163,3839,3691,1421,792,1861,9033,4646,4439,812,9114,9192,4004,265,2853,9281,1667,652,9368,7366,3337,6516,2624,2241,7853,909,4695,1251,5705,5095,4075,6423,7126,9580,9679,9776,6425,9855,4145,7271,4278,3361,1904,9962
87,53,22,13,16,44,74,122,534,5693,8360,8368,6870,8376,8439,8515,8037,7587,8115,7858,8547,8039,7864,8040,5315,6162,7918,8612,7859,8648,7336,8715,7031,8758,7677,7668,8780,4356,7545,7791,7907,8856,8899,7770,7989,7928,5947,7012,6471,7996,7933,6645,7536,7963,4513,7410,8932,8942,7733,5900,8954,8965,9034,9077,8127,5686,9115,9193,9234,4089,7113,9282,8208,9303,9369,9411,9420,7162,7522,6536,9465,9495,8064,9509,7739,8026,8028,3762,7437,9581,9680,9777,6193,9856,6464,7256,7809,9889,9896,9963
861,2191,4011,462,3941,4678,8265,4727,8332,2352,311,835,2295,3966,8440,8516,2040,4652,1216,3225,7604,4966,2149,7025,5327,6778,1537,8613,6976,1094,7281,8716,5344,5517,4685,3096,7605,6700,5867,6257,1491,8857,7851,2728,1588,3581,2973,5944,4286,1968,7086,4189,6440,1040,537,7260,5854,5192,478,2225,2205,5157,9035,1021,1828,1679,9116,9194,4432,2226,994,7891,7387,291,9370,5598,5065,5167,851,4447,9466,2490,7020,2670,6270,1291,2757,6783,625,9582,9681,9778,3738,8147,936,6817,821,1368,4609,9964
2154,6629,6942,6799,1807,4875,8266,6553,8333,2263,1444,2003,6598,159,8441,7983,5186,3892,2229,848,3931,3670,3985,4985,1347,4510,2709,8614,4361,4813,6248,8717,5470,5074,2667,4478,7875,910,1960,2386,4692,8858,4783,4114,371,1162,1782,2244,3149,723,6927,6503,5864,227,920,6737,5303,6727,2141,1981,5308,7207,9036,6787,2751,5464,8197,9195,6992,135,280,8204,3251,1587,9371,2237,2365,5842,2351,3922,7802,3664,7064,4576,7418,5821,2571,6083,4341,9583,9682,9779,3754,8148,2393,4252,2906,2254,292,9965
2334,5590,4832,3242,3636,5603,8267,6952,8334,342,3763,3729,3008,1239,8442,8517,1149,4490,1697,630,7490,7084,6283,7340,5257,4693,2563,8615,5394,5403,6027,8718,5443,6038,4971,2222,7714,964,4598,4364,4206,8859,6444,2873,722,1776,1370,1764,1549,4016,5412,1478,5595,2069,503,4812,7065,7145,2162,1559,2467,5468,9037,634,983,2313,7655,9196,6201,555,880,8136,5765,1100,9372,4956,1055,797,1066,3866,9467,1809,6432,4911,6296,901,3046,3322,1953,7748,9683,9780,6475,9857,2061,3329,768,5312,6596,9966
114,156,430,1464,1684,3598,7446,6153,8335,2221,2605,7307,6773,1725,8443,7453,6362,1185,4567,938,5733,1842,4589,6651,367,6937,1445,8616,5453,6547,5141,8719,5908,4705,2638,4933,8046,5333,7156,3663,2349,8860,4687,3952,1615,1195,5458,485,4169,512,7167,6669,6496,781,1562,4484,7626,2899,3087,4298,7210,6302,9038,7759,3538,4599,7890,9197,6192,891,1437,9283,2049,455,9373,4584,2725,7314,3547,3828,9468,2090,7014,2280,7092,6798,3490,5031,3186,9584,9684,9781,5546,7854,1373,5799,4528,3236,499,9967
101,65,35,7,6,34,64,100,229,3755,8361,8369,7832,8377,8444,8518,7398,7870,5262,6389,8548,7984,8556,7648,5737,7911,6121,8617,7424,8649,7732,8720,7954,8759,8767,8771,8781,7947,8011,6857,7785,8861,8900,7615,5860,5214,7978,8908,8914,8918,8921,7738,7800,8924,6244,8105,8933,8943,6330,5561,8955,8966,9039,9078,9087,7198,9117,9198,9235,7998,5888,9284,7591,9304,9374,9412,9421,8209,5926,7405,9469,9496,9503,9510,7804,9516,6527,7665,8141,9585,9685,9782,9814,9858,7489,9884,7389,9890,9897,9968
146,236,1084,2440,2021,5582,7778,4846,8336,2587,1957,2301,4601,2314,8445,6292,4389,4239,700,2103,6696,2575,4741,4968,5804,5222,1212,8618,2138,3968,5834,8721,5438,5609,2482,1207,8782,3786,7127,4699,2647,8862,3597,1474,2158,2084,2285,2398,3448,2361,6013,4438,6486,271,1913,3719,7002,4660,2970,2073,5763,4749,9040,2157,363,5158,8021,9199,5605,979,800,9285,4908,1338,9375,6230,4092,4890,2120,3281,9470,379,5405,3649,6767,4940,3901,5889,1907,9586,9686,9783,3881,8069,2797,5906,2789,2773,5558,9969
4538,6981,6195,3753,1571,678,8268,6971,8337,3169,294,1683,3983,1215,8446,7586,4103,4226,607,535,6845,5910,4113,5600,4180,3820,2006,8180,850,1819,4519,8722,5573,6368,4170,5635,7662,642,2705,896,2988,8863,3878,2076,336,2088,3715,1265,1511,3555,2124,3705,7078,2522,3342,6087,2727,6509,2737,2087,3599,6600,9041,7331,3056,4501,9118,9200,3616,1666,142,9286,4464,4772,9376,7309,1223,4671,1341,3689,9471,4910,7035,2449,6585,2091,2609,2744,6171,9587,9687,9784,1453,8093,2776,6970,2394,3629,3298,9970
5467,5687,7257,7021,1837,5939,8269,5726,8338,1193,4199,6554,7528,257,8447,7837,3383,827,4451,522,4806,2034,4539,6434,497,6673,2739,8619,2756,5103,5051,8723,5634,2082,1627,5026,7610,3772,6408,3261,5245,8864,5577,6467,785,1580,5313,866,3077,547,6977,5627,6878,758,252,6824,6570,4416,2731,3936,6017,7275,9042,3628,970,3791,8198,9201,6892,173,335,8006,2496,302,9377,6626,942,6566,2238,3328,9472,3768,7388,4843,5883,4340,3607,4265,4242,9588,9688,9785,6595,9859,1202,4388,703,2672,611,9971
81,105,137,334,417,1726,4849,4005,7773,1765,7593,7571,7810,3625,8448,8519,4994,1011,3306,546,7529,4691,6965,7152,753,7699,3430,8620,5332,2983,6484,8724,7295,1715,1260,4197,7906,5614,7141,3140,4706,8865,7678,6485,3315,6181,2256,3797,3683,1928,5928,7596,5704,1087,790,6849,7249,7567,2183,6307,6989,7008,9043,7786,3775,6551,9119,9202,7516,276,1238,6738,5138,1350,9378,7041,888,7346,2168,4957,9473,4351,7406,2153,5361,5927,5746,6442,5846,9589,9689,9786,7824,9860,1712,4754,3109,2220,602,9972
165,520,1440,3260,2451,1470,7686,731,8339,1289,3243,4672,6124,1178,8449,8114,4789,3784,2967,1990,7293,4872,2991,5954,939,5080,1150,8621,3760,4842,6763,8725,5474,5915,1051,4559,8122,6542,6807,4255,6417,8866,6054,4195,1382,4138,4222,3312,2648,581,6347,2909,3250,389,671,7362,7000,6316,4153,2272,6935,4744,9044,7216,235,5116,7760,9203,5690,539,1403,8205,1767,4602,9379,5152,3320,5108,2147,3728,7993,960,5896,922,5411,3311,2607,6715,7243,9590,9690,9787,3945,8149,806,5989,2367,4261,1033,9973
4603,4676,5104,6297,1649,2980,8270,5998,8340,2748,950,4667,3810,1632,8163,7967,2795,3131,4549,515,7561,2511,4281,6677,4934,3821,2427,8622,1196,2832,6196,8726,6341,2234,1609,1945,7494,4683,5283,2139,5695,8867,7580,4137,2611,1148,4070,533,1739,3257,5105,4864,5203,3424,197,5575,7070,6246,4463,1763,3806,6757,9045,358,3163,3370,9120,9204,5692,382,196,7793,5216,1257,9380,5078,475,5430,1755,1194,8212,2534,5319,4550,5917,3600,3656,2838,3854,9591,9691,9788,3028,8150,1127,5568,448,2810,5463,9974
97,61,33,11,12,40,68,106,250,3267,8161,7637,7459,7982,8450,8520,7460,7812,7762,5662,8549,8170,8557,7485,7613,7244,7519,8623,7661,7833,6041,8727,7693,8760,7897,6833,8783,7374,6841,7417,7606,8868,8901,7229,6725,7115,7044,8909,7737,7912,7877,7763,7039,7821,6157,5789,8934,8944,6797,7447,8956,8967,9046,9079,7964,6455,9121,9205,8055,6392,7090,9287,7062,9305,9381,9413,7363,7868,7540,7664,9474,7710,7703,7973,7949,8027,7915,6836,6383,9592,9692,9789,8220,9861,6985,7844,7608,7724,9898,9975
5633,5396,5862,6529,926,3748,8271,2486,8341,606,3300,3165,4799,187,8451,8521,4027,4390,2339,237,7294,6465,3503,5231,1246,6213,1305,8181,6011,5496,3749,8728,1671,5129,4312,6175,8002,2151,6871,2562,4586,8869,7247,2977,1325,1467,3898,482,3153,818,5929,3039,4275,990,773,6614,3103,5584,3686,3001,6331,7616,9047,4856,353,3717,8132,9206,6775,467,1878,9288,3584,1704,9382,1038,1897,5858,2249,4288,9475,2584,6537,4729,5682,6666,1284,2704,7270,9593,9693,8219,5676,9862,299,2962,1911,6337,1210,9976
5022,4506,6113,7182,1732,4925,8272,4577,8342,1069,6530,5480,7011,730,8452,8000,4337,1317,3451,316,7006,3473,5599,6765,479,6402,3553,8624,2637,2561,5856,8729,5287,1425,1872,3554,6943,4313,6685,2777,5014,8870,6904,6198,1825,3417,4323,872,2456,772,6309,6208,5307,629,199,6641,6326,6779,1282,4662,6487,7254,9048,5285,1933,5330,9122,9207,7250,170,636,8137,3142,298,9383,6948,388,5909,1644,2283,8213,3393,6620,3151,4802,4237,5035,5448,3241,9594,9694,9790,6084,9863,1060,5109,683,1579,424,9977
3567,5340,5380,5775,1487,6015,8273,5880,8343,1956,2400,4945,1875,232,8453,8001,3972,1186,2733,1190,4551,3535,3010,5122,327,4142,2363,7932,2250,4769,2163,8730,4995,6443,3640,4696,7452,3385,3794,3564,4918,8871,5253,5110,228,3176,2942,1573,2077,1339,7105,6435,7214,2070,2468,6731,2323,2318,4216,1240,4583,5130,9049,7533,340,2460,9123,9208,3368,635,771,9289,2601,873,9384,4801,2794,1965,2473,2631,7944,3692,3954,2867,4213,4461,1541,4840,7419,9595,9695,9791,4973,9864,3174,3248,1315,3518,1184,9978
4606,4610,7311,6567,3237,5965,8274,5706,8344,587,4793,817,4735,393,8454,8522,1804,3807,3421,365,7676,4342,7151,6917,1203,6792,3610,8625,4318,3463,3223,8731,4233,5426,5718,3023,7367,5839,5521,3979,3197,8872,6277,3470,2520,3203,5404,2209,5126,1318,5885,2717,7023,750,218,4062,5369,3378,1451,1359,2790,7439,9050,2985,391,4210,7513,9209,6625,279,1297,8206,1750,1232,9385,6339,528,4972,514,2856,8111,2768,6869,3226,6024,4981,3228,3672,4067,9596,9696,8142,6574,9865,1258,2499,406,5353,911,9979
5150,5350,6154,5683,1177,4866,8275,6115,8345,637,1737,1557,5608,1167,8455,8523,2842,4307,4354,464,7328,4977,5728,7036,3897,3917,2133,8626,1446,2447,3910,8732,2291,6499,6390,1675,5975,6089,7184,991,5328,8873,7376,5121,2948,5359,2405,372,2613,421,6543,3943,7329,1231,254,5528,3769,3606,3926,1710,7558,7457,9051,5735,2192,5422,8199,9210,7590,192,1023,9290,3285,1918,9386,6094,858,4745,481,1206,9476,1276,7110,4739,7541,5256,4316,716,6925,9597,9697,7905,3588,7836,621,3247,1047,2839,2265,9980
91,130,282,1116,1418,3182,7265,5684,8159,2818,1720,7030,8033,757,8456,8524,5968,2248,4046,457,7473,6010,5848,6372,609,7726,1905,8627,4552,4837,4649,8733,6947,6075,1085,4838,8784,2796,3694,2109,6654,8874,6080,5060,1462,673,4830,807,3809,1348,7175,6582,7179,1490,1723,5414,4848,5445,3105,3189,6908,6860,9052,9080,5185,6125,8133,9211,6447,725,1547,8007,2617,1701,9387,7301,1049,4939,2074,5410,8025,4251,7364,811,7394,7096,1719,3011,7326,9598,9698,9792,4058,9866,2874,4819,4060,5254,613,9981
5168,5837,4707,6505,1682,3020,8276,4292,8346,2210,932,3487,5678,699,8457,8071,3542,3218,3191,651,7704,5995,5322,6821,3865,6155,2897,8628,1108,2699,5791,8734,5815,3283,2921,4396,7321,5535,6508,3861,5325,8875,6969,4465,724,883,5701,487,1146,3524,6766,3714,7315,3569,140,5853,7239,2735,3234,4025,3485,7058,9053,1475,2132,3224,7354,9212,5912,264,509,7931,5984,955,9388,4368,213,6158,674,2366,9477,2741,7220,3041,6317,1744,3294,2680,5036,9599,9699,9793,6128,9867,1144,2281,715,4044,3220,9982
161,324,1419,3104,3036,4895,7881,6717,8160,1458,1714,1829,6650,1424,8458,8525,4082,2919,1117,2114,3783,2932,1760,6100,1929,5564,2218,8629,5552,4428,7101,8735,5970,4431,2610,5360,7368,5893,6874,3469,5027,8876,1126,3605,2665,2630,1056,3478,3269,1078,6035,3030,2934,569,359,5143,6229,3746,4381,2019,6897,5029,9054,5903,1136,4986,9124,9213,7568,825,1840,9291,599,3035,9389,6098,3489,6129,470,3441,9478,3829,7165,3321,6999,3647,4630,4015,5513,9600,9700,9794,6112,6504,1415,2300,3364,3392,641,9983
3504,4607,6238,7479,3495,5810,8277,4764,8347,1855,5607,4773,7227,740,8459,8072,5814,1558,3756,259,5155,4841,2785,4259,202,6403,2057,8630,4953,3580,3741,8736,3912,4616,1436,2792,7846,4314,5374,765,3808,8877,1497,4434,1028,1572,2586,899,3288,987,7361,5768,5971,776,2418,5937,3543,6445,1432,3814,5959,5932,9055,7813,2488,6045,8053,9214,4533,416,2494,8023,762,698,9390,4277,1090,6276,1591,3611,7938,3480,5428,675,4600,5978,1848,5431,5987,9601,9701,9795,4132,9868,2277,4133,2964,2834,186,9984
72,93,131,303,592,1874,5778,5613,7974,4045,3708,2324,5992,3585,8460,8526,4061,1400,4250,3255,5973,6261,4421,6363,1485,5852,3351,8631,6146,2971,4828,8737,5032,3722,2204,5658,7433,3643,6698,4037,2774,8878,3777,3546,2187,3551,4392,1330,3348,2387,7499,6664,6655,691,3602,5195,6919,2574,4108,3572,4035,5544,9056,4633,2258,3575,9125,9215,7646,2093,2097,9292,2953,3682,9391,3962,3410,6448,2755,3204,9479,2380,6212,2547,5754,6149,1142,5611,3752,9602,9702,9796,7104,9869,1800,3846,2252,3840,5178,9985
4161,5822,6059,6744,3858,3619,8278,4967,8348,2046,4475,2050,5164,708,8461,8527,3921,2368,3111,418,4328,3662,4136,2960,684,3723,2303,8182,1009,5668,3857,8738,4200,5039,2892,3996,4147,5739,5694,1495,5742,8879,1071,3170,738,1262,1354,1884,2589,3891,6481,5753,6482,2506,1270,6234,2615,1118,3211,1851,4148,6994,9057,7829,946,5615,7930,9216,6780,1479,1722,8138,822,4032,9392,4256,2033,949,1157,1401,9480,701,6899,2144,4730,1970,2724,6491,6646,9603,9703,9797,6159,9870,2008,1914,2518,5054,839,9986
4902,1097,1881,5991,5368,4188,8279,4376,8349,1689,3449,2646,7432,2385,8462,7939,3245,3779,4186,1603,6367,4625,4398,5125,179,5571,1943,8632,6806,4481,3431,8739,2105,5188,1984,3935,8047,3295,7258,518,2064,8880,2804,3171,3445,3249,4535,288,3358,262,5304,3902,6956,425,4894,6687,1607,5224,2514,2428,7240,5933,9058,7701,2362,6265,8134,9217,4118,661,3305,8107,1123,2533,9393,3195,3133,6072,1801,3282,8063,325,5952,1050,6018,5314,1086,2750,6528,9604,9704,8066,5081,8226,351,4052,4425,4689,632,9987
1039,2861,1389,1955,1880,2143,8280,5537,8350,2582,362,443,2573,1838,8463,8528,6253,5148,1452,2568,7667,6618,3070,5419,2622,761,333,8633,3740,816,6255,8740,2381,6022,4039,6207,7159,3836,4844,3536,3332,8881,5278,4104,2898,1311,4367,1483,905,2627,5093,4927,7539,1352,5209,7071,6978,4873,1191,1843,6789,6069,9059,7154,1218,6294,7369,9218,1018,383,3617,9293,1046,5217,9394,6921,436,6520,459,4185,7803,852,5539,2269,7548,4541,2214,4943,3707,9605,9705,9798,6384,6764,4891,4531,4954,2595,3624,9988
83,117,172,579,297,1113,6047,3594,7951,1302,2024,2956,6005,344,8464,8529,2993,2791,1122,3819,5592,5271,3406,6385,3401,6986,2446,8634,5182,4970,5583,8741,4860,5720,5650,3761,8785,5685,6579,3978,6019,8882,2032,2540,1985,3679,4784,4223,2207,3227,6801,5729,6962,1465,4494,5444,5316,7391,3438,2118,6360,5951,9060,1454,2668,2585,8054,9219,4343,2079,644,8057,5981,4728,9395,5334,3202,6751,1687,3465,9481,2309,5233,1752,5004,5170,4596,6794,3040,9606,9706,9799,5784,9871,3613,5277,2415,4566,4714,9989
96,60,36,19,14,43,70,115,268,2714,8362,8370,7132,8034,8465,8530,7189,7542,5548,7788,8550,7893,8558,8117,7416,7456,7373,8635,7871,8650,8185,8742,7840,8761,8768,8103,8786,6359,7784,7841,8793,8883,8902,7348,7872,8904,7213,8910,8192,8919,7942,7806,7801,8049,7306,7532,8935,8945,7934,7225,4767,8968,9061,7299,7901,7129,9126,9220,7564,4417,4518,9294,7300,4546,9396,9414,7781,7602,7552,7356,9482,4965,7892,9511,6900,7672,7675,7560,7317,9607,9707,9800,8143,9872,7909,9885,5292,9891,9899,9990
79,48,20,10,24,51,85,138,903,6004,8363,8371,7757,3758,8466,8531,7312,5703,7052,3888,8038,8552,7518,7985,8101,7420,7047,8636,7860,7287,7826,8743,6033,8762,8187,7085,8787,7658,8123,5806,7921,8884,7899,6834,6430,4760,7792,7795,5046,5263,7702,7923,7401,3999,7588,7741,8125,8946,7650,7715,8957,8969,9062,9081,8128,6808,9127,9221,8056,5887,5963,9295,6714,7569,9397,7937,7251,7903,6825,7782,9483,7063,9504,7500,7504,7585,6788,7690,7263,9608,9708,9801,8144,9873,7385,8228,5005,6910,8153,9991
55,30,15,26,47,80,128,440,3179,6305,5625,4269,7708,5699,8467,8532,7896,7774,5935,6494,8168,7595,6114,7120,6511,8102,6710,8637,7609,6913,8186,8744,7526,8043,7566,6888,8788,7434,7496,7463,6623,8885,7562,7212,6272,6644,7639,6955,4068,2098,7883,7799,8194,921,7057,7847,8936,8947,3113,4854,8958,8970,9063,9082,7242,7746,9128,9222,7744,4594,4492,9296,7696,6177,9398,9415,7404,7981,2579,6441,9484,5637,7884,7797,7634,7202,7831,7755,7603,9609,9709,9802,8221,9874,3766,7289,6691,5479,7290,9992
349,780,2581,4495,1708,3082,8095,6662,8351,2555,3239,5514,6617,245,8468,8533,4874,2095,2896,2081,3067,296,4414,7016,356,4168,1655,8638,5424,5140,6770,8745,6223,4852,4621,6333,7573,5252,6474,2877,5985,8886,1566,4700,726,538,4234,1934,2550,1242,5476,5967,6324,1766,2664,6258,4050,4867,3219,4276,5215,6732,9064,5365,1154,3145,7997,9223,3062,125,1735,8081,1645,2508,9399,4694,2837,5435,3002,2294,9485,2216,7465,3233,4366,3291,3884,6521,5063,9610,9710,9803,5972,9875,813,5673,3148,1813,995,9993
54,75,112,176,263,1430,4964,6902,7945,713,1456,3867,5201,1057,8469,8534,4659,4327,3509,744,7218,5506,6340,7313,1674,6663,2620,8639,5863,7237,6607,8746,6313,7081,3309,5948,8789,1808,5112,2863,6640,8887,6668,4948,3711,2284,4935,2576,4121,989,7305,7486,6998,1378,1307,7399,4999,6378,4088,2539,3853,7581,9065,7935,2907,7017,9129,9224,6703,706,2661,9297,3347,5347,9400,6501,3106,7660,3372,6245,9486,4268,7873,3516,6887,7407,4122,3420,7054,9611,9711,9804,6357,9876,2572,6251,3399,6426,1847,9994
5748,6172,6074,4987,2626,4146,8281,5569,8352,2312,1795,2763,7327,654,8470,8535,5851,1140,3117,338,6893,4437,6705,6638,332,6470,1449,8640,2025,3654,2513,8747,6101,5111,2614,3097,5920,4380,6188,948,6548,8888,2740,4752,614,1523,1652,653,2445,1065,7178,6877,6918,1168,568,5829,5752,1119,4105,4386,4928,7623,9066,7583,2233,4544,8106,9225,6583,217,963,8058,986,2373,9401,5960,545,5352,976,2947,9487,4264,7584,1531,5730,6909,1653,3091,7203,9612,9712,9805,3278,9877,3095,2055,2135,5417,874,9995
5306,5907,6242,7157,2430,5940,8282,5649,8353,1411,3484,3958,6932,392,8471,8536,4825,1860,2641,204,6279,4810,5628,5507,376,7034,1393,8641,3050,5071,3137,8748,4682,5439,2749,2526,6800,2823,5976,1219,6109,8889,1922,4657,239,1527,1509,940,2247,2391,6842,6278,6786,1081,521,6500,4716,2888,3354,3094,3359,7337,9067,7332,2416,5199,7753,9226,7325,230,815,8207,862,1923,9402,3539,947,6232,1170,1771,9488,3265,7277,1548,5269,6689,2554,5266,7009,9613,9713,9806,3876,9878,3425,1898,2219,5644,829,9996
6043,4863,7365,4236,3515,6312,8283,6820,8354,1480,4775,3130,4111,945,8472,8537,2738,3583,3589,310,6531,6262,3139,5461,889,7074,3429,8042,5050,3785,4415,8749,2826,3799,4679,3302,7535,3419,6108,1862,4619,8890,4725,4303,1916,4571,3718,2691,3609,1134,7123,6250,7259,207,290,7142,6176,6416,1450,2878,5492,6478,9068,2236,1135,2701,7991,9227,6169,185,504,8082,3375,419,9403,6119,1360,6535,1504,2864,9489,3335,7015,3795,7163,1882,1873,3890,1711,9614,9714,9807,6837,9879,917,3376,289,2923,369,9997
4658,3693,5990,7087,1935,4107,8284,4026,8355,1539,3652,5884,6769,577,8473,8167,4677,2026,4355,238,7491,4183,6538,7200,712,6221,3256,8642,2004,2972,4585,8750,6410,1522,1550,4308,7360,3264,6701,2432,6048,8891,6938,5626,1833,1912,5242,619,2493,1025,6050,6439,6093,763,200,6584,5993,4816,2677,4159,5291,7285,9069,3334,2404,5058,8079,9228,7507,164,649,7777,4257,655,9404,6782,285,5872,1498,2950,9490,3043,6708,2290,6401,4818,3886,3618,5320,9615,9715,9808,4569,9880,742,2800,707,2542,578,9998
3152,2821,5612,5442,3416,5098,8285,5999,8356,3924,1292,1595,6865,1408,8474,8538,5297,4123,3851,226,6433,6859,4012,6587,224,7018,711,8643,4240,2261,2011,8751,6096,4914,2997,2524,7977,3702,5713,413,5465,8892,5994,2995,1064,1052,5471,339,2952,1736,3838,5519,6848,1584,3398,3533,5091,3482,3661,4456,4224,6945,9070,7107,4201,4440,7852,9229,7072,834,1438,7617,3266,4515,9405,7033,498,3874,1199,4781,8214,3110,6164,274,5562,6070,755,1909,6259,9616,9716,9809,751,8227,1638,2912,2681,4245,585,9999
103,66,37,9,4,32,59,99,222,3514,8364,8372,7857,8378,8475,8539,7629,7543,6903,7717,8551,7725,8559,8171,5588,6822,6355,8644,7825,8651,7735,8752,6756,8763,8769,8772,8790,7341,7283,8013,7816,8893,8903,7521,7380,7649,7296,8911,8915,8920,7700,7670,7688,8925,5264,7144,8937,8948,7386,6210,8959,8971,9071,9083,9088,7807,9130,9230,9236,7116,5921,9298,7719,9306,9406,9416,9422,7754,6879,6285,9491,9497,9505,9512,7635,9517,6590,6374,8216,9617,9717,9810,9815,9881,6271,7510,7511,9892,9900,10000
