-3.11293849589316	3.43968614428642
-0.24207604246647	0.283790229869415
-1.88458706644061	2.07299516526353
-2.14691635442438	2.46151208052476
-1.19236803475947	1.35466608872348
-1.76083448020147	2.01291124302809
-2.13780919000333	2.37158675964849
-0.619780914559563	0.676399958358849
-2.06666481694862	2.43075026985433
-0.709052935866072	0.836413542116556
-2.80894903881048	3.0382136499168
-2.07965837009286	2.37269251882238
-2.04438485835718	2.29574081536774
-1.37132942412818	1.53710494661304
-2.88002427148196	3.17282074441211
-0.592358697692244	0.682082624481758
-1.52240114589078	1.71744960078753
-2.06295107203051	2.29156354152517
-1.26832097382479	1.34566077745087
-3.06059237807857	3.40153709987645
-0.44897964941578	0.601153751130511
-0.342876868261008	0.368472371789332
-2.7449566268768	3.09610615355308
-1.74823672073263	1.9619077751102
-0.419972970760733	0.446382355581598
-0.330050376827466	0.333414280297123
-0.55225996027666	0.586769895596349
-2.81733352724672	3.12035506396352
-2.41851606992498	2.66066693694803
-2.40319964449756	2.72229652374291
-2.56475684069544	2.75456620962559
-2.7012228463253	3.00511590883121
-0.629569190957602	0.641511570056116
-2.6924857604001	3.01396566640848
-2.28252468157288	2.53707268109816
-1.24268073885576	1.43104663088846
-2.35795106765836	2.57575868673319
-2.19923976169957	2.44717708878256
-2.06977971751133	2.34248242163922
-1.21672229789839	1.34227495520295
-0.408922976148846	0.433162220045353
-0.786034120037106	0.906024543386629
-1.45734700477372	1.56004285317517
-3.06173738378357	3.40547510265769
-3.10576551191026	3.41354591723171
-0.0962153064368077	0.0990708470615139
-0.764175245111797	0.819526752891906
-2.12483499712661	2.34175316925336
-1.62376206386147	1.85631627996028
-2.21841909084599	2.45365153072265
-1.06584303990644	1.17034459268233
-2.38383790184149	2.71901187268127
-0.453502455439001	0.494797062299258
-2.00589252544169	2.31743745350487
-2.39898059007396	2.6929100337655
-0.401715680609928	0.446374927013771
-1.81217097859776	2.02254327993146
-2.31250246610086	2.6150373749844
-2.80658186337425	3.13663350139196
-2.62877184852018	2.90722409305713
-2.38717308799633	2.68972671954277
-2.92698618500919	3.28809814778328
-1.75960921641283	1.94559363108276
-1.15168094979684	1.27449619715502
-1.31754043872236	1.43951614108541
-2.40433551078192	2.66222968683534
-1.47539616618852	1.61206319077755
-0.983554919937257	1.09330630227807
-2.97713005378672	3.33987099239997
-0.813031792594878	0.890992771050924
-0.904470897909407	0.961769626287293
-0.764823070490401	0.810993964775015
-0.728936941488196	0.750652212899678
-1.89421642145481	2.06993607500262
-2.18967842017166	2.30616749242776
-0.95718768205022	1.01278992986212
-0.723026479769863	0.766436920883909
-2.48543766227119	2.61888403062796
-1.31587550072103	1.54862381370078
-1.92727101391668	1.931886464485
-1.5423182540534	1.68688380070943
-1.9071240715628	2.007104624133
-2.285478018278	2.56475180894324
-0.668330272550744	0.73207584630537
-1.06036171152417	1.20552753300996
-1.7152963698328	2.04473947853536
-1.08858540769972	1.17904390618898
-2.19242623894887	2.46603101840138
-1.18402419339738	1.46843885683356
-2.11602810052469	2.42364232267162
-1.90692136765172	2.11209336882747
-2.13452492518448	2.31862842999558
-2.13040579651243	2.41158031857419
-2.7073019743377	2.99367702037456
-2.81162771433766	3.12543217377415
-2.90776178305025	3.22020778152523
-1.51570835651624	1.65946145003881
-2.46006263964589	2.77643007867599
-2.32927216205769	2.62023307353305
-2.80869635441516	3.17975696997608
