1.60809184606293	-1.55766720400288
0.19704197374575	-0.185208184303052
2.75976898249227	-2.53945250680827
1.37166754227312	-1.2613740873631
1.03791691573077	-1.00720592562105
1.36525847459642	-1.16376590567929
0.581466183732656	-0.53290933036568
1.05765060075547	-0.93448276766275
1.57583967068174	-1.52087820463682
2.08926859603576	-1.82939200871042
1.98488835169658	-1.78626624391163
1.77271588481651	-1.5377180000592
1.3206381788662	-1.12603027078341
1.12642346111693	-0.989608747791726
1.37874050421167	-1.18936015468903
0.679095841561562	-0.742575383835187
2.2459797680848	-2.0977907262442
1.08103261088001	-0.834662752394342
1.92403532030905	-1.5923552521318
1.15192007276883	-1.0090556043292
2.39545424022873	-2.2162132701897
2.1898655751772	-1.99255040861947
1.8069478889114	-1.52210884131222
1.82623018853191	-1.72287215559846
1.49986764820709	-1.37137739262662
1.38877101541518	-1.19789783215209
1.67143643957973	-1.56640088553003
2.38723489766499	-2.06384212307798
1.7940907530441	-1.59251467925526
1.74803143099878	-1.6769011550234
0.82319405059467	-0.65745394065076
0.744621526320765	-0.84601910914529
1.3213892300449	-1.41692133958744
1.06507204165321	-1.10618258018597
0.0809874752436587	-0.0933665328377748
0.546936920548342	-0.190430813390992
1.15842795599999	-1.25709429836209
0.630246107541265	-0.614498791058701
2.1730359212959	-1.90536357508751
1.78880797769806	-1.69449950599906
2.68721779096807	-2.46699104875418
2.44250774297525	-2.23911888766868
0.945642815098255	-0.858694862143462
0.32401951325509	-0.319145598382334
1.29484907777514	-1.12018119802489
1.92436403863697	-1.62638769101575
2.57397168756523	-2.37112312208496
0.279849093744921	-0.2876542735918
0.983159326136532	-0.920019221810751
1.80120702166062	-1.73836557229049
2.01995595408079	-1.77259581730288
1.92848841690176	-1.6950615241746
1.55816231943251	-1.23961652471265
2.3116193038505	-2.03535580707322
1.18141684015807	-1.26977972828725
1.87667856912723	-1.51792011580743
1.72118079784061	-1.42593174979157
2.34769057094709	-2.1653389806528
1.65081345084855	-1.50233142557464
0.610775849796767	-0.567606700069849
0.287332131980917	-0.259967148199605
0.910712275304957	-0.773706703600445
2.59107444712705	-2.32964005031218
0.353518759254365	-0.351556896899816
2.43418049854836	-2.17502295739825
2.11204828697433	-1.96419861933487
2.48647673027094	-2.1736972700637
1.99147495658929	-1.60805298452386
2.29556391660445	-2.06496422112845
2.71024951724727	-2.4729239115227
0.196761763671038	-0.16926402642518
0.659592476316241	-0.580163994275283
2.40728850867003	-2.24688958508719
2.52475372680535	-2.29205758383181
0.838666040880288	-0.753303337316431
2.56693878948	-2.29536143891334
2.57064980069914	-2.3706637723638
0.109400234949406	-0.115793952063381
2.46856238067595	-2.27779235994208
1.28279294697184	-1.30518512345586
2.3153557064177	-1.98736006159945
0.161663504508939	-0.171443828792191
1.53104363798632	-1.39782416666989
2.69817696882525	-2.48233527945026
0.17192149041856	-0.166742876489876
0.789556112282688	-0.744878167911492
1.46219281913797	-1.42966334431161
1.62861578389096	-1.5840400268151
1.592792423795	-1.28672560491921
0.63984920880804	-0.650692994348181
1.50467578843056	-1.21960546991239
2.32615938253672	-2.1084807186133
0.32137763646391	-0.314961613996484
0.312084430903715	-0.293545252051819
0.394085000211635	-0.370122612236427
2.35070258394866	-2.13236176890028
2.55175632363798	-2.3187569722814
0.550772010599687	-0.498756041885211
2.43186080355612	-2.18192034021446
1.02510824061931	-1.02549321397615
