0.00163410950529854	0.00841790467749718
0.00371294134822317	0.00283478182070638
0.214763170991639	0.707910154664235
0.00428416958558161	0.0356260466950031
0.00271784254057887	0.00841773596338731
0.190559894818814	0.616807041986874
0.113841604655723	0.398695196765816
0.118282859595447	0.384218604958558
0.00341897450971312	0.00836351372931984
0.212186866050371	0.657072550552393
0.205159103299454	0.637405353958758
8.70233940271007e-05	0.000606787314846263
0.208261811837502	0.642743669556089
0.199413906244061	0.617621368935527
0.213083548726214	0.694346222926783
0.195482634668241	0.604365867755165
0.170717301046692	0.511440000973614
0.214539127480625	0.699823884003713
0.206397090147787	0.568206764236541
0.14867819283058	0.467590352589272
0.178231556417	0.520652809742588
0.216712437869232	0.707655503877275
0.207660905932476	0.585656751165279
0.00660670645355576	0.0645033181205415
0.00473525529881261	0.013290488002901
0.0614575636235421	0.19175517286677
0.209382944018376	0.643674327955698
0.120242283323658	0.330080256556503
0.0587996685692118	0.202360825483465
0.203879620465048	0.524925816482622
0.0344600350034879	0.0878301275845334
0.212372978223433	0.668641530887893
0.0734972505346315	0.250752724399526
0.182279539617024	0.589223008205376
0.209561129247997	0.681304807583271
0.211637333903443	0.744780117974859
0.10064293823609	0.293989436310401
0.177642415648643	0.553778693629338
0.142711540252733	0.62098018057408
0.0151055793316451	0.0561274951477841
0.00786118894954072	0.0179021362005508
0.211040774626223	0.669302471547687
0.00388624201930192	0.015787183414914
0.069891023522588	0.246277190648905
0.0214518687632294	0.141406583376334
0.108989685074675	0.326755726852021
0.0797301392981403	0.283631034709502
0.00261555418861584	0.00588283528651347
0.185787776895563	0.607194504566513
0.214788052766762	0.614402792724134
0.072790160819332	0.349484356745431
0.0226916295066192	0.168876864592705
0.207319684496773	0.620862572261212
0.209825920145657	0.531553054243517
0.149379944795417	0.501650345879064
0.000939363950703213	0.00917252962230147
0.196036385573737	0.661025121330487
0.215810906663839	0.716356773846279
0.170441368412204	0.520303387697686
0.205404206060469	0.648320960216462
0.208996946534392	0.668284076677912
0.152769867962195	0.558408112663453
0.0057771947042015	0.0110420329185482
0.0831749768218681	0.281288945039186
0.205839180258539	0.578978349658836
0.215288796849484	0.648748350080265
0.205767121317343	0.641836909383952
0.216428517444832	0.692536405365349
0.207901601939042	0.700514417507004
0.124187910666124	0.413141906949726
0.218678105377227	0.71258262490601
0.0016039286038593	0.00108731661163008
0.158039812252617	0.557983326218321
0.154599190439977	0.485760961766474
0.160481651639777	0.520915031945401
0.0177737828435518	0.0483082209778753
0.214626433469522	0.636138900769243
0.0136216779740137	0.0786021951576178
0.136088065889378	0.384459388875032
0.113246209673082	0.345579655218922
0.0256264535626132	0.0952092562685358
0.165325584428606	0.522577299536516
0.212841248823283	0.711235913895789
0.0534245502025009	0.17599145950471
0.091934078906673	0.277017910795705
0.065287270564926	0.148758890962672
0.0778368009353279	0.264015375242013
0.0910627774963691	0.273087952078082
0.186205175786798	0.590672516768248
0.0573331022585312	0.17946634964308
0.028782656379977	0.10987641080888
0.0975868629644832	0.300223625555147
0.216170146603161	0.642360298341551
0.109900294354517	0.341658855084784
0.105004612483851	0.346581364720362
0.212877360867323	0.676623123653701
0.016631717422933	0.131931869547424
0.0369147149205809	0.0469552212413875
0.0523213285076317	0.12405634327388
0.0714363187152743	0.279180154155571
