4183,7689,1042,1210,364,880,7851,5327,2295,7995,1359,5757,6936,7221,6231,7950,554,5291,1364,8603,7201,5657,7177,7432,8522,7478,5923,7162,3335,7838,1607,8761,7011,3843,8860,343,756,1648,1177,2036,5324,5385,7211,8966,3790,175,5957,8159,5627,3559,1370,4243,4114,4093,8427,6223,2326,5982,5175,9135,9207,2416,7627,9288,6324,2865,5545,2054,6141,3401,9389,9489,4974,2629,1965,4582,6026,9553,3949,7894,3654,9696,1025,7806,2738,2650,5664,7241,775,4140,30,2464,9815,9890,3987,240,1839,4241,2897,5140
1197,2623,8678,4507,1533,5936,8684,8285,3036,5550,5464,7336,3310,350,6642,1791,8491,4720,6038,6216,4802,5851,8751,2585,7028,4096,3885,8608,1326,1785,472,8762,3142,4560,8861,555,687,6413,7511,1090,6568,6635,859,8967,4805,944,3530,9059,8000,2638,2654,6260,357,3782,1723,5965,1917,8098,6243,9136,8371,7964,7471,9289,6458,1269,9381,252,6932,6699,9390,7709,820,1898,5083,8651,7701,9554,5413,9653,7128,9697,7282,4403,8438,9800,7435,3706,7087,6155,151,207,9816,9891,889,2953,1142,1253,7866,8486
1097,5130,1643,3006,4700,3122,8447,848,1587,2538,1773,7261,5054,4932,5773,5059,2061,4623,1465,5949,3562,793,4682,2804,2422,7132,6145,4774,4023,7934,2378,8763,7346,2397,8862,2430,5457,1728,5447,5731,4578,1637,6561,8968,1008,1742,4996,9060,3591,7359,1883,5809,1788,3327,7778,2367,2004,4203,8470,9137,9208,3918,4788,9290,3469,5082,2427,1361,4069,5983,9391,8072,3232,2232,605,1998,7813,9555,937,8374,4008,9698,3695,3476,2535,8439,5769,4518,3514,3946,1286,2090,9817,9892,745,162,4644,268,2761,8152
5997,7724,3538,5127,6536,6438,8126,7557,5266,5670,6899,6965,5782,81,6900,1842,1778,4979,4102,6516,7877,4149,5872,4526,7019,752,1134,6097,2794,668,2301,8764,4450,4234,8863,736,1275,4588,4565,1220,3259,2474,4631,8969,5425,3301,1987,9061,2878,8096,7514,5409,3976,1918,123,1321,613,3638,8428,9138,9209,783,6939,9291,6872,5206,3162,615,6188,6940,9392,9490,4196,1665,6507,6107,7264,9556,6646,9654,5601,9699,2643,6522,1994,8667,5995,1129,625,6684,351,3635,9818,9893,1446,387,6468,3536,3382,8398
5647,5123,1148,1724,7980,6080,7818,1501,2707,8414,5648,8521,7553,5283,8145,8733,1254,4009,371,8604,4597,624,6376,7766,2522,2139,7097,4831,4041,1107,3989,8765,6717,1644,8864,5799,1277,5992,2383,7230,7632,4770,8961,8970,2589,596,2728,8618,4359,9118,468,9121,493,7697,8351,6569,1737,849,7732,9139,9210,1106,5593,9292,8431,4394,2053,6945,1076,8647,9393,8392,4785,4545,1650,2348,7147,9557,1074,9655,8659,9700,2756,7472,1335,7992,7045,6617,2552,7836,1053,1441,9819,9894,177,549,4675,740,4719,7659
1149,8249,5038,3230,3486,3535,8685,7588,1809,6964,1937,8021,8190,5414,5703,6709,118,4449,731,7678,6157,2844,6208,6749,7591,7569,6096,5892,2067,2212,4159,8766,7292,6773,8865,911,6257,710,1944,2610,2743,3253,8523,8971,2484,194,7882,7953,3547,6797,542,6871,2773,2697,8224,750,1904,7937,4380,9140,9211,957,5295,9293,7452,7251,2753,5720,1528,6134,9394,9491,1392,1594,1938,4265,5497,9558,892,9656,6419,9701,1443,7217,6130,6527,5257,7372,1205,7586,2976,1044,9820,9895,890,448,2045,1316,6647,7780
768,7958,2675,4575,169,1999,8686,8413,2143,7026,3002,7343,2807,2572,7572,1457,5267,5571,2114,3737,6685,2760,7730,3107,4988,4435,7448,8112,1954,4107,272,8767,3160,2028,8866,469,538,3242,3288,2388,2269,5386,3539,8972,3948,460,6970,8279,8425,2088,1503,8097,4511,1558,1980,6364,1287,7486,4987,9141,8340,8028,6352,9294,8056,7664,7146,792,7295,7491,9395,8510,4762,3272,2166,7297,6637,9559,2384,9657,7657,9702,5278,7265,3850,7756,3767,7353,7268,3109,85,1912,9821,9896,4872,20,770,4689,2925,5699
2579,8168,5568,5238,2916,7446,8687,6183,3331,7858,1852,7693,7176,5921,7538,3829,1734,4945,517,7819,6834,3770,7911,3296,7791,8156,6308,8157,6063,7972,105,8768,4163,7641,8867,214,3363,547,4856,680,807,1950,8267,8973,6331,723,8406,6486,4401,3686,1483,6798,751,1508,1237,5467,5515,7248,7350,9142,8569,6931,5029,9295,8029,7307,1876,781,3733,8102,9396,7720,5826,1091,800,3704,4763,9560,2449,9658,7978,9703,5078,7444,7658,7598,7463,7636,5660,2513,62,901,9822,9897,2267,381,620,2102,6820,8487
3659,6079,7587,6552,530,2325,8688,8489,5456,2527,2676,7737,438,228,5570,1350,7548,4709,3434,5469,4947,5644,7615,2501,8361,765,6653,6724,5286,1048,215,8769,1870,5552,8868,302,1797,4842,6340,356,5292,4467,3922,8974,7808,1536,5536,8619,4213,519,4072,8367,3966,7753,1769,3254,514,4447,8503,9143,9212,7754,7742,9296,7361,6511,6788,776,3522,7873,9397,9492,2984,3280,2200,3011,8354,9561,7085,9659,7991,9704,1720,3147,8336,7340,4169,8260,1943,2217,136,3053,9823,9898,5780,712,2573,7226,6388,8590
4237,5233,5462,5490,4608,2270,7536,6736,1453,2251,3660,3116,2667,2776,6691,4099,3329,4128,632,5438,6420,2968,4472,6531,2586,5574,5052,7010,1406,5530,306,8770,3963,4319,8869,1995,5692,3979,2220,724,3980,4915,7003,8975,6012,108,5686,8114,6806,7885,4916,1730,1422,2379,8082,4952,2649,6664,4235,9144,9213,741,4639,9297,4663,5987,3849,910,1354,7855,9398,4771,994,4258,6789,4161,4737,9562,3473,8058,5792,9705,3521,4249,7796,9801,6443,4931,2130,6033,471,255,9824,9899,325,400,842,4985,4253,6194
6021,6373,7691,7431,3325,5203,3152,1379,1910,2604,6484,2569,3060,4422,5445,8201,3389,4017,467,7728,8294,4677,4603,719,8091,1513,5735,1649,6339,1021,7912,8771,5755,6240,8870,864,1975,427,1928,3883,6312,4595,8962,8976,3307,39,2227,8526,7884,4764,1660,8301,1168,4742,7671,2389,405,6153,5609,9145,9214,2900,3456,9298,8315,4264,2516,3669,819,7288,9399,9493,3248,4693,6213,2435,5171,9563,5743,8575,8150,9706,7567,6101,7390,8668,5566,5690,4287,4387,951,649,8585,9900,197,1176,1037,1434,5996,2979
4937,7774,4113,7746,1629,1471,7759,887,4104,2250,5058,5440,2333,2081,7291,8734,6276,684,580,3683,7278,4336,5065,281,8458,391,5599,4298,3974,3497,4381,8772,3529,5632,8871,771,1802,1480,3202,3385,641,2907,3498,8977,7185,1961,5372,8499,5368,5531,2800,5041,523,5562,8633,3019,581,3236,5480,9146,9215,1304,4012,9299,2575,2529,3647,3150,1780,7755,9400,9494,1562,2135,2500,5751,7369,9564,3745,7921,7895,9707,5528,5884,7266,8306,2155,1981,1348,3028,1781,1599,9825,9901,2754,3677,3423,2823,5316,6876
3491,5922,5214,1432,7510,2042,8544,1736,2410,5523,5219,5945,5028,5304,1049,8554,797,713,2645,2401,6575,1486,1067,5204,5342,5882,1096,4335,4201,328,8363,8773,5250,5845,8872,2129,1154,1684,3091,4573,2803,5072,8298,8978,6099,4791,4342,9062,3513,6848,4074,1795,1094,4126,444,2607,3691,7039,6176,9147,8334,958,6061,9300,6283,1846,1605,1549,3342,6178,9401,9495,2044,4276,3425,3641,4997,9565,4408,7685,3464,9708,4190,5824,7874,8582,2763,4061,559,3163,802,1892,9826,9902,755,2161,3115,6496,3726,5733
2506,3073,5863,5998,7556,2437,3309,6990,558,6249,1925,1028,6606,3336,4110,3388,4465,4412,2498,4822,7602,3975,1543,5873,6554,1750,3120,6654,3607,5068,2536,8774,6271,6120,8873,584,2588,2268,903,2705,4509,1373,7985,8979,4580,4160,2910,9063,6619,7417,2279,993,3128,6024,256,2560,4022,3636,3268,9148,9216,2015,4973,9301,6052,4085,3856,814,5230,5170,9402,9496,1856,1219,1962,6236,5421,9566,6349,8304,5789,9709,5213,4109,6148,9802,5689,6037,774,2906,1753,2299,9827,9903,21,823,2109,2605,1519,7300
753,7259,811,1942,1793,6911,8689,2725,8064,5971,7578,5395,1694,571,5143,8418,7459,1540,4385,3709,6581,409,4628,7172,7379,6310,7652,8147,5853,7169,2273,8775,4200,7752,8874,1790,406,474,7137,3789,2145,4368,8113,8980,6626,1138,5293,8620,4589,5746,4245,6090,734,2082,1360,3608,4362,7360,6187,9149,8412,5404,3126,9302,5169,5412,1673,1585,4921,5928,9403,8648,5620,4145,273,4059,7530,9567,3015,8478,7721,9710,3360,7218,1670,7923,6514,5805,1572,4515,150,894,9828,9904,4870,51,2480,1526,3143,8062
2441,3955,4668,1983,8680,2848,8063,3083,5963,8720,6195,8384,6399,8088,8417,8601,1639,6348,131,8742,7878,2019,7765,8090,5260,7064,8494,6596,8422,661,2840,8776,3003,457,8875,4294,1063,2442,2812,4850,8069,3112,7801,8981,1491,539,8133,9064,7065,6385,1816,9122,326,3076,6995,4392,222,1748,8635,9150,9217,9286,4216,9303,6753,1697,5684,1889,651,9383,9404,9497,2838,4043,1590,3892,6435,9568,926,9660,8355,9711,4001,8579,3785,5397,2862,8141,485,8673,900,1315,9829,9905,330,1233,8084,531,7373,9990
1504,5347,4745,981,5745,1765,7103,6744,6605,4830,3866,2601,4205,2853,7233,8155,3212,2507,3238,7041,1695,1800,4670,5677,6662,4886,5897,5366,1628,2648,6111,8777,4296,5300,8876,1473,4591,693,5912,4260,4592,1849,7004,8982,990,3890,1338,9065,5937,6545,5092,6534,2835,1101,6598,219,3352,2087,5050,8257,9218,4627,2934,9304,5202,4862,1725,3293,4969,3462,9405,9498,3616,4094,1157,5732,3750,9569,5373,8106,3247,9712,3665,4998,4789,7187,2557,1050,56,5374,1554,14,8674,9906,453,869,4622,2132,4991,7817
1258,3445,6416,2947,7575,4058,7712,6428,5585,4795,7457,1318,7393,6857,6776,4860,4889,4801,786,550,6992,6355,2541,3206,8264,1178,6089,4078,6118,2162,5200,8778,3355,1284,8877,235,294,858,6774,3424,3297,5454,7952,8983,6760,4646,2323,9066,3744,1743,6409,2666,3919,484,2043,3753,1517,2960,7871,9151,9219,930,7803,9305,7481,4366,1415,1312,2621,7832,9406,8073,1807,4852,6248,4848,5681,9570,6395,9661,5237,9713,4643,6675,6974,7773,3391,7354,488,2071,161,3851,8380,9907,69,3155,5629,1677,6854,8037
662,6865,7758,7630,2058,7060,8690,7599,2380,7342,3269,8289,3246,3034,6319,1011,5231,7560,585,5712,6095,4819,7474,8040,8311,3271,7358,8403,6119,7202,186,8779,4036,6282,8878,249,2633,1976,5493,998,5301,1454,6838,8984,7881,419,6816,9067,5298,824,2374,8467,1812,1033,1262,4291,2021,7916,9129,9152,9220,7942,8430,9306,8136,5944,8242,1087,6478,6321,9407,9499,5021,1163,985,3046,8372,9571,3777,9662,8481,9714,1083,6436,8179,6386,3923,7848,1323,1548,238,378,9830,9908,5591,120,1960,7256,4818,7220
4045,4130,607,2689,2340,1680,8284,2656,3231,2673,3809,5182,1774,1020,3555,8555,1738,1726,2957,2468,7649,3748,5335,1292,4425,2827,5016,3590,3576,6851,5076,8780,5329,4587,8879,1229,3629,3398,6121,415,1973,5031,2696,8498,4345,3068,4185,9068,2574,4705,6273,4479,2969,2455,7122,1744,738,4209,6697,8389,9221,2832,4920,8282,5825,3972,863,2896,3405,4577,9408,8649,2313,3332,4367,4553,4846,9572,4470,7887,1514,9715,3100,4711,7814,6451,5582,3604,382,3588,1218,543,9831,9909,3968,164,1863,3725,2926,7031
5608,4032,1782,5437,7413,5989,3252,7167,2330,3950,5772,1435,6485,4558,4749,6692,933,891,1690,6180,2806,4189,3180,3097,4311,2810,2679,2396,1470,1068,3645,8781,2018,5310,8880,2310,2274,3316,5251,1822,2591,4056,5196,8985,5297,1934,3824,9069,5661,1712,5417,1207,527,3780,4146,4026,2618,1248,5423,8369,9222,3494,3471,8644,4635,1385,6362,2285,2987,4261,9409,8227,135,2971,4283,1495,5061,9573,3603,6889,5708,9716,6054,1926,6875,9803,5036,5665,3317,1696,1309,794,9832,9910,416,2183,3412,5567,3663,5962
3022,7355,785,4255,612,6866,8691,4118,6802,7061,6156,7191,7192,6400,7458,2256,7285,5616,3601,7549,5953,370,2117,1212,3779,4662,6671,6492,3039,5317,368,8782,3893,7604,8881,172,3437,4536,2070,1841,2716,5114,5972,8986,2472,1735,4119,8220,6705,956,1634,4650,1857,4067,203,2175,834,7238,7643,8505,9223,5461,4057,9307,6404,6517,8083,2717,5056,5823,9410,9500,3081,5244,1283,6100,8163,9574,2723,7922,7532,9717,495,4340,1668,8379,7188,7422,2674,2875,232,1894,9833,9911,5431,31,2025,6808,6359,9991
2744,7837,5070,749,3413,4918,5914,3263,5030,4293,7209,2567,1820,6623,2842,4137,2136,3781,2151,6328,3334,4769,3345,1344,942,3937,4621,6779,4571,6584,303,8783,7439,6938,8882,569,4341,1915,6510,2013,6003,3170,6084,8987,7280,1936,5069,8621,6415,4658,1302,7317,762,2276,1566,1888,3747,6526,7740,8506,9224,6244,6589,9308,5777,3741,5137,4574,1616,5967,9411,8650,338,4134,5877,2124,2857,9575,4252,7006,7254,9718,4678,4469,2052,8207,3574,2492,509,3909,36,2469,9834,9912,1531,167,1225,5126,4999,8108
4065,4070,7260,3277,4619,7639,8692,5990,1815,8076,2064,6579,4615,1241,6682,2788,7002,6723,1114,8743,6959,417,7581,7433,2867,6532,6338,5924,7617,7163,479,8784,2514,7951,8883,537,2193,2093,3340,1672,6209,857,8130,8988,2727,754,7883,7999,5614,2940,871,8468,4188,3958,505,5060,5222,6279,7376,9153,9225,8116,7892,9309,5495,3182,7170,898,4297,6512,9412,5589,2405,979,3755,1591,8303,9576,1167,9663,7865,9719,7750,8139,7044,9804,2733,2458,279,5818,48,1059,9835,9913,287,1899,7400,1280,6102,8441
217,2817,4966,3908,921,1279,8693,2499,3967,3565,4318,5649,6803,3222,6525,3018,3356,3928,1957,1084,7052,4933,4325,876,5066,352,5653,6181,4122,1674,3800,8785,4847,1380,8884,103,3548,667,5416,3881,6251,5815,4810,8989,7696,4168,2819,9070,7174,629,6030,4882,1948,2526,2237,2915,893,1929,7551,9154,9226,6962,6818,9310,3431,1427,5618,5322,3724,6665,9413,7411,4611,3479,4120,4054,8120,9577,6267,7308,7016,9720,3047,6476,7623,8046,3055,4390,401,1647,283,3696,9836,9914,4766,577,5602,5333,4735,9992
3537,2393,5152,3506,1890,5522,8594,7611,1949,6361,1652,6220,3630,784,5931,3821,7762,2001,4661,7027,3174,592,5358,1230,258,5619,4942,5814,5411,2199,1551,8786,2992,7898,8885,2423,2248,501,5514,2190,3372,4259,6152,8990,2342,2260,2317,7349,6751,2425,735,4075,3656,2157,1271,3459,2394,3615,4990,9155,9227,4564,5201,9311,6325,913,5013,1146,4257,7919,9414,3561,1860,3951,4978,6564,5033,9578,657,8652,5607,9721,6827,5716,7462,7827,7207,809,1836,4454,645,3380,9837,9915,339,4228,5499,3049,7242,9993
2263,4378,5419,2224,7677,6472,8595,4131,5985,5700,5638,1492,5764,7063,5964,4669,5239,1485,504,679,7729,4382,997,2802,8066,669,4038,3853,5191,1828,5210,8787,4055,142,8886,395,188,2059,6041,5483,4510,2347,5216,8991,5256,2986,6222,9071,5146,3953,5179,7785,3549,1969,5361,3999,875,2057,7662,8471,9228,648,7057,9312,7262,5696,2392,1589,2939,7231,9415,8393,2847,2523,5435,1181,6521,9579,4486,9664,5527,9722,5346,1477,7240,6746,3195,6001,4949,2981,41,4186,6784,9916,534,4229,3137,3173,3584,8307
1173,7494,3964,1462,4957,2762,6948,5279,3933,4003,1113,2571,4928,677,5406,3628,4446,3322,1579,3374,4399,1153,4175,1346,4143,2206,4129,3264,2282,2770,5047,8788,4176,5693,8887,2104,1633,533,3096,2277,4242,4179,5846,8992,4522,4495,1783,8314,6013,5808,4765,967,2580,1767,5865,2296,1093,5288,4301,8195,9229,4396,5020,9313,2280,1923,3560,3188,3399,2049,9416,7186,1871,2820,3620,4659,3794,9580,908,7069,4139,9723,3606,3855,7483,7686,4557,4593,1410,2050,342,1978,9838,9917,3169,2764,1956,2935,3072,6641
1394,5022,6676,5637,896,2443,8545,5142,7157,6070,4657,8087,1676,562,6901,1460,3810,4351,4405,4772,7304,3846,3994,1195,8252,1420,3915,6904,507,1413,996,8129,4867,2012,8888,627,133,1403,5505,2006,2011,5694,3627,8993,5524,1124,3556,9072,6987,6644,7328,4876,1125,2413,5180,5787,1924,1397,6068,9156,7470,7583,5960,9314,7263,7571,4883,304,7155,7352,9417,9501,1542,4116,1862,6972,7584,9581,5207,9665,6549,9724,4858,4743,8397,2121,3826,7199,5778,3921,67,2833,7751,9918,2337,3104,3085,6297,722,6828
3925,6452,3650,2913,3477,7047,8448,7048,3554,2799,1389,2154,6618,1511,7277,3369,2495,6104,2178,5587,4849,6541,5252,3553,7592,1281,6421,8495,4626,7245,107,8789,6463,8042,8889,290,5484,2077,5356,1000,6164,5645,4547,8994,2297,1029,4655,8622,8255,6440,1582,8026,1217,7023,6464,3483,5198,7731,7619,8566,9230,969,7502,9315,6570,6719,4624,1487,1713,7966,9418,9502,295,5714,7518,852,3992,9582,2671,9666,7967,9725,1375,7142,5381,7635,7362,6165,2830,4223,10,2003,9839,9919,289,337,241,2811,5770,5854
4044,6149,8679,3366,6702,4174,6891,2651,4782,8721,7302,7769,8600,8339,8731,8735,1104,5012,247,8492,5573,3370,7159,4773,5074,1775,6377,6716,7550,1412,6836,8790,2602,646,8890,5005,946,1022,2419,3664,2440,4097,8963,8995,2767,53,5097,9073,7626,6645,1236,8280,327,5188,5331,3078,296,3658,8564,9157,9231,5959,5951,9316,8572,950,8646,3439,345,8226,9419,9503,4389,4331,2795,4496,3480,9583,2171,9667,9693,9726,6154,7533,4270,8583,3455,6863,665,8320,1298,920,9840,9920,242,277,4905,637,8187,7545
1818,3762,6005,4967,7135,4379,4420,4482,5290,3079,4530,4723,4995,1597,6950,6491,2031,2508,2938,6144,3323,3639,1896,4273,6203,477,5215,6929,383,6624,7680,8791,3502,6040,8891,1751,1727,1490,2403,3306,3149,5185,6913,8996,1620,2112,4106,8237,7410,3926,2543,7381,4462,390,4451,2532,1539,6861,7811,8352,9232,5866,1831,9317,6733,2693,3891,766,1330,6839,9420,9504,3528,4434,2355,6666,2911,9584,2503,9668,4816,9727,2321,6291,1792,4193,1497,1409,1819,881,1496,841,9841,9921,821,1123,4027,2759,2412,4917
253,8383,8181,6660,8681,5717,8596,6680,5453,8233,7601,8261,7727,8730,7775,2511,6300,7860,388,6879,8263,4993,7603,3692,8312,8607,8092,8609,1437,8148,486,8792,6239,7327,8892,128,1007,119,4083,1352,1194,1986,8613,8997,5875,355,8070,7809,8014,8527,2813,9123,37,1064,4871,5226,2118,8177,8281,9158,8529,8641,8054,9318,6819,8117,3598,317,1688,7893,9421,9505,4029,1418,1137,8534,7225,9585,4599,8653,8513,9728,5151,8259,8377,8164,7255,2125,1260,2170,358,424,9842,9922,4317,989,1941,2041,3914,5565
4866,8677,7907,4277,8211,6505,8694,2076,6028,8722,6298,8415,8153,8385,8089,2315,3596,7861,363,8744,4210,2777,8752,8755,5867,8557,8050,8758,7933,6869,112,8793,8858,2943,8893,916,6785,1232,2854,683,1930,1075,8462,8998,4220,346,8560,9074,6363,8631,1039,8081,369,5042,971,2885,6555,7249,9130,9159,9233,5032,7516,9319,8196,3668,6882,2584,915,9384,9422,9506,1741,1363,482,1564,6074,9586,1509,9669,9694,9729,1340,8484,7371,9805,7267,5762,344,6490,156,995,9843,9923,3581,271,1689,1939,8382,7508
5034,5532,2382,7311,6878,5307,3234,5003,3902,1436,5533,6230,8309,3409,6022,8490,4153,3625,730,8605,7158,6306,7171,354,7616,1111,6908,7314,574,4271,7935,8794,2669,7891,8894,299,5330,159,1337,4533,55,5678,6446,8999,7913,11,7139,8623,7607,2209,4315,6769,1452,664,7594,1546,441,7682,2874,9160,7427,6943,5887,9320,7442,5719,7608,2886,689,6873,9423,9507,5525,4354,1663,6983,1399,9587,6427,6952,7454,9730,4888,5192,9796,5906,3262,3930,6179,7378,1204,323,8381,9924,1577,4690,4424,3164,3924,3051
2192,4776,7889,3052,5102,7125,6225,1206,1830,8077,6949,4566,7009,7096,8327,7589,6919,6703,106,7897,4768,1307,8493,5626,5977,2294,6968,7962,6412,7695,2346,8795,6725,6173,8895,5796,7605,628,3089,3041,2642,2213,8964,9000,2890,33,6738,8624,7367,7526,1293,8134,185,2745,2711,6227,2376,5966,8565,9161,9234,8016,7527,9321,7786,2096,4901,4908,2149,8137,9424,9508,3378,3092,812,5817,7113,9588,2577,8479,8121,9731,3029,7219,3426,8032,3350,5289,171,5458,35,393,9844,9925,529,66,4028,237,7507,7867
1702,8009,8444,5318,6055,7946,8356,3294,2518,8723,4081,7760,8451,8154,7303,2287,5976,7763,158,8347,5557,5446,8295,5383,7562,8217,7971,8759,7036,8362,111,8796,8496,8183,8896,729,6969,450,3351,1227,4353,2581,7998,9001,4721,97,7408,9075,7029,5136,1196,8469,373,2084,2234,5263,6043,7166,9131,9162,9235,4138,8531,9322,8432,8118,7529,6894,1438,8573,9425,9509,4338,1421,432,1339,7216,9589,3633,9670,8660,9732,2046,8580,6351,9806,7290,8671,535,2407,226,492,9845,9926,634,64,1520,763,8248,7445
643,7930,5475,7624,7576,5428,8695,8142,3226,7948,1527,5894,8727,8453,6651,5857,5622,6327,966,5540,7716,4691,6329,3954,7161,6582,7582,6171,2091,8559,1290,8797,2661,5408,8897,46,540,3,4541,617,4964,2587,7173,9002,5506,411,6741,7375,6712,3283,4430,8052,705,3077,8239,3286,2972,7286,8027,9163,9236,7196,7719,9323,5296,2448,5652,71,5115,5594,9426,9510,4373,2509,2980,7552,6460,9590,4370,9671,7628,9733,3452,6322,7825,2930,5362,6182,5529,1119,47,475,9846,9927,3008,254,456,2563,6124,6648
230,5891,6191,5806,8543,2005,2271,2718,4274,7896,7558,5193,5586,2089,7668,8736,1817,2704,297,7312,6371,5842,6398,3877,6693,1358,7770,5580,2105,6542,4358,8798,4289,8079,8898,5348,5604,104,2615,3666,7655,6006,6930,9003,3875,77,6587,9076,8256,8350,816,7073,1183,1580,7821,3088,3139,6727,7306,9164,9237,7331,2133,9324,7488,3518,6562,2737,2959,7990,9427,9511,6466,4456,360,5101,4194,9591,6204,8536,6953,9734,4863,5147,2060,4477,3982,7555,2946,4962,22,318,9847,9928,248,198,3210,515,6934,7675
5181,3189,1966,7646,872,1349,5504,6462,6809,6984,1601,6318,2852,1971,3993,5666,6758,1019,3474,7777,5487,5470,5754,688,6277,1752,6221,7136,5534,2110,1035,8799,1801,6378,8899,850,1200,1868,6961,4943,5718,3643,6007,8235,8024,6726,5479,6493,8238,418,1859,7862,4328,1414,1140,332,435,7066,8099,9165,9238,882,7293,9325,5728,1706,2713,659,5302,7805,9428,9512,4030,1387,3040,4696,4868,9592,4415,9672,7504,9735,2414,6601,8514,6766,6997,7101,694,1400,1858,1838,9848,9929,868,3703,2859,6093,5630,7994
524,7356,5432,3510,7089,3984,3229,5452,6745,5930,3442,2735,7116,5840,6411,8602,1787,3337,464,6886,6937,2895,5253,4133,5284,4895,4357,6547,143,3406,6673,8800,1588,7105,8900,3105,2751,266,1602,4754,4108,4927,8253,9004,6414,13,3256,8625,5508,3005,1525,6615,1423,934,5430,2545,1407,5688,4800,8637,7928,5843,5600,9326,3191,3196,2978,1686,1171,2504,9429,9513,5918,4483,636,6274,960,9593,6286,7074,3934,9736,5217,4727,3140,4121,3429,5948,2368,4960,2457,183,9849,9930,2702,3318,4208,3572,1347,4272
6523,6622,5486,6667,2202,6117,8696,3552,7852,5813,6017,7798,6326,1907,7466,1512,6375,2742,826,8291,2790,3865,2902,4955,3215,6196,2668,7279,5086,4466,578,8801,3714,3427,8901,2098,4492,3235,6567,733,1365,621,7783,9005,5736,2350,5576,9077,7042,3543,2439,5820,2556,2481,90,670,1116,6494,8329,8638,9239,7672,5481,9327,7179,4697,5426,319,4640,7194,9430,9514,5595,340,1036,423,6764,9594,6263,8435,7309,9737,899,6783,8661,8317,7232,6535,587,4100,74,652,9850,9931,5095,2344,4840,7257,4676,8591
2797,1322,4187,2774,2871,3106,8546,7081,4829,3942,1891,3889,1071,201,3300,5004,3208,1908,3504,2834,3243,1386,3816,1821,431,5795,5040,6612,2047,5132,2599,8802,7012,6847,8902,1285,4683,1455,5833,1442,3228,3410,6383,9006,1691,5933,1749,9078,6029,3458,2009,5259,2831,1383,4427,3632,1733,7706,5883,8149,9240,7741,3728,9328,2734,1126,4063,3373,5798,7707,9431,6479,4459,3365,2303,5448,2973,9595,251,8395,5579,9738,6160,5879,9797,5803,6305,2223,2456,1109,2778,2805,9851,9932,426,4443,2476,593,5459,8488
6075,3676,5775,5543,2609,2142,8169,3197,2226,6770,6540,5722,7579,4247,2680,8454,3239,4439,1356,5572,6498,3503,3032,955,6341,1396,3859,5131,5209,292,3193,8803,218,1388,8903,461,250,3407,6860,5336,4609,4604,8174,9007,6501,2594,4442,8254,7479,2038,5633,6621,3852,5246,347,2095,473,2677,8330,8567,9241,7988,7487,9329,5994,6280,5811,618,1687,7428,9432,9515,2613,3742,5526,5788,7127,9596,4407,8074,7333,9739,4980,4329,5702,7412,6020,3817,3110,2395,34,3416,9852,9933,19,1631,4199,1456,4953,5119
5838,5220,5045,5186,285,743,8697,2548,7363,2264,4525,5128,616,2494,6347,8556,4632,3943,744,7853,2318,4263,1056,551,4875,5896,4798,4972,2955,597,3021,8804,5742,1214,8904,3418,572,4563,2997,5434,2459,4716,7246,9008,2962,6289,5122,8561,7043,2899,2614,6718,789,3959,4361,2335,305,6853,2023,9166,9242,2189,2371,9330,6284,6465,6335,1046,653,5870,9433,6112,2554,4694,7205,5369,5043,9597,5315,6754,6442,9740,6049,7482,2255,8107,6296,2298,644,6131,992,1814,9853,9934,2533,2924,4637,5350,4963,7637
945,3731,7856,6143,2311,157,3722,3611,7890,8550,8065,8416,3220,1051,6858,8737,3661,5783,315,8745,7764,6841,6835,3524,4266,883,8328,5819,3133,2598,7831,8805,720,2996,8905,1759,556,1374,7563,5265,6174,5378,8364,9009,2998,3674,7914,9079,7038,2249,5363,6807,961,1209,3489,2746,42,2685,8528,9167,9243,9287,3699,9331,7974,1671,6782,481,938,7901,9434,9516,7000,4894,3492,7281,6896,9598,6441,8480,8578,9741,6729,3038,4285,2215,1215,6793,1190,7149,3198,446,9854,9935,70,2553,5011,3219,5248,8516
4306,6292,4098,2363,6508,5104,8110,6069,5592,3084,3186,2644,3793,932,4147,6630,122,2477,666,3211,4602,244,1681,3752,5420,4171,3278,5848,1761,5313,4248,8806,3729,2582,8906,1970,2158,2662,3905,436,2791,3240,6433,9010,4736,2387,1745,9080,4581,4426,4157,5737,1484,4202,5672,3201,1958,3776,3594,9168,9244,968,3570,9332,4596,4020,4910,2360,2194,3757,9435,6888,1098,2510,5108,4780,5236,9599,3299,5173,5354,9742,4803,4302,7815,5084,1251,2912,1578,1935,1535,2596,9855,9936,511,3056,2164,4288,3258,9994
1131,5643,7509,7050,7647,5023,6832,1851,4141,8598,5319,6175,8728,4502,8358,8738,5163,6530,231,8746,2659,6034,7366,1887,7469,3698,8265,8266,7653,2040,2140,8807,4726,7490,8907,4225,3111,68,3566,2539,5158,4904,6625,9011,3965,23,4468,9081,5165,8051,737,8223,631,3586,8563,3484,1845,6334,9132,9169,9245,3308,5748,9333,8030,7824,3721,5895,805,7595,9436,9517,5235,2948,1408,2127,6450,9600,4672,9673,8341,9743,3997,5756,4292,8584,3544,8165,1328,2201,8,904,9856,9937,88,43,1250,545,5885,8209
1405,5455,7692,6515,7495,5807,8230,6360,2409,4838,5915,4195,2826,233,6076,6354,1108,6293,4570,6732,7084,2451,2694,7160,7438,3381,3534,5978,5535,421,3066,8808,5353,7654,8908,795,5339,91,4014,1982,6151,2283,8614,9012,8132,110,5360,9082,5225,8025,2032,6576,1835,2784,970,496,379,5277,8331,9170,9246,6996,5332,9334,6826,6916,3408,2478,2461,3920,9437,9518,4042,2741,6628,6616,7134,9601,4681,7078,8245,9744,6439,4371,4240,7325,6115,6947,2841,2358,95,439,8675,9938,1150,372,2808,1012,5801,7102
1463,7690,4982,4423,5855,7384,8547,3814,4460,8551,5794,7115,7117,8357,7498,1545,4471,7405,187,8606,4461,5804,8457,8049,8313,8459,8146,8760,6010,4630,155,8809,8349,8612,8909,121,7037,777,5015,1060,5007,2653,6098,9013,1798,445,7409,9083,8300,8222,2923,9124,141,5958,3662,5993,6158,7570,8636,9171,9247,4393,8240,9335,8160,3451,4707,907,2195,8138,9438,9519,1534,1242,1395,1833,8394,9602,3577,9674,8305,9745,1553,8539,4047,9807,7420,7392,1086,4724,259,96,9857,9939,851,76,1257,1103,7227,7957
316,4755,2779,5763,6975,2544,6690,4741,2068,6323,4902,5991,6524,4488,6299,8359,3670,6002,686,8023,7468,4893,5954,4912,5240,6456,3705,4839,4896,2304,3134,8810,5758,6185,8910,1469,4386,817,2951,6136,2814,5765,7121,9014,3027,331,4732,9084,7337,5325,4851,6379,454,2796,7987,4548,1666,5269,7213,8410,9248,2688,2975,9336,6495,3030,1366,3443,2254,7332,9439,8532,2882,4350,2278,3419,6792,9603,3718,9675,4833,9746,861,6814,2239,8033,739,5935,2724,3176,99,923,9858,9940,126,40,3448,470,4152,7524
2169,7464,4554,6215,3727,6103,3804,6132,6976,4091,2932,3621,6715,2111,6652,8739,6170,2658,4324,8456,4948,2131,4629,2187,5100,844,6270,1464,4704,4321,4436,8811,4481,2665,8911,1786,1722,223,2420,1555,692,4052,6880,9015,5359,1082,4616,8466,6942,4685,2180,1247,2386,544,3716,672,565,6588,5502,9172,9249,5668,6246,9337,6543,5418,7382,2108,590,6874,9440,9520,4406,4218,2921,4112,2749,9604,4073,4688,6513,9747,2415,3871,8662,6700,3938,6454,1909,2172,512,601,7905,9941,3074,3377,1698,1024,3227,2747
1005,8592,5463,7781,3651,7667,8698,4825,2576,7465,6072,8552,7104,8290,7447,2528,6868,7033,1882,6088,8750,3978,7210,7590,8420,6750,7540,5575,1705,8095,598,8812,2229,5460,8912,349,610,129,5254,1990,2678,4079,6035,9016,7642,322,7054,8268,7426,2167,3339,8302,153,1144,478,6138,3719,7515,8332,9173,7918,8272,8643,9338,7793,7621,4281,5,3761,7272,9441,9521,2905,2245,787,8511,7324,9605,4212,9676,8059,9748,3900,7833,9798,9808,6253,3523,3977,2159,17,603,9859,9942,6735,717,466,3551,6558,7722
1305,4148,6701,5781,2961,4136,8518,7189,7182,3487,7008,7909,3241,6309,5830,1198,7613,3520,611,5117,3415,5085,6804,4416,7416,5008,4983,4984,1132,5160,6384,8813,5241,4275,8913,392,573,1300,3151,5439,9,1593,8497,9017,5791,522,6042,9085,6914,5106,5287,6988,1573,1055,4278,5577,4900,2307,1179,9174,6862,7845,6380,9339,7517,4649,2428,696,3838,5516,9442,9522,4807,1425,2083,3446,3465,9606,2417,8436,6674,9749,4031,2949,4884,2086,1428,2197,2051,2497,1885,1848,8515,9943,443,4527,4569,4614,764,4088
4607,7876,6743,1313,8682,8593,8182,3515,4873,8724,3245,7130,8191,7859,7714,6639,2231,7228,227,8747,5234,4665,8215,6677,6859,7522,8093,8404,8041,3897,487,8814,6870,3207,8914,2858,3414,1043,3395,1424,2929,1488,7899,9018,2909,61,5494,9086,4855,9119,606,7475,190,5834,8135,5950,4068,2700,9133,9175,9250,5610,8225,9340,9380,2063,8119,5656,815,9385,9443,9523,3192,1296,980,2174,5553,9607,2917,9677,9695,9750,2391,8122,5282,9809,8035,5750,442,6593,146,877,9860,9944,422,101,1893,586,6389,4748
656,8250,6254,5375,5388,8251,8324,5218,2128,8725,3786,7401,7747,6559,8732,2369,7244,4796,229,5166,7932,2073,8753,7879,7424,7704,7927,7679,3888,8611,425,8815,6401,8461,8915,50,4269,1301,3132,726,2647,1515,8365,9019,4154,224,7842,8407,6607,6320,1608,9125,98,2989,5472,4634,5673,9128,9134,9176,9251,8642,8204,9341,8101,6762,7900,1169,2616,8391,9444,9524,2126,2319,1715,5752,6262,9608,3694,9678,8335,9751,1426,8437,7597,8318,7421,4303,398,2152,210,799,9861,9945,865,179,1202,1618,5988,6229
1979,6238,3685,2235,2555,8446,8699,4757,3712,8345,3589,8039,8729,7949,7320,2024,4729,6643,1655,8386,4123,1331,8400,8216,5249,8757,8402,8610,5144,8423,278,8816,4903,8859,8916,170,2123,1916,2937,1390,2203,2306,8463,9020,2188,700,8299,8387,6241,3988,1692,8176,516,2683,1160,7118,4787,7810,7872,8472,9252,3375,6410,9342,5952,7214,3069,1031,2566,8475,9445,9525,2990,1433,804,7040,7429,9609,1707,9679,8316,9752,1314,8276,2147,9810,4673,4409,2219,4636,205,1161,9862,9946,1362,93,1796,402,8485,8086
4375,3087,5014,4037,4561,5721,8325,1264,4101,6430,5280,6956,7075,3495,2341,3874,642,1499,3304,5844,1273,2619,6893,2471,8401,5651,4184,2482,1716,2822,1303,8817,4753,7315,8917,2740,4710,1886,6586,2037,6422,2173,3796,9021,6425,952,964,9087,6786,1837,2014,3532,1368,5096,263,1152,3302,3113,6698,8370,9253,3490,5821,9343,5212,5129,2163,546,4590,6519,9446,9526,3488,810,4922,2101,4513,9610,1953,8396,4734,9753,3569,6004,7391,8005,4718,5521,2247,3059,760,497,8343,9947,2324,1404,1532,4313,2056,8124
3020,1523,5148,5909,3624,3007,8548,2122,5245,6867,5258,5399,7580,2991,2954,3361,1184,4475,3042,3867,6985,2726,5091,5392,3807,2652,4532,7631,927,1657,2191,8818,2547,6133,8918,576,5145,3035,6811,4025,2864,806,8202,9022,6457,2829,3841,9088,5695,1771,6066,7109,3333,2752,148,1017,3450,3720,1085,9177,9254,5133,3364,9344,5938,6982,1794,2489,4556,6344,9447,9527,1731,1732,6086,1500,3368,9611,5888,7430,4282,9754,2238,6556,6765,8123,699,4151,38,1159,399,2944,8586,9948,1952,2869,5037,1615,4457,8442
4528,3983,3436,4498,2119,1709,8326,1662,1932,5405,4064,4976,4567,1240,3622,4115,2186,3393,4540,5596,5352,4051,1193,1295,6474,2066,4211,6047,3797,3593,1189,8819,6768,6233,8919,163,1158,3346,4092,102,4542,3585,1099,9023,2115,3567,2475,9089,4033,3478,5662,5075,1875,4899,3417,1864,568,4815,6752,5663,9255,7451,4779,9345,6285,5726,6025,1799,3845,6917,9448,9528,1559,4550,2181,5305,4832,9612,4127,8275,6304,9755,1306,1041,5612,4299,6333,6503,1112,1834,312,3347,8587,9949,2257,3213,3358,3717,1669,8210
6444,3187,6638,1625,8517,5451,7734,8308,7071,7497,2710,4834,5603,6977,6892,8213,3420,6250,3205,6966,4239,6294,7385,3935,2908,3159,7235,4989,1614,3265,8068,8820,1255,1135,8920,1355,553,604,7512,6560,1482,4652,8366,9024,1026,3341,7015,9090,3990,6844,6242,7772,1914,5634,947,5974,4792,1378,7698,9178,9256,2632,2546,9346,7733,3986,5427,26,5264,6933,9449,8476,2204,3058,2967,3357,7197,9613,6303,8537,7334,9756,5878,7610,917,1921,2928,1376,2308,380,843,2289,8676,9950,65,1110,270,3114,2246,7723
701,6551,4007,5707,1127,5900,8700,8286,6633,4746,3760,7415,7082,4653,6941,3860,6978,5071,5268,939,3250,3326,4666,1913,6678,1139,6475,4926,3397,1391,521,8821,1216,3571,8921,178,638,94,7203,2240,6537,5925,7449,9025,3746,2160,3354,9091,7305,518,3103,3828,3766,2783,827,2262,1884,5433,7886,9179,9257,6471,6657,9347,6881,5822,7434,1070,6142,8103,9450,9529,3043,3682,4034,6895,8057,9614,2768,9680,7175,9757,1369,5682,4178,6897,5482,8200,1288,2496,260,3675,9863,9951,5079,16,1467,7079,6594,9995
1661,2568,5711,5675,2690,2781,7341,6382,6370,3542,2540,3184,6374,4170,1521,6885,2365,1122,3466,4971,4444,2963,3303,4878,2617,3512,4865,4491,874,6500,1636,8822,7164,5053,8922,2153,1984,1045,5232,3386,4377,1522,6663,9026,5197,1955,2218,9092,5018,6122,2983,1583,2880,3204,3214,2447,818,1947,3738,7501,9258,5110,2259,8390,4504,2266,2075,1016,3343,2889,9451,8533,3769,1571,2222,4617,5578,9615,4217,7531,5761,9758,2626,2660,3805,7585,2002,4828,702,5779,1187,2868,8019,9952,862,2134,2334,397,2390,7301
2766,4938,1740,5839,2103,6831,4701,2029,4821,6821,5328,3501,6281,4508,5121,8455,3802,4487,929,2320,6336,3338,6009,100,2712,564,5868,6887,3285,6393,6146,8823,3646,3773,8923,313,1072,1972,5654,5150,778,4400,7407,8405,4226,2284,1803,9093,6640,972,3723,4584,599,2293,7247,4641,1763,1165,3274,9180,9259,2919,4891,8571,4455,1505,4310,4016,3319,3783,9452,8104,4039,4334,6345,4024,5961,9616,3671,8198,7030,9759,3907,3813,8663,8342,2411,974,3707,4715,173,2007,9864,9953,829,3403,1458,1945,3882,5093
1700,5555,3037,4781,697,4438,8701,7981,7735,3713,5920,7062,6771,4410,6574,1430,2703,5901,4440,6081,3396,2398,5491,407,7880,1524,6278,6058,5713,6083,174,8824,3324,6059,8924,239,1141,4594,5157,1826,5932,4814,3526,9027,3612,853,4881,9094,5903,978,3531,8501,2364,3812,707,2463,1308,6787,7523,9181,9260,6252,7140,9348,6106,7287,7141,1429,5606,6923,9453,9530,2562,3736,1170,5449,9551,9617,1600,8654,7455,9760,561,2433,2453,8277,7124,6864,4970,2612,176,1431,9865,9954,3282,7,2030,7025,6603,9996
6109,6898,5691,6497,2429,6150,8702,1576,2362,6269,5871,6353,3806,608,7184,928,5164,5221,520,6902,3101,5415,6082,6928,6694,7049,4103,8128,5067,6843,309,8825,5112,6613,8925,3098,5623,2793,6759,1267,3099,2825,1130,9028,4046,704,5667,9095,6533,5001,4413,6632,410,5563,196,4722,1570,6577,7271,8507,9261,4544,5942,9349,7099,2434,6720,124,1693,7058,9454,5057,4076,681,1880,801,8206,9618,3833,7596,3602,9761,5443,4493,9799,8061,3467,4613,4448,5306,138,489,9866,9955,1231,3735,1223,2839,6027,5739
5436,5229,4651,2479,7243,4555,8597,6604,8038,5740,5734,7032,1721,3321,6755,5509,1717,3835,1574,2965,3216,567,4402,4827,3064,2578,4759,6499,4551,1704,2736,8826,2349,5429,8926,1881,3609,1023,5393,4314,1466,4473,2146,8236,1855,2565,3224,9096,4747,5941,2487,7705,440,2406,3740,1703,1310,1448,4320,8473,9262,1964,2664,9350,3367,4453,671,2221,4180,7566,9455,5558,4124,959,2466,6189,4173,9619,1239,8243,3349,9762,6906,5025,6315,7289,3701,2920,1544,6602,1710,3166,8440,9956,2244,433,1411,282,3617,6829
2561,5113,8542,3482,8683,4752,4664,2994,3070,8450,6578,2687,8144,7761,6756,4854,5156,4939,202,8748,7489,3910,7222,3014,3772,3962,7820,6695,2845,5401,2261,8827,6219,7771,8927,5501,5947,335,3281,5786,845,5766,8615,9029,5087,27,6394,8221,8001,8632,879,8502,361,1630,7212,4956,367,6198,4000,9182,9263,1808,3435,9351,7955,6989,987,4397,437,9386,9456,9531,2597,4512,1823,7768,3194,9620,3637,9681,8482,9763,6467,4262,4808,9811,3960,2485,2922,6166,82,840,9867,9957,341,376,3276,873,7969,2454
1556,8048,6649,4364,1568,4777,8703,8075,5046,7144,4251,7694,7829,4142,7869,2583,1920,4633,2444,7406,8360,3223,5785,3371,7983,954,5916,4950,5471,7618,149,8828,5832,7014,8928,286,1266,757,4572,2699,4750,3957,5980,9030,8465,626,7348,8626,8270,2008,1963,8408,1444,1329,2107,5019,3623,5402,7939,9183,9264,6091,8205,9352,7943,6247,7252,465,1861,7112,9457,9532,782,1756,2373,4356,7574,9621,1550,7339,8228,9764,1226,8178,8581,4322,4006,5538,6955,1478,73,650,9868,9958,6381,115,195,7544,7757,4215
1829,6424,4679,2100,983,494,8704,2775,5338,2866,3973,5299,4478,3820,3545,6023,4347,3697,3045,5698,5039,2034,2048,5741,6432,3640,6184,1832,2590,6852,609,8829,6368,5049,8929,2207,2288,1336,4946,2559,2017,4384,5183,8617,5161,1120,1850,8500,5403,4730,137,4543,3493,2381,1931,336,685,5617,7077,9184,9265,5641,3756,9353,5926,3422,5904,1701,2493,3251,9458,7744,2720,1244,4150,5442,6480,9622,4162,8576,5709,9765,3511,3454,4786,7888,3595,5349,2486,3708,759,1095,9869,9959,3519,89,3404,5837,3540,7828
1489,7477,2801,5999,1479,5860,7959,4333,7414,3430,4132,5389,7437,4421,6757,1382,6710,5334,5090,3578,2637,2771,5955,3025,7996,1013,5986,4352,4441,6909,630,8830,2952,5874,8930,246,663,1235,4419,3667,6018,5489,3144,9031,6356,791,4671,9097,5615,589,3848,5055,1282,5081,1334,3917,2265,7110,4090,9185,9266,6048,5869,9354,6713,5314,6193,434,4731,7787,9459,9533,5476,3183,808,5625,5685,9623,6237,9682,6973,9766,855,2241,5905,8199,4923,7086,3376,1784,221,1289,9870,9960,4463,28,866,2016,4859,8188
2646,7789,6167,6051,2424,7546,8705,6629,5138,7090,6207,7910,7640,560,7473,803,3550,5410,1203,7083,7749,5902,5613,7092,6903,1006,1933,6737,6295,4084,647,8831,4222,6780,8931,189,2966,3024,5006,1069,5195,1447,1563,9032,7316,885,5520,9098,7021,2873,5109,4019,769,1879,324,2722,1327,6067,6060,9186,9267,6627,6423,9355,6734,2517,6140,676,6036,7377,9460,9534,2328,1638,3379,7656,5247,9624,6448,9683,3447,9767,943,1770,7968,8669,8140,5858,566,1651,384,72,9871,9961,4817,4167,3057,6190,7929,8321
3145,7970,1646,3244,1675,5351,8449,7190,5551,1569,6767,6634,4232,1401,6999,4197,2611,3177,3847,5035,6255,3255,2818,145,2431,459,5492,1664,1592,2999,130,8832,5510,7425,8932,570,2120,5384,5518,4951,6805,4843,914,9033,6105,6137,1622,9099,5907,3715,6266,5876,3017,2214,1398,3292,200,6343,8045,9187,9268,7397,3533,9356,4733,5697,4538,1062,3472,7700,9461,9535,498,3440,4414,6073,5725,9625,746,8655,7904,9768,5835,6287,7797,9812,2302,5828,3818,5320,75,2252,9872,9962,3895,1015,1843,5621,6078,7645
3026,4474,7629,7283,3156,3702,8706,7857,7600,4428,2641,7183,4004,2400,4586,1656,8419,3904,2176,8749,2786,5831,5881,7521,8296,3840,6986,6842,4349,3131,199,8833,4913,4907,8933,206,4355,1502,4066,948,3985,1294,7195,9034,6711,963,6597,9100,6538,386,2404,7460,4714,3672,600,452,2291,5010,7917,9188,9269,4656,6706,9357,7453,4836,3788,3119,6849,2338,9462,9536,5893,15,2684,654,6905,9626,5889,9684,5537,9769,965,6461,7198,7745,8007,4820,3135,1175,329,936,9873,9963,6108,213,1772,7875,7310,9997
4898,3541,6935,6116,2521,2893,8707,2630,7947,7926,8189,5390,6925,5355,7648,2870,6958,4531,3383,8192,4286,6778,2851,7717,8297,2787,7573,3944,1333,1621,1061,8834,2824,5017,8934,828,716,3732,7152,767,491,2887,8524,9035,6234,1381,4968,8627,7915,4002,7178,7954,1635,1357,854,3071,455,673,8504,9189,8530,856,7294,9358,7794,6944,1776,291,7389,7296,9463,8477,6045,4418,1927,6548,7788,9627,4738,7864,7847,9770,2706,2941,2729,1967,2636,6747,3911,2286,832,888,8283,9964,63,5044,6015,1518,2168,8180
1265,5321,1445,5111,7143,3392,7150,718,4503,3013,6417,6681,6580,7404,6683,7703,1384,5850,526,6397,2421,243,7013,7650,2860,4172,4268,3939,2620,5898,1997,8835,8234,3311,8935,3837,1172,4909,5357,986,4365,2236,7386,9036,984,1201,5969,9101,3832,8271,2608,7500,1658,2452,8184,3527,1897,4877,7441,9190,9270,2849,3887,9359,7683,2343,4539,2242,4480,8574,9464,7920,2519,1047,2074,2491,4497,9628,3125,9685,7666,9771,1903,6557,4600,8006,7711,4191,846,7687,264,1117,8588,9965,211,640,7119,931,4363,7906
2165,6566,3289,1619,5548,1121,7807,5517,5940,5303,4767,3792,420,2739,5704,8011,2243,3016,2138,3261,3117,1902,3362,4549,6670,3290,2782,4244,1030,4144,3868,8836,1940,3167,8936,1263,3798,1623,4835,2233,3457,3687,7138,9037,4806,1996,4429,8628,6679,3945,5970,4417,3061,49,6825,2035,953,3684,6085,6128,9271,2816,3932,8508,2551,4686,2681,2603,4018,5118,9465,3402,2898,3587,1624,1332,1877,9629,3065,8512,4013,9772,1541,5919,2418,5098,3927,4344,1547,3600,838,1825,8278,9966,3141,2211,1249,2309,2592,6390
276,6391,4794,3063,4645,1974,7326,6429,7129,2628,4323,2022,7345,3912,6731,6833,4758,2708,3054,2837,2863,1779,2316,2721,4703,3433,7145,2593,275,7076,4035,8158,3093,5364,8937,3690,2272,181,2927,2179,1530,3146,4879,9038,7525,84,3981,9102,4284,7094,4015,2769,2891,404,3033,1824,1560,3579,7055,7330,6791,4869,6261,9360,3754,4053,5934,3312,2055,5767,9466,9537,4348,3653,825,1988,3411,9630,5636,5583,5913,9773,4936,5628,5674,4494,4135,2622,3314,1993,1243,52,5162,9967,4760,3203,2982,4740,2836,5073
2097,7120,1402,2356,690,6094,8708,7868,7660,5024,5512,6822,5753,3044,6202,2894,2606,4930,4809,4404,4911,790,4940,125,3463,1079,7229,3050,6790,4233,236,8837,3023,7395,8938,191,2020,5377,5371,3505,5311,6330,4290,9039,3648,3218,3894,9103,6620,1182,4598,6290,3605,2352,591,1213,1586,5724,7822,8474,9272,5760,7388,9361,7133,7338,7253,2281,5125,7609,9467,9538,674,4433,3328,5827,6924,9631,1105,7795,7644,9774,428,5134,2505,8319,4775,7276,2399,3481,80,3441,9874,9968,3839,59,2655,7200,6890,9998
3618,6907,6529,5500,1311,5544,8170,4529,7736,4458,3453,5194,6481,1813,4958,2010,2258,1341,1762,4224,6366,1739,2000,3086,8172,134,6232,6740,3879,333,3279,8838,709,1222,8939,396,160,3564,4125,3161,3827,4062,7347,9040,7485,1626,5276,9104,7098,2473,5080,2843,3298,6636,3880,2465,1010,2956,7329,9191,9273,658,5581,7973,7250,2426,5749,614,1645,5564,9468,9539,1872,4505,7123,7001,7665,9632,4717,7977,7399,9775,6214,5768,4246,3764,6998,7835,3012,1810,166,2988,9875,9969,1764,2524,5135,3315,2436,7436
5485,5598,4756,4583,5859,5141,6000,6748,2635,1078,5569,6957,6553,5650,5556,2879,1372,588,975,2883,4164,5000,5379,2092,4332,3822,3614,5176,837,5149,5274,8839,4935,2861,8940,3153,1805,909,962,3048,314,3795,8616,9041,5655,25,5624,8269,6147,6487,3067,5797,3940,528,3995,2366,4080,6799,3461,9192,4523,4165,5611,9362,5943,3344,2198,3811,3619,2974,9469,6763,3803,1476,1439,4975,4206,9633,4181,1959,4612,9776,4343,4227,8664,6592,4793,5199,897,5477,1191,116,8008,9970,3444,3190,3257,2329,2698,2748
5547,6469,7568,3763,912,1806,8709,6206,5153,1066,1985,1811,375,182,2072,3834,7776,3626,4490,7168,2275,5208,7830,366,2078,5281,925,8067,698,691,780,7322,6453,6794,8941,1610,3787,5759,5560,1004,7053,7020,867,9042,1256,5679,2634,9105,5343,6301,2327,6971,5294,6506,4535,3568,503,7938,2918,7844,7718,5107,2640,9363,6357,2993,8003,1268,5927,6123,9470,8433,525,3844,6200,5715,4087,9634,4437,9686,7443,9777,8229,8186,8004,9813,4674,7702,7181,3165,772,4010,8589,9971,639,3775,3237,2780,5478,8109
4300,5365,6830,6877,1317,5669,8399,8231,4924,6661,4219,6884,3148,5103,7748,3808,3873,4105,3468,7034,4826,6772,6631,7799,7960,6197,5946,2542,5407,6672,184,8840,2936,7106,8942,594,2339,1493,4372,1895,5465,1641,6258,9043,8012,234,7153,9106,4049,582,1609,5899,3121,2210,678,813,320,7739,8429,9193,9274,6245,7620,9364,8017,2625,7743,1481,6813,5094,9471,9540,5642,1211,623,1393,7274,9635,3557,9687,8246,9778,225,7710,7944,7816,7208,6050,5089,1272,257,788,9876,9972,3610,307,1252,7688,7018,8541
4395,6708,1291,5326,3400,3936,7496,4660,1905,3998,5730,4874,4702,4280,2876,5400,3082,3870,2141,2290,3597,2225,3836,1627,5271,4360,2715,5774,2185,2950,1054,8841,6418,6951,8943,973,5187,2719,1718,4778,3320,3906,3129,8525,7107,1040,1754,8424,4761,2116,4610,6210,1297,2322,4383,2977,1088,5802,6528,9194,9275,2731,1746,8645,5391,3428,2534,1320,4166,6062,9472,6314,3000,3499,1325,1419,5189,9636,3678,6350,5706,9779,703,1180,7100,6268,6611,5444,1151,2520,918,1058,9877,9973,3266,822,1032,4712,1906,3558
3438,8125,403,1603,29,1188,8549,8232,3634,7520,2809,8143,6918,6546,4089,7715,4489,4158,3582,5184,2850,2361,4445,2312,5597,5911,4841,5396,4934,5261,1238,8842,4897,2062,8944,1581,633,4618,1371,5367,2137,3869,8131,9044,3801,220,4783,9107,4221,748,1147,7593,1440,3330,2730,1246,1506,8388,8185,9195,8570,4048,3842,9365,6199,4687,8162,5177,3878,2682,9473,7634,5341,4236,2692,6032,8197,9637,5546,6840,7492,9780,1416,6114,365,7206,6316,2942,5474,3123,86,2450,9878,9974,6550,57,4312,5729,4330,7156
490,5048,5908,4579,8212,2792,1208,7095,5549,1100,3970,7931,8452,5671,6608,6668,2085,3913,1164,8292,6823,1274,4695,1162,3863,4725,6980,4198,1052,3734,8348,8843,3460,7767,8945,4391,5588,1766,3267,5561,6,6192,8965,9045,5275,209,7784,9108,7093,1278,4954,7681,536,147,8409,941,595,8015,2663,9196,8639,7223,2881,9366,7965,982,7699,4642,902,7273,9474,8258,4339,4892,3693,2314,2351,9638,3275,9688,5929,9781,4021,4605,8665,6332,6317,2182,5077,4316,1221,922,8540,9975,1128,4521,3657,4744,3031,5159
3969,7925,6856,6346,7908,2701,8519,7051,6473,7456,2106,5063,3903,4925,1866,4844,6927,1299,2372,8293,3580,3394,4941,3475,4077,4797,6583,5496,508,3185,3181,8844,3270,4638,8946,3831,117,154,2757,2332,1199,1659,7840,9046,4965,833,3864,8115,7022,6342,4552,7237,742,1755,5243,4845,1018,6228,3421,7779,7941,1789,6139,9367,3225,7528,5223,45,2903,5812,9475,9541,3941,949,2462,7298,6946,9639,5975,8375,6224,9782,6489,5659,8666,4790,204,7070,3432,2798,212,1729,9879,9976,4095,3689,476,2877,3730,4992
3710,7725,3613,6595,2515,3886,8710,2537,3295,6071,3470,8078,5051,4708,6057,4601,5790,4864,2438,8193,3649,1498,3858,999,7357,5167,6217,7380,3771,5273,583,8845,1951,7396,8947,394,2985,3080,6795,1001,3127,5211,3004,9047,6696,5723,6019,7843,9117,1319,1367,5605,267,6824,132,3390,1472,7450,8100,8411,9276,5088,8241,9368,7663,4204,2512,113,3711,7863,9476,9542,1192,3158,2402,3287,8274,9640,2336,9689,8060,9783,3172,7275,7534,8034,6846,3249,2531,2892,44,1584,9880,9977,2758,413,79,5312,3563,9999
4238,6437,976,5968,2253,4304,8711,5398,3799,2901,1595,6431,4411,5676,6455,6991,414,4562,1679,4326,6307,3896,2208,4620,6039,4256,5441,6311,3199,2292,3815,8846,6402,4648,8948,2828,5340,732,4684,1261,3996,4376,2558,9048,3546,3971,4327,9109,2732,6655,2094,7387,1270,1654,6127,1757,3898,6981,7154,9197,9277,905,1604,9369,6235,5635,374,4784,5473,6610,9477,7068,2570,4086,725,2709,4887,9641,1747,7902,3774,9784,5554,4812,6883,7945,5450,6405,193,3062,1450,747,9881,9978,798,321,1901,906,3094,7535
1449,5002,3739,2627,2945,7269,4585,3496,3758,5861,7713,6168,5776,5190,7321,8740,4559,1575,706,6777,1840,4307,8171,4713,1474,8460,1034,8094,1027,4919,5956,8847,6256,7383,8949,2639,1678,548,7997,2549,8173,6781,1567,9049,1136,4464,5387,9110,7480,9120,3384,6921,1377,5205,8634,4369,3284,7403,6812,9198,9278,2039,2033,9370,7351,1156,7204,1606,1760,9387,9478,6358,541,2113,3681,6742,7673,9642,2855,9690,8538,9785,6591,8151,977,7834,1708,6954,6387,1827,1,2958,9882,9979,144,265,1186,895,7318,7849
655,5174,7374,7335,8445,6056,3095,1557,3090,7537,7364,7612,8262,8111,7738,8741,5027,2305,429,4890,1853,3644,7982,7651,3108,7669,1166,3947,5542,7193,5309,8848,6064,4500,8950,4309,884,500,7782,695,8960,7839,4880,9050,552,2483,8013,9111,8080,6403,3130,9126,575,5810,9127,3359,836,4485,8333,9199,9279,3387,5503,9371,8161,2079,7804,3157,1118,9388,9479,9543,660,6459,4698,3001,6077,9643,2099,9691,8483,9786,3791,7622,1642,9814,2177,6739,1919,3136,18,1065,9883,9980,261,298,2184,711,8085,8322
2750,6659,7088,7519,1080,4501,8712,7726,2445,8346,5468,8726,6926,6477,7467,1351,6392,7151,2385,7614,6031,6686,7561,8756,7554,5009,6688,6172,5380,6585,359,8849,2631,4388,8951,300,708,1565,5255,3138,4914,2432,2884,9051,8043,92,8219,9112,6482,727,1552,7402,831,2375,1081,2600,886,8044,8071,9200,8640,8002,8273,9372,7823,6212,7975,377,6689,2755,9480,9544,6520,847,1228,7024,8373,9644,6205,9692,7370,9787,1345,6092,8378,7993,8018,8672,4568,1234,301,58,9884,9981,4981,78,1077,5062,6369,7850
6963,8443,7007,2467,6125,5323,8713,1529,8020,2995,7284,8599,5864,1900,7870,924,7539,1667,280,8214,2525,6979,6265,3778,3631,8421,5272,7236,5727,7541,447,8850,7670,2914,8952,451,3009,4537,6011,1417,1538,140,8464,9052,5639,2550,7270,8629,5242,5973,1865,4576,1494,860,127,773,5394,4680,6599,9201,9280,6502,4706,9373,7180,4524,6313,5849,988,7398,9481,9545,4625,60,353,208,6159,9645,5984,8656,6449,9788,5590,7476,6730,7956,5382,7506,619,5424,311,3857,6544,9982,6504,3348,5026,7258,7046,7924
1946,5584,6406,2156,5683,1259,6650,3273,5771,2686,1468,3291,3168,5155,5856,4929,6470,3075,2331,3642,4050,2964,1632,2691,6367,4804,4005,2821,878,6110,3854,8851,5979,2080,8953,1561,1653,839,1989,1878,3823,2815,7606,9053,1711,1143,4857,8562,4308,2772,3305,4977,1089,1353,1617,1758,4155,6817,5800,9202,6600,4279,6044,9374,5227,6518,4751,2657,4692,6426,9482,9546,3485,4117,1174,5511,3171,9646,4506,7674,4699,9789,1507,4476,4250,6046,1073,4295,2359,3961,269,1014,8344,9983,1245,1598,1102,3500,1768,5710
758,7676,7638,5880,675,5939,8714,8520,1844,5120,1922,7344,1324,483,7131,2027,8127,4986,2065,4961,4517,6960,8754,3178,7499,2872,6993,8558,2789,2345,245,8852,4337,3916,8954,274,1804,3010,6837,1038,7984,6796,1699,9054,5139,714,6259,9113,7565,721,1640,8426,1874,4431,2846,5747,1516,8368,7802,9203,9281,6775,8055,9375,7846,7215,9382,1685,7684,6728,9483,9547,2228,1719,3102,5172,8535,9647,5658,8657,7148,9790,3751,6845,6161,8670,7979,8036,4398,3179,192,499,9885,9984,430,180,1003,2026,8208,8323
3862,4837,1854,4813,152,2460,8715,8287,6008,5124,2714,6408,8310,6912,6810,5631,5539,6669,4654,4484,2856,3573,7313,1911,7792,3929,5370,6815,4906,4861,389,8853,1869,4230,8955,310,1145,1992,1968,3952,4011,6065,6434,9055,6226,513,5981,9114,3154,334,1451,6910,4811,6922,635,348,480,7323,7940,9204,9282,3899,6488,9376,6177,3680,7812,2370,4432,4177,9484,9548,5847,4546,1977,3353,9552,9648,5168,8658,8031,9791,728,6129,1683,7419,7299,3260,5829,2230,262,2672,9886,9985,4885,2,2408,6565,6850,8338
3819,6445,4254,3575,5910,6573,8716,3872,7319,6087,1596,6169,5513,7790,6275,7484,7234,4082,3449,6920,5841,6135,6337,5099,3313,2069,5541,5852,4060,5376,1115,8854,1185,3221,8956,284,449,4,7165,2933,6994,5687,7936,8218,7564,2888,6761,6272,7108,293,3209,6014,458,4519,1092,1510,4182,2931,5345,8203,9283,2490,7224,9377,6658,2785,3118,32,4944,6707,9485,9549,6218,3825,4214,2564,6800,9649,6113,8376,7239,9792,3673,4739,8337,5836,1613,7543,4728,779,308,3583,9887,9986,4516,385,24,5646,1714,8047
2300,7114,6264,5224,919,6407,8717,8288,7423,5105,3991,7547,7091,830,6163,1991,8022,5701,5270,7394,4071,5784,6687,3525,7800,2470,3830,5886,2530,1276,288,8855,1867,5705,8957,510,835,1777,7513,216,5519,3765,3507,9056,3749,2150,4959,9115,7440,1612,5640,2216,165,3884,506,4667,2354,6186,7111,8568,9284,7056,7989,8509,6302,4824,6590,83,4647,7708,9486,8353,1847,1009,4111,7418,7976,9650,5228,8577,5498,9793,4346,4514,7826,8247,3233,7059,3743,3508,54,991,9888,9987,4207,1342,463,3200,6162,10000
1873,6855,5793,6572,6016,6201,8718,3784,4499,2446,3876,7625,5308,4040,7559,2205,2148,2595,2502,7126,6967,5064,4374,5488,6288,2353,1459,5422,2488,3956,3679,8856,5262,3768,8958,602,563,114,715,5178,682,4534,7986,9057,7005,579,5466,9116,7661,7368,3931,4267,940,109,7963,4452,2377,6656,1682,9205,7633,7461,5680,9378,5917,7067,6563,4231,2904,5862,9487,8434,5738,4994,1475,3124,3217,9651,2357,7903,2624,9794,1461,4520,7493,6721,5337,6372,2196,502,796,622,8167,9988,4606,1155,761,5344,3901,2765
5744,6571,3517,6801,870,2695,8719,8010,7577,4156,5559,6722,8553,6126,7365,3688,6609,5116,4305,7072,3861,6509,7035,1224,7961,1343,7854,5154,2970,4799,462,8857,557,2670,8959,362,408,1537,7542,3655,6704,6614,4192,9058,7841,935,5507,8630,8175,168,4823,8053,3516,3652,532,1002,1057,6211,8194,9206,9285,3592,6915,9379,7503,6053,3700,412,5816,6447,9488,9550,3599,3509,6483,4853,8105,9652,6396,8244,7505,9795,1133,5285,7017,3759,6365,8166,6539,1611,87,2144,9889,9989,3175,12,139,7080,6714,5890
