6569,4249,5801,8520,4926,8884,660,9000,1505,381,8445,6165,7524,9049,2767,340,134,1129,7153,9092,180,2005,847,3447,6166,3046,8222,6711,5668,7487,8615,9170,8596,9307,5073,1490,858,9394,3843,7057,5545,6742,5077,4487,7606,223,6345,3139,7347,1763,4484,5205,5344,7409,7949,2609,6337,1329,9426,8937,9489,8855,7939,4378,4746,7760,8309,7520,583,9573,1914,944,1547,1050,8039,5263,4857,9699,8959,9827,8963,9929,77,3881,7349,9973,9984,3768,6072,4144,1277,2611,3574,2034,5476,1408,6266,872,7921,2516
8607,436,5797,8750,4475,6228,4784,7914,8100,3402,9013,4160,7923,7540,2429,8524,945,8125,9061,9093,3815,7846,4272,5171,1119,4584,6911,6192,7291,6605,8246,9171,8248,9308,6434,154,5089,8018,2018,1978,4312,7335,3688,3908,2065,2571,5799,2087,787,4307,5056,6136,6684,6305,7721,2370,1544,7784,9427,2286,9490,4404,2446,696,5708,3892,7298,5896,4123,8948,807,1353,441,1971,7538,331,3276,9700,8960,9828,7694,9930,1509,5457,5876,8691,9985,7183,996,3410,747,5161,3711,8,1585,4267,726,794,2631,4270
5446,5631,634,5718,1157,3177,2659,5762,7248,3260,8395,3008,3164,7231,3874,6322,4979,4219,3519,7975,169,2956,1799,3255,1484,4278,5698,6511,5988,2282,8213,9172,6464,9309,4116,463,3506,8838,1568,5122,3933,2492,2806,4689,183,2761,1122,4788,2159,4315,3085,3756,3857,7774,7058,4531,6738,3025,7994,8071,9491,5681,2330,3658,372,1933,5745,6931,6107,5885,4518,2344,235,4953,3195,3289,1772,8733,4393,9829,2235,8238,1342,3911,4848,5507,4422,5230,5687,4187,992,4510,2682,3218,3648,1650,6076,2464,5024,4602
3122,5818,2726,7385,4376,3027,298,8069,3930,1237,9014,6516,7833,3018,497,1259,292,853,5430,5868,128,2142,2148,5124,6885,3453,7400,7812,7084,6309,9164,9173,8764,8915,2506,571,538,6981,5820,4280,6838,6867,2223,3395,3288,598,4214,6125,7128,4536,4761,6440,5811,4347,7981,859,3337,725,8928,8621,9492,5449,2692,8082,3089,5796,8803,7020,1033,9574,3009,228,1797,2245,8040,3645,2434,9701,9777,9830,7911,9931,838,2530,8630,7086,9986,3551,6164,4233,6022,5701,6297,6275,6916,1317,6917,909,6902,3900
8980,2361,7367,8697,139,3649,2004,2521,8342,3278,1255,2007,577,7408,564,7356,1954,8649,2998,8761,4712,6550,1045,1883,1028,7508,1488,7893,9161,2703,8830,9174,8401,9310,8415,1221,2946,4791,4981,3421,6172,6880,6728,1872,5032,6668,7373,3476,962,7110,3370,8495,4412,6936,7599,6632,7783,6857,9428,8847,9493,3140,6762,5923,5141,3996,7168,6584,4925,9575,3241,1944,664,1040,7857,236,848,9702,9778,9831,8566,9932,399,8155,1825,4100,2009,770,5000,2615,6204,4211,2995,39,2678,4569,8323,2586,8272,7207
6927,2653,2149,8580,478,7061,5523,9001,8160,114,9015,5064,5511,5921,2336,6652,5886,2896,5623,9094,190,7370,1054,2156,1666,5245,6604,8034,7187,7475,8911,9175,8471,9311,7575,162,676,9395,337,2824,3803,7576,3704,1348,8183,6184,5492,3543,7619,8249,4781,6481,6027,9419,8718,361,8403,3091,8844,3520,9494,1168,6285,3486,4592,8189,6826,8498,1183,9576,5992,905,100,3733,9691,161,699,9703,9779,9832,8964,9933,1252,924,8043,6273,8136,7816,5417,2625,5791,8814,1996,1275,3243,4215,8271,2225,8606,7429
8981,6486,4555,7757,371,6386,3357,6903,5724,2218,5849,1977,187,7882,5604,2258,246,7062,2749,8827,1369,3880,2777,4362,1592,6676,6612,1931,8016,7281,5121,9176,8679,9312,7416,1213,4664,893,5365,2953,3304,8080,1441,7,1138,2655,3976,4952,6743,7586,4017,5110,3482,7878,5040,4906,5713,5123,8801,8307,9495,5266,2601,1732,6009,5941,5156,6763,3275,9577,3991,2331,2587,3053,8235,2842,23,9704,8808,9833,6433,8628,89,3695,4716,6260,326,5063,3800,4370,1291,6574,5441,4714,4839,4151,5861,3380,7031,5944
2740,4829,5198,5331,237,1326,1905,2164,7515,3581,7270,1911,354,4065,834,7697,6041,4661,5410,7749,742,4754,6794,5662,4700,4142,3811,7329,6630,4076,8678,9177,8232,7795,3034,2731,2,3719,2213,5280,1370,4780,4325,1127,1810,2335,3481,5277,3291,5022,3343,2662,3534,6405,6283,4732,6638,6769,9429,6724,9496,5135,4859,2355,5069,4460,2423,6395,4792,9578,3977,7668,7131,5160,5326,2093,210,8864,8191,9834,1942,8629,421,4823,3070,8113,1077,5338,5587,1203,2484,5242,3886,4684,2427,3230,2333,3593,3629,2984
8424,7398,8392,6080,4603,4418,2847,7990,937,5834,1958,6910,6375,6078,5482,4290,1323,819,6543,8378,912,6134,6170,1621,8429,8109,7811,189,3015,9163,3594,9178,8832,9313,7780,1112,4021,562,2337,5173,4997,4728,6376,3625,1962,46,754,5164,4102,7752,317,597,2250,7010,3428,6703,1335,8250,9430,2950,3206,3051,7422,7855,7418,7712,8663,6660,646,9579,1032,2838,8285,553,3086,1681,4618,9705,9780,9835,2188,8739,1181,8042,4232,7581,6905,2754,4777,3033,7237,3273,6705,1675,1087,6174,4480,7562,7060,4975
1431,4001,8695,5732,2387,5806,2816,7024,3869,315,6462,2498,4524,8612,1066,8548,8427,7272,8526,9095,1502,7706,3616,836,4465,8121,1658,1273,5337,969,3982,9179,9270,9314,8330,73,1251,8839,5428,4879,4198,5533,7395,1798,1489,841,7646,4505,3587,5629,6620,7691,1398,8281,7753,8282,8038,1645,9431,8848,9497,2430,8081,4042,7952,2974,8726,7787,1498,9580,1154,2540,1698,356,7808,1614,3007,9706,9781,9836,5402,9934,5212,7492,5166,5158,8158,3185,4599,1272,6074,1503,1820,59,397,6746,3468,2271,6775,8569
8340,3949,8696,8673,364,3714,4882,8753,1785,1858,7368,136,476,8894,7421,3988,1444,4799,7154,9096,349,427,1848,2474,438,7762,3706,8278,8017,3003,5586,9180,9271,9315,4407,2518,981,5414,6899,3876,2326,9417,4605,167,5429,7518,4449,800,8347,6356,7773,7509,258,9420,4508,8217,6003,3286,9432,8938,9498,8056,3112,7113,3430,7832,8562,7591,365,9581,5126,5411,4548,813,9692,851,238,9707,9782,9837,5017,8740,233,4437,7116,3000,980,6865,8749,7340,4006,8634,6115,7557,5938,6529,8254,5179,4366,7841
1281,7044,4938,7610,3919,7660,1627,8393,8242,4850,970,193,7211,8193,7671,7499,5729,3403,7558,9097,119,6092,8907,2109,8120,5582,3558,149,7364,5079,6980,9181,7717,9316,7256,6557,3222,701,933,6766,5265,2019,4250,280,325,3246,6824,5562,1581,4947,4873,7330,3161,1826,6002,767,2129,5963,9433,8722,9499,2457,1895,5571,2081,3817,7868,7839,5239,9582,3345,9666,8406,3436,5875,4895,3504,9708,9783,9838,1472,9935,4180,3700,3334,9974,3472,4834,7339,4625,4936,312,4654,45,1542,2193,1742,4668,7043,7985
5224,6363,1454,7522,540,7399,231,9002,5961,516,9016,6053,5779,5315,1738,4428,3231,3035,8289,8902,74,1175,1459,2364,446,2848,4843,7770,5276,8654,8831,9182,9272,9317,4868,1164,790,7605,2114,2301,6654,6213,5348,388,3671,6889,5699,3041,6579,7781,5929,8280,4553,8305,6672,1651,6346,6313,8772,8404,9500,5579,3790,8590,3092,6896,4164,9572,1765,8805,6858,978,160,5392,8511,182,256,9709,9784,9839,8784,9936,303,1565,5509,2086,6745,6028,5278,6673,6381,7874,5951,6069,7424,4994,7714,1350,6803,4752
8982,642,4532,8353,600,4476,3901,8754,8789,920,8892,6611,1325,5502,6208,8824,7362,6727,4600,9098,3561,8231,910,1740,1575,6257,3782,5220,8380,3478,8061,9183,9273,9318,8837,43,6261,7127,311,3955,5611,7433,6008,886,2317,5143,7316,4112,5889,8315,5599,7614,7285,8923,7410,6868,8843,4701,9434,5282,9501,1208,8188,1670,6147,8575,8386,5776,1231,9583,2910,1076,212,1477,7997,563,168,9710,9785,9840,6640,9937,2080,2455,6665,2858,3878,3116,4292,719,5899,8977,2017,55,1982,4394,6132,3113,2057,8464
8983,2394,2318,8439,382,2820,5394,8699,7905,151,9017,6853,520,9050,7551,5214,3130,2531,5181,9099,263,3552,1053,2889,1831,5997,4240,8583,7742,2831,8912,9184,9274,9319,6023,137,5694,8714,1806,3166,7720,9418,4945,948,8055,6733,5862,1233,8331,5187,6168,8092,1396,9421,7570,967,8093,2420,9435,8252,9502,4288,4960,2908,5581,8318,9565,8779,510,9584,4354,1332,542,592,9693,392,526,9711,9786,9841,8237,8966,208,1099,6849,3209,5517,7254,7185,2856,4723,8879,3855,3724,2359,4844,8816,4296,7618,10000
4579,2901,7746,4289,1835,8698,251,9003,3987,1082,7843,6463,5973,8396,8074,1955,2469,2461,8440,9100,4717,8128,3951,3734,8909,5154,7474,374,2035,7195,8198,9185,9275,9320,7470,64,723,6522,6999,5182,8053,6956,4942,2670,1265,705,1185,3604,2077,1339,6063,1913,889,8841,7710,6294,2421,6242,9436,8357,5335,5584,6938,3819,7680,8201,8319,8623,431,9585,546,2184,9676,632,8512,3979,5408,9712,8171,9842,6831,8460,817,3450,5340,9975,8974,6694,4423,1748,1692,1426,5855,266,166,5458,4682,6747,5686,5217
2266,6526,5956,2884,3030,8991,209,6586,7006,1641,7133,5877,8025,8647,7451,7650,917,4851,8759,9101,1246,3254,4841,1197,8014,4166,8707,131,3128,2136,4294,9186,9276,9321,6058,54,3686,5910,8177,1541,5259,3355,515,1121,594,1494,3795,8369,6580,7471,5546,5059,4178,8141,5670,7978,4034,7851,8845,8574,7407,2211,5928,2993,8072,6897,9566,7434,551,9586,1555,3841,9677,248,8459,3631,3187,9713,9787,9843,2541,8389,3868,7824,3131,8872,8875,2303,4867,1811,1471,1764,2459,501,777,4516,2158,5227,6159,5038
2327,2907,4090,2247,2549,993,534,6893,6421,4246,8211,5264,683,5180,1264,6176,3031,4099,8650,7750,2392,5347,1601,2475,1725,4721,5585,3257,680,5685,3315,9187,7305,9322,5247,3565,523,8916,7050,5328,4020,4832,3150,1745,4089,3546,3366,5204,1781,4885,4226,1591,1382,6336,7656,3416,6394,7019,8846,8226,8775,7066,6545,1534,1437,6625,2973,5169,6639,9587,1687,5317,7093,2696,5422,3082,4355,9714,8866,9844,1302,3923,1481,6546,6547,4414,1649,2769,7809,4726,4367,5319,2833,418,4537,157,1722,3659,2490,1648
1716,5772,5672,1778,1856,6518,1,7585,7312,5725,8523,5332,3759,7037,902,2991,855,3515,8048,8196,62,377,3964,8651,7501,4075,8266,2768,2382,6521,9165,9188,9277,9323,1744,2406,252,2951,2887,6026,2321,5330,4424,4619,3692,2381,6068,5809,3844,8316,5490,4816,6657,7910,7162,3191,1981,8293,9437,5525,9503,8336,4719,8435,2580,7902,7497,7631,7687,9588,3234,9667,9678,1457,3145,304,758,9715,9788,9845,6039,9938,82,2574,5690,940,3404,3742,6802,5440,4445,3391,3780,2002,4598,1597,4318,1616,6924,2491
7582,3277,2616,8444,572,6758,6960,9004,8118,113,9018,2940,4564,5381,2265,6641,7844,1743,6907,8828,181,6884,1041,1974,1296,3821,5054,5455,7387,6776,9166,9189,8833,9324,7837,165,1983,9396,383,2212,3945,7629,7284,1364,5669,6100,6277,4616,8185,6500,5534,7709,6976,8717,8333,615,8599,4566,9438,5068,9504,2582,5753,3754,6031,8096,5660,8780,1461,7941,4501,826,135,3152,9694,511,402,9716,9789,9846,9927,9939,1526,743,8786,2585,7778,7912,5174,1507,6704,9999,1612,796,2589,4506,8324,1173,7549,8205
1381,684,8256,7523,2117,6229,4676,8886,6609,3375,8790,681,3029,9051,2377,7212,8397,8398,8466,9102,2866,8794,1313,2329,1314,9160,2566,3916,4507,5125,8247,9190,9278,9325,7645,88,2134,8917,7243,8416,1113,6624,7155,1022,1589,1165,8150,1818,1523,3848,4604,7009,1536,8771,7822,2734,4565,2289,9439,8152,9505,4489,7572,1097,7873,4194,8858,8601,1859,9589,791,4259,1706,749,8321,3207,1249,9717,9790,9847,5028,8809,2941,5096,7777,9976,4386,8463,6279,2712,7920,3040,2797,37,424,1015,1047,1935,6112,7609
8219,7626,7472,8361,1093,7097,3535,8887,1024,6040,1238,2477,3393,6018,6667,3611,339,1305,5444,9103,5271,3990,4483,3550,8277,7076,7363,1074,4106,7794,2375,9191,9279,9326,7380,4443,1802,348,1201,5598,818,6280,4855,468,6537,285,633,6331,5466,8383,1006,4514,783,8332,7171,6614,5480,3055,9440,3400,9506,6443,7519,6658,6663,5592,7085,7545,1030,9590,1322,4577,7338,499,4308,4876,1976,9718,8735,9848,2369,9940,241,7729,2152,7412,1145,3242,2771,6408,5846,5306,2012,3521,2661,2110,8204,6568,4003,3810
7073,4631,4271,4523,272,985,2366,8144,3549,610,6422,4357,222,2095,938,1606,310,6226,9062,4002,51,6197,7891,7527,3383,4996,6398,6816,2684,1580,8492,9192,8708,9327,4104,2698,33,6435,6403,6935,6512,5918,5139,3394,2709,931,5995,3226,6716,1178,1967,3968,6648,8506,7446,4492,7766,6995,6697,4413,2590,7867,6119,4258,3232,7269,3767,6618,3651,9591,4707,6259,5472,2597,7592,410,2960,9719,7633,9849,7791,8867,4170,4171,1854,5412,191,2412,4863,5423,3889,7531,5384,1660,5924,1717,7151,5679,6180,5088
7033,3272,2572,3497,4486,963,1701,7705,1727,299,9019,6678,286,1241,1239,1882,674,1677,8195,2718,104,7976,8795,6269,6958,6497,4713,5945,3090,4364,8762,9193,9280,9328,6354,186,65,8586,3303,6539,7371,7915,5094,7929,4389,146,1939,8184,7665,878,6364,810,1527,8842,8473,3068,7657,3864,8536,4066,2725,5838,7930,8337,4623,6507,6325,8057,1271,9592,7092,8806,7294,5970,7465,4313,4169,9720,9791,9850,8058,9941,4974,4023,5844,5048,425,2254,4472,5395,4807,7087,4058,7704,491,2488,7262,6085,7695,3470
3405,3153,1331,3518,3505,5723,26,8522,7738,171,3675,5789,765,5097,5589,7944,6476,4397,8792,7038,48,6451,3314,7238,4883,4959,3937,5479,707,6998,7445,9194,9281,9329,5524,1204,217,1578,276,4007,5373,6303,5037,6360,654,4722,4893,7072,6498,4125,3854,6423,2890,9422,5243,877,6756,3862,8929,6340,9507,3729,4190,5968,2612,6005,8083,7354,5206,9593,2371,7182,1926,5949,6038,34,3710,9721,9792,9851,5639,8868,1274,2466,2495,8299,1795,2261,1245,6456,5042,3789,4765,6718,5388,2895,5739,2249,5035,7118
4698,6979,5285,4127,1318,8487,1118,6231,7887,4128,4626,2970,4779,8895,3708,1456,1360,1256,9063,9104,1240,5616,5399,5007,9155,267,1906,201,4223,587,2584,9195,7388,8356,3268,4236,3802,9397,8267,3440,1659,4241,2680,991,4237,1760,2557,6524,5563,5176,1107,5416,2029,1283,7018,3198,7106,8187,9441,7622,9508,5442,1897,2356,2422,6739,7725,2023,2812,9594,7788,9668,8862,1333,6734,950,3490,9722,9793,9852,3377,8967,3492,4795,5120,8097,8787,3748,2986,5034,1631,308,2850,2048,1736,4035,1900,2837,5848,2456
2647,1143,7220,7005,4245,8288,2388,5478,6945,2955,8446,1153,4149,5881,7613,7302,6006,5748,8676,9105,1180,6122,5236,6954,7810,982,3186,4527,6582,428,3326,9196,8454,9330,4004,3691,4273,6955,7502,5324,2075,537,1476,4695,2395,3583,3111,1345,5167,6054,3121,2938,4894,3591,2600,4646,7199,7701,8251,7130,9509,3065,3601,1630,1085,3787,1159,3824,3906,9595,2437,665,2374,4057,5980,1697,2893,6948,6870,9853,1846,8690,2052,2832,480,3762,2818,5835,6940,4191,145,3269,1328,4624,2755,3502,6120,1644,2238,2228
2494,504,2015,5661,4086,3655,2873,8107,4500,3258,8006,92,8675,3764,6695,4377,1268,6496,9064,9106,885,5792,7414,2780,8197,6035,5905,4212,6551,5113,6722,9197,7394,9331,5974,4161,3806,6912,5873,4750,324,192,1940,6558,3471,955,5700,2407,5334,1824,1177,3527,4220,4425,4762,3059,1922,4365,7641,6534,9510,7786,4856,3746,3858,5536,6244,6669,2614,9596,7022,1037,4865,7069,6010,741,959,9723,8669,9854,240,7491,2883,6111,2594,4869,9987,2088,3957,5950,897,5913,3196,1540,775,3433,6252,2748,1346,6181
8045,4753,6437,7563,4277,7797,6289,9005,2553,259,9020,3636,8412,3352,2123,1985,1424,2253,8703,9107,216,3426,1052,2714,4785,4687,2436,8441,6686,2189,8529,9198,9282,9332,5577,44,170,8715,1055,2618,7283,7598,7543,4167,2320,1146,7217,1316,7250,2593,6324,6377,1828,6874,7805,414,7950,1234,9442,8560,9511,5288,3446,8944,4143,8856,5984,8499,812,9597,4469,508,327,1386,9695,306,5916,9724,9794,9855,8689,9942,3332,2285,8604,3441,9988,8484,4815,3409,6173,8978,1663,4108,2814,2969,7726,3244,5880,5146
6603,5986,3851,7152,3525,8645,2432,3336,4984,4078,9021,3266,4958,8821,7819,6680,4638,2415,9065,9108,569,3216,6782,2091,8290,5189,6544,4615,4718,1493,5750,9199,7346,9333,1704,679,2013,9398,6262,6198,5790,3507,1039,2224,524,3425,3365,5033,5052,4739,4130,1529,3076,7554,2720,2315,1340,5434,8270,3071,9512,3766,1615,4266,3360,7307,8190,3813,979,9598,1867,3079,8731,932,1766,1057,1755,9725,5305,9856,2157,8741,213,4509,5029,4813,8375,2825,5787,763,2922,2031,2108,1031,5389,4082,1734,1929,2759,3396
4783,5522,1823,7550,4559,5219,621,5376,6841,2428,8411,1089,3106,6854,4861,7672,977,5749,9066,9109,578,5398,6025,492,8652,2704,7425,5946,7869,808,6653,9200,8062,9334,1678,987,2511,4899,6329,3460,4319,4135,533,10,2852,3376,4613,5248,3751,6702,2913,5002,5553,8186,1988,247,2452,7375,7112,4221,9513,4550,4346,2239,4168,4846,6792,5513,2573,9599,6169,7996,6565,4390,6699,3204,4968,8591,8112,9857,3415,8968,3796,5942,1124,7730,2191,1413,1254,4949,255,5671,4117,3705,4798,956,5851,780,6056,5703
3995,3420,2958,2066,3094,7798,1787,3839,8243,3173,9022,4314,6161,7998,5763,8089,5852,4580,9067,8399,1260,2741,5159,2078,6081,1004,5489,3301,2170,3632,2076,9201,4988,8346,4529,3744,2306,7189,4972,2296,6099,1202,1686,3775,2567,2206,5486,2794,2036,6975,958,140,5016,832,6713,1918,913,4944,7615,8371,9514,2390,1455,7287,1633,4040,6319,5547,3240,9600,1819,8563,9679,5548,7051,1412,3279,8500,8736,9858,3799,7858,2757,4897,4954,4244,7960,5715,6073,3267,4597,1865,2307,97,5757,1904,368,2064,3557,2826
5050,6538,3641,1248,3280,5076,1599,4228,7906,1070,8581,4560,1191,7627,1301,7236,6042,2544,6628,8450,1458,5544,8614,2487,7135,1172,5503,6972,5707,4440,7909,9202,4651,9335,6798,835,195,8656,6961,5415,3136,3920,3986,2867,3626,220,2026,5272,4992,5962,5286,2339,2150,3144,5211,5613,4789,2892,4740,4496,9515,2694,2186,6157,866,3715,8509,2606,4340,9601,1849,4547,1401,974,4554,1990,1051,8734,8624,9859,6793,7216,1943,6020,1573,7934,5109,4966,5269,789,3837,6490,1417,692,3510,2914,3101,2517,3251,6478
7936,3643,4014,6475,1966,8208,3294,7034,7230,2270,4796,1299,6787,7999,798,7673,5605,5275,9068,9110,118,3739,7344,2145,2775,4552,2046,7401,8148,1779,6973,9203,5719,2667,3526,1712,3833,7865,5773,7203,892,6154,3624,5142,5568,1782,4601,3050,4680,7954,4821,2338,1562,6799,7245,5467,5983,2112,9443,8849,9516,1219,1390,4544,4456,5184,8687,3005,4747,9602,7537,8782,3847,1468,1357,1216,4776,9726,8625,9860,2248,9943,2841,3747,3369,4210,5621,3259,2548,2645,489,1371,972,387,4582,4269,108,447,4694,7096
7208,5116,3475,5046,3374,8325,2085,2915,6491,2617,7461,3245,2855,8145,8032,5491,3247,4933,8704,9111,1451,4772,2668,1986,5072,2367,1315,1225,4870,1258,6813,9204,7315,8313,1840,3554,2770,3036,5726,3115,2489,378,2535,2334,1813,1874,3138,1661,3865,5696,2160,4588,3697,5067,3927,2244,2103,2497,4818,5287,9517,2591,2439,2515,722,1919,6692,2210,5023,9603,3861,6016,2894,1603,1298,953,2983,8865,5144,9861,5936,8742,530,4658,3845,5683,2746,4209,6251,3953,4188,5231,2911,4107,2379,2828,2707,2807,3934,4029
7913,5218,7082,7241,3950,5450,1535,7685,2932,2623,9023,2021,4652,9052,2408,7637,6918,4416,8448,9112,1423,7707,2798,2843,1109,5688,3853,2888,3825,2190,7883,9205,8913,9336,6555,5,1843,9399,2538,3125,3047,7560,4900,887,63,1556,4038,5001,2449,5140,2937,2053,4905,6482,6930,7754,3039,8418,9444,9479,6250,3435,3966,2660,3212,6362,5786,7879,3994,9604,829,464,554,846,6245,604,5822,9727,9795,9862,7823,8869,5352,6949,5216,7935,8605,2092,6872,1987,2787,3619,1250,72,994,3709,3513,6116,7659,8227
8644,6608,6622,7942,2772,8817,7460,8545,2267,32,9024,6862,6150,7271,4918,1338,1126,1046,8126,9113,376,5711,1588,3045,4513,7432,3842,4105,5043,1418,7402,9206,8797,9337,4088,14,3386,8918,3439,4010,8008,8223,7215,1563,1511,403,5859,545,7651,1830,5368,3103,471,7804,7796,2162,8619,1306,9445,7602,9518,4621,6141,6581,5355,7916,9567,8478,422,9605,1805,444,727,672,8955,1783,5070,9728,9796,9863,8172,9944,1393,3346,8568,5292,8632,8878,7684,1262,3694,8098,4702,4587,936,4803,7384,5817,5955,8241
7279,6352,3458,3792,1726,8752,28,9006,2094,2977,7566,334,4239,7888,5469,1715,875,2083,8327,9114,58,274,4915,2197,769,3004,3329,4335,8470,5952,6193,9207,9283,9338,4453,4156,5432,5008,7265,2342,689,5400,4633,206,3302,7120,5607,2751,4521,8215,5578,4363,1569,6469,3484,7417,5632,5360,9446,3785,9519,6914,1479,8686,3361,7995,8027,8131,1276,9606,7490,7383,4498,7114,5044,921,487,9729,9797,9864,6129,9945,215,6860,3530,1775,4349,1043,7561,3917,5833,7325,4709,5213,7117,5829,7493,1613,6700,2674
8984,2269,5157,8988,264,1751,4583,5013,3609,2273,8073,1530,903,8756,922,8897,6527,8013,8127,8163,4344,1774,1035,2560,289,6171,1295,8355,8345,2241,7779,9208,9284,9339,7568,579,2598,8767,759,5222,3965,6359,6967,703,1415,5601,7039,1400,5954,8658,3737,7850,2636,9423,5764,6894,8103,6588,8930,8662,9520,7365,8066,5194,1642,5736,8945,7917,2055,9607,2308,1771,366,1098,9696,319,49,9730,9798,9865,8374,9946,196,8286,8360,4101,4708,6138,4811,3912,5826,6265,6088,495,4763,5138,7004,4333,3890,7859
8207,3690,4743,5152,2169,6234,3114,5837,5321,2389,9025,4304,6357,7290,6321,5487,3514,5258,9069,8491,840,5768,1639,1094,6795,2417,2419,5640,6661,4330,7180,9209,7884,9340,1198,4054,2349,8768,7273,2204,4824,999,739,3942,1890,2328,2949,4264,323,2079,1261,4495,2059,8234,4963,2786,6137,2903,7647,1768,9521,3639,1757,1434,5426,4385,2246,3589,2056,9608,837,7331,8320,3398,2043,1949,3200,9731,7054,9866,3105,6397,2523,3392,3599,8262,7897,5735,6876,3451,1378,4724,380,691,3348,3368,659,3973,4261,4396
7922,2815,6339,8989,3312,8992,3434,8302,7769,1515,1436,3297,2416,5404,7802,8791,4201,7542,7139,9115,19,7193,7441,4793,7098,7552,4650,711,8312,7534,6327,9210,7469,9341,8233,6086,6151,724,2139,6823,172,4016,6414,1812,1358,3190,5990,3816,1344,6913,3078,4094,4845,7121,6126,729,4608,8199,9447,8723,9522,2279,5104,1875,5756,7616,7309,2368,5075,9609,5427,9669,9680,3379,1594,1038,2835,9732,8626,9867,630,8541,949,7435,4011,7512,549,3822,8159,6554,2030,2476,3698,148,2435,6461,1166,204,602,7903
3981,3763,4849,5119,6070,8137,3342,7669,8889,3656,2629,6759,6046,8594,2221,4511,1405,2728,8899,9116,22,4189,8552,2583,5382,7046,7945,2666,4253,3306,2240,9211,5055,9342,1374,257,3202,5755,7197,5329,5178,3870,1634,408,1916,5020,5420,3730,1579,3827,6113,6114,6037,6505,7600,5325,1655,8019,8719,4463,9523,1705,6272,2602,6779,2438,7681,4924,3126,9610,1980,3657,5012,254,3871,1665,4227,9733,7556,9868,4388,8482,3539,6296,5529,3533,6567,268,2732,3192,1286,3283,3221,47,6419,4575,3818,1267,890,3689
1770,6267,6218,7209,3978,5372,1242,8011,8755,6139,4677,685,2441,8637,639,4711,3943,6990,7225,9117,407,5512,5363,473,522,5870,4542,2605,8050,1193,7255,9212,9285,9343,3325,225,5405,7264,8314,7198,6153,2619,197,1017,200,4225,3399,7948,4775,5134,5406,4369,6271,8924,3668,6809,7587,8384,9448,6869,8852,2072,5853,4545,7623,3256,6528,4982,4019,9611,3652,5777,1212,596,5128,1379,4782,9734,9799,9869,3791,8542,3566,7205,7466,9977,4699,3292,3584,1327,5785,2747,2137,107,2799,5041,445,4176,5302,3932
7468,6302,1891,8004,4121,5665,535,7595,3184,557,6964,147,370,7012,1952,2613,31,6254,9070,8903,6,3936,8077,7597,8176,6392,7821,8677,5307,4797,8035,9213,8709,9344,5922,3347,4589,6942,4672,6007,3330,7928,831,6818,6083,704,2135,6087,4152,547,518,7140,2130,9424,4581,322,6347,6501,8385,5117,9524,8477,5313,8153,6594,7419,4759,8804,2462,9612,7191,7933,5709,7546,7683,2454,3474,9735,8737,9870,6455,9947,589,2287,2513,4091,5196,544,869,5554,440,7103,3545,2305,5702,3087,6349,4685,8022,7350
973,4461,5813,3606,2260,8993,1636,7391,8890,3313,8893,219,8101,7731,2788,7213,5270,4379,9071,9118,3284,6177,1269,5106,4037,245,5882,5893,6458,2857,2935,9214,8680,9345,5036,347,4466,8769,8052,6152,5504,4286,1232,330,3097,3627,5771,6282,2552,4890,519,1567,4561,5535,7048,6494,6791,4265,8620,7776,9525,2054,3556,389,4056,856,7555,1711,2753,9613,7624,9670,8688,3676,5107,3371,1512,9736,8143,9871,6996,6011,3772,5021,5137,8135,9989,6535,5193,3006,76,806,4522,56,4205,2555,6892,3384,4928,1674
7635,7341,5083,4387,3884,4051,2739,6219,1525,5728,7696,5354,8180,5460,4375,3743,1729,488,8570,8904,644,6182,6095,2690,8639,2676,4727,622,2113,7870,2450,9215,5989,9346,4368,738,1288,5191,6646,3856,6900,6631,5456,7078,757,138,652,4450,2654,6881,582,536,2409,6506,5967,6366,1010,7456,9449,6483,2167,281,6189,7181,6589,7122,8358,7067,968,9614,748,2979,8951,498,2881,4120,4032,9737,9800,9872,2813,8442,2875,6832,5101,9978,9990,6223,2871,3417,3448,2931,5678,4729,1582,2933,1936,6846,6748,4929
8087,1354,6332,8751,5957,3264,1910,5452,1341,1179,7378,4229,871,4655,452,986,90,1134,9072,7741,774,5465,7179,6186,1866,5118,8344,6991,1834,3882,8796,9216,9286,9347,7099,1278,2575,8840,5915,6879,6873,8292,5374,8224,4284,398,2992,3038,6293,2447,5246,4768,805,2802,5438,656,5828,4446,9450,7200,8724,7767,4126,7079,4018,4534,1852,4805,3634,9615,1367,4629,2710,558,3605,3828,702,9738,8407,9873,7507,9948,3980,4749,7169,8483,4481,7467,1800,4048,2363,5738,4195,1088,8178,313,5697,5892,7049,1656
7124,2199,5074,6851,2976,8635,3875,3638,2528,343,9026,928,7748,4358,5543,6239,4085,6140,7500,9119,293,2804,1002,5900,4639,5295,449,6211,1059,1710,6328,9217,5947,8455,2402,262,174,9400,3290,2347,4593,4162,2458,3219,5505,1539,1809,845,4767,4617,4539,4064,3077,8167,5906,4558,6994,2445,8931,7872,9526,6459,5383,4804,6311,6688,7457,4381,5005,9616,477,7983,3414,4862,1654,3331,918,9739,8481,9874,4748,8810,261,4503,5784,5108,8812,5902,1786,3797,3100,6827,1078,2996,4124,2353,6298,3838,4990,3992
8882,2723,3769,7643,1432,5666,2876,5576,7800,1709,6928,1013,277,7898,5537,7628,4087,7638,1531,9120,224,2062,8138,4293,8469,2226,6771,7516,2705,2854,9167,9218,9287,8765,4072,2904,2756,5390,7244,776,1604,6334,2916,7372,5343,305,1888,6335,5743,7065,430,1336,3001,7621,8129,5273,1688,3179,8151,9480,8853,3162,7029,5650,4493,3362,7735,7439,5596,9617,481,3798,8952,1279,283,3499,509,9740,9801,9875,6052,8543,150,6222,1836,6380,3084,6341,5526,4464,998,7355,5558,1114,5501,3969,3217,5627,5972,7247
5353,5477,2444,6206,5481,6674,3902,5519,1270,4892,9027,3840,4517,5705,5656,1571,3236,556,9073,9121,4257,7453,4197,2348,8182,7233,3295,670,1548,8291,5310,9219,8710,9348,6965,109,3500,9401,8493,4499,7016,7306,6214,6729,2644,52,688,4118,3971,3023,1759,110,1182,5890,6613,4403,344,8335,9451,4477,3104,1491,6444,5267,6484,2478,8777,6389,914,9618,709,2803,8732,506,6801,2994,1090,9741,9802,9876,8592,8743,4673,7511,4578,8873,8876,8748,6890,1290,6195,2519,6320,1517,413,2671,4877,5409,8173,6391
1442,7319,3485,8005,5704,8994,2350,3702,2663,4710,9028,942,8489,6094,8303,5628,1406,4147,9074,9122,4196,5939,5065,6675,6520,6057,4568,667,2646,842,3894,9220,9288,9349,7282,297,3437,9402,8367,6000,416,6452,2685,608,1036,1042,3579,3740,7569,2539,2885,5648,1375,8370,7322,4887,2891,5649,9452,9481,9527,6227,7831,613,3935,3262,1946,5731,419,9619,946,4736,9681,321,5564,4417,6559,8666,9803,9877,5976,8785,4444,4447,5845,8157,9991,7918,5860,7206,2622,4671,1075,1086,585,1021,2870,766,1492,6160
1923,2877,4251,6941,2716,8995,3095,7157,3049,3385,7636,4146,8377,6732,6710,7486,6082,2482,8705,9123,1135,5610,1685,175,7639,1973,4206,1186,4359,1048,3235,9221,8381,9350,6291,1753,5520,6861,7743,6123,4751,4060,4645,2383,2418,686,4436,4455,3418,7496,2068,1780,3220,6533,6424,6696,6970,5103,9453,8939,9528,2641,5249,573,3498,1553,3208,3239,2177,9620,1320,6651,9682,265,3072,2200,2954,9742,8627,9878,3083,8969,3349,3607,5664,2256,8044,1808,1956,6670,3820,1584,2493,475,282,2782,2132,2964,3317,6585
8391,6427,4790,4686,4659,7109,1163,6033,6835,5362,1224,1133,6299,8108,4231,6034,4300,7134,7473,9124,124,2766,3119,2999,8553,756,7444,163,6677,5858,8430,9222,8798,8766,4985,4067,2510,4837,6488,1884,4047,6404,3538,821,1081,3910,891,5760,713,6370,653,6552,4773,6855,4770,2403,1510,6406,8475,5369,6048,7853,3560,4055,3026,3233,6971,2639,5192,9621,1870,412,7505,690,4769,1170,574,7506,7448,9879,6566,8603,1363,5177,3141,6596,7744,5937,6470,6064,4971,456,771,4828,3541,3133,5464,5555,4819,5530
8116,943,7485,7986,4402,7289,2084,8046,5692,4703,8265,5015,1586,8638,7740,4163,2426,409,6013,9125,1007,7890,1522,3335,1626,2697,6842,6344,755,4093,7980,9223,9289,9351,3501,708,5888,6317,7751,6817,460,2550,500,6436,2608,1478,3944,7381,2536,5312,4062,3372,3905,355,750,4696,6388,5168,9454,8537,8496,8111,6987,2233,5004,4103,4860,3633,1777,9622,650,1635,7323,623,5378,4675,3093,9743,9804,9880,505,1758,2823,7201,4993,8202,1309,4114,7095,884,4218,7023,5730,3215,7483,3311,3154,3224,2442,5129
4028,4678,6372,5645,4836,4683,341,5014,5987,657,2921,3523,814,5926,3110,1049,2460,4098,7820,8793,116,6268,5130,6103,7454,6232,6353,2844,5102,3956,5100,9224,9290,9352,5673,1702,3883,4081,2736,4692,4642,6047,437,4735,462,2990,4704,3143,5461,778,3465,1025,1464,8225,1994,2324,5854,4674,9455,7489,8725,6453,2752,7052,5572,3406,7477,4400,2314,9623,6203,8730,9683,3020,5484,1767,1596,8514,8236,9881,5675,7324,1853,3718,4217,7825,1662,143,6448,2105,3571,4000,3002,1416,3107,720,4254,3473,5201,6706
8410,4409,7288,7987,3503,7104,3338,8888,2332,1324,9029,3677,9046,5767,6562,4541,560,373,6951,9126,11,752,2045,8276,7119,2839,6480,1545,2793,6369,7462,9225,8472,9353,5386,314,5221,8534,6146,7035,5471,6807,1538,6292,5727,1352,1069,6270,6968,4470,4875,5308,1903,4338,8417,3324,6943,2961,9456,8200,9529,7958,3350,8284,3947,4442,6988,6148,1975,9624,2278,588,7176,232,6300,3320,5357,8956,9805,9882,3528,9949,493,5260,2147,7172,7479,5930,7885,3852,2195,3042,5086,198,3155,1120,2280,451,2380,2559
5914,5435,3664,6457,4282,4059,3623,5495,3252,3019,9030,474,6090,8031,1860,1643,79,2525,8090,8467,202,6679,7320,7392,4794,5566,2902,4656,6530,6789,2300,9226,7690,7677,3307,4139,3941,8063,1011,7146,3037,2971,1385,5080,2796,351,2773,4113,6428,6387,3013,3328,120,7175,7938,628,6295,1862,8587,3997,9530,3081,1084,6127,3596,2033,3866,6730,5253,9625,6731,5832,1205,4391,7132,2263,3341,9744,9806,9883,7164,9950,1618,6050,2143,7359,7984,6017,2039,5018,2473,7658,2862,983,2980,332,4434,2230,3567,5716
1243,1652,1384,3180,860,7177,83,7661,8425,2878,9031,5350,4637,8516,8702,9058,7541,5606,9075,9127,50,1144,8908,6934,3998,7892,1680,2290,3364,6600,5624,9227,8214,9354,8258,904,531,9403,7495,7763,4192,7403,4594,7992,6415,1550,1435,4262,5831,7772,1676,1289,1463,5636,5155,3646,941,3831,8720,9482,9531,1959,7156,8338,1343,7608,6306,5078,1072,9626,1280,7464,7137,406,3928,2232,2140,8957,9807,9884,6921,9951,576,4316,2784,5133,5557,7713,7745,7192,2638,3749,5092,1063,2578,328,3250,4234,4983,7842
8438,2319,1718,7173,2542,7564,3189,3867,7413,2182,8488,675,6117,2341,2040,8648,3750,6162,9076,8595,687,7105,6255,857,2185,5190,5998,5431,930,3479,6030,9228,8554,9355,4419,2146,38,9404,1844,1887,6330,6236,15,270,184,3271,5805,7091,6044,6318,2869,5401,3836,5421,2060,3877,4757,3931,8507,6810,9532,5927,7423,643,4485,6460,7931,3483,3573,8729,7292,8373,2846,3832,5807,4193,716,9745,9808,9885,1747,8970,2486,3407,5600,7253,8671,7235,5500,4610,2465,3176,4889,609,6781,3962,2675,2959,989,7484
5314,1425,429,5468,1427,4808,1549,5552,6145,1019,3967,3680,6207,2127,2966,1161,242,2312,3261,7876,12,7458,7442,6750,7415,6929,7234,6333,1083,2176,6079,9229,9291,9356,4800,352,529,1723,8402,2433,4063,5583,728,2480,4420,4530,7147,5901,6499,5810,4731,6647,2120,7100,3445,5891,5979,6571,9457,2750,5454,7571,6243,6825,3653,1989,7959,4421,5356,9627,4881,9671,8479,6693,2665,2119,1060,9746,6097,9886,3062,8870,130,1174,6764,8746,6573,4835,4940,2610,984,6541,4473,4092,3863,2201,6351,3773,4043,5279
8465,4155,5541,5993,5257,5925,5006,6350,2322,954,9032,1447,6561,2948,580,2203,788,273,9077,8076,465,7847,1110,1229,7644,6029,6681,975,7405,7946,5680,9230,9292,9357,6687,173,1482,8919,3022,3422,6578,8054,6075,5625,1001,178,1624,6636,7204,2968,2722,1388,5642,3537,4339,1561,7814,8009,9458,8168,1600,6840,6106,8622,6774,8405,8946,7896,825,9628,1583,434,5268,296,8010,1741,2699,9747,9809,9887,6836,9952,2673,3663,4204,8067,8114,8485,7498,733,5626,5847,4275,8544,1673,5677,8030,2912,7533,5518
8273,6932,1009,5866,2037,1951,4297,4122,2207,5827,9033,5498,2061,3915,715,590,898,4433,8571,6438,1839,5358,5594,470,1061,7443,6805,3358,7734,6492,4809,9231,8597,9358,7925,5652,1908,9405,1984,6925,852,6682,1310,4634,5283,2115,6815,7159,7577,2281,4285,5199,513,8458,8474,7041,6185,5003,9459,5095,9533,3412,1637,2764,5800,6875,1508,5304,7856,8861,6627,2027,211,4825,3175,655,2919,9748,8961,9888,4989,9953,3017,6367,7580,8409,6368,1018,3961,6338,5071,7513,1080,1646,1330,81,5684,2463,1683,6089
1992,3896,4866,6036,2965,4238,2595,6225,4497,2997,8274,3181,2928,7739,2291,7480,3310,5965,7875,9128,863,6719,6953,4533,7148,4802,5453,490,3213,5019,3424,9232,7027,9359,3983,5027,1700,8617,7899,5975,393,502,3660,1519,386,1552,4620,7160,677,7374,4343,4920,5210,7503,4459,3555,6442,2695,9460,8095,9534,6502,3429,2706,4896,6642,7761,6898,2100,9629,1611,9672,9684,1746,1285,3669,2074,8642,9810,9889,512,9954,3529,7634,2565,7396,6740,494,3642,2479,2063,864,3048,226,2845,3926,1092,1720,3340,7186
782,6883,3363,5235,5436,4305,2543,3993,6560,2621,9034,69,7964,7013,1499,1796,275,5047,9078,9129,823,6098,7863,6887,5637,4039,4778,5025,7188,6212,801,9233,9293,9360,3570,3339,1863,7196,2360,3895,2222,1886,227,6606,3569,1533,2133,4976,4596,4177,3904,2558,1453,3752,7111,4328,5812,3427,8802,7286,9535,6194,1857,2588,4562,3918,4283,6829,1433,9630,7299,3052,1156,5782,5565,2570,2082,9749,8577,9890,1979,5977,1842,4898,6621,7295,9992,1912,2309,4888,804,4941,548,4812,4068,1067,6084,3509,4145,4077
7979,4053,3613,1222,4115,2681,960,6812,5856,2208,3411,1148,7801,6326,7663,2297,4921,4172,7232,9130,384,7007,8245,7351,5084,3389,6163,772,5712,2042,1420,9234,6662,9361,1794,5459,4306,2274,2656,4986,2607,947,3308,2264,2032,844,3205,6431,5185,5744,3159,3227,1158,2283,5591,4441,4291,1817,8306,7358,8854,5580,2393,6426,1880,3777,3860,1948,1220,9631,3602,8132,5539,1150,1847,2693,4406,8667,7252,9891,678,9955,4033,4268,4571,5575,7573,1773,6786,2677,3755,2378,2863,2298,3060,2657,6833,1960,1443,3457
8263,467,6373,3388,1957,4614,631,8220,3683,4046,2468,2630,6822,7525,7333,2451,6121,5443,7526,8428,279,3182,8451,4083,6468,4908,6886,405,7263,5342,2505,9235,8655,9362,2070,5657,507,874,614,868,2861,3687,3028,895,1068,591,4458,6683,5462,6671,988,2886,4756,6467,7353,5281,4648,3972,8932,6848,8317,6399,5499,5165,1311,4693,6819,6307,6238,9632,2257,6820,8154,1885,7277,3517,1103,8388,8261,9892,5200,8322,1733,3849,3249,1419,2174,2952,7261,4622,4567,3661,4182,2963,6804,1632,5115,1816,4050,1500
6205,2872,7327,7594,479,8209,1199,8012,8364,4327,9035,1023,6315,6709,6737,7452,1899,5026,9079,8905,3014,7834,1619,822,5085,5234,5919,2537,5327,6623,4742,9236,8102,9363,5058,1528,4854,8110,5311,4755,2503,6808,5815,185,6167,5391,4644,5830,2830,6410,4705,3784,3921,8517,4158,760,2882,2125,9461,4901,9536,1514,1850,1190,3637,6379,5254,4690,1105,9633,915,4665,6859,911,7603,3723,3163,9750,7693,9893,3108,8744,3682,4374,4641,7642,7961,5463,1937,873,4324,4181,3948,67,244,2738,250,2252,4276,1739
2216,4352,7125,2293,4814,4978,3959,7716,5293,3124,8636,5149,1598,8447,3165,2181,669,4080,9080,9131,35,7194,8146,7803,7455,894,5087,3788,6796,4939,1877,9237,8531,7718,2010,4955,647,7719,8494,2779,2343,5994,2840,616,3722,3826,6752,3454,4185,4372,4745,3054,2288,3667,6844,2044,6416,5528,8684,7167,5774,7427,4348,6201,3397,3495,2909,1572,4281,9634,1428,2351,1439,799,7030,2972,3771,9751,6595,9894,7094,9956,3540,4923,4429,2073,6418,7184,3109,2131,4202,4904,1308,1334,5808,2262,4052,123,176,2632
307,3223,4298,3210,5379,1188,2711,7143,1244,3056,6536,5824,1422,2527,359,1430,469,1925,9081,7845,71,3299,6749,7676,9156,4961,8147,8078,6583,3494,8616,9238,9294,9364,6966,484,103,9406,3665,6866,2425,6655,4242,7640,6276,411,4786,3835,7228,1869,426,7652,4932,2529,6784,779,4822,7028,8660,8685,8283,8508,6915,8169,3760,7080,5053,7666,4336,9635,4471,8218,8863,5473,7163,2939,1932,9752,9811,9895,8105,9957,862,2345,5062,6390,4970,734,3021,4024,2173,7617,6471,2215,3985,3469,5494,5223,2785,661
5603,1672,1708,4454,2792,3156,20,8546,7963,1487,8179,5336,552,4435,5163,6199,3701,4998,8175,1574,68,5098,1963,5031,3532,4842,5857,6323,839,5803,7771,9239,9295,9365,6806,1516,70,6878,2927,1719,3057,7482,2637,2581,3776,4826,1147,6783,3423,6777,4720,4070,2401,7653,6909,4586,4943,6650,9462,6944,9537,1791,6563,3761,3592,5643,6432,4874,6142,8781,2721,4833,2485,4549,7150,125,1524,9753,9812,9896,5971,9958,2717,2440,6417,6572,3351,5112,663,2372,4382,6287,4260,2340,3929,3452,5551,815,4183,4044
6149,3585,2124,4235,4036,7612,3620,9007,1409,485,9036,7747,5209,3757,2989,2272,1096,1629,9082,8328,111,2051,2906,1998,5769,5897,5093,8528,5225,1551,9168,9240,9296,9366,4591,121,9,9407,718,2214,6355,8457,5934,3612,5935,1395,5359,2259,8064,2209,3419,6237,906,6156,6761,1106,8573,2683,9463,9483,9538,7218,4880,7951,1192,8538,9568,7310,1304,9636,7789,2533,1485,4914,8029,66,6246,9754,9813,9897,8423,9959,793,1721,8192,8085,9993,6845,6891,5909,1845,8815,2398,5676,1130,4907,7826,2236,8115,4937
6508,3939,2522,3914,4632,3885,1878,9008,3160,567,9037,8088,919,2128,2774,3099,1938,1623,9083,4255,133,2943,2153,3963,7977,3493,1892,8329,2028,1970,8431,9241,9297,9367,2733,91,98,9408,773,4109,8122,7900,7297,1373,3783,1446,5920,1152,7348,1901,4519,7813,640,7438,7141,751,8927,3753,9464,8940,9539,4410,6190,3588,1965,8294,9569,7940,2391,9637,7293,6096,5371,6021,6396,53,5864,9755,9814,9898,8965,9960,1694,1407,8462,8874,6939,7055,5497,4635,6130,8979,7326,4138,668,4741,8255,1917,8880,4474
3461,2231,929,3044,1462,3298,93,8394,8700,482,9038,7074,645,3480,4526,7924,7303,3225,7688,1945,60,6102,1513,5488,5010,3735,5960,7345,207,7836,8530,9242,9298,9368,4831,362,152,8505,682,2834,4224,6281,4095,1595,4607,5569,2790,7764,7258,6637,4973,7700,2554,8683,7901,3684,6785,6864,9465,7957,9540,1474,6407,4005,4154,6202,7982,7021,5289,9638,2217,6923,2568,5721,3922,17,5574,9756,9815,9899,6019,9961,1469,1214,7436,8972,4451,7360,1896,4025,5836,5393,5943,5238,1921,3378,7840,995,6288,8206
7583,4977,3237,7904,4111,5691,4263,9009,1104,158,9039,8024,5597,2310,850,1167,401,1131,8900,7953,102,1389,2760,2702,9157,6828,5150,8502,5894,1620,9169,9243,9299,9369,2397,61,57,9409,532,4912,7214,8535,6513,7090,4585,745,7389,2551,8657,854,3644,8922,1570,6312,7806,357,8094,2183,9466,9484,9541,6055,7219,8776,3146,8857,8260,8947,907,9639,7968,4903,6926,4129,8387,2047,5765,9757,9816,9900,8106,9962,939,1303,8156,9979,8287,5618,7437,3466,2859,7817,5766,8672,601,3809,7971,1930,7123,4627
5045,3662,3778,7611,2050,8326,2467,7799,5593,379,8820,2596,9047,6765,2809,1605,865,1837,8257,9132,21,2805,3333,7732,8501,6343,3954,4964,7088,4911,8452,9244,9300,9370,5617,433,1187,9410,1671,4494,4157,2924,4384,762,2196,1169,3707,5695,3390,1194,4140,6441,1377,2008,3774,288,6922,4891,9467,7630,9542,6593,2172,2313,5775,6919,8420,6698,6429,9640,6920,1754,4681,5255,2743,1950,4274,9758,8297,9901,1450,9963,1699,2161,6590,8515,8813,2431,7397,5241,2362,5437,4760,2255,2154,3069,2508,695,1071,3924
1832,1909,7860,8059,6576,1504,4222,5527,3727,612,9040,5009,721,717,2898,6024,2346,3074,9084,5294,4830,8527,5948,2098,7015,6863,1226,1020,6316,1924,570,9245,9301,9371,7056,164,6814,9411,7089,4738,3630,3285,2905,4432,1209,106,4670,7830,8259,3888,5883,5608,1587,8348,7866,7601,4913,4159,8600,8773,7852,736,7504,1696,6032,7136,2520,4031,385,9641,8296,6495,3732,2925,9697,5825,2504,9759,9817,9902,2827,9964,3699,4810,5722,8351,4084,6217,6264,2141,7300,2414,5865,466,525,1117,1151,2180,5081,7032
4310,1593,8987,8068,1521,5733,1414,5153,2791,3467,2481,1287,443,9053,1366,8825,7574,8758,2443,9133,3043,6487,4009,1351,3781,7937,2242,5186,8413,2829,7026,9246,9302,9372,9393,230,3203,2664,6790,7108,3595,2556,5175,2107,1968,620,5061,1497,1689,8716,5284,7544,1362,8558,5863,8334,6937,3488,9468,9485,9543,1217,8589,4535,7428,5136,8727,7648,5573,9642,5445,9673,2745,1235,6477,795,101,9760,9818,9903,2514,9965,735,7649,1972,7736,2069,908,6548,1501,7737,7548,4853,239,1140,5682,1558,4538,5559,7715
828,6575,6542,4820,4525,8174,3134,6707,7565,3211,3617,714,5622,7379,3903,7908,5514,4570,9085,9134,80,7674,7991,1460,1730,2599,7426,803,2577,3703,8414,9247,8834,9373,6556,761,2957,8037,5296,5663,7017,5612,2166,584,338,4488,4758,5215,1557,7274,2686,5351,5895,8216,5148,2038,3387,8065,9469,5516,9544,5506,528,1864,4706,1964,7838,5746,2853,9643,2868,8142,9685,626,7115,3321,3432,9761,8738,9904,2576,8298,3178,6384,6489,6101,5298,5396,5418,2089,3229,329,3496,141,1756,2701,1402,4669,3263,951
8518,3512,4411,7083,5903,3322,1495,4326,7450,2934,5867,2144,833,5795,666,6012,2299,2765,7862,9135,291,7675,2729,3597,6256,6510,6240,260,7221,4991,7864,9248,8432,8836,6402,2900,3197,9412,7894,6235,4041,6587,3102,2016,876,1518,6059,4546,611,8166,1871,7040,6959,8659,7267,6993,7488,8559,7411,8372,9545,7854,4136,6659,5111,5969,7589,6128,6221,9644,961,1411,1668,278,2227,671,2880,8437,5770,9905,5908,8971,4502,1953,3893,6412,2700,1693,1062,5549,1294,1861,271,625,4962,1079,5588,5082,2735,4643
1026,4733,5229,8124,6852,8996,925,6077,7827,1282,3808,2526,7343,7662,9057,7431,5635,7758,9086,9136,18,5318,8366,442,9158,5959,6751,269,8653,6797,2545,9249,8711,9374,1803,3382,5203,1160,2947,6135,4350,1543,1196,2022,637,4884,6656,5387,7321,6220,2243,7001,5301,8002,3879,1337,7955,6839,9470,8850,9546,2384,6310,7459,3897,3804,8436,4295,2620,9645,4995,8950,9686,1761,1014,3720,3603,9762,8408,9906,820,9966,2049,3356,3531,6413,2104,439,5634,7081,3012,417,4351,144,5197,3127,5322,1003,1537,4576
5839,4980,1889,7224,1920,8818,2192,5202,4299,2801,9041,5424,6685,7296,7249,1359,105,1995,8550,9137,75,5039,4184,4662,6439,4468,5375,6634,6908,5759,7567,9250,8532,9375,6888,1554,5508,8079,2411,2800,3794,2936,2836,4730,2275,3151,1440,5982,1211,4543,3679,3075,3274,809,6984,4216,3353,4131,8933,5850,9547,2879,3946,2512,5689,2194,1762,6049,3586,9646,2975,1125,2121,916,5407,3618,4431,9763,8564,9907,1300,9967,1372,3032,5981,7815,8877,2292,5470,4360,1312,861,2988,86,5485,2501,2155,2111,5349,6385
6109,4951,5653,6374,1466,3891,4252,5380,6253,4383,3572,964,1227,4987,619,3859,84,4342,8449,9138,94,7708,6933,3123,2649,4380,6248,1707,5693,7063,8453,9251,8799,9376,4657,5872,3738,6465,7698,4858,6183,7174,4322,2985,1821,2624,3058,6178,301,4323,4801,6616,4557,624,7528,1132,3621,5297,7678,6773,9548,1607,1207,1116,6371,2396,6553,7682,7068,9647,3999,7702,4399,6278,7756,641,4392,9764,9819,9908,5647,8811,3666,4667,3600,7547,1560,2819,2763,5413,2471,2978,2944,112,1266,2090,785,3296,6690,6365
8519,2277,7126,8883,458,5320,4957,6834,6963,6610,797,1171,541,8490,1102,9059,6210,8162,4119,9139,2817,7848,2627,952,1136,7227,5385,2499,7517,7829,7222,9252,8681,9377,8149,1728,2776,3309,7877,4930,5060,5898,7553,561,2500,3672,6843,5781,618,8269,3118,6969,2006,8618,6649,6105,6856,4515,9471,8941,9549,5783,6348,1691,7510,4137,8859,8295,2564,9648,1934,3080,2219,455,6515,448,3449,9765,7376,9909,3736,9968,41,8134,2311,3693,617,2524,4563,4248,6997,1200,2532,40,965,4478,4341,5651,6721,8123
6643,420,8352,8301,2097,2354,4256,8047,7170,5531,9042,5397,3149,8822,849,8549,2810,8582,8760,9140,4878,8244,1253,926,350,7828,5127,6104,5099,3431,8763,9253,8835,9378,8456,234,3444,9413,1176,7257,3647,4922,4766,3194,781,4174,6466,2672,1000,7620,4439,6249,6617,8925,7317,3952,6284,7785,9472,6060,9550,843,5439,1445,4150,2546,8778,7318,1902,9649,1095,2507,358,997,5793,543,1566,9766,9820,9910,6664,9969,3063,5195,7625,7138,5475,4691,3670,1376,4653,2376,4371,13,1475,5788,1576,2399,2688,6143
8985,3674,8117,8674,638,7988,4334,8819,3562,4490,4612,1898,302,8823,8194,3305,2126,2122,4301,9141,1793,1307,2778,2316,744,8033,5871,6645,8051,3381,7393,9254,9303,9379,4734,2534,5447,1822,7927,3117,1737,8682,4303,129,1724,6540,6974,1480,4345,7161,6778,5884,2562,8434,2811,7536,7382,1139,8070,9486,9551,7967,8104,3786,6882,7723,8130,6525,521,9650,2918,2202,1776,971,8513,732,203,9767,9821,9911,3564,8871,214,5091,3300,827,335,6871,8253,3741,6274,4512,6850,3228,2730,6601,4022,3716,1769,6757
8486,2198,2897,7881,1155,5057,1752,6736,7144,1750,9043,1228,1486,1669,2651,5425,3253,7759,8901,8906,673,6952,6342,2165,5595,4317,2294,6230,3829,3011,4279,9255,8036,9380,3443,159,1833,9414,527,7064,1713,7000,375,360,404,5641,6188,4061,6258,8800,1448,6519,3168,4948,5131,3491,7003,5483,8721,8561,9552,4132,5821,1429,6947,6485,8728,6144,1815,9651,8949,9674,7703,8339,1292,3524,880,9768,6689,9912,5207,8461,1056,3171,4079,6233,7521,122,5931,6503,4771,2175,4482,3367,2642,4479,1293,1394,4467,7962
8694,3970,3578,6409,1838,8264,25,7202,1714,1029,7596,3770,5474,5290,3455,5244,2357,2470,9087,9142,42,496,811,1617,1034,6877,6241,7689,6004,6701,6517,9256,9304,9381,3158,1664,1879,8382,432,3408,3536,8557,5183,461,2635,6067,4528,3508,4864,2808,7336,4287,3958,9425,7722,6755,5550,5316,8934,8942,9553,8641,3248,6720,1657,7229,9570,8860,450,9652,6446,2650,593,2967,7142,287,1473,9769,9822,9913,9928,9970,155,2715,1058,6093,9994,2385,6619,8240,6989,5609,4649,7886,6726,5542,7332,2569,2404,7593
8788,2020,5232,8990,753,8997,7210,9010,6247,2727,5419,627,786,9054,8757,5761,3401,7045,5561,9143,3172,7280,2783,453,1653,8164,2634,1532,9162,4452,8503,9257,8584,9382,8140,1123,6715,3463,8572,7008,896,8368,3287,1142,2679,3681,6531,2981,2205,7699,6570,2626,1383,7782,6946,7268,7956,363,8661,8851,9554,4071,5714,881,8308,7692,9571,7667,1065,9653,3132,4909,3563,882,9698,1162,1577,9770,8084,9914,2106,8567,78,7478,6400,8203,454,2579,7880,4141,7377,1027,3577,316,1695,6175,369,6901,7818,8881
8579,457,1679,8354,117,8608,870,7686,8891,1223,6598,1263,5958,7907,4872,7974,5798,7242,3413,9144,3024,8613,5333,1347,5323,7158,4774,5300,6358,1997,6577,9258,8914,9383,8533,29,5114,7535,2323,5433,7047,4663,36,243,595,6124,6992,8921,3899,7129,6772,7149,7966,7654,5162,6985,7240,6473,8935,8774,9555,1876,5614,586,6895,4457,8497,8028,2171,9654,8421,8359,8783,5964,8540,2689,333,9771,9823,9915,4332,8310,367,4321,5170,9980,8300,5226,3938,395,5540,2011,2304,99,901,2276,3608,2860,5049,8086
8986,394,4871,8362,3909,1991,3282,5758,5655,1016,7972,5754,3805,8007,934,8075,3907,4919,7304,8829,3779,5887,3850,635,648,5341,3148,8311,3542,3157,7481,9259,8433,9384,4012,423,3120,8920,400,4408,3487,4448,3615,6723,746,3975,6118,3580,1438,6744,5496,2737,5996,5991,5090,6361,5448,8020,9473,9487,9556,1421,6445,6564,2058,5250,7932,7447,1356,9655,1189,1091,345,1792,6216,559,4165,9772,8643,9916,6447,8670,2413,7390,6045,6978,8633,1321,4606,1827,5339,6725,2025,27,5256,1640,1361,3344,4427,7430
606,3142,5802,5741,1789,8521,1907,7386,6071,2373,7178,229,8611,9055,4213,8060,6110,8275,9088,9145,3183,8212,4148,2041,6065,153,6788,87,4647,649,3459,9260,8585,9385,6383,1893,3834,8770,8556,3167,7239,3464,3872,342,566,1894,6304,5590,1602,6155,6263,7965,1947,5147,4069,6472,7871,7588,9474,8943,9557,8349,2547,3281,5151,2268,7590,5105,768,9656,1590,5521,9687,607,6735,5172,3547,9773,9824,9917,2865,9971,4175,7223,7530,8973,9995,4173,6591,6158,555,142,6131,300,218,4950,6382,4395,6401,4764
697,1790,3925,6950,2987,7989,1915,9011,4725,472,9044,391,7539,8896,8000,3438,737,3678,8826,9146,318,6504,2163,1496,8379,1855,6629,4640,7406,1868,284,9261,9305,9386,6714,867,2067,9415,5953,4097,7352,1609,1230,698,3654,2930,4679,4208,7728,599,1807,4934,2302,8926,5734,6607,7775,1195,9475,8476,9558,4935,3731,2179,5370,7724,8664,7101,636,9657,4405,8510,9688,390,7790,4320,5737,8807,9825,9918,3622,9972,2220,2920,7768,9981,9996,7919,5237,6196,30,2229,6062,5823,1465,4356,4551,7532,4008,5361
3066,2851,3010,6666,2101,8998,4045,9012,6314,1610,2640,2762,3801,9056,7369,9060,2899,8230,8221,9147,221,8181,3354,603,2789,8049,7733,179,4827,8400,5840,9262,9306,9387,7494,4134,4737,1399,5999,4373,1218,1804,6847,816,3373,2758,7266,7476,1108,8598,6753,5911,7002,7993,6215,662,2691,7607,9476,6957,9559,3489,2687,2014,7011,4179,6454,7251,4186,9658,899,9675,8953,976,4910,1622,5240,9774,8962,9919,2849,8745,3830,8443,7036,4916,1100,2295,3673,6286,4329,1397,1149,127,415,6602,1257,830,1564,4847
7584,1206,5188,8363,320,8341,4956,8023,4946,4337,7727,16,7361,8119,8001,731,95,4073,5667,9148,96,5706,7334,8091,2604,5966,8015,4574,7835,7314,3823,9263,8712,9388,6493,4744,5751,6066,7559,6187,514,5804,712,177,3559,1927,4852,5659,5252,2795,2648,4886,927,6983,5940,6986,7275,2563,8588,7578,9560,2962,5299,483,7107,7308,3989,7366,5874,9659,7755,8665,8576,6830,3199,3610,3650,7969,8133,9920,2929,7440,346,1841,4520,9982,4430,5794,4247,5403,957,6430,802,2945,879,1452,1236,2352,7514,5717
6301,2942,4787,5742,4049,8609,2713,7792,6708,3758,8376,24,3462,6691,7973,3590,658,6091,7226,9149,581,6043,5251,3096,8706,5515,7077,6014,3713,5066,7357,9264,8139,9389,5814,3544,3214,3016,5262,3728,156,3359,1380,5658,693,2917,3812,4967,5674,6532,517,4110,2561,7259,6904,4540,575,5309,6378,7260,7807,7579,4026,6800,5907,5366,7053,6626,5377,9660,3477,539,7632,1368,4838,1881,290,8170,8565,9921,700,8390,2138,1319,1404,8692,8747,1449,6474,1749,1625,3270,3635,4438,3442,883,6420,2000,1667,5933
764,5208,6224,3553,6133,8999,2071,6741,4573,5710,8610,2001,9048,5619,8426,8898,7793,8525,9089,9150,85,8343,7849,3582,9159,6760,1684,396,4965,5030,2102,9265,8713,9390,7926,2151,1647,6523,9416,7664,1941,5752,6635,4199,1391,565,5620,1470,8640,7190,7166,6767,1961,1969,7765,1355,3129,5816,9477,9488,9561,568,7679,6633,3147,7246,5985,4401,710,9661,1297,7102,9689,435,2982,4331,1349,9775,9826,9922,1520,8003,5644,7970,7278,9983,8975,8693,8976,3316,4572,784,4027,115,1141,1638,730,188,1247,8099
3717,4636,5510,6644,2628,8885,3238,7420,7165,2325,9045,3696,8229,5904,7861,7075,4688,3685,8551,9151,550,3174,5917,1410,7604,3576,4207,1703,1365,4715,4230,9266,8026,9391,629,4096,5051,8555,3793,336,2719,5303,4153,5567,2496,3598,4491,5638,4927,3067,486,792,2118,5778,4200,2822,5633,3522,7529,7337,6811,6425,3061,4353,2724,6015,3640,5842,5367,9662,1467,5274,8954,5843,1999,2742,706,8480,8422,9923,1628,8593,1690,935,5261,4309,7070,4917,6780,2168,3807,740,294,3628,5630,194,1546,1608,1215,6449
6837,900,6549,7311,4969,8228,1851,8547,8210,1210,8646,6906,7943,2592,7014,5291,1403,6308,9090,9152,3,3721,8468,7328,8910,4504,4302,1137,6592,5747,3137,9267,7947,8504,5720,1993,6393,6982,8268,6001,888,3887,3323,4361,1829,3456,5570,4556,4203,7404,2864,3064,4660,2284,6768,295,6411,7711,9478,6514,9562,1506,3745,2483,4902,7463,3984,1392,4013,9663,5556,8539,9690,6191,4806,2116,4697,8958,8021,9924,3265,8350,2365,5602,6770,8631,9997,5145,5932,5615,1483,605,3169,132,1044,3170,459,4,126,3511
6615,1284,6051,6479,3726,7342,4015,7670,5560,2453,8701,694,8161,8365,6599,3940,5233,1115,9091,9153,309,7313,3614,5978,2874,3873,2358,6290,6712,2708,4595,9268,8165,9392,5364,923,3098,8304,2923,4462,966,1184,2448,4931,2821,4630,5878,1814,5841,3765,990,4817,253,7655,1064,205,2744,5879,8936,7895,9563,6977,4074,5646,4133,5538,6962,6179,4426,9664,7042,8602,2187,5493,5346,651,1387,8668,5912,9925,2096,8041,3318,2658,4999,3712,9998,2024,6597,1788,1682,3327,1735,3913,2643,503,1005,2603,2003,5740
3073,4611,5654,1008,3568,7301,1101,5819,7025,2509,3135,3814,6509,6450,1559,6209,4840,3575,7889,9154,1873,3201,5780,5869,5228,1731,2405,3725,2237,4398,3898,9269,7071,8279,4311,1073,2178,7145,5532,3974,2472,1801,3516,353,3960,2099,1111,2652,2633,1128,2400,1784,1012,6200,6754,199,5011,3548,8419,7059,9564,6061,5451,4609,4030,5345,2251,4628,3188,9665,6108,7276,3293,6717,5132,2424,2234,9776,8578,9926,249,8239,824,4590,4243,6821,7449,2781,1928,3319,2669,4666,2502,3193,4415,2410,3088,2386,3846,2926
