3.10846230194629	-2.91998848000351
1.66098223213253	-1.65744259578098
1.19500070704538	-1.19239202068367
1.11336260712707	-1.15417414847701
2.64343314686016	-2.56983731703923
4.56943858039141	-4.34154574267147
3.33907971624476	-3.17696541465293
1.04271295766203	-1.06867744338988
3.15839777622555	-3.05765043444958
1.63580078442966	-1.60710384752107
4.0937569342582	-3.90630179187974
5.07637570931831	-4.94809597237043
2.82927120556883	-2.70335142781075
1.38529627934313	-1.34962324459718
4.31604749588455	-4.11687360215456
5.74464353648316	-5.40115863530547
1.29162504217699	-1.30112310907325
4.85770771562389	-4.64161632411652
3.39489791082578	-3.25570724514936
5.42828015500441	-5.06715958159863
1.45127994399859	-1.441747809794
3.25761859538257	-3.04372253254527
1.91211748959014	-1.79746363681493
4.34772540955962	-4.18266520221124
2.89435695799831	-2.73741001408822
2.53560936993338	-2.55501569549292
3.96865129323521	-3.83988336536441
2.68500584152917	-2.61734570033821
3.18765638473195	-3.05887740535658
5.36705180171326	-5.12209222664109
3.17392625944446	-2.99241271574275
6.26529910012245	-6.00516058485645
3.86584109712893	-3.68320747634245
5.03304721981406	-4.8402344706534
6.34278295648408	-6.06506539429024
3.29266697421923	-3.2892858956521
4.68221291653755	-4.46452851982904
5.53983534704122	-5.33470685444098
3.16418371638532	-2.96125958377626
2.98395889234144	-2.78808749918998
2.60848907098219	-2.48533085560341
4.8355204346093	-4.59547980350152
3.78324330733841	-3.57420264866199
4.42575215329448	-4.16430073219695
4.95280071546672	-4.77276196316594
2.6842071456678	-2.71945916731437
3.19101563918309	-3.00838364996508
1.05569225679029	-1.0474995819199
5.71293241076219	-5.52358943268052
3.44232329204368	-3.34492312406877
4.80825757944108	-4.39340024158944
2.80108617387833	-2.78049111629945
2.18147357929367	-2.17831308067763
2.98077922790956	-2.73179862283956
3.55851169367775	-3.50174299112912
3.53739108823747	-3.50101379659601
3.17250686794807	-3.13927885676042
0.278020939147368	-0.249880614153497
2.02767829969932	-1.84304154960117
0.708761128769213	-0.633948384312237
3.7900353664521	-3.72821124234034
3.87854001368415	-3.63019563550487
4.93436103433312	-4.63042566787132
5.23308690355153	-4.97525360550833
1.22111958586643	-1.1763580644794
5.18025983977392	-4.99647840840844
2.54795700878875	-2.37348564296608
4.44220611390514	-4.19150879123895
3.90778138804854	-3.72438854547549
3.74605312162956	-3.6280104957015
3.0751699115865	-2.95075966175776
2.99316623272329	-2.82329150141041
4.31030003752716	-4.04852719619012
0.381099613753649	-0.330513518745802
1.92978367561124	-1.81078794857326
5.43098969574598	-5.17945448651587
0.661006696860061	-0.654909148349703
2.31770245884645	-2.18506962244349
2.1851359562957	-2.10585429942505
5.40382642148282	-5.18169743162528
1.5352295824429	-1.46820935008508
2.67822693288635	-2.48557981365146
0.98555811036899	-0.990819462619486
2.34604077222833	-2.24411277580197
5.73564363151019	-5.43879144612216
6.01272396193219	-5.74556479914492
3.10140705560209	-3.0971862230546
1.818998346158	-1.605048850863
4.30386494239622	-4.09136049756471
0.868111751061091	-0.852455358841644
5.82125834501222	-5.5053244571874
5.61887070307757	-5.42167671670957
5.60981869667225	-5.32915057664008
6.42258612707759	-6.16202681653354
2.36334063158769	-2.1207159060559
5.87488400254999	-5.58720357617046
5.2548607784184	-5.07224316083875
1.55358493489064	-1.5378189531723
5.82685494546048	-5.57436825772819
5.79396113889584	-5.55432430341799
