2.74586633815135	-2.66141130285123
0.383960138558251	-0.308337430160388
4.71062247842356	-4.35558687239959
2.2901271493714	-2.09057541718107
1.69863327935239	-1.61231456759771
3.3059097823983	-3.04800720482913
0.91981806346563	-0.897116196624716
1.84250128198673	-1.66207543490673
2.47963763095111	-2.38724750739703
3.65389997905712	-3.40522228637043
3.34141104701733	-3.06878966665572
3.30199839920201	-3.05263584598453
3.13137049673235	-2.900376832359
2.80060685552908	-2.60268768908303
2.49597251826785	-2.30001468985231
0.697447709362736	-0.687471548084859
3.44516674668235	-3.1697138907985
2.55212764416318	-2.30844693933261
4.18583320058126	-4.03188418650129
1.54466265773509	-1.39098350365164
4.16935311635027	-3.86970103296272
4.52224521932373	-4.28153900747732
4.65951634997301	-4.35226777127555
2.87661925029866	-2.69824267121473
2.52341544995219	-2.31899189875818
2.9792681859929	-2.75758344883521
2.39006216203442	-2.1844574631972
4.80247459556239	-4.45852618209066
4.49040482015432	-4.20784462418572
2.60848686247548	-2.39637107084285
1.38671293724417	-1.2163671235062
0.303369160871192	-0.295548610745563
1.30978422444735	-1.24166116769791
0.858654260726933	-0.770693495339193
0.0577095820560036	-0.0561721926715662
1.89440481145451	-1.68204431528166
1.68530490204131	-1.56412875981532
1.16980149834554	-1.02295578897221
3.76481971966103	-3.45848031195834
3.33676605544618	-3.21004533607967
4.63817401144115	-4.28495371644664
4.61873767242263	-4.36030183045774
1.91710871437025	-1.76121859965846
0.472135095870746	-0.450618726666282
2.75798058365461	-2.51026482773478
3.33579550982305	-2.99682370846691
4.67790871268452	-4.36708534330032
0.639945333031321	-0.619398758732694
1.82989984141643	-1.67689671299273
3.00406576210916	-2.8175869172171
3.63003170310778	-3.30245759000566
3.01053583911001	-2.79720519024687
4.19131697138476	-4.02005532447986
4.63556814343743	-4.37430929655451
0.805385794907646	-0.774371261921645
3.88433712943558	-3.65149635580927
3.63992074419041	-3.42437884507861
4.24943067470485	-3.94577215100337
2.53046555624897	-2.37103249766628
1.03607051791562	-0.950716969674062
0.473196300468546	-0.456826987608063
1.36265256153511	-1.2699725375342
4.62727407739447	-4.27966387998645
0.717759485593462	-0.684059482349567
4.54847985037298	-4.26208061323943
3.85165524864637	-3.53588352271154
4.6511927796704	-4.29871751356417
3.90192695723591	-3.59813871271713
4.43789709114893	-4.2035716338544
4.85707258219459	-4.53766497536437
0.295293566144684	-0.274751921963724
1.03096074408638	-0.982387979931023
4.66762169941407	-4.41910451365461
4.45125639965378	-4.2088060451528
1.06093467269127	-0.915301853529883
4.57616102316214	-4.22674524011779
4.57123503219526	-4.23530163828821
0.146692320438199	-0.144869885293172
4.63953866720003	-4.4006662984547
1.56627737892694	-1.47070744965107
4.71391805104816	-4.38989517667401
0.0534111623781407	-0.0414926245802423
3.03061401765517	-2.90035289949787
4.7113420366763	-4.3862399962233
0.312234873199654	-0.250882192066789
1.33233076046858	-1.23927578292305
2.41809336282554	-2.23855646958927
2.21042694720064	-2.11478799796524
3.62496728786051	-3.26607403969305
1.04244104693832	-0.99737646793554
3.13675515715663	-2.75828480835521
4.21530811238489	-4.07076009288948
0.375856982163516	-0.339509459202663
0.202387431060682	-0.192288831620524
0.716700415523957	-0.538516814798813
4.34041774894849	-4.1672650123072
4.60107861411042	-4.33595457623286
1.10636797157836	-0.93614248921042
4.31025057525412	-3.9992524667371
1.53139351625574	-1.45257959453873
