-1.3682129437025	1.41196165329696
-8.59501817895611	8.86596184768211
-8.72383880557903	8.96621778504668
-0.820076080625752	0.858185477954749
-4.85485041128784	5.08196096272887
-5.1496066976991	5.07405774801634
-7.20218867166147	7.34543684579107
-6.72326165514683	6.93770635481533
-8.74254433240874	9.04633753758548
-7.13829928868836	7.28515484044243
-0.0141326923178581	0.0145695336430942
-7.33263894566621	7.59081893054398
-9.10974928807347	9.41814567829754
-8.19812047642364	8.51437583659789
-8.59527105249828	8.95431470918709
-0.86395100435512	0.874092696536687
-9.15834112795325	9.49848523497366
-0.488411378991005	0.494467490697758
-9.21210001665427	9.54501767751128
-6.49536235085817	6.75196077643286
-9.13877960818088	9.47892472451246
-0.520744156949318	0.530450256849085
-1.16284395892124	1.26307621894759
-5.1944617680947	5.41771129355869
-0.615565508014299	0.635592958573576
-8.92138365365909	9.26137694601262
-8.06233455986345	8.36553165207876
-1.29557737478479	1.28940754840284
-5.04696225855205	5.30282680287007
-8.73764811505655	9.00151168740264
-8.70130271636978	9.00672700870041
-0.427902841429939	0.433742242299449
-1.72142744569125	1.90630317342768
-3.15502997733935	3.39386121212661
-3.21138502316786	3.32325171031153
-6.11795864326332	6.40303980303926
-0.390783946917752	0.432146871976881
-5.99490803808685	6.22391955445323
-8.4457254945147	8.73293920253152
-8.84416919628448	9.08998020837001
-3.00900787294944	3.09086496148646
-9.29597975754965	9.6180923345494
-9.08881739970146	9.42397689166984
-2.59094757628094	2.66431573191966
-8.17394979339516	8.45584660088443
-8.17851871629467	8.51764479295394
-0.535512996011631	0.609692996892074
-7.21644503129679	7.51781726941695
-7.35226095422076	7.6474063840539
-7.16550981994391	7.36359059540526
-7.66966692441521	7.94144953916321
-4.11650936249939	4.28668232694377
-8.86338504641388	9.17910455392042
-8.61480733878671	8.86081429526013
-9.2047405278803	9.51636860215492
-7.51046292021315	7.81148069369163
-8.01836218362309	8.26028307883204
-1.61781746854306	1.78808017493314
-6.04855652378178	6.3415013247093
-7.87541932688528	8.15659181974562
-0.478898651248611	0.631676182956512
-3.4263929390175	3.56141162133773
-5.40137754013277	5.55007993181215
-0.418532931446371	0.423153343184628
-8.20605843750674	8.51557193197582
-7.61666281649706	7.92478018781242
-8.10065910869294	8.37865667001942
-0.308055774721875	0.35389290713795
-8.51998401867358	8.74012544686933
-1.6688501637563	1.70223218713512
-0.293942629801984	0.322993596785774
-9.02158323521197	9.32391847755417
-9.1402022873855	9.47706971489447
-1.35648988720589	1.44704081391106
-8.99259069732143	9.26085357419992
-4.99959981746597	5.15626443183886
-5.53273304019306	5.65975219403315
-4.94454711639056	5.21593240484815
-0.131148286371319	0.151466580418161
-3.2052354372766	3.34744248047298
-0.724411759792064	0.745964085561171
-4.64862800766565	4.53975606623704
-6.53533671440009	6.89183501943041
-8.28002492439895	8.59789560951724
-7.58513182983283	7.96480001011794
-3.40774778223707	3.52896912939284
-8.5083099957525	8.73203044974174
-2.06914470472529	2.11880063479045
-0.534842093859268	0.538928725539366
-0.1505878004531	0.149162878001406
-8.96478519029194	9.26886670497461
-9.46112963033094	9.36083024075828
-0.301517610479184	0.302455924316927
-4.18459210537952	4.28937632773574
-6.17842082670661	6.46312907307017
-8.35511293069477	8.56306458007232
-8.25358426115969	8.5614841231903
-9.22115853248676	9.54822722669773
-0.289012308638572	0.29561463266837
-4.21553596595752	4.33166268016547
