-0.463479078021852	0.985514232159928
-0.0653518042013647	0.114892061958972
-0.370235573803422	0.661551304794237
-0.288707775724881	0.665418044752455
-0.190122009928647	0.391444104114391
-0.416157917494309	0.749623111571146
-0.328899890552933	0.678150770878198
-0.110981331174457	0.271147513904005
-0.378004324333604	0.87441566705052
-0.178815312229693	0.317700785949136
-0.420832238204474	0.839703231615475
-0.346646738546269	0.668540443912284
-0.363578498714637	0.736118626913048
-0.194370556536423	0.440556104008142
-0.433297237462272	0.897091365206572
-0.117689736040342	0.271461743563618
-0.240009626927846	0.506221248286853
-0.289075907640961	0.6642977639099
-0.145783653011786	0.338038900566318
-0.516527051551757	1.03966974808931
-0.19055569435741	0.309343976725006
-0.0161858938378468	0.167652310361241
-0.387615602015239	0.820356142646176
-0.174385545779109	0.53277493384255
-0.0142831456912232	0.183698696174019
-0.119798054630036	0.134761041858583
-0.109831278657856	0.17393819678432
-0.455333633866684	0.902946580657918
-0.304299770896096	0.752200889745655
-0.501417838656118	0.964040627067845
-0.336649459657187	0.67961241419512
-0.495428812225427	1.00432061310373
-0.0664774099124559	0.140188875460585
-0.509083902833769	1.00142566017752
-0.323699114735448	0.754091506241537
-0.189560419060957	0.560511772859342
-0.323817843541968	0.681044052465834
-0.356914665388267	0.743745535110148
-0.30860590206083	0.621733823741434
-0.208539979139455	0.442055871492531
-0.0145751646239833	0.0327338929530721
-0.182712814765138	0.341836787126655
-0.252741399687842	0.485461257456868
-0.476503932097333	1.01842124765137
-0.50582159139297	1.02510970109604
-0.030943181376269	0.0388342236845431
-0.101874217596083	0.191526647022338
-0.325271607855787	0.668427434384039
-0.333485158999711	0.613261060695965
-0.358717844149195	0.692057339720612
-0.177219121704106	0.356485005259804
-0.450415291614355	0.928467607816243
-0.131764114590947	0.207724528312655
-0.297100998560617	0.652478619111652
-0.441519683000203	0.871891290739053
-0.0882167894304279	0.197679557985511
-0.329147831975337	0.634990029384925
-0.413972978700859	0.810491022738536
-0.446375664192447	0.973003127671557
-0.392111875513245	0.876947674913982
-0.436719382507794	0.870688137518037
-0.485057026831009	1.01936217450993
-0.257399709115647	0.552674059627786
-0.170852613890538	0.356618623658137
-0.164539883324899	0.373910514658209
-0.349011242422504	0.792757622433801
-0.239591701144136	0.4441750863665
-0.200818173328142	0.326311870137283
-0.485531820413182	1.01144780632225
-0.12830602565321	0.262487238218124
-0.186592256728298	0.278429421676527
-0.212001305619268	0.269999783055744
-0.189839096432554	0.256076824662198
-0.314422319456277	0.549625707842784
-0.275821995010012	0.588552779204954
-0.151461936421855	0.27901102423278
0.0188848039488642	0.0837513501125219
-0.355282120921694	0.779186224655721
-0.31241738295688	0.699900823372535
-0.266410269668855	0.396137909727841
-0.228054622764871	0.482522421754091
-0.250656580207778	0.421770218814369
-0.360493230641727	0.853588691731131
-0.0795845669946546	0.240159954861099
-0.19391650464494	0.403951693716097
-0.423298818288712	0.911504324643727
-0.157912198611524	0.307614501835232
-0.313551277027612	0.766481247579282
-0.185329162999969	0.607958062106572
-0.36863223750733	0.801151070792423
-0.354126550712041	0.603520692316113
-0.290045736476019	0.659250210709081
-0.262467325269538	0.723537390102463
-0.492516799261358	0.95912687641546
-0.451847176238588	0.970807739160343
-0.505140052881019	0.895135769998926
-0.172967794584612	0.391862382422385
-0.453765774715473	0.891668675697697
-0.515452731438913	0.981709528970399
-0.461199237898678	1.00492103859896
