7207,6654,7628,6188,6866,8347,103,1473,8439,2340,8467,1317,8567,8667,8767,3886,7719,6496,8873,8963,25,42,5225,6897,8030,6257,6527,3069,4868,8082,5657,9078,8141,9212,3707,4795,1255,9285,3235,3063,615,1054,4083,6544,6904,3309,5807,3412,1553,3949,1816,642,569,6037,1982,53,158,1064,9383,4680,8155,6101,4808,7213,5466,5174,4748,6998,2441,9495,4019,7764,9618,5475,5601,2781,4127,8068,6119,9786,5047,9886,1717,6494,5469,7914,8119,3018,4247,4104,2222,4486,3667,1752,5146,2348,3611,1161,3834,4101
6517,4683,4810,1801,2661,8348,677,3579,7260,5885,8468,980,8568,8668,8768,4148,3045,1372,8874,8964,83,1466,1313,7226,7164,4612,7218,5032,7061,6385,7556,9079,7284,9213,2850,4464,5017,8289,3410,4224,699,2092,3130,7519,3467,293,2892,767,519,528,3733,6160,3430,7752,2374,4571,2175,2157,8206,3893,8156,6461,4910,2208,819,754,5003,5375,4659,9496,6865,6680,9619,7049,6249,5843,3505,9688,9771,9787,2064,9887,826,4081,4858,7779,8192,923,3077,2653,3736,7418,2689,1186,3521,2078,1121,3192,4368,4251
3489,2829,4282,2103,4684,8349,701,3805,7429,3232,8469,1457,8569,8669,8769,3582,2739,4366,8875,8965,1214,2091,4970,6135,7295,5439,1631,4907,6617,4393,2590,9080,8046,7027,4394,2286,3966,7970,3769,1263,946,2109,2945,1615,731,2107,4548,1915,4166,6933,2022,287,4497,7558,4654,855,507,6247,9384,6661,7542,3533,2282,3343,1623,2950,4636,4070,930,9497,4275,7887,9620,924,4559,1507,3570,7987,2605,9788,4071,9888,2623,4193,4603,7231,6691,1002,3551,3053,2344,3741,2223,3923,4518,2634,5297,2195,3829,2742
7540,7517,7518,4408,5432,8350,619,7552,8268,1176,8470,5704,8570,8670,8770,4567,5741,5278,8274,8966,64,73,3189,4730,8100,5344,5444,2345,7876,7457,5482,9081,9178,9214,2261,3783,2540,9286,1854,2761,5675,87,2040,1004,5380,2305,6744,2570,5938,1380,1319,2048,463,7619,1883,192,162,4561,7998,7605,5763,3486,5924,4276,4521,256,6152,7343,2489,9498,4237,7734,9621,5370,6907,6084,5404,8210,8162,9789,6894,9889,1903,5816,1537,8258,8262,744,3994,4325,1735,7043,3828,5363,5254,2316,1224,3964,6275,5853
7037,6197,5813,4664,3026,8351,564,5504,8042,2268,8471,3801,8571,8671,8771,4418,2756,3898,8876,8967,828,3689,2723,4814,7140,3216,4649,4520,3140,6325,6291,9082,6863,8026,2760,3621,4574,9287,3348,1320,4542,2997,911,3839,3086,2207,3838,1992,2979,2880,2746,3926,4327,3273,2438,3125,1796,6055,9385,3531,6768,4884,4147,5107,1049,1555,833,6079,3215,9499,1633,205,6999,1610,1044,1099,1806,9689,8212,9790,4345,7981,3244,6652,1807,6786,5973,815,705,2240,2244,3374,1551,4466,4243,1426,5319,2158,4230,3572
3884,4207,5640,311,5131,8352,824,3477,7977,5056,8472,2245,8572,8672,8772,1637,3401,2180,8877,8968,249,3544,3451,6078,7687,6205,3802,4315,2754,7059,6781,9083,7404,7745,6167,321,1810,9288,5806,3175,1914,4867,2815,284,4221,968,4450,6169,5670,7048,2510,5247,1074,3119,3918,490,1928,7538,9386,7762,5480,3543,1451,1547,3236,1713,5199,4786,2284,9500,7289,3932,9622,6554,4552,1803,5551,8069,2194,9791,909,8189,4400,6357,2792,7927,7835,2719,4676,3288,3432,1278,1970,2179,3859,836,1542,2458,4463,6035
2056,4836,7748,1540,6614,8353,1312,4912,8440,7362,8473,3554,8573,8673,8773,5800,7949,859,8878,8969,587,6662,7582,2272,5193,6755,3241,5322,6667,9076,4016,9084,8083,9215,4760,1197,3817,9289,535,2939,6189,3948,6577,4385,6686,13,510,2404,7475,7746,5702,4558,1361,9350,2747,408,3180,7877,9387,5139,9472,6056,6523,4784,5968,4204,1827,5555,4062,9501,1245,680,6601,353,7240,1577,607,9690,9772,9792,3921,9890,4353,7865,3275,7904,8169,5085,633,4151,4373,1625,3061,530,4503,2956,7448,201,1519,6243
247,6843,7046,1021,5934,8354,1356,3302,8028,6208,8474,2585,8574,8674,8774,3602,6174,1393,8879,8970,96,260,2382,3435,7759,5359,6883,2990,7522,7867,7275,9085,7963,9216,5227,1011,1150,9290,6538,5282,3714,304,4731,1028,6229,568,2568,5445,4406,5866,4591,1859,393,7620,2436,327,1580,3618,9388,3916,7202,7074,3726,2673,375,533,6842,6928,5796,9502,7515,6723,9623,3750,7259,4107,6395,9691,7638,9793,7044,8324,3605,6992,4828,8021,8052,3548,5333,1199,2975,7300,2606,1740,962,1698,6895,3947,3775,6107
1251,3359,6094,601,6909,8355,4444,3522,2215,2846,8475,4296,8575,8675,8775,462,2069,2655,8880,8971,400,3355,3313,5651,7106,5790,3996,5823,6561,7908,4174,9086,7799,7826,2447,1056,3560,9291,2255,6355,3285,1247,1354,440,3336,182,6521,2575,5660,7261,3600,5429,1326,7366,4761,902,3362,7694,9389,7379,5307,5630,1930,1264,4195,183,7056,7672,4446,9503,9595,9598,9624,7599,5962,5606,3002,9692,5396,9794,1296,9891,3094,4706,2872,9954,8193,2356,3396,2509,4765,748,2403,3083,2105,1439,693,2123,5958,5547
7907,6480,7623,4202,4478,8356,3823,7392,3693,4392,8476,5713,8576,8676,8776,424,769,6390,8881,8972,1795,2368,1026,5152,7930,6868,2480,3106,3415,7499,5194,9087,7730,7337,2021,2501,1673,8201,1638,6195,2320,2617,1881,3116,2243,1561,5365,2513,3676,4472,3774,6137,5346,4048,5414,2727,3981,7815,9390,7174,4285,6948,1250,1328,3171,112,5459,7317,5578,9504,2832,2405,9625,1020,766,1691,1954,9693,4150,9795,1127,9892,4299,1950,4173,8330,7938,4578,1784,4087,1495,2682,1126,2082,4032,644,995,2101,4383,4689
28,190,734,1181,2162,5265,1592,6787,8055,5734,8477,6203,8577,8677,8777,6025,7282,5982,8882,8973,1047,2768,7631,6754,5571,6737,4293,5163,2741,7942,5427,9088,9179,9217,5096,2397,4972,9292,575,939,5593,869,2246,5467,6414,185,2423,4412,5384,4389,3020,3780,4211,9351,6500,70,3052,4988,9391,8153,8130,4122,6128,5594,4678,3648,2418,5286,5794,9505,4749,1641,8131,1111,1436,441,1755,9694,6294,9796,3779,9893,3636,6993,5220,7765,7906,3373,2153,3643,1213,6630,1406,5874,6682,2864,5946,673,5259,5408
2494,7011,7419,491,7369,8357,447,4712,6831,4611,8478,834,8578,8678,8778,594,5436,502,8883,8974,40,262,5618,5801,7554,5477,2252,6988,4425,7849,5780,9089,6903,7819,3298,2461,4726,9293,1188,3613,2592,2982,5018,3764,6584,79,1846,2315,6367,7352,4448,3253,822,7839,5311,239,3221,7425,8207,5369,8089,6418,5342,1851,6127,933,6497,7777,6966,9506,3975,8249,9626,4125,7844,5510,2961,9695,8104,9797,7506,9894,4367,5249,1780,8132,8333,1239,3658,2554,5120,940,4835,1822,2825,1644,2779,1202,3392,6604
2505,6851,7614,3300,5021,8358,315,7509,8441,6319,8479,7073,8579,8679,8779,5841,7494,2080,8884,8975,59,484,7884,1216,6149,6861,6082,5026,6026,7868,6685,9090,7993,9218,3416,456,4628,8290,4645,3341,5192,2516,3803,2024,6387,51,1343,3434,6409,7634,5137,1929,297,7238,7432,268,2113,5915,9392,4041,9473,6783,5360,1017,6191,910,7191,3895,7270,9507,5178,5468,9627,1015,6117,2293,1053,9696,7673,9798,2232,9895,3490,7299,2722,8166,8334,4493,1194,4049,3256,903,2417,1062,3799,2668,5250,552,4534,7025
37,395,1548,1023,3908,6568,224,5952,8136,3833,8480,6125,8580,8680,8780,3653,7617,1741,8885,8976,24,114,7145,1305,7688,5954,7117,4947,7402,5584,4078,9091,9180,9219,4330,5628,3646,9294,4959,5330,4876,1474,4621,3993,5395,4093,2093,2821,6230,7618,2681,5485,1440,9352,4297,3213,2363,3126,9393,1173,7900,6598,4307,4398,1098,2935,6805,4379,2766,9508,8017,9599,9628,5481,4295,5050,3985,9697,8254,9799,6476,9896,3160,6050,3218,8167,8120,1423,1345,4699,4002,3951,571,272,5575,2622,5130,418,2649,5739
4,3,5,9,16,225,405,2037,5075,5740,8481,7630,8581,8681,8781,5708,7496,6877,8886,8977,453,1809,7325,6401,9063,7310,7950,7359,6416,7118,9077,9092,9181,9220,4775,3909,6252,9295,4097,4677,4896,5517,6168,7838,6392,4386,6522,6159,7423,9348,2870,4811,2034,9353,6726,3463,3771,8241,9394,3969,9474,4995,6038,5671,5811,3014,6749,9494,6321,9509,3291,2370,7104,3516,7071,1420,4581,9698,9773,9800,7443,9897,5751,7778,3357,9955,9976,5053,2310,6353,4737,7162,3679,4494,4460,5262,4968,6597,6516,6800
6979,5582,6089,5470,6582,8359,3998,2791,3310,3469,8482,3713,8582,8682,8782,76,2635,5818,8887,8978,19,4149,1841,958,9064,6265,1078,5203,4971,6447,5567,9093,8014,3483,3370,1070,2671,9296,1536,4825,1069,4514,1685,2102,3957,2419,3963,5161,5960,4860,1860,5904,4137,7791,1567,1960,3229,7611,7793,6887,6642,6217,1515,2212,3939,811,3117,4526,4763,9510,7279,7695,9629,5792,3970,1782,2145,8095,6057,9801,2914,9898,3630,3527,4847,7968,8053,787,2619,2074,1866,275,2253,6968,5035,863,711,3873,5116,4468
829,4360,3200,2295,4302,8172,403,5287,3155,790,8483,2452,8583,8683,8783,493,2070,2562,8888,8979,2573,5208,6529,1523,7706,5222,3704,3559,4816,1411,5614,9094,7896,8232,2807,3968,2927,7899,3608,5453,159,3064,3145,2427,4522,2643,2957,5483,1958,6591,1927,4397,2962,5382,5523,415,4006,7041,7954,3745,3314,4891,900,6102,4364,509,6421,3986,1865,9511,5308,6734,9630,3147,5497,4511,3842,7735,5126,9802,4967,7410,1973,5672,2816,7640,4027,2182,534,3078,2624,2685,2802,3121,3790,2887,1271,2775,3025,5620
6490,6088,7427,5870,6148,8360,759,6759,8442,2071,8484,6639,8584,8684,8784,5438,7472,4652,8889,8980,214,694,3478,3279,8275,5707,7170,6981,6628,6684,5149,9095,8281,9221,6841,4754,4875,9297,411,253,4871,4135,5117,2984,6330,1275,3307,4779,7023,5747,4396,4838,928,8238,1643,2534,236,3097,9395,5115,7062,2836,6549,584,4882,1394,1943,7322,805,9512,1693,414,7548,522,6507,333,1244,9699,9774,9803,3672,9899,3036,4744,1009,7974,9977,4246,1382,3973,1901,6746,779,5310,6269,3587,3499,1853,6599,6857
8001,6276,5074,593,5423,8361,44,6198,6588,1894,8485,3472,8585,8685,8785,1055,3669,3340,8890,8981,219,989,7433,4942,9065,4696,4496,3479,4778,4306,4256,9096,7920,7870,3960,3037,4713,8085,1654,4467,1497,2421,4476,5442,1417,2151,3337,2958,5044,6328,2311,2177,1124,5759,3166,326,792,2193,8151,5893,5711,5644,5318,4962,2922,3294,3197,6845,3278,9513,4815,6003,8251,6116,4187,4625,2285,9700,7947,9804,5990,7958,691,4172,4443,8097,4919,2287,965,2578,2031,5377,2267,4024,3096,439,4546,481,4009,4587
1,2,6,10,26,379,501,2996,6271,5608,8486,7649,8586,8686,8786,7364,8867,5502,8891,8982,605,449,8175,7473,9066,6961,2890,6345,7412,6996,3657,9097,9182,9222,6954,6694,5288,9298,7100,7512,1240,4877,5205,6459,7541,3115,6273,6853,5997,7985,4869,3159,5797,9354,7268,2538,4733,7559,9396,8129,6431,3293,6943,8037,7185,7082,7239,7064,1902,9514,9596,9600,9631,8019,2359,5007,7757,9701,9775,9805,7864,9900,1539,7075,5516,8168,5646,4179,7356,4301,5447,7470,3422,3316,5944,5260,5251,1591,5712,6889
1396,6397,8344,179,8122,8362,5277,2748,6063,7132,8487,2599,8587,8687,8787,627,3148,1175,8892,8983,2032,7266,6140,6467,7179,6066,898,2994,8277,7465,835,9098,7466,8286,7413,718,2657,9299,1533,7351,653,6048,1692,355,8015,85,3283,5676,4284,4131,5714,7635,717,8239,7399,4198,5478,9381,9397,7514,6964,3598,1303,751,6551,635,6951,7841,2075,9515,7636,9601,9632,3111,4507,7655,5957,8187,2577,9806,1108,9901,5687,6053,5001,9956,8024,3601,6061,4458,4729,1742,521,1684,904,626,2708,1856,4428,7492
1455,6917,8345,298,6953,8363,1671,6173,8443,7333,8488,5936,8588,8688,8788,2711,6491,631,8893,8984,1007,7189,6969,4569,4488,4445,3408,2820,7713,7568,1757,9099,7921,9223,6663,698,2149,9300,1314,6326,2342,4433,1367,468,6984,63,2508,2087,6697,6837,5101,4692,377,9355,5748,1837,4638,8148,9398,5248,6689,3871,4586,630,4543,725,7255,7167,2198,9516,5859,7740,9633,657,8020,3925,2882,9702,7681,9807,873,9902,3332,7160,1800,9957,7647,6508,2483,4560,4771,1933,1145,3367,2416,1180,4077,308,3468,7960
7010,6343,6132,3809,4109,8364,1103,5471,6382,1849,8489,4985,8589,8689,8789,1166,7139,1999,8894,8985,2595,3183,1302,2511,5691,5379,3927,3819,1008,7536,7230,9100,7378,9224,4537,667,3864,9301,5709,841,6158,775,3844,2346,5188,167,4585,4119,2326,3072,1783,3759,5048,9356,2043,1048,2387,7539,9399,7503,8244,3320,2381,250,3157,3953,2237,2527,5892,9517,5197,3352,9634,3747,4390,1257,813,7805,7948,9808,4644,7913,3539,5589,4745,6130,7346,220,596,1597,1758,5869,3475,6335,2147,2763,3297,3542,3878,3245
8343,6010,5388,6054,5040,8365,365,6655,8444,471,8490,1985,8590,8690,8790,6014,5334,5316,8895,8986,1097,982,6935,6481,6960,2138,6605,3032,3660,7850,7199,9101,8180,9225,7200,672,2713,9302,556,659,912,1465,5110,2924,4370,271,2528,6327,3328,2410,616,3186,3480,9357,169,5298,549,2030,9400,7794,8310,6668,3450,3487,5400,5894,2833,1907,2495,9518,3575,1967,8093,3869,4372,492,500,9703,7788,9809,4820,9903,5387,7489,5895,5233,9978,6587,2884,2362,865,7471,4292,5521,6399,2367,5008,2842,6410,3321
1962,2654,4540,5425,3580,8366,22,5272,8043,4928,8491,6506,8591,8691,8791,3888,7440,3972,8896,8987,1349,1363,4473,1942,3749,5191,3199,5394,5991,6222,7292,9102,9183,9226,5241,4589,1291,9303,3195,3466,1598,2467,4549,5419,5164,985,960,2787,4112,6962,2396,2925,4043,8240,6829,154,3762,6553,9401,7666,7022,6393,4533,6039,3619,2911,4806,6989,6456,9519,2139,475,5833,1200,5963,195,199,9704,7988,9810,2352,7736,2531,5916,3678,8133,7975,3333,713,4512,3081,6295,2873,969,6806,3447,6237,156,1233,4118
4656,1375,2289,5302,4738,8367,2019,6031,7929,406,8492,2650,8592,8692,8792,1177,2281,3068,8897,8988,1931,2885,1570,2545,7931,1368,4864,6075,5337,5767,5884,9103,5160,8287,1614,3991,3868,8126,2412,4031,1043,2616,628,4167,4788,467,827,1924,5209,5831,781,2801,887,1764,4106,889,2610,6369,8242,4274,7936,4190,2915,5366,2677,2383,4454,6309,3233,9520,7461,7888,9635,7588,2698,4277,2637,8317,7957,9811,4599,7131,1910,6300,1714,7481,6596,336,2321,1952,2778,4955,1739,4502,5733,2812,3800,2721,4140,5304
2008,7186,5857,1558,4169,8368,708,6520,8445,4873,8493,5665,8593,8693,8793,3129,2555,7302,8898,8989,62,979,7991,2831,8031,6738,2213,2136,8140,7530,7737,9104,9184,9227,3534,238,5512,8291,5196,5335,5845,986,2239,1989,4609,746,6411,3931,5970,8072,4698,5354,726,7701,6454,233,323,5775,9402,7653,8311,7034,3853,497,5169,692,6371,5509,6248,9521,8103,8074,8314,5587,7669,5042,1340,9705,6690,9812,768,9904,4945,6280,2627,9958,9979,2594,2257,6069,3950,469,2203,623,1433,1210,1286,2889,4075,7361
6139,7235,7152,310,6910,8369,770,2392,8044,1695,8494,5838,8594,8694,8794,579,6163,3383,7720,8990,47,780,4429,7155,9067,6296,5132,3852,7134,7769,3830,9105,9185,7651,6611,2409,3376,9304,4842,6073,4633,4697,2201,696,6000,2790,6708,4072,5985,5290,4630,5092,384,7770,397,207,1310,4923,9403,6112,7999,6949,4575,208,3746,1416,4564,6776,4736,9522,7680,8060,9636,7168,7463,2903,3173,9706,7308,9813,1060,7682,4516,4872,2439,7710,8217,2830,3558,1036,2011,617,1936,5166,2350,1370,1101,2186,4177,6281
7609,6763,7507,4341,2972,8370,2013,6793,8079,1774,8495,6065,8595,8695,8795,5113,6575,5782,8899,8991,984,5456,6032,5679,5417,6743,3607,4063,2372,6051,3965,9106,9186,9228,5465,1256,3711,8292,93,109,5289,1995,4817,4774,4557,372,461,4447,6361,7409,4040,6298,4415,7986,2819,3510,1282,6501,9404,7886,7786,6503,6305,5835,5355,4926,1855,918,3596,9523,2666,334,6350,2502,5446,46,88,9707,8319,9814,3785,9905,2544,6268,6546,5760,9980,1661,313,2330,808,6902,1270,6145,6573,2214,5013,1811,4948,4532
6873,5896,1725,3786,4037,6764,856,5023,8108,3017,8496,857,8596,8696,8796,4273,2327,1550,8900,8992,2701,3007,3258,5723,7498,3169,4322,4338,2663,2053,5099,9107,7663,9229,2678,4469,1587,7537,4090,679,3076,2550,2468,3670,3090,2120,1743,498,3217,3952,3107,4635,1464,7040,1776,1720,1532,6455,8128,2827,7901,4073,3887,4344,2628,2659,2110,6046,2784,9524,3289,5932,9637,2948,3070,3708,3255,9708,7646,9815,3940,7806,1322,2007,4074,7444,5692,1872,937,2777,3044,6144,1599,3943,838,1568,4318,421,3528,4986
557,5255,3364,6228,4984,8371,27,7350,6672,4723,8497,5905,8597,8697,8797,1184,6444,4653,8901,8993,221,209,8197,1672,7983,7017,3867,2944,7165,4310,3242,9108,9187,9230,7039,5373,5124,9305,4855,4453,783,3272,4470,1252,5980,2818,4442,6002,2745,1281,3758,6585,5389,9358,2435,217,3591,4266,9405,5939,3093,4036,2150,7135,3806,3936,2840,7488,2626,9525,8158,9602,9638,7696,5162,3840,4361,9709,5189,9816,5840,7724,426,4639,6922,7833,8170,1392,3135,1557,752,6386,1518,150,6106,2331,5927,117,1331,7182
7,8,11,58,137,1104,1191,2793,6182,3744,8498,6840,8598,8698,8798,2612,1651,3896,8902,8994,3640,3056,3563,4777,9068,5341,7546,5937,3843,5689,5361,9109,8227,9231,2710,5527,3459,9306,4000,3436,5041,2225,5114,888,2373,4550,1814,6570,6219,7211,2304,1475,4153,8147,7415,3411,3671,5102,9406,5862,9475,3647,3212,5224,4176,5585,7286,6493,6372,9526,5112,3620,9639,5765,6192,1277,5540,9710,8070,9817,6859,7890,3249,7151,2557,7854,6358,3709,2968,2469,4095,7766,3992,5647,6555,3767,3039,5263,1996,4234
1223,5572,6675,1940,3855,8372,98,7676,8009,7421,8499,7422,8599,8699,8799,6126,7069,3440,8903,8995,72,714,7053,1482,3583,7089,7797,6576,6724,7933,5890,9110,9188,9232,5667,1157,5658,8202,2010,1884,6828,3512,3890,3553,6687,244,1147,3012,7246,7909,5472,3059,764,7814,7297,120,2490,5562,9407,2167,9476,6313,3060,2014,4953,2488,4568,3684,6893,9527,5579,7181,9640,1501,6432,914,707,9711,9776,9818,4413,9906,4300,7621,3663,9959,9981,4238,1430,5305,5428,2062,2589,362,2077,1798,5462,66,2199,7570
1412,7224,6803,6466,6154,8373,123,6535,7616,4240,8500,5264,8600,8700,8800,2749,7773,4438,8904,8996,43,81,7591,2647,5463,6121,6537,5372,7403,7365,4979,9111,9189,9233,2329,1840,5643,8144,4819,4845,1144,999,5106,5295,4405,1934,5876,1820,5854,7158,4420,3882,1777,8205,2718,1900,1178,4661,9408,2197,7598,3755,5563,7175,2375,1785,2471,5891,4705,9528,7338,7462,9641,5386,5868,2258,740,7967,7656,9819,5186,9907,1220,5055,3127,8022,9982,2715,1445,1682,3946,1332,1045,194,2981,1487,4844,175,2406,4437
7281,7451,6923,4455,5865,8374,309,5576,8219,3922,8501,6366,8601,8701,8801,1709,3136,953,8905,8997,21,1804,7146,6765,6706,5202,2187,3564,2231,7895,6634,9112,4634,9234,2998,1039,5632,5062,1076,3894,3264,4025,4719,3211,5150,49,1404,4505,6190,7095,4935,3016,550,7943,3342,546,1405,7360,9409,2155,7577,6076,3938,724,4785,542,5391,6083,5627,9529,7910,8117,9642,7293,4358,1918,4974,9712,8213,9820,1639,8325,3705,6565,3089,9960,8263,2767,6199,4076,3282,5501,2264,1222,4249,727,1209,448,3652,6524
975,4804,6820,3610,3331,8375,788,6616,8446,2137,8502,7661,8602,8702,8802,6676,8868,5746,8906,8998,145,1850,7454,2446,9069,6016,7228,3380,6674,7919,5078,9113,9190,9235,5293,682,892,9307,3584,3087,2900,3627,2912,294,3891,2114,3808,1916,2730,7820,2952,5638,1706,9359,5858,870,5479,5553,9410,9469,7955,6278,2625,5595,4963,7128,3634,4287,5343,9530,4416,1204,7587,570,5804,1911,874,9713,6334,9821,3740,9908,578,6712,5229,9961,8335,1299,925,6301,4879,2130,3375,1438,867,432,3455,878,901,5683
3696,7012,6648,3161,3956,8376,4133,3697,8269,6308,8503,6874,8603,8703,8803,4082,6427,4164,8907,8999,3257,3754,4702,4920,5648,7326,4655,2896,5464,7992,4929,9114,7584,9236,3290,656,2292,9308,155,1246,1092,4395,4960,6499,5525,100,1913,4335,6751,3113,4414,6043,1238,9360,817,2347,1383,6899,9411,7822,8058,3846,7487,2358,4829,5303,3929,3629,337,9531,1554,547,6870,300,7606,273,369,9714,9777,9822,1932,8326,5051,7526,1063,7042,9983,4753,581,3664,3421,3361,3995,6006,3231,2039,7406,689,3277,7445
4060,2608,5503,1342,961,8377,1452,6081,7153,757,8504,3633,8604,8704,8804,2371,5155,1508,8908,9000,1582,738,7221,4794,8004,3585,1538,3782,2492,6766,7033,9115,8142,8112,6408,3675,5011,7664,5362,2514,4691,1955,2204,2164,4128,529,4382,3540,2536,7114,4343,3266,122,3246,6178,437,2108,6678,9412,6838,7830,5824,1119,3000,1779,2163,3517,5291,6388,9532,7290,6044,9643,7129,5492,2863,4916,7637,2822,9823,2073,8096,1642,5434,791,7339,7491,2898,4053,2736,1770,5532,3084,1428,1260,2837,2947,1018,1596,4663
4781,7976,7812,1588,5216,8378,160,6801,8173,6498,8505,5548,8605,8705,8805,803,6209,2564,8909,9001,39,1652,7837,5086,8101,7315,7190,4982,7229,7869,7523,9116,9191,9237,5690,1081,4088,9309,354,2999,7394,5105,2658,5218,3502,450,1583,972,6936,7751,3831,4216,1228,8304,5214,378,3718,6405,9413,6912,9477,5244,5867,2473,6710,1388,6927,7468,5825,9533,2569,1481,8160,830,6741,1994,1787,9715,8320,9824,2335,8256,6770,6504,5864,8259,9984,3198,1566,4355,5461,211,4308,3406,5911,676,1133,187,742,7357
5383,7400,5635,5994,3251,8379,1376,6633,8447,6760,8506,3919,8606,8706,8806,4363,6747,5808,8910,9002,2989,5076,5552,4741,9070,4011,7103,4250,3889,6827,6404,9117,9192,9238,4039,1362,1824,8293,288,131,4023,825,3751,6009,4897,465,181,929,2481,7923,2277,2462,4189,8305,2004,2532,919,6848,9414,7194,9478,4102,4913,4885,3262,3866,3913,4770,4914,9534,2631,343,4091,662,5900,285,295,9716,8188,9825,6603,9909,3234,3971,6352,2633,9985,4171,905,1221,3942,3586,2920,4228,6632,2443,6896,2338,4536,1073
7595,7236,7332,851,7882,8380,1468,3903,7079,3413,8507,2041,8607,8707,8807,356,3937,1041,8139,9003,74,2652,6593,7193,8176,5886,1825,6194,7171,6157,4158,9118,8198,8200,2862,1767,4524,9310,2520,4807,265,2209,3784,608,6879,1616,4527,2909,5986,5420,4206,2762,1545,7296,5998,1024,2156,7878,8243,7925,2969,6221,5832,1158,3920,65,5410,7831,6651,9535,3635,4462,8252,2414,7717,3797,1304,9717,7845,9826,3270,9910,2844,5933,864,8051,7939,1517,1266,4721,4440,1711,2645,6872,4994,941,688,2307,6779,6987
2319,6024,7641,2974,5673,8381,143,6957,8448,6183,8508,2738,8608,8708,8808,1215,8123,1509,8911,9004,17,1941,7434,6347,4314,6115,1721,5810,6451,5983,3686,9119,6474,9239,5515,880,6814,8294,2191,5261,4964,1667,4232,3132,4961,67,2901,4050,6664,7586,4783,5774,303,9361,7263,1077,3578,7707,9415,1106,8245,7371,5992,2249,4717,1013,6378,7176,6545,9536,5931,9603,9644,5899,5538,6711,5039,9718,9778,9827,3158,9911,2129,6263,1529,9962,8264,524,5064,3662,4188,1459,2712,543,3491,936,2707,75,1168,6752
278,1750,5766,1489,3040,8382,2343,2604,8449,6284,8509,6666,8609,8709,8809,6627,7098,5700,8912,9005,452,3519,6120,2088,7857,2776,3979,1087,6403,7858,1611,9120,9193,9240,4351,559,4283,9311,6530,6452,6210,2395,646,71,2063,1618,7107,5654,5545,6062,1919,6810,931,9362,5019,2954,3134,7438,9416,7802,9479,6643,730,1602,5238,5729,6060,3185,5223,9537,8248,9604,9645,1483,1506,4196,3237,9719,455,9828,1680,9912,1738,6871,4129,7905,7482,1935,2699,5364,5175,2725,539,1453,1149,987,6013,2603,4423,6250
8041,7743,7881,1280,2121,8383,142,3509,6696,6836,8510,1947,8610,8710,8810,703,1657,3226,8913,9006,312,82,6091,6959,7484,6729,4823,1460,7077,7593,3043,9121,7738,9241,6808,3153,6714,9312,3105,4456,134,1699,1676,2869,5710,460,5474,4146,2667,2081,2263,4843,5961,7747,2134,1527,3520,5118,9417,8088,5820,4377,5524,2126,5455,2618,4598,4461,165,9538,7668,9605,9646,8161,1655,3046,2535,7382,2835,9829,5332,9913,560,5357,2856,9963,3458,4954,3194,3691,1389,7855,1125,6566,6881,1327,3100,5015,7065,3529
5678,6914,3595,3301,4606,8384,1819,2849,8137,3354,8511,4432,8611,8711,8811,3905,3508,3837,8914,9007,242,318,4253,3720,6244,1688,3118,4029,5320,5321,5097,9122,5680,9242,3214,3268,1274,7223,2855,2794,1496,2297,1308,1802,2942,391,2189,6111,3441,2437,1183,2500,3008,2665,2058,204,2773,7007,9418,5326,4646,2965,1107,4103,1627,3666,5508,6104,1229,9539,4328,5339,7442,5129,3071,2967,4092,8211,3883,9830,4674,8076,1988,3390,3010,7580,7808,2542,4168,1677,3191,6110,1059,3571,4381,1869,5315,2035,3665,5090
678,6621,7208,2390,7624,8385,171,7961,8450,7772,8512,6844,8612,8712,8812,7385,8869,1697,8915,9008,299,747,7847,1425,5519,7760,7798,5592,7393,8278,6862,9123,8199,9243,5043,971,2000,8295,2978,3980,6008,2116,5875,4138,7055,38,624,881,7086,7716,4798,2582,482,9363,7604,152,3427,6732,9419,3292,9480,6986,7111,3763,6329,1665,6618,6310,7879,9540,3015,2217,8253,1067,7381,890,512,9720,8321,9831,5407,9914,5200,7853,4787,9964,9986,5940,922,2639,5476,1662,4160,704,3460,3305,7916,188,1686,7811
2407,4880,4718,2614,4409,8386,1923,6346,7529,6440,8513,5266,8613,8713,8813,2009,4035,4349,8916,9009,2308,2938,7334,2484,4419,4579,6122,3699,6348,8012,6097,9124,9194,9244,1403,1140,5204,9313,248,1086,473,2583,5756,4865,3813,56,1207,1977,5489,4142,3163,4905,2119,8113,3152,2068,2188,5182,9420,4846,8246,4094,6703,5385,3058,4826,3284,5749,858,9541,2224,1737,8094,816,6944,722,270,9721,8163,9832,1001,9915,4839,2683,4623,7969,8171,4939,407,2899,1109,5826,3532,3703,4624,1751,5611,2337,4530,6753
1724,6363,7327,2415,5978,8387,1560,7183,8270,7363,8514,5080,8614,8714,8814,3205,8273,1170,8917,9010,3001,5898,7566,3581,3162,6510,4312,5602,4668,8013,7148,9125,8228,9245,3365,325,4114,8067,603,1799,2788,4685,4165,3193,7513,23,640,2560,6761,5136,4332,5168,95,9364,4005,728,4020,7997,9421,3721,8090,4796,5242,1206,7460,3574,6267,4694,4901,9542,4263,4134,9647,1442,6967,852,232,9722,9779,9833,496,9916,3910,7902,1503,9965,9987,4305,1909,3034,3656,2734,4254,1192,2023,1544,7009,174,2737,7331
2796,4223,6825,3506,4648,8388,1831,5005,8451,5979,8515,7177,8615,8715,8815,7026,8870,916,8918,9011,994,2755,5612,1090,6337,7436,1898,5586,7376,8110,7180,9126,7690,8181,5217,1003,5805,9314,396,4110,6720,3874,3318,6177,6548,115,176,3593,4152,6362,4262,3437,1505,7935,2785,107,3397,6942,9422,7851,7966,3604,6854,4632,1646,5000,4640,2476,2902,9543,2986,2457,8315,344,7543,434,1065,9723,7569,9834,5165,9917,1068,5920,5559,7674,9988,1046,2125,3360,2318,1259,2549,654,6256,4099,7726,879,2142,7562
280,4015,7358,398,7051,8389,3911,2910,8452,7493,8516,5574,8616,8716,8816,7016,6200,1118,8919,9012,622,4203,2804,1890,4782,6436,7003,5058,7032,8279,1385,9127,6070,9246,4175,330,591,9315,5834,5271,5736,1400,3513,257,4482,60,1968,1449,3761,3857,4286,4570,200,9365,5314,951,2786,7269,9423,3201,8312,5140,3005,479,4061,2858,7063,5401,2706,9544,7353,9606,9648,1634,7294,5411,2904,9724,5694,9835,3041,9918,4155,7702,4670,9966,7816,4604,3196,2611,4209,3552,1374,741,1448,3860,6659,2389,4556,6670
366,4547,7138,1105,6792,8390,1589,4618,8453,4690,8517,4793,8617,8717,8817,7386,7085,2523,8920,9013,1269,6445,6435,1664,6673,7335,5664,1227,7894,7602,2453,9128,7531,9247,7774,435,1983,8296,5135,2921,6715,2122,1703,332,4270,52,1707,1986,5819,3594,1660,7120,938,9366,3449,1878,5206,7078,9424,7597,9481,5421,4182,720,5028,2895,7203,4226,3123,9545,4033,3906,9649,505,3848,3431,786,9725,5677,9836,2504,9919,4764,7683,4161,7340,8218,6274,1025,3945,4159,1387,1160,2800,955,1016,7544,2988,2433,5888
4904,7081,7571,3388,6622,8391,3382,6834,8454,7076,8518,3104,8618,8718,8818,3079,5860,800,8921,9014,2160,6705,7387,4290,5418,7102,7219,4316,4089,7222,7785,9129,9195,9248,2839,545,6437,9316,228,2057,1032,2026,4580,3955,6818,50,388,2059,5696,7692,4337,6143,606,9367,2759,163,3363,7665,9425,7253,8157,2221,6950,2020,6478,4853,3566,2765,1491,9546,2809,884,7096,610,5743,472,340,9726,9780,9837,1427,9920,2955,7560,4681,8039,9989,5520,1075,3454,2644,3576,4940,5617,6087,1355,6938,755,3101,6671
897,7391,8002,1834,6592,8392,1666,4096,8455,7534,8519,3944,8619,8719,8819,3821,8871,527,8922,9015,2813,5829,6018,974,4772,4278,2018,2135,7984,8280,3425,9130,9196,9249,4268,716,2042,9317,474,3327,5999,5133,1325,2054,3188,101,1494,4378,7004,2379,4834,5872,2178,9368,1164,5556,1969,6963,9426,5781,9482,4989,5600,3420,6679,5528,5699,4144,314,9547,2987,7324,9650,153,5597,1606,2094,9727,7112,9838,2045,9921,5170,7903,6695,8260,8336,1791,6216,4346,3614,2132,1324,1114,1369,2242,7810,428,1321,8106
1604,3989,7508,1352,5560,8393,399,7883,8220,7401,8520,5666,8620,8720,8820,4833,6213,4010,8923,9016,68,590,7643,1653,5971,4874,5371,2526,7535,7583,4983,9131,9197,9250,2572,2296,5719,8297,1863,1341,6258,660,4613,4426,6001,1479,1781,2033,4528,8303,3371,4743,1236,7109,5500,1845,1991,4704,9427,4084,9483,6279,6098,2897,4951,483,7214,5626,6919,9548,7220,6758,9651,1230,6540,1882,1172,9728,7912,9839,1603,8190,4001,6913,3403,7622,8265,1571,763,4021,2482,1261,2861,638,1431,2211,3706,141,2364,7449
5569,8054,7755,1456,4200,8394,380,6718,8456,5230,8521,6090,8621,8721,8821,1609,6303,2422,8924,9017,3524,3788,7510,4841,6239,6511,3825,1395,7662,7511,3742,9132,8035,9251,5642,1344,1576,8298,871,6468,563,5142,2750,1546,6612,91,368,4347,6253,7172,3967,5771,687,7731,3990,567,3442,8149,9428,7087,6470,1307,5619,665,6571,1035,7166,6333,4439,9549,4424,2660,9652,518,5327,2230,3710,9729,7390,9840,504,9922,3536,7718,4291,9967,7348,4740,5688,3702,2448,1153,669,3556,4201,684,2607,1174,3737,7206
520,5522,7527,118,6956,8395,4252,1294,6288,5573,8522,7243,8622,8722,8822,1211,6832,2451,8925,9018,4375,2854,5809,7244,8010,6156,807,3384,6096,8034,723,9133,8229,8233,6533,894,4487,9318,2563,6728,639,4026,1084,364,3423,105,5815,6453,6185,5721,4059,4186,1253,6233,6179,2588,4477,7953,9429,7763,5549,5565,4504,875,4492,1490,7520,7136,3626,9550,2906,3324,9653,4399,1871,2548,6262,9730,2333,9841,422,8327,4992,4577,1857,8261,3907,4789,5104,3915,3914,6124,349,2072,1348,1948,3701,1297,3495,6108
269,5211,8346,2060,7565,8396,433,4969,8457,4651,8523,4822,8623,8723,8823,4768,8872,514,8926,9019,4863,6241,7686,1146,3033,3930,6402,4130,7714,8223,3470,9134,8036,9252,5098,821,798,9319,508,3243,7691,4317,3011,3399,6815,84,700,2283,6775,2700,4563,4474,1249,9369,2216,4531,1972,7247,9430,2702,9484,5725,4716,3577,5100,6722,4672,4927,611,9551,2883,6991,9654,404,6464,1617,2270,9731,8164,9842,3941,9923,4123,7824,7579,9968,9990,3810,4596,2931,5014,1939,2780,710,964,2399,7015,279,784,7781
516,4178,8027,1155,7813,8397,495,4554,8458,7031,8524,5918,8624,8724,8824,5358,7188,681,8927,9020,2052,4304,7768,2539,2357,7116,4958,6813,5976,8224,3239,9135,7964,9253,3102,1232,1135,9320,668,2782,6707,1892,5803,2279,7700,14,1498,2916,6926,7173,3067,3900,383,9370,3503,506,4271,7476,9431,4038,9485,6448,6550,1736,5764,4525,2620,6646,5020,9552,5422,7318,9655,420,7722,3286,1373,9732,9781,9843,794,9924,4218,7926,1082,7834,8337,4797,1336,3308,4539,2190,4517,1964,2529,2937,7561,170,2065,7789
429,2705,872,3573,5235,8398,3022,4573,8066,1414,8525,3589,8625,8725,8825,1832,5057,1190,8080,9021,666,4615,6583,1937,7644,2355,1957,6165,3203,6797,6364,9136,5762,7922,1818,3511,2085,7871,4977,2339,1946,2636,3151,1357,2587,2275,4387,2724,4943,6340,3419,2518,3924,6254,4491,1908,2694,5847,6607,4925,5490,3730,1413,3349,2152,976,3137,5836,2908,9553,4660,7008,9656,1289,4866,4566,1965,9733,5046,9844,6465,7823,1727,4724,2740,7345,6589,850,2118,2294,1559,5568,1493,597,2402,2758,3766,1645,2851,5004
956,7727,7856,683,7657,8399,4888,1732,5753,7154,8526,4701,8626,8726,8826,1287,5773,1635,8928,9022,3525,7052,7002,1729,7678,5530,3438,854,7848,8179,1921,9137,9198,9254,3167,2229,3073,9321,328,4219,2857,1441,5091,831,6985,30,866,3717,5125,2799,6207,6531,4594,9371,5757,4584,2574,8016,9432,7873,7860,1575,2361,2691,2696,663,6518,6901,1447,9554,2826,2716,9657,341,8075,2015,954,9734,7979,9845,478,9925,5376,6735,6974,9969,9991,4975,3987,3165,3988,1446,2888,3062,1573,1476,6952,1492,3654,7397
7439,5499,7068,882,2764,8400,2992,5799,6556,3565,8527,5537,8627,8727,8827,2096,3569,5789,7917,9023,690,4766,2709,6719,7320,6407,3814,5269,6446,7555,1478,9138,8111,9255,6660,1072,3698,8236,6317,5038,706,2732,1100,97,5533,4225,5219,3400,3899,4339,2278,5561,3092,7792,7437,1998,1038,7885,9433,8154,604,6816,2083,709,4145,86,7024,7480,2771,9555,4212,6373,9658,6799,3642,1728,6457,9735,2621,9846,1746,9926,1499,6187,2235,9970,6105,352,3541,4513,2173,7215,600,6450,2859,652,589,4067,2475,4610
7349,7241,7088,3428,6890,8401,223,6995,7782,425,8528,5167,8628,8728,8828,840,5663,1399,8929,9024,18,394,5754,6487,8032,5488,1745,6045,3224,7156,6028,9139,9199,8234,2099,5284,6488,7775,5603,5609,3029,2905,4471,2169,6477,1753,4852,6721,5033,6220,3485,1659,438,3462,5128,1381,427,5531,9434,2111,4348,6123,4650,1484,3395,15,6394,7753,3326,9556,7323,8250,9659,7373,5239,6658,4756,9736,7852,9847,3682,9927,3280,6681,649,7411,7659,1674,4728,4265,4436,2524,1912,1421,4799,1309,1276,802,4956,4430
4667,5947,5022,2674,2005,8402,2141,4410,7866,5176,8529,1792,8629,8729,8829,2521,5409,1730,8930,9025,685,1522,6858,5148,5025,998,5010,3306,6624,6011,5758,9140,9200,9256,3547,1353,5281,8145,3861,2875,1630,991,2951,1208,3108,2280,3983,2247,5036,3138,266,3281,3225,7944,3252,3496,1622,7212,9435,1273,6564,5440,1619,1789,2641,2752,4973,6595,390,9557,4802,7804,9660,3150,264,3210,3164,8049,5610,9848,5437,7709,1607,5232,4264,7417,7675,541,4324,2579,2946,5034,1000,2632,5755,2642,3795,2334,1705,4356
1744,5974,7196,842,6638,8403,2670,2499,7581,6574,8530,4519,8630,8730,8830,4541,5787,2265,8931,9026,342,430,7625,3057,7038,4210,3259,3170,8033,7485,5122,9141,7321,9257,5919,886,1813,8048,4279,4508,3095,2923,409,4686,2917,267,6911,4303,6725,1386,1521,5945,5513,7262,561,671,2044,7821,9436,7803,4012,2680,812,3778,1432,5061,5487,3402,1196,9558,7368,7973,9661,5198,1595,2806,5151,9737,1535,9849,4407,8257,3933,5347,6433,9971,4014,3902,966,3807,3230,6777,186,2366,1626,895,7195,2971,5127,7563
8267,6975,7192,761,1794,8404,1514,3897,7144,4544,8531,3959,8631,8731,8831,2006,1821,4313,8932,9027,371,893,5016,7314,8081,4215,6756,3429,3099,5972,7018,9142,8230,9258,4116,3661,2106,8299,6151,1815,795,178,4255,948,3845,3112,4388,6425,5283,6934,3445,5543,1486,7414,6170,2298,206,7872,9437,7248,3103,2913,5981,4671,981,61,5943,1754,2254,9559,6906,8159,9662,6602,4643,1292,494,9738,6698,9850,6085,9928,2429,6226,1683,5817,5607,2300,4108,2146,3757,2028,2814,4404,3700,3815,801,2411,3350,4759
5494,7928,7483,4184,5901,8405,94,5935,6958,5252,8532,7105,8632,8732,8832,4136,2525,2941,8933,9028,161,442,6406,2512,5988,5082,6074,3317,6898,7066,7336,9143,8047,9259,5668,2095,1237,9322,5984,4592,263,1959,2425,6558,2866,536,3743,1663,5769,7424,5138,636,476,4715,2638,291,4422,5279,9438,4007,6608,6784,3622,3638,2808,1722,6645,6846,7028,9560,3847,8313,9663,2143,5210,6532,6581,9739,7980,9851,4079,7374,1563,3075,3222,8098,8266,860,3358,2084,2428,2672,392,459,5738,3250,6850,351,4362,5581
8121,7452,7428,6389,760,8406,197,1217,8459,5542,8533,2735,8633,8733,8833,4055,7287,6059,8934,9029,613,3048,3377,2442,7455,4981,1364,5929,5761,1906,2537,9144,7994,7245,6374,4333,1283,9323,1812,1874,839,3085,3561,4597,1315,2413,2424,4658,2558,7603,1511,3550,5002,7840,5374,1987,3265,5625,9439,7477,8091,6757,5060,5697,1061,4944,1212,4710,6072,9561,4484,1052,9664,4523,2301,376,1010,7469,3182,9852,5598,9929,2271,4675,5493,5187,8338,110,2783,4269,891,7234,2313,5623,7249,1471,5912,358,3692,5511
1920,7790,2154,551,5405,8407,1037,4046,7705,3835,8534,6356,8634,8734,8834,1549,4805,5325,8935,9030,1839,226,5730,1748,7198,5072,6133,5274,5506,4909,6092,9145,8282,9260,2393,2600,758,8127,2486,3507,2565,3590,2879,4642,877,3865,2551,5784,5296,6886,3777,1993,402,8114,4435,3858,1358,2695,7965,5863,8208,3739,3006,4267,3379,3879,5851,1594,5925,9562,2133,1279,8186,554,4991,913,307,9740,6560,9853,5179,7330,2401,4924,5645,8023,9992,2202,111,4208,2493,6422,2517,2314,2881,3178,5951,1715,5172,6251
3051,7272,7383,261,5068,8408,203,5190,8029,6064,8535,6795,8635,8735,8835,2522,6383,1925,8003,9031,31,2664,5613,3716,8011,6941,6980,4058,6683,6916,1379,9146,9201,9261,7149,2472,1528,8237,4930,1365,5903,4374,2455,585,5716,3781,4800,4241,7150,7693,4042,6460,572,9372,2369,129,1384,2693,9440,3628,7679,4065,2218,538,2487,296,6965,6955,6733,9563,7911,8118,9665,1826,5848,5928,5215,9741,5424,9854,5340,8328,4812,5183,3128,7880,7754,4582,5328,2503,4227,2576,130,1904,3049,599,2426,1701,2459,5180
3311,5897,4941,4319,7072,8409,177,4722,8460,3856,8536,4369,8636,8736,8836,1981,3202,1516,8936,9032,54,1185,3347,7497,7227,5649,2507,6150,1873,7388,7524,9147,7459,8071,1543,1339,5256,6931,2852,5402,5052,3417,5111,3168,3322,108,3545,5156,5268,6631,3501,3876,774,5742,5054,148,1318,5544,9441,1513,8116,6341,2552,1006,3260,487,5786,6471,4163,9564,7937,7842,9666,7298,6322,3976,5722,9742,8061,9855,3446,9930,3120,6318,2176,7749,8339,2964,4248,3088,2847,6021,1766,934,1808,381,3465,454,4862,4957
5727,7698,6946,950,7209,8410,193,6017,8138,1572,8537,3461,8637,8737,8837,4357,7892,511,8937,9033,36,401,5397,5077,8276,2823,7699,6315,6419,7632,6635,9148,6833,9262,6790,6750,1974,9324,3500,2050,2586,1014,5737,7305,5177,3065,6701,6782,7020,7761,2731,1593,580,8086,796,1058,1444,5430,9442,445,9486,6138,6869,5390,4222,373,2596,7264,2687,9565,5661,4052,9667,3471,2933,837,1005,9743,8255,9856,3315,9931,3773,7627,4403,7014,9993,2546,2432,595,2597,6396,436,2049,6620,2669,4289,2547,5081,6717
8107,7549,6542,6439,6270,8411,55,5624,8461,1984,8538,7301,8638,8738,8838,5871,7178,3683,8938,9034,2174,6015,6649,5426,6557,5822,7099,6379,1089,5948,6885,9149,9202,9263,3385,1893,598,9325,259,125,382,385,4769,6042,8203,234,6513,6739,5685,8204,1979,2496,6428,9373,1113,1632,3514,7285,9443,7316,8247,6702,6769,3639,4085,2497,2877,5403,4013,9566,4340,3555,9668,2431,4459,210,212,9744,9782,9857,1371,9932,4902,7684,5881,3592,9994,6771,906,1134,215,8064,320,6181,4952,3444,6647,3880,7000,6479
7703,8008,5221,4700,7629,8412,164,5450,7989,1852,8539,7430,8639,8739,8839,6114,8099,3035,8939,9035,121,1401,6918,5451,6214,5735,7784,5975,1434,7070,4126,9150,7715,9264,5329,4294,1083,9326,237,301,655,1337,4417,6266,6338,664,6259,6375,7157,7395,992,3207,4746,8306,643,2867,1350,5879,9444,4181,8182,6225,6644,6973,2553,531,3826,7306,4565,9567,4515,2328,7741,2960,5498,106,196,9745,9783,9858,1613,9933,5351,7613,6945,5246,9995,7067,1268,1116,917,7809,648,3792,6778,3263,6227,4708,5827,5778
6282,7273,3849,4932,7250,8413,104,7712,8462,1888,8540,6311,8640,8740,8840,6336,8221,2751,8940,9036,29,119,6610,6748,7941,4562,7918,6482,3954,8225,7729,9151,9203,9265,6878,6562,772,9327,942,331,523,2648,5842,6391,6972,1581,7126,7108,6246,3827,2079,1658,1300,8057,431,1769,235,1569,9445,4235,9487,7127,6978,8059,4809,620,3488,7733,2124,9568,5431,2274,8316,4915,6849,558,612,9746,9784,9859,3274,9934,3877,8038,7169,6586,9996,6665,2336,2266,736,8078,750,2067,7142,4257,3174,4999,5280,5913
1749,5065,7187,1858,4045,8414,1298,5828,8196,4510,8541,6547,8641,8741,8841,4758,6344,1165,8941,9037,57,1163,6569,1733,9071,4679,4490,1649,6852,5902,1022,9152,7897,9266,6802,1788,5348,9328,4022,1031,6142,1556,5153,973,588,799,4117,6559,4780,6864,2714,4918,4921,9374,2519,4767,4044,7612,9446,6430,7795,4192,4908,2566,2144,4832,6034,3114,4662,9569,7380,6830,9669,1805,765,2930,847,9747,5750,9860,3685,8050,1123,5880,5083,3484,8040,1768,793,2543,4120,4848,1219,1402,1243,2159,4553,243,3851,5726
6876,3612,7615,4495,3439,8415,2302,6283,8463,6860,8542,6536,8642,8742,8842,2185,3625,6155,8942,9038,136,7125,1762,7210,4886,2613,1171,5701,846,6423,5398,9153,7574,9267,6773,555,1842,8300,1329,1138,277,3209,2112,845,7113,113,5257,3143,4113,7972,2580,2662,5615,8115,4551,1338,4849,7924,9447,8309,6823,6492,2805,695,4309,5566,4350,3456,6819,9570,1148,1621,8018,2376,818,4480,6811,9748,3473,9861,1390,9935,4803,7122,5276,7161,8007,3386,2868,5030,446,8025,4529,5798,944,712,2720,1152,7036,5889
7450,7940,3715,6780,3339,8416,1504,7163,7990,6113,8543,4859,8643,8743,8843,361,5147,6384,8943,9039,12,4619,1335,1094,9072,6656,1467,6166,602,6512,7825,9154,8283,7951,5070,861,658,9329,486,1629,140,4261,2506,4139,4220,230,4156,6412,4980,5846,3330,1990,3603,9375,6293,1454,4124,8150,9448,7504,9488,6888,3615,540,5299,6332,5231,6856,4673,9571,3984,3789,9670,1624,6161,5987,3009,9749,9785,9862,419,9936,5093,5258,5154,7355,9997,1410,4431,4538,1790,2774,4183,5950,4727,1030,1773,963,3872,6742
6713,5821,5852,5449,7084,8417,258,3492,7124,1530,8544,2943,8644,8744,8844,350,6400,3557,8944,9040,35,782,7435,6509,9073,4590,1502,4064,5095,4545,5195,9155,6484,7898,2377,2171,5294,8301,1833,5659,2444,3609,4583,3798,6417,862,5604,4883,6071,6349,4069,5144,370,6552,5507,1142,2127,7801,9449,4966,8183,6442,5349,915,3765,254,6186,4857,5605,9572,5312,7956,9671,6762,5966,5650,4329,9750,8165,9863,5301,9937,2236,4993,1050,7742,7915,282,3606,3267,2400,1117,3082,1772,1708,686,1169,702,4105,5031
719,6929,3004,2051,5703,8418,1534,2609,7533,2466,8545,4004,8645,8745,8845,1091,5788,6164,8124,9041,133,144,7054,2841,8222,6976,5087,2556,7377,5995,1718,9156,9204,9268,6141,2772,3312,9330,6420,6067,5720,338,4233,191,2291,2047,6218,6809,3974,6376,4898,6068,2017,5922,2907,1828,290,1963,9450,7276,8184,4776,2690,3074,4018,124,6539,6049,3038,9573,7946,9607,9672,4711,6099,5207,3474,9751,1288,9864,6824,8329,1574,6118,4380,7205,7771,3334,4572,3727,3124,4194,1731,832,927,970,2086,2464,5484,5967
45,229,651,1201,2533,5121,2853,4840,5877,3694,8546,5641,8646,8746,8846,2470,1585,4401,8945,9042,184,1179,6175,6882,6036,5292,6458,3659,7267,5109,5159,9157,7013,9269,2233,1726,4824,9331,6033,1887,4098,2798,1844,4434,3394,2181,5143,5368,1195,6709,4334,5012,4427,6563,3220,1189,2602,3504,8152,2926,4900,4506,3885,3723,1095,3184,4066,6202,4479,9574,7447,6005,9673,4792,3680,3901,4647,7874,7035,9865,4034,9938,785,3863,4813,7375,6817,360,1696,1838,926,4750,2729,3368,6541,2454,6342,1525,1141,5443
6994,5457,5240,5495,6040,8419,1128,6736,8109,4821,8547,3904,8647,8747,8847,4231,6796,2192,8946,9043,634,2929,6867,6264,7596,3729,5273,2434,4703,6572,5693,9158,8284,9270,4030,1398,1057,9332,3881,4595,2172,1241,1306,2365,2128,2919,4714,4259,5732,7405,3323,3526,1301,6804,4739,324,1704,7575,9451,6578,7654,1422,464,5850,3142,5791,5887,5141,5536,9575,4990,586,5460,675,2388,3481,1088,9752,3623,9866,1359,7959,739,5309,2679,6080,7780,216,1980,3208,3269,715,2408,3433,4998,1564,4895,1786,2205,5158
7347,7242,6324,3787,6238,8420,1346,1231,7783,4441,8548,5570,8648,8748,8848,2477,5234,4354,8947,9044,92,77,5037,2076,7893,4121,1316,2743,6982,6483,5267,9159,8231,9271,2675,3110,4616,8302,1051,5088,1066,573,1949,6774,1122,283,4457,5496,4509,3176,3055,4622,2591,3999,1775,1029,749,6515,9452,4890,6609,3254,4213,5682,3418,1477,3080,7307,3181,9576,7592,8185,9674,5793,5873,4861,5652,9753,7313,9867,1835,7891,2688,6086,6880,7600,8194,562,1864,2932,697,6131,1679,3538,2450,1366,2795,2378,3345,3494
5392,4720,6567,173,6100,8421,4236,4214,7642,5577,8549,2717,8649,8749,8849,3144,4641,489,6826,9045,2238,3681,1254,7058,2332,3482,6398,5728,6884,7650,797,9160,8056,9272,4452,3617,3351,9333,6932,5996,737,1311,4051,286,6052,525,4331,3261,1132,4154,4687,4801,1272,7828,5953,146,2456,7486,9453,5228,2117,5942,6415,357,1360,339,6905,7667,6426,9577,8073,9608,9675,5356,5300,5590,6255,9754,7578,9868,5837,9939,289,7050,128,9972,5752,1472,1897,3003,4281,6699,1290,6004,4856,3387,4751,1997,5959,6287
2834,4384,7528,1102,4851,8422,2322,4272,2561,2309,8550,5378,8650,8750,8850,485,2115,4185,8948,9046,470,5717,6940,5236,7431,3674,2449,4950,7626,7934,2440,9161,9205,8084,2262,1944,4376,9334,2003,5907,2789,3961,451,1027,2886,246,7479,4892,5785,7557,3109,6641,1463,7652,6731,3227,4732,7594,9454,7576,5622,4665,1797,804,3719,1137,6637,7278,2098,9578,9597,9609,9676,7029,6351,4217,3832,9755,4931,9869,281,9940,3139,2276,3042,9973,9998,2817,3892,2993,2770,990,1248,3219,1488,967,251,609,4903,6505
2871,6260,6847,135,1584,8423,3156,2629,7341,4695,8551,4734,8651,8751,8851,2541,3935,2148,8949,9047,1895,4057,4889,6970,7932,3734,1891,2228,5243,6047,1612,9162,7995,9273,6875,1234,809,9335,4881,5715,1429,2726,582,423,4068,138,5413,5237,5173,2656,2686,4790,1085,6299,6286,993,3928,5226,9455,4725,2733,6669,5554,3019,1225,1823,6462,5989,2692,9579,8092,9610,9677,4602,3978,5119,4757,9756,7464,9870,983,9941,1469,6449,2445,8331,3982,2824,5706,3464,4320,4831,1115,6791,921,1203,1562,1012,2828,5977
6472,7550,5557,6302,6543,8424,345,7030,8045,5849,8552,6232,8652,8752,8852,4054,7744,3753,8950,9048,1193,166,5621,4933,8177,4115,7408,6272,5185,7147,1262,9163,7585,9274,6534,5270,5669,9336,1877,168,843,932,1880,3537,5783,2704,1552,3426,5045,6924,4631,2140,5486,7800,6236,1418,3562,7732,9456,6947,6579,6381,3141,5596,3304,3424,5415,2980,7367,9580,466,363,7083,729,2384,274,127,9757,7607,9871,4911,9942,2983,4707,6193,4894,4946,2251,189,3133,5073,2703,1409,5923,6767,1847,5541,3338,1848,1945
1961,3549,7057,661,6134,8425,413,5416,7001,2797,8553,6821,8653,8753,8853,1578,5393,6323,5914,9049,621,1656,7567,6289,4017,1836,6623,6245,8125,6223,548,9164,9206,9275,6312,1678,5275,9337,6600,5253,1976,4607,1407,147,4608,3725,5454,3735,4593,978,4917,6093,2256,8087,4899,806,1226,4818,9457,7277,3146,3850,1333,2891,2860,920,5245,7426,6580,9581,7354,9611,9678,4489,5350,3687,3453,9758,3567,9872,2479,7045,3381,4938,1628,8077,3724,1778,3770,3650,1351,6022,977,1151,2219,1461,853,458,5526,6443
2385,7309,5965,614,7197,8426,276,4258,8174,3223,8554,4180,8654,8754,8854,1462,7407,1391,8951,9050,20,2303,6176,6822,8005,3353,1526,2165,6677,6316,4693,9165,7658,7827,3448,1143,4620,9338,2220,3728,2354,1608,2934,3228,7467,753,4934,1978,6240,7184,2676,7021,503,5049,6234,1293,2341,6365,9458,4008,9489,6475,4371,3190,4791,3131,4475,6740,6077,9582,7863,9612,9679,5633,3066,6171,4937,9759,7889,9873,4391,9943,3722,4996,2463,6629,9999,149,3824,3854,3811,848,1669,1110,3204,945,1879,305,1162,6939
6058,6162,8065,1323,7217,8427,2581,6835,5882,5006,8555,2351,8655,8755,8855,565,2571,3409,8952,9051,777,5636,1926,7288,6290,6473,745,6971,645,5558,6650,9166,8143,8288,2769,733,2973,9339,1218,1899,102,1159,4191,1040,7474,41,7019,6360,1710,6613,5089,5157,1071,6745,7121,1435,2491,7859,9459,6900,5616,7396,3187,1033,4498,943,7441,7796,7204,9583,3841,3862,9680,4499,4402,7256,5024,9760,4837,9874,988,9944,4451,7490,1734,8214,8063,3518,3457,2430,1378,3688,6180,1760,1235,1817,1956,1876,6495,7216
198,3325,7420,1771,4617,8428,240,5795,8271,7521,8556,3768,8656,8756,8856,5814,6204,650,8953,9052,789,1415,3240,1681,4056,6235,7091,6606,6297,7573,3597,9167,7671,9276,2949,2485,1187,8146,4887,4500,7094,1702,2640,2398,6657,33,2324,1112,6029,5381,3875,5066,513,9376,5949,553,3804,5908,9460,629,9490,6370,3977,1541,2036,4205,7101,7329,4878,9584,7233,9613,9681,3748,5772,6147,3962,8318,8322,9875,4576,9945,3818,7516,2299,8134,7982,4359,4997,632,3794,4288,2651,359,1765,2995,7697,346,1966,3299
4298,6153,7564,896,5324,8429,3031,7648,8464,6231,8557,6700,8657,8757,8857,2530,7728,1922,8954,9053,292,3414,5458,2684,7133,7456,5505,2325,7274,7817,7633,9168,9207,9277,6215,771,5473,9340,457,2593,7232,2601,1648,3523,6730,80,3389,1080,5629,9349,3712,7006,576,8307,5306,947,2757,9382,9461,7525,9491,3588,6785,1242,4365,3407,6103,5336,2027,9585,2811,1034,7389,647,6020,577,1019,9761,7344,9876,823,9946,6129,7257,4666,9974,10000,6434,566,5921,908,241,4086,3344,5917,3816,5777,416,1650,7280
8195,6354,7453,2097,6920,8430,2323,7836,7553,7225,8558,3836,8658,8758,8858,1694,5069,444,8955,9054,1605,1120,5883,5969,5123,4976,1524,4637,5317,8226,7143,9169,9208,9278,6983,1096,6424,9341,389,4111,180,6196,2386,6997,7312,99,1759,5768,3776,4893,4987,3476,4336,9377,776,4965,2810,6469,9462,7708,7254,2168,6892,1424,3172,3616,5539,3668,306,9586,1917,2474,9682,1668,6485,480,1861,9762,7130,9877,515,9947,2936,6172,5518,8332,7608,3271,4626,2928,90,6306,2615,5964,5856,1647,8105,417,2161,7271
592,5656,7767,2012,6095,8431,151,6891,8465,7758,8559,6789,8659,8759,8859,5878,7265,2515,8956,9055,48,2250,6441,2196,7283,7750,3760,5718,7304,7500,3091,9170,7818,9279,7092,532,4773,9342,5861,3796,7328,2290,885,544,6688,132,4411,2394,6339,7237,4242,7446,537,7141,6514,157,1953,7110,9463,5338,9492,6716,3822,1531,5550,3206,7416,3515,7532,9587,8209,9614,9683,4830,1870,7060,3372,9763,7159,9878,2478,9948,3047,7639,3651,8191,8135,1747,6590,4978,5094,2312,374,329,1205,959,4100,317,1756,7545
6030,7685,6438,2260,7123,8432,116,1905,7572,5009,8560,2029,8660,8760,8860,1512,6041,1636,8957,9056,367,674,7370,5452,7291,7311,935,1620,4742,6027,2567,9171,9209,9280,5695,2559,5674,9343,6224,2953,1690,3493,876,3154,1763,1377,5724,5353,2001,2104,2630,5599,6331,7952,3530,347,2100,5535,8308,7756,7861,4199,820,997,3535,2200,5108,5686,1198,9588,6463,9615,9684,1520,4260,5412,6727,9764,1267,9879,2380,9949,1719,5323,6937,6653,7080,3934,5029,4605,2753,5591,443,2016,6807,1295,3296,1093,2845,5812
7601,7589,5201,4752,3732,8433,2584,5745,8272,6007,8561,4449,8661,8761,8861,3997,5839,3013,8958,9057,499,245,5213,6640,7251,6206,2460,3641,7689,4047,1458,9172,3645,9281,3870,4321,5063,7971,4669,3738,773,322,732,6136,1258,849,5684,2273,5681,2226,899,3179,3177,7945,386,1875,1136,5956,8102,7829,3793,3917,4936,4280,3122,4709,6625,1330,387,9589,5655,7721,9685,2963,1156,5529,4245,9765,5634,9880,5855,9950,3366,5639,2306,8215,6212,1285,3028,3624,2728,4682,218,4229,3632,412,5770,2055,4949,4141
4003,7704,7551,1670,6525,8434,1347,2598,6794,5448,8562,5181,8662,8762,8862,316,2966,3791,8959,9058,32,4922,5830,6812,9074,6285,1130,3599,8178,7495,3356,9173,7978,7501,7119,618,5844,9344,1951,6292,1590,6304,1450,319,7047,488,5027,2991,7005,5534,3247,7398,583,7502,6012,1793,3631,7645,9464,9470,7862,3443,907,844,4483,1761,6211,7739,5134,9590,7832,9616,9686,3030,2918,6489,5588,9766,2893,9881,1167,9951,5776,5352,7115,9975,8340,1510,5084,3820,5184,625,1042,1600,1079,477,670,2838,2259,7258
3398,7660,7384,4588,6615,8435,126,5435,7610,3346,8563,2248,8663,8763,8863,2874,6692,5441,8960,9059,252,1829,7319,3673,9075,5406,1397,1500,3287,7458,5941,9174,9210,9282,1131,3497,1470,9345,2090,4323,3649,957,2744,5955,2465,2210,5653,5705,3498,735,1868,2843,4421,9378,6146,255,883,8006,9465,7201,4870,5909,6594,6377,1485,202,6528,7547,231,9591,6413,9617,9687,3248,3295,2391,2227,9767,4850,9882,6626,9952,2002,5744,1334,8062,8341,814,2184,2061,1419,6908,2038,6023,3644,1265,2360,4162,5662,6307
2976,5993,6925,5212,4244,8436,34,7677,8466,6486,8564,6277,8664,8764,8864,5564,6915,3098,8961,9060,78,1687,7303,2420,6019,7090,5906,5514,6693,5631,6930,9175,9211,9283,5802,1843,5367,9346,1437,1867,5637,3405,5399,4735,2183,335,302,952,3050,7252,3452,3690,2066,9379,6320,172,5059,6502,9466,3731,9493,5910,6855,4755,4197,5698,5067,3756,6990,9592,3023,1154,7787,1284,4827,1716,637,9768,8323,9883,5433,7807,3329,6839,6519,8216,8342,3021,743,3772,4501,1640,3054,574,6772,2206,3276,69,641,4600
2985,4485,7590,2970,4239,8437,2977,5779,7875,6526,8565,4555,8665,8765,8865,3369,7478,2089,8962,9061,996,721,4657,3238,4080,3568,5583,5313,7342,6921,3335,9176,8285,9284,7093,1586,1601,9347,213,2131,1480,3655,4342,6242,6798,227,348,6184,6977,6380,4614,6636,3546,9380,517,1889,222,5145,9467,9471,7505,2269,7372,6201,4601,5491,1975,4762,762,9593,1862,1129,7843,139,7723,949,778,9769,8000,9884,4629,9953,4854,3319,6429,7846,6704,2848,4465,3404,2697,7725,2646,3812,5926,1139,7137,410,2349,4535
6109,6359,4326,1971,4311,8438,89,4352,6788,2940,8566,4906,8666,8766,8866,3303,1712,3912,7962,9062,868,2166,1565,5731,6261,2894,3378,3695,4481,5345,1896,9177,5930,8235,5079,3393,2046,7996,2865,526,2878,2317,2876,3752,4170,1885,1886,4132,3677,1938,1689,5071,2234,6368,4143,1830,2959,5546,9468,5285,7776,5331,3391,2803,2170,1443,4747,6314,1182,9594,3027,1700,6619,756,1723,2025,1408,9770,7097,9885,3958,7670,1579,5103,5580,4157,7711,3149,1675,3024,2241,3637,2288,4627,4028,2498,5171,810,4688,2353
