-9.57146270462238	9.85990026201703
-10.7256114762488	11.0220491250209
-7.92179167727662	8.07310004160678
-11.495485242102	11.772459088464
-4.63024569860261	4.67959111503855
-6.54688050202175	6.59892697113212
-0.160201787034363	0.168786274677469
-4.03939690662915	4.13138307658525
-0.337614970018873	0.341018705897469
-8.27883120070397	8.48929814154605
-3.14598506134799	3.07578164502569
-4.26495010372012	4.23531866720107
-12.2980865866716	12.5306906840831
-7.61694564013647	7.7796025173925
-0.682774526204085	0.711025137837364
-1.04265075735551	1.0536121823519
-10.1625895137448	10.4184486965583
-7.88645654783945	8.24216534656529
-10.1743743901335	10.4761934965135
-9.73269452625819	10.0276263146285
-2.59602419020386	2.60957280583513
-9.58274490218771	9.87274104260159
-2.14704449614413	2.10220824601421
-8.84266360084145	9.14690160917618
-6.36939718973018	6.75874630205672
-11.7309573497673	11.9767829057726
-9.06969569246607	9.41592334727343
-2.62095526518778	2.65293885811692
-10.73170456474	11.0107033033251
-3.48499771428	3.4589915376068
-8.8171581885903	9.22499266695523
-1.89249364524164	1.82469277116466
-11.1757353303447	11.3815767733837
-3.99818961900916	4.0753411005885
-7.68886959577949	7.81259719053564
-9.10121496391414	9.31771873378654
-3.67373075718549	3.678325101383
-9.35883542262485	9.66548726473408
-10.1710014490369	10.454223213618
-11.597356423788	11.8616356787143
-5.95409275011962	6.25293527368231
-0.501925199384151	0.53537179724802
-0.931811823623694	0.977808011457237
-11.77848120004	11.9894901189883
-8.44096660465401	8.74775672449693
-10.5682371770728	10.8321230882089
-10.9568086897636	11.2687599227736
-3.87957593162712	3.82512217718692
-3.93797868315027	3.81238368397746
-4.66459945699013	4.53682888164176
-11.4092512991428	11.5938728912813
-12.017624441226	12.2304930998321
-11.7503471483278	12.0519268312664
-6.18524524302102	6.07416073503737
-11.7741250894052	12.0375380929019
-12.0127353931952	12.243678494137
-3.14411154655803	3.2343100858429
-4.34234018276052	4.35910980132219
-5.27757740192532	5.6409780774359
-10.7558133952507	11.0570836839444
-6.1064890374904	6.21733630497567
-6.47617204246591	6.61512771637064
-0.509682095430868	0.516025378155687
-2.09434017876013	2.12546800715944
-5.66114272957446	5.72560696887582
-11.3336741482971	11.5786061847714
-1.80869072665666	1.87684236973324
-0.384299333640375	0.382945679111495
-9.42580769490006	9.61219166138664
-8.58019714417304	8.81537407371887
-10.8149665080337	11.0638887424608
-2.06556320546904	2.03366844907531
-11.622163939396	11.8668682408661
-1.37361347324739	1.46258629553547
-0.513176136939162	0.53624020312039
-8.30212990175676	8.43795055227151
-1.43180655188101	1.4227663974935
-11.8887880755326	12.0936545853945
-10.7107389875261	10.989586344519
-9.8262093576834	10.1248151902224
-0.891268740287728	0.858494737535628
-4.97891639710313	4.99963492750057
-8.69538380044383	8.86790394171264
-3.30571633395179	3.27339454332341
-9.12643397420492	9.45840103878387
-10.9770809303205	11.1385219846664
-11.3937243511458	11.6967884323751
-10.44940927248	10.7444048737322
-11.9031460884262	12.1863841174605
-0.505477866569887	0.505976337129277
-0.496917246074549	0.527628167206569
-0.704555189306297	0.750674854435943
-9.79212967207281	9.99608408918553
-2.03094141891435	2.11219996479249
-3.71420091122912	4.03692979339826
-7.43173507375719	7.69824008203624
-7.48048553493748	7.80548811920491
-1.36859193080621	1.32548876411455
-2.6322808169301	2.53357525920968
-0.231878107418782	0.235629505174494
