2.38595256166881e-05	0.0934191143383925
0.10859311478066	0.527191791740502
0.0786260445727113	0.530938911978309
0.0156257572418399	0.0554115629470719
0.165287449250805	0.290233762653091
-0.126788037694466	0.264864340662894
0.0227671397617313	0.424071875467914
0.0880875274403516	0.412521860675294
0.154157216596264	0.531314134675555
0.04133234235632	0.413570765522375
0.00024452461250488	0.000826902441071228
0.140761386269233	0.441539789812652
0.175419729587386	0.540320335314976
0.20176971716838	0.487871628976583
0.211759438497866	0.528992190475994
-0.00984268688475867	0.0530694996934145
0.205738732836027	0.547172523507855
-0.00521687434548629	0.0300021713350828
0.192424113451007	0.552079500515232
0.173710696956937	0.383095105981544
0.208411102902057	0.544760177571423
0.00168723453329485	0.0302146314223754
0.108257291448416	0.0624652358260235
0.149052745690931	0.312664547682823
0.00834764753415447	0.0378710725668122
0.198086386999153	0.539672797410659
0.192733275159923	0.477768027424237
0.00148036255433276	0.0573034242672533
0.160420730837677	0.320578743077947
0.111173152712035	0.528000297107022
0.168712153176302	0.522553069095459
-0.00636788556300288	0.0276027159933595
0.133535091395711	0.130194057318784
0.171904215742835	0.212862825142188
0.0515740775554324	0.197958043809043
0.0943313019338312	0.425358031918914
0.0457601742719097	0.0209204511451089
0.101348501716404	0.379806122224849
0.166199823918957	0.499848761181664
0.0844026586326423	0.53593042754596
0.106146089872997	0.139936405109723
0.189623906770222	0.550629899973284
0.200044333426913	0.543821993984737
0.0822932836782058	0.127199568223414
0.132893984045342	0.501260716272106
0.199751860113291	0.502558346877807
0.0934246093426801	0.0236186035798181
0.163835861824972	0.451451941053067
0.20877998245592	0.430025130616689
0.0323913647927913	0.452681250754649
0.160945119794666	0.455792064462827
0.0581297523459502	0.275117868199639
0.166829356720614	0.537945373264093
0.0822727538582324	0.52616269268223
0.166092121644843	0.551818589814971
0.175498861694965	0.459237510048087
0.108138113680242	0.481057848175278
0.172046363314896	0.0955640337174552
0.204578602489617	0.368638550968048
0.182680800744724	0.46010321768285
0.169985610364336	0.0311623759997105
0.0699632712675598	0.213460329061113
0.0468284461745235	0.328963477039469
-0.00581032801818942	0.0260410186884883
0.181040264411227	0.495006504195535
0.189681564035724	0.461033296807723
0.148691992502068	0.486910782568461
0.0585116991635571	0.0131207395632765
0.0519541829377605	0.520951478981597
0.0233599352799887	0.08873641133055
0.0387639219915981	0.0121506674157758
0.153275432856647	0.544241230279298
0.194854103907953	0.549828023184827
0.0975449491219667	0.0711462630596426
0.116089291969896	0.540351386651953
0.140597661663877	0.265153669053978
0.0187112789298035	0.335860083900374
0.217256126816431	0.295363944164996
0.0235220712609811	0.0068354983050356
0.185307915739963	0.146383651815359
0.0294302284589709	0.0328843023769307
-0.165271977268708	0.239622299379778
0.207930349499564	0.430834362582764
0.193483340756642	0.497258645751062
0.226407130333702	0.486233955512827
0.0409855699174326	0.219090223891608
0.0612499937681024	0.517720430313862
0.0198298094556266	0.120205785829471
-0.0113901112807691	0.0342579236110448
-0.000246281376720312	0.00643395057032017
0.152963160749912	0.542570904733749
-0.247911750203816	0.518296721798977
-0.00346349305050502	0.0168408706763035
0.022619101143885	0.255307126988315
0.21347181339619	0.364974353816905
0.0781660482286153	0.491020033530672
0.182687840868777	0.495384286368256
0.191518420759006	0.549158730502775
-0.0015295969061537	0.0188644817739195
0.0545480933876075	0.247224485196455
