-0.382400533427183	0.661573391349015
-0.276023547995252	0.470660024501122
-0.743302098566603	1.16585703586629
-0.557527441098479	0.82434970838839
-0.180690659866964	0.316386917513498
-0.744871558202304	1.23045060718842
-0.549796616933508	0.942022018683064
-0.472537238703196	0.733292103382195
-0.833710186120063	1.25884913248883
-0.319608274897471	0.462748561344438
-0.459251397981108	0.631615132699038
-0.314339310692246	0.511618590460837
-0.39908782877563	0.620901322408316
-0.479599620524417	0.75320281725959
-0.304294693470962	0.382793091939666
-0.426556453314417	0.621639724602701
-0.704356905258828	1.12149704370853
-0.372987032088214	0.526031490312727
-0.317257621080714	0.605054901457998
-0.673007121967608	0.888626562120884
-0.355384604935604	0.535845799259074
-0.378889550593911	0.643107166233569
-0.540000656320432	0.856083977179686
-0.583665271280167	0.790945194593056
-0.815607858805665	1.23959891728902
-0.808440085062571	1.25045301283847
-0.423894288496866	0.679576552987764
-0.655500476907177	0.999387822658659
-0.235680500820207	0.34183204557439
-0.0918079433423769	0.212605443384248
-0.444671491576192	0.703282211338958
-0.470741650467663	0.763757852916911
-0.895582650114007	1.37559654490751
-0.373533852617608	0.644060359070672
-0.317283875842756	0.528441957745575
-0.450262190421653	0.647710668877627
-0.748677158852564	1.16231939989061
-0.0520979379374085	0.0633828439052938
-0.877311925306041	1.28257967659856
-0.353310210764301	0.522857121241765
-0.811403809808213	1.25214366638094
-0.164401673594313	0.199979355263025
-0.69155879745684	1.06238837554057
-0.0598244883339679	0.0852035658053582
-0.239347751516511	0.328412564094464
-0.727226667561559	1.0773759794472
-0.250049015881833	0.462320642179166
-0.242811470116241	0.357841708827537
-0.495605096961011	0.884151926849527
-0.546696869868876	0.95814337703687
-0.261588782146003	0.451974364701861
-0.694397439390012	1.06613844968289
-0.432067168213598	0.754816661510287
-0.511705112103972	0.867414458718071
-0.663823654928356	1.08077451345533
-0.762748298711968	1.14174369782152
-0.377358011851869	0.493112603966072
-0.121523560607866	0.201568908125431
-0.0598795309660999	0.0847067733455519
-0.841193809691686	1.27020538416142
-0.116175771449347	0.141310233150437
-0.185938745862291	0.346905545367138
-0.362902201704642	0.553759058633103
-0.621163982758953	0.956190739041328
-0.239311196979069	0.451044192272231
-0.682297195814549	1.00055694484527
-0.109317221030808	0.170768698614646
-0.0982048473408143	0.111157805811669
-0.340072997273363	0.522562177719272
-0.104399989147987	0.155651344338152
-0.83406035342987	1.30229117512563
-0.377486022439159	0.604985459500828
-0.287421994205658	0.468913300756686
-0.0682782727171552	0.0905901907573009
-0.426868788072389	0.745446848761424
-0.0865197735485589	0.149323408736708
-0.772198796968566	1.19649038181585
-0.592303253704912	0.965688112203753
-0.344418632870874	0.527898748108551
-0.570850257839594	0.766784625516096
-0.586309061728644	0.870502500562244
-0.369142679404378	0.603766985348869
-0.822027573873742	1.24977554854782
-0.106597193847983	0.186880933020474
-0.46548990196274	0.73802649579636
-0.398355962838122	0.77758766336538
-0.162682231707421	0.162901747476543
-0.659313690923654	1.08262363281126
-0.1245102073395	0.166833976069007
-0.76584612452251	1.25092520139135
-0.824791538050269	1.25544368903884
-0.813478329461103	1.21403534856497
-0.0778991328343142	0.10998217925545
-0.656147744868014	0.992614453535315
-0.0801637725495003	0.128249667723539
-0.663711946616287	1.07501870618228
-0.62401334233732	0.977476789015415
-0.784059284282416	1.21344141281079
-0.051921876523651	0.0640473582960337
-0.717478073855314	1.14455731079784
