-0.80584231935543	1.12410476520275
-0.147131052813386	0.439089961590126
-1.31047455285692	1.91716096893829
-1.63233083339397	1.94905794706674
0.0858228642333957	0.0867108546753643
-1.25861073134725	1.89106102534571
-0.976552414564929	1.5269105678407
-1.51198940239	1.84155226336588
-2.03022166116303	2.5980737955648
-0.522333112801065	0.765781336370079
-0.827904708091366	1.17883636825327
0.260289339149791	0.0256481448585592
0.160989891876926	0.167471884658652
-0.520197567346316	0.891797552500387
-0.389591442563571	0.608967492110308
-0.553725158153527	0.836091570684862
-1.02129370192998	1.62191906688462
-0.16455992190383	0.529633597851349
-1.04412005536755	1.45105109286576
-1.58101619242964	1.943425539458
0.512493299146638	-0.149673683122638
0.141298762630455	0.20234809515119
-2.15397661141448	2.47368322821726
-0.929358882392873	1.38261033335764
-1.27986894511623	1.88608675009216
-1.17719615853409	1.7895974753271
-0.0490121808741774	0.460592494167704
-1.04547102976043	1.57193033566559
0.344815526064953	-0.148508686752643
0.441427598687975	-0.347326459787108
0.724524446585129	-0.245454401222178
-0.717305619278922	1.1257632358548
-1.2053135085289	1.93291256089596
-0.188518824999772	0.569805381594509
-0.241584863802142	0.484189551858027
0.0725147583981293	0.27241330983898
-1.12330718957775	1.78134609173176
-0.211198048356002	0.240317947423739
-1.28525652312055	1.98674568258247
-0.798974660132566	1.02142837403534
-1.8730475616139	2.4933645556062
0.285714726112676	-0.139907393065253
-1.82190222170119	2.29040902428464
-0.191647819006831	0.230491299414454
0.508451657211114	-0.290640531670028
-1.45800824046724	2.12716595475411
-1.06547481162127	1.3343362532607
-0.823052159767107	0.994793344728652
-1.67850255394545	2.08255812921885
-0.967126074428162	1.50265966790678
-0.0368541250232327	0.238109985023461
-1.54054898873461	2.1405732973404
-0.826170492918172	1.26441247565855
-1.05763455935565	1.48161157456376
-1.95855550593153	2.50311957987436
-0.860871617907881	1.42545062969692
0.609144524638889	-0.289513569440317
0.673033252230312	-0.488741039576426
-0.168972354233165	0.211567902764023
-1.99148254774347	2.54010605223153
0.762434282697608	-0.562711238282623
0.053108929737332	0.128981817333208
-0.843710048708449	1.12524204932357
-0.685244736567858	1.20914998084861
-0.158942106714751	0.400448639892138
-1.85039778518445	2.29955200468543
0.425437959102387	-0.27718317927634
-0.407144863586092	0.489829802100882
-0.685756975065151	0.943014744659177
0.47891349985928	-0.30871863253574
-0.760024019523172	1.47231743011308
-0.915224516597314	1.16399620439802
-0.234911184592371	0.48863670465638
-0.319292669288306	0.360649166837003
-0.783746576358633	1.18879894679384
0.458011564112422	-0.277861255068575
-1.42846883538492	2.00274108757277
-0.57421196566516	1.10833344712714
-1.30049227428495	1.48156947314214
-0.990756488382096	1.34156732646773
-0.491843843392628	0.93147092164653
-0.226496533012615	0.533717267994915
-1.57572844320742	2.23603579686029
0.730041080315875	-0.499505240435934
-1.12338354634894	1.57214792091331
-1.66791536618582	2.11085803309051
0.326986696061277	-0.145232390246589
-2.99315415860755	3.31347622484951
0.198519890062912	-0.00650641444879997
-1.37808278769076	2.01527512033194
-2.69177906923784	3.13440557735777
-1.83838363746762	2.44864650975432
-0.197079272627055	0.246813612290492
-0.671038426214931	1.25103817939562
-0.388557076234616	0.438100546571676
-0.988522445060323	1.54972970891677
-1.66992338232712	2.1182845880422
-2.7802082488751	3.21071266923063
-0.411059950656872	0.428971675641998
-0.82685676009792	1.45837831491077
