5.7809341631719	-5.42812901968258
0.415786398318053	-0.360101617819935
3.25967858887626	-3.02064869781856
4.28091496158141	-3.96027343176395
2.21566009187859	-2.02879227045426
3.24444923661382	-2.94667275926094
4.00996164186839	-3.76102062688653
1.29564989896896	-1.26050666331357
3.9036712556502	-3.4743379867705
1.25380056251423	-1.0892846204417
5.03868666064576	-4.78345524215587
3.56830360675812	-3.18063105015249
3.58845284810302	-3.27169288728591
2.37394577048271	-2.16021987778294
5.19634023328492	-4.85879268288817
0.957771285779587	-0.829244156581635
2.84340694801013	-2.62423325068113
3.9003945118247	-3.66089159226681
2.32061048897797	-2.24923817250306
5.6494820526349	-5.26950893133556
0.645445117171224	-0.417340673147777
0.739981321530702	-0.732283805521678
5.01570688254662	-4.60328975090253
3.302375341957	-3.07095443098163
0.940637990035621	-0.943685480306462
0.580415523495627	-0.581495269203027
0.865879172941995	-0.810446330484718
5.01940268739433	-4.65578287631011
4.52559366193421	-4.27350108923211
4.21491761769669	-3.80907425163908
4.73053690115691	-4.54569405067345
4.78922574854863	-4.4181242765669
1.01219421373347	-0.991256575152928
4.85540799329848	-4.47269469099783
4.158246177649	-3.86574252337599
2.26503606209486	-2.03631000177679
4.510147550867	-4.305701204002
4.04130904502046	-3.76131108527378
4.02265051113658	-3.73944850841094
2.08477002611331	-1.92182921075117
0.901470705852279	-0.904190036080227
1.46745845657485	-1.3272679063141
2.54438544490681	-2.42353860403881
5.71860599208552	-5.34573335187628
5.73133293430109	-5.39908529857
0.158378014799546	-0.154307664688503
1.4255962413353	-1.37471302555514
3.92492914231164	-3.68926663315926
2.92647117942216	-2.64121704162786
3.98227419596989	-3.70527182856609
1.95748239731883	-1.84353262323581
4.20949627166357	-3.78557305082475
0.850564639911658	-0.809386923308023
3.95971946326215	-3.62889401760837
4.3781918084782	-4.03517099568631
0.625944724287295	-0.557587392135126
3.37917377039708	-3.14789237264211
4.37954009772753	-4.04755424949486
5.13421111191836	-4.75412127080064
4.93874848416335	-4.64647417453811
4.51800341570624	-4.1885130604955
5.48127866856577	-5.08171068195659
3.27205729796549	-3.07152107187031
2.21141991087553	-2.09004664289039
2.44566393045829	-2.31908449698313
4.56161304159013	-4.2970647218987
2.80807593327932	-2.67736618923282
1.70087388746315	-1.5600090383435
5.68803388782344	-5.30607482831666
1.36446935077683	-1.25921779345239
1.55629373842779	-1.48651126030415
1.1917078707013	-1.11585395530851
1.08971470674553	-1.0412285158614
3.36024192896314	-3.15258191797689
3.87423978533427	-3.75361244606726
1.78328769828716	-1.73847911496218
1.72197168347914	-1.74662860715529
4.33225287959868	-4.18318816904827
2.11655923594968	-1.7823570081314
3.21460959975644	-3.21378341307036
2.79521894624859	-2.63355434816453
3.42796624319021	-3.3336022724217
4.33610693091333	-4.03691550587345
1.30219829945588	-1.24525634966481
1.84574009128379	-1.65834581756904
2.81490981971246	-2.35207579007557
1.89514525474139	-1.78460593471308
4.2689970340729	-3.99166060718534
2.50974074775295	-2.20167760457896
3.93543183803565	-3.5768028644057
3.38406028631045	-3.13568889000075
3.92930643338245	-3.73772619689276
4.03522097631554	-3.72613342219626
4.74496910691247	-4.38973099494408
5.15627080888676	-4.80122771678197
5.23618798337315	-4.87017798764717
2.89556314384803	-2.75830449702858
4.29157177496668	-3.88683749625582
3.94000818308712	-3.54902202290714
5.15652639816987	-4.72196170403165
