-15.124993720967	15.3265744524526
-4.40092409746222	4.42583021736838
-3.12692632874388	3.14698426950355
-5.92661405796033	5.85564002118926
-9.53973536144005	9.61472155523037
-19.9077915405301	20.0808998826115
-13.0487411480712	13.1376070308413
-4.98617236767547	4.96012594947113
-14.3949702502991	14.5549904904805
-8.23973496898604	8.28151407269179
-16.676810661341	16.80848896132
-22.911445109469	23.1386370583806
-13.4683352464304	13.5736709258702
-10.2842378709919	10.2869433158766
-16.6715433599746	16.8686062529862
-27.0110592468964	27.2403650585603
-2.93941333356824	2.98248474259713
-21.458703479045	21.686794084107
-17.6754781967449	17.7659032734646
-22.2965002276598	22.6322536724778
-7.66024167275139	7.59832003561017
-17.3970907594817	17.5325616524497
-11.3121550969913	11.3252878343165
-17.1841847907778	17.3013752363433
-9.60691202428569	9.74773033436016
-6.13946283482004	6.17339890397561
-17.6278866570797	17.6736113224133
-8.13247304436763	8.24750015459856
-10.755254917062	10.8914802744524
-22.4448640325278	22.5921677397583
-14.6078691779688	14.6816849193989
-24.8231722742816	25.113126158279
-19.4560335916583	19.5395958354507
-22.2704420377579	22.4513491484232
-24.7822598255334	25.040432754256
-10.2662111683992	10.3266631924997
-22.5443483024113	22.6959743409001
-22.8329712171361	23.1319670549088
-14.9262296039328	15.0969498052975
-18.2798059823842	18.4396503898914
-11.2042302510344	11.2474315310878
-21.9005093660219	22.0969306616499
-17.1428163733735	17.3341123248123
-19.8391921389096	20.1174371105659
-16.0692584095522	16.2828347259803
-9.10628527792342	9.01718072507706
-13.4466843033221	13.578929271742
-5.34141199651406	5.2816063726304
-19.502299826945	19.7558120514326
-12.5620487207762	12.626966176486
-25.8484204787146	26.0999067480361
-10.5692505354323	10.697980829556
-3.90312775890292	3.94234351140011
-20.2320741508706	20.2630231973713
-10.8415036824919	10.9727873144856
-14.1169837578574	14.1021950495629
-8.93849456257206	9.07625815984965
-0.618346627688882	0.6147815094278
-14.4957063229127	14.5523256380154
-10.0022335073732	10.0096955244443
-10.1866563696282	10.2964524686562
-14.6526295305728	14.8873832669873
-21.8383645315987	22.0945923061778
-20.7699879029343	20.9478832210611
-5.46504847538932	5.55698517373875
-23.3406140013391	23.5370293263392
-11.3452460140712	11.5036582278702
-18.6700439499651	18.8449029634248
-16.7287127553807	16.8319111432684
-13.3059616580887	13.3634359295299
-15.4307160529141	15.4758166569277
-16.8195533450773	16.8499237294606
-21.3886541910166	21.5825693967432
-3.21559578643507	3.24061656652722
-12.7706841924384	12.8045599022268
-24.3855306118686	24.5654540024305
-2.47640218197553	2.51584053277147
-9.47198121060578	9.64974761146703
-6.77716342272179	6.94004377476357
-26.6647093445774	26.8916662050267
-7.30043517724985	7.37426271253628
-11.5766279736981	11.7877979819946
-5.46748024282479	5.43000079075911
-12.9773983789159	13.025912578866
-23.6601895330614	23.9437810552267
-26.7842419713897	27.0147669725615
-9.25772597924942	9.30970271795703
-8.76509739043009	8.89868250791097
-20.6026448528689	20.682686075822
-9.71355657576454	9.59468008716962
-25.3540576474692	25.6591041140488
-22.7500638445912	22.9882904141605
-23.9406376202622	24.1519555961659
-22.6570875180105	22.8970797625936
-11.5291548598697	11.7138312085976
-19.4317087915304	19.7268748110505
-26.2659639376972	26.510172093032
-4.26573620024948	4.28527190142221
-22.3394485199962	22.5962697341329
-24.5943182557132	24.8676792810431
