6.83889328913763	-6.8136791588688
1.02969821080741	-1.02069967790365
25.7525650397756	-25.4519285908457
8.93833683768093	-8.84503518537265
34.8566225913854	-34.5875962957011
4.0724954562139	-4.05611147721116
40.1688862426504	-39.8021706537243
39.7263015838	-39.347192805016
3.51635531561146	-3.50537203674076
37.1031440425619	-36.7124327074255
3.95152252914903	-3.94120690516688
33.1068495049208	-32.7864240646334
37.8461238619672	-37.4686120397019
34.8543458355161	-34.5002922918178
2.03023468631568	-1.99204169209633
38.0909660835911	-37.8134249847152
37.9407131385827	-37.6195714402772
39.6851620350373	-39.3148866866147
1.45315914740722	-1.43816242275229
39.442120335038	-39.0509763681909
34.319306087711	-33.9429519925275
3.84149198357326	-3.81471257625058
38.2129346348928	-37.8983910611305
39.7173200318331	-39.3543709179119
2.41130705085661	-2.39662037265264
0.628953333235074	-0.623599383631949
28.5027830165448	-28.2421994824218
39.4709299338923	-39.0955118260728
2.05191767548433	-2.04034310713343
5.83283921280938	-5.81001044386275
39.4869058636346	-39.1155029937897
40.0433455525695	-39.7442525802002
3.15901176501944	-3.13305678300909
38.6913387712384	-38.3216459061883
38.8774543077294	-38.4928337755795
3.96259320948019	-3.93152922294895
1.99851205197393	-1.96123828203293
35.6001523300279	-35.3534267476306
37.5130811904377	-37.1857919664036
38.105179739854	-37.7359968910021
38.6926512495888	-38.3278553652024
38.6323601599965	-38.2307723191825
39.176450975184	-38.8388411145824
26.2186124249909	-26.0032029025722
39.2594996581232	-38.8837909982359
36.240698342926	-35.866836387222
34.356950226654	-34.1310593632409
33.6097235431846	-33.227965282919
35.3420606456772	-35.0043579958917
33.0206958353125	-32.6601468552168
8.09212099552044	-8.01887407679341
2.9879584364802	-2.97834241099225
36.7548676285744	-36.3679884431579
35.6643943062077	-35.2671790945725
11.7177700510912	-11.705530904013
9.79438135612298	-9.71738141849118
18.2769956770147	-18.1723433492765
22.2951207665991	-22.0860524673392
19.7540406647117	-19.6370188475246
7.29297573736779	-7.11595216075498
6.45071137901819	-6.42115417033208
24.4019930511464	-24.2078751289254
26.783248326779	-26.601803138483
33.6135051184401	-33.2482082229956
19.476540200936	-19.2441952700214
17.2044716086461	-17.0032298968608
4.56336896048077	-4.54222531319735
17.9162173538172	-17.7571706305907
39.8986221538428	-39.5308870727554
29.9289181336216	-29.5732675961526
1.02648285491696	-1.01546396051501
1.81029447465139	-1.79996613594606
1.69312676115573	-1.67706731896918
39.6625944520635	-39.2810344152119
39.7274814183274	-39.3397995560729
40.4367759629182	-40.0767472454495
7.71495746774193	-7.58605145094765
2.54913558900749	-2.53680097226973
36.6755857529704	-36.4362428482673
36.2256260253371	-35.8624779257818
3.24106979459952	-3.23436679963305
6.05419651127712	-6.0279315438132
30.4280428206807	-30.0979790725201
5.48518108607291	-5.45873474164046
38.1800319493825	-37.8707766286824
34.2320234382061	-34.1001838964011
33.258264175248	-32.925012090773
34.2978736467888	-34.0298326672671
28.4383587448724	-28.2512977952633
3.27464754653671	-3.2489533616898
7.06271643202562	-7.0236608674421
30.3755531397033	-30.0600385676507
33.9555826566069	-33.7710617476495
15.2369562360447	-15.1542528663633
38.8124288402199	-38.3987936814198
37.4998245612791	-37.1439407254779
8.67253329906838	-8.6112009842174
33.5829269079523	-33.2232379756581
38.7191138336461	-38.3930321960683
5.19718333059102	-5.16859320154361
