0.999536002419697	-0.778628685972556
0.695949373407414	-0.533635742876337
1.70336657820209	-1.35785600271668
1.18045255700994	-0.957168061472688
0.512825729333286	-0.424173395343369
1.82526900726922	-1.43171850299661
1.35306206542494	-1.00459089816647
1.01367603339896	-0.770134237767348
1.80502538704333	-1.44603492804583
0.682574572266963	-0.575587368229966
0.886481716753844	-0.74084179764374
0.853635731433922	-0.748981575985746
1.01143054070061	-0.889310486678249
1.15773960282255	-0.965066100953261
0.561199535773641	-0.515239094430243
0.948062064919584	-0.819163108089171
1.66389994062262	-1.33284467054271
0.760101863831125	-0.640990514461634
0.787559950549415	-0.478236614542648
1.26825827683199	-1.10492908338139
0.863674921971295	-0.765554826134555
1.06167634113296	-0.904038450056507
1.2011050306509	-0.912936794883235
1.11658823072452	-0.94795679275276
1.84045182461325	-1.51679051841107
1.85018645892756	-1.50480167282365
1.0492138442563	-0.869097587396748
1.47096418296168	-1.20112597949916
0.572232591902519	-0.531502949548116
0.403949027863445	-0.345455523472422
1.13665584834646	-0.985323472401357
1.11767735197669	-0.873643581866855
2.03114533449094	-1.65529648112165
0.989690248861745	-0.784617889945938
0.83305017777028	-0.688737777145369
1.05962324924266	-0.97177324964736
1.67196605420782	-1.32036890850598
0.0857867048080659	-0.0763363661257745
1.86092723128733	-1.53945507361965
0.756585803522041	-0.618439009872968
1.80191318373645	-1.42836248412005
0.316575611979455	-0.311234942795682
1.53189727626445	-1.22017506936142
0.118491642602441	-0.0957427433152889
0.554508768501325	-0.53213156920416
1.47686589279114	-1.14686910372022
0.608953667468802	-0.385792539808628
0.479662743233159	-0.366024576527404
1.24168452980145	-0.876001504873263
1.38530464115323	-1.02185053830885
0.737746326687225	-0.617014858344891
1.49465413430547	-1.15988507188701
1.07525059965627	-0.781587263093037
1.2863095239344	-0.993986971001226
1.50031752612078	-1.10695103606307
1.72187658856046	-1.45090852489486
0.808222498491744	-0.780671731694775
0.351652235852963	-0.316039556547694
0.115679885373431	-0.0924390880953652
1.84776099049128	-1.50126759536561
0.233583898115783	-0.235392261154806
0.560274073373177	-0.448758418027721
0.806036758317277	-0.651311465337013
1.43513759263348	-1.18587594594454
0.696785386023273	-0.530334445146264
1.39754660625236	-1.11275885135159
0.286059234100266	-0.256597623676993
0.144642142155938	-0.131628697653269
0.763749332156746	-0.616265137736753
0.256152974399628	-0.231775401429901
1.92390864921508	-1.55412217087777
0.89635158851258	-0.714847866595794
0.7044214283333	-0.563527773128022
0.130309296039459	-0.113840446590875
1.07931103812459	-0.798140096486957
0.240740539978981	-0.199654464496646
1.76089258428644	-1.4239848374575
1.43329517330992	-1.13335125603481
0.749430595264552	-0.588729529446044
1.11238869630436	-0.969910984024642
1.29684224513535	-1.08805909123821
0.916284348053268	-0.739436326870686
1.7884820384853	-1.42363166384695
0.308807147430565	-0.259465136457866
0.98789015210885	-0.713258076964726
1.02588461664109	-0.626045266156771
0.192528464675558	-0.185901006981756
1.53867414359094	-1.15992557702263
0.246957098666841	-0.219718969815593
1.81702471848611	-1.4052828546672
1.8063581171758	-1.44427300280649
1.73795925955473	-1.40108564474259
0.149462379549336	-0.119059119700724
1.46680560854533	-1.20717583354595
0.174795576240231	-0.1276815241882
1.59437197667771	-1.26436358559693
1.39318056841289	-1.08384697818325
1.73730490000227	-1.36762294440327
0.0880214005584798	-0.0780744949940513
1.68644697826864	-1.34096765659896
