-0.00201304070091694	0.00844716645218184
-0.000551733760433709	0.00196185449021573
-0.410181470271463	0.933507747938717
-0.00770081765624033	0.0201757054358549
0.00764264062716508	0.0281032184617147
-0.330670971768865	0.796774026918719
-0.238624957262709	0.555813519318621
-0.238120053869722	0.419789137902444
-0.0168924349761374	0.0227798035592334
-0.39298447021684	0.873805759610271
-0.352746397372184	0.871717611552202
-0.00019653288621241	0.000586609782309324
-0.389765014947538	0.908791471168451
-0.424932621702599	0.826828303940272
-0.364993927845843	0.915475944801579
-0.340638153173392	0.813836080724652
-0.311533691202684	0.755425838721099
-0.369836958008421	0.902832482427843
-0.387617784284263	0.876761718666254
-0.207051249563341	0.632564108755787
-0.26192788843696	0.711166888556473
-0.400287987710776	0.894099663063444
-0.401375665588051	0.852971452003888
0.0428232842714933	0.0412754703412426
-0.0165175902742264	0.0332847273354316
-0.123627483239782	0.239731342385949
-0.356980475867064	0.879760998762934
-0.3080212726255	0.457913619050832
-0.104159691539759	0.265442002925059
-0.408358853122852	0.843658749151997
-0.0941252394608391	0.163719607936475
-0.305922865919601	0.798370823974358
-0.0721744392044132	0.206393906817361
-0.342635995554333	0.84685470540664
-0.389600738838707	0.914245806687395
-0.298576037881889	0.850931293093518
-0.207714293802945	0.458293396343729
-0.303899792393199	0.750003522398038
-0.215625279246219	0.524707458871326
-0.0120421941019489	0.0570232581440245
-0.0288319087186769	0.0402362899053883
-0.327455405349326	0.897422204431648
-0.000894683056275338	0.0296745483213107
-0.0879760809523447	0.229999767625198
0.0358469031824416	0.169773360825608
-0.204083529408671	0.525601955853359
-0.119654928860923	0.307984533370752
-0.00630908009722994	0.00941568505834986
-0.293528719945582	0.796639598239691
-0.403707035585925	0.905591782880538
-0.085271018345492	0.399536370820053
-0.00554060773361638	0.072100223410303
-0.417083658009215	0.908885266747657
-0.567146194649472	0.79766965672804
-0.231987166702052	0.661170334853544
0.0113049700014169	0.0176773733878566
-0.350873384484703	0.866863757922509
-0.348540589504722	0.889043698423447
-0.334886503970793	0.719682119524371
-0.362176409095826	0.884533770688153
-0.33767962226648	0.885403473860221
-0.27478648109656	0.654484942647228
-0.0423922625583994	0.0594659710391532
-0.146567810988248	0.344964109245477
-0.384151249521191	0.915999993598939
-0.279875201386781	0.800558713314148
-0.395939747123127	0.858550302544101
-0.377882626533714	0.923993455538803
-0.223928271837259	0.785040369813695
-0.210439114831114	0.484129954212568
-0.384746038548857	0.913437691874279
-0.0670157413076432	0.0605435208008992
-0.261799362435084	0.678631822617709
-0.269389237832426	0.680555964671926
-0.289994329514367	0.674596940062035
-0.0640463185966883	0.107077912424674
-0.411412756642214	0.860490854885862
-0.0150856152205134	0.0621276397664959
-0.223241476397833	0.629609833641022
-0.176924611364769	0.426211694214387
0.0592031146100843	0.186566521771212
-0.322697953669977	0.683732292812064
-0.383565062105129	0.914402171581098
-0.0968381716942008	0.226684054949666
-0.2757692919807	0.480748579826966
-0.116727547047369	0.235886758569799
-0.164704635373157	0.320394089797135
-0.173056295658404	0.388179674015823
-0.334733298188883	0.759029304961931
-0.0992953307209977	0.276792383383947
-0.0226609162989462	0.135667070084717
-0.235862686080901	0.460888445389558
-0.396971100324915	0.930125190554456
-0.146108468578176	0.456743150703892
-0.198678385486794	0.422093582755814
-0.358431378375903	0.892476363117078
0.00137114565478477	0.108772510648449
-0.0541354214781985	0.170578163814566
-0.0688648929230354	0.223821342941237
-0.211418416163606	0.348018686483593
