-0.00329746168747823	0.0258436745900428
0.0700217210512826	0.414334836845993
0.0612769973792867	0.533115367076745
-0.00504027715266467	0.522381596060137
0.00148340144639316	0.0366583356465933
0.068589034802037	0.569740708634469
0.10030239262555	0.597621665452094
0.187209531688229	0.541931978504463
0.140086174128181	0.293489894129357
0.0339803399258402	0.252925188237105
0.00914390452849561	0.0581779601203869
-0.00128081715524834	0.0413286884423434
0.13181714769918	0.576747437916537
0.117387825003016	0.597397799598994
0.00155328152562214	0.0629502294676761
0.00664327212382925	0.0645339326122875
0.106593757009318	0.601447339721786
0.00446167684640451	0.0561013750729244
0.144680962567072	0.590544299965886
0.00172659857793244	0.0123403608601739
0.114200274790118	0.604467811000333
-0.0147731746534112	0.0927916067023099
0.00402130826852792	0.0191451400184552
0.0713618998413894	0.603329769712131
0.124054836315041	0.602389853021485
0.113710011728333	0.594796884785151
0.000656489921573389	0.045880405301502
0.120078507977394	0.596720405805246
0.180774845377447	0.520553840777312
-0.0386915085531921	0.14979922596116
0.143980306045741	0.596679513087755
-0.0135886934810389	0.0463533497405774
0.123495544557373	0.593616772596556
0.116578782927673	0.591514719444709
-0.00949548929423656	0.0248972864190422
0.139643457924682	0.538810812116254
0.0842466091666066	0.583583065191942
0.0708982575448317	0.341666209752343
0.117352192313221	0.478837829379065
0.150039945946909	0.584002460643985
0.0508530350095569	0.0924633631489026
-0.00387624563507752	0.00521270186993021
-0.0102228342308911	0.110842872779938
0.149349575785418	0.505559938119627
0.138359415314211	0.587694079253657
0.122565414343098	0.565954506241171
0.0420550131417292	0.545076635383094
0.095368680202545	0.562754535225096
0.108932894696138	0.598030045628592
0.0783019919285997	0.559511479548111
0.0494017938449444	0.569658802451397
0.00163841257889455	0.0643663082957058
0.0882625824505084	0.494922754611925
0.113963761011531	0.581060716114634
0.0697776558480687	0.303188925887016
0.101129865389722	0.579407381099669
-0.00580209841089693	0.0195611237243064
-0.0245388048769585	0.518801131934943
0.154056417019093	0.589421935798655
0.0302217640491567	0.0804896050540471
0.0594616708440097	0.551142101571419
0.0180861791322141	0.376710413360055
0.150225668046288	0.502317985981354
-8.09904730801136e-05	0.523559466660988
-0.00435273695088159	0.039035429166178
0.1122231985017	0.592754332715646
0.144116278476246	0.470401611795148
-0.00222772212939128	0.00850747009149785
0.125262896782817	0.593842640881939
0.117322007176602	0.567861410141139
-0.0254289289220027	0.0640300914237909
0.1048184753623	0.589404790616171
0.118162833115368	0.314704053000204
0.0888558617877011	0.599051381417035
0.135170258687779	0.595775512558057
-0.00453919204885404	0.541767878651895
0.00964361360573378	0.0440163693648402
-0.0097775030548733	0.100179015246928
-0.0113264483691976	0.05472603945772
0.110723149712005	0.590298136237235
0.0600692975483546	0.564496998654105
-0.0183167801690115	0.470706041458192
0.112579716570404	0.567624915221171
0.00269014490226572	0.0325739969527965
-0.0153462010606076	0.180159370262679
0.10723610017395	0.574650977016819
0.0537874379280526	0.560167282583604
-0.0105137896120265	0.105514092866604
0.122351625502541	0.591083488266075
-0.0071966936924323	0.0515466314888914
-0.00909807789636771	0.0996012009794568
0.09044448706683	0.603713690906279
-0.00115511301237859	0.0178601336285543
0.0188398208726163	0.0937616315441143
-0.0126947385614976	0.0833614347614355
0.107790501234814	0.321782635254302
0.0873940238940232	0.602892086199956
-0.0195009841101442	0.0455395626515978
0.141199633029505	0.556669572581554
0.135807592707627	0.563780364320556
