0.286377208375603	0.120466429484357
0.12276902811936	-0.0037524300861477
0.0812168599138828	0.00624959956854221
0.0636383909502257	-0.0272647486916588
0.205092712604502	0.0565236658663696
0.387935072272823	0.168685452767479
0.259192073170827	0.149840956432814
0.0692378721461767	-0.0232440505551199
0.268762841333287	0.0508284000044736
0.13851070247656	0.000144360122700178
0.336650945082936	0.144908815906417
0.445401511172438	0.0220660872694662
0.24128765160699	0.085788723461947
0.110141075008351	0.02278800309511
0.367487199646694	0.138246203866276
0.489386569443117	0.270687381181022
0.0971070777516415	-0.0188936330125678
0.42551437697409	0.131583169323063
0.287756684279286	0.0876266701315263
0.46672244217476	0.29316955254911
0.0919713100882982	0.0225835640582127
0.275409929718831	0.178065557004187
0.146967499000853	0.11238206501042
0.339578210852338	0.138784576454798
0.240578301937842	0.127940435455941
0.178603467105604	-0.0230389767619435
0.30222434715475	0.111544895529421
0.220061883141609	0.032937042788717
0.259073743872493	0.096848961519019
0.423281475880627	0.212208248588357
0.245346010944048	0.174150474837342
0.516132419413074	0.190299971070519
0.319428418481252	0.140154533194075
0.426198948862095	0.119858691179745
0.523300199185263	0.20659075755273
0.246959846840443	-0.0190994577892598
0.373917744855921	0.184740585206093
0.476975683679332	0.113389839996971
0.269702250523341	0.164757786673325
0.276703003191499	0.131861822562824
0.20117475590873	0.112906169289807
0.405737712037716	0.181610227326684
0.319985812069405	0.161829084164981
0.3974095977108	0.178835389008604
0.406099709868514	0.125296944782217
0.187278124657404	-0.0409080417879615
0.268438673674356	0.145543355186105
0.0665514807989769	0.0174546714247916
0.487994172673169	0.0960381646500275
0.277159154603505	0.0600958219858687
0.436669364487565	0.336612303530734
0.228876204427519	-0.0205038515399869
0.147914673421305	0.00994168442918512
0.245676482995907	0.232711326495013
0.277325504886488	0.0274781821278667
0.25786910684126	0.0284991145566188
0.257882054247715	-0.0067466625176021
0.0174619320324477	0.0345403430996557
0.165698192847113	0.176084579623732
0.0634080366035654	0.0658501203868433
0.293338532594816	0.0324291407681715
0.339961538349041	0.191242240292356
0.425759474142155	0.236828968867632
0.421406483670876	0.21836730561676
0.116039083940101	0.0101102482555398
0.44670935655301	0.0938276938134876
0.228094490580086	0.127485289020531
0.378718866047525	0.193196855161834
0.30183917940287	0.167113508126776
0.280819132573479	0.107298125548959
0.23900041606616	0.107420504189572
0.225022787309032	0.170893935764698
0.369100167781188	0.209134996345642
0.0326261711842885	0.0496218739839042
0.152238804974678	0.111134122550392
0.445690094784496	0.198200076588877
0.0546729057934202	-0.00423386474652371
0.210717286037921	0.085811114955004
0.189866807497542	0.0401040006964672
0.474517518735902	0.125564736856897
0.133698214525071	0.0413185624638959
0.232754707473283	0.15871187534133
0.0590753724599502	0.00811734035524188
0.181733314201214	0.0929320301990978
0.484222700694113	0.22491978772407
0.506124565731099	0.189038254761815
0.241216676598452	-0.0268261851318758
0.163331481670467	0.193134114900441
0.350305795761724	0.173767420194612
0.0650507466748507	0.0112734150200231
0.495734976598836	0.238839675905573
0.484000032746931	0.100857195398724
0.463635154189265	0.222557385275871
0.524425485986605	0.194355493596756
0.196867792606589	0.232841323166134
0.495659681453268	0.214616115158504
0.462726158678479	0.079021015872743
0.108933327783931	0.0164541875274583
0.493349745897172	0.172496144281074
0.492616566784375	0.155420008832466
