0.0834564131416722	0.0376692088364526
0.530572125000352	0.190843509966685
0.48748069599153	0.192118094235736
0.0848058110624523	0.0177644173878933
0.455583204702303	0.10416552742135
0.160710804620609	0.109115172132914
0.376562520786923	0.160907286205652
0.31107833626214	0.1595532439899
0.655775193480892	0.195262624829564
0.315015046203915	0.155173964095655
0.000697384143532431	0.000297240908925491
0.461740930202707	0.158583107674113
0.627728285477813	0.185405505227258
0.613662797210634	0.167388301725833
0.658958005047574	0.193558437569831
0.030538424368025	0.0205808365354021
0.667548965294566	0.191693266642436
0.0162341134296822	0.0114419766946588
0.643267349554311	0.196106256352678
0.49066719994034	0.13490518098524
0.637318801789605	0.195437231088502
0.0316307900090197	0.011287480763374
0.0647337026223886	0.0159232488354052
0.36173264950456	0.111675065458554
0.0187353982655655	0.0147194859367852
0.596734920893631	0.191134629682083
0.567011684236483	0.165504301251552
0.140111428901365	0.0226663616957347
0.367152709850706	0.105759232677773
0.470516983380708	0.193960277066736
0.614062665848364	0.182466000572702
0.0236662349271738	0.0110187955850592
0.10482300398848	0.0395389293271117
0.217304033919949	0.0591508242111595
0.265091024649241	0.0800037276446911
0.386672289461395	0.138106872958279
0.0281915507992958	0.00453241787992249
0.476239454650244	0.143060657807266
0.62775255924866	0.178254968610675
0.389192669373331	0.191115112382501
0.241686643239983	0.0288471217888696
0.648454540142122	0.190754914126204
0.650944447789506	0.194728631805024
0.196874196426691	0.0296924318080002
0.564395935524926	0.181885898322937
0.543242449056677	0.193321418688523
0.0525891104900023	0.001585335703654
0.494542910287256	0.1625429043718
0.530351644747647	0.146667350226747
0.508410274316148	0.175967440542873
0.553578375040708	0.158011404618806
0.207139827437672	0.0905571139814252
0.582679438268695	0.194973635683273
0.465712286329667	0.193136274087605
0.594908919139462	0.193458877757031
0.537582092799511	0.163448233509931
0.562083957295397	0.167345576062926
0.231121727076012	0.0236489002282014
0.492909285260571	0.116649389110685
0.626980352184717	0.156055461536638
0.100543844189119	0.00432208368000582
0.350211541522855	0.089102795788765
0.332851305664753	0.123903378053329
0.0251596845756356	0.00999848667818604
0.585762430210256	0.175633369947353
0.551788930548836	0.158721842870414
0.591659005196998	0.173678124524474
0.0393646926882347	0.000383455893160405
0.558907132451979	0.191512278689522
0.0912699168809379	0.0318247078536517
0.0592525848838255	0.00701679780237325
0.504621775517872	0.191537929682508
0.644737581624873	0.193776415182746
0.142382641202808	0.0295455679062844
0.509817497062754	0.195979173449439
0.377069583271367	0.0842028951424117
0.292936272548431	0.116035977561027
0.423555542285147	0.0943201172102694
0.137848511894324	0.000660320400230761
0.33133334738083	0.0373560302905329
0.127129879668004	0.00833019841330312
0.211506499166802	0.0920690025180476
0.333263688526221	0.153509642715014
0.540479873438402	0.168845194094381
0.633806221303997	0.179039382192027
0.319799938454313	0.0773108335741241
0.618303091276414	0.190045042221618
0.0719865719490251	0.0525968580369601
0.0178800529352515	0.0128495491454926
0.0132301342686373	0.00439519374153044
0.665802048692624	0.192614372376867
0.379572602312011	0.192185559772998
0.00932931991658488	0.00539403199601126
0.14862960918933	0.0947512522480598
0.533825649761701	0.124102296466615
0.510471305022237	0.169755801498811
0.56585006708882	0.170335194477481
0.618423112039521	0.19842764656066
0.00931970222520056	0.0116043032449879
0.270855586997282	0.0844289399420809
