12.0857022209194	-11.8975614792604
1.38664610036618	-1.37324261990021
7.71517325051267	-7.61403356578062
8.08928332006795	-7.93524680689249
4.60235203849211	-4.5190392808178
9.56709750977385	-9.5094571805253
8.18304332358226	-8.05333579599395
4.86274296927148	-4.90755485732437
10.581477946884	-10.3740131815328
3.65246220524217	-3.60130463284257
10.1935369046541	-10.0492405198683
6.39133644585766	-6.16090905239405
8.51231812860986	-8.35057821067536
4.76835188110786	-4.62624906371137
10.3283427059268	-10.1182663789197
3.40549828300838	-3.35023299900447
6.13526530114598	-6.03542809186441
8.48588286506775	-8.36260486703089
4.2637155328749	-4.19599274108936
12.7620922449854	-12.5896380170825
3.27327013739516	-3.21799539162342
3.30260199610244	-3.30375110411302
8.13258557592662	-7.83769584524085
6.33375083974021	-6.14702341311753
3.69993385212478	-3.70415840046887
2.30549794446423	-2.37976848480383
1.76677889078655	-1.73309348625747
10.1008143400813	-9.88567415113938
8.98902645083563	-8.78329539184346
11.2798547015235	-11.1004746821612
8.25623657162946	-8.13649839798428
12.3181699732123	-12.1471711865372
1.60613118399417	-1.57179758622713
12.0453709469108	-11.8716972235012
8.77482152655322	-8.56828931702823
7.46585541134157	-7.33400387350849
8.50275668904704	-8.3873846601737
9.1064933479682	-8.97000811086099
7.14616067817834	-7.00682321720831
5.02918393956797	-4.91698980492668
0.404072281970364	-0.397248635489826
4.20162575926099	-4.1573425108399
6.35454065380221	-6.31340595752085
12.4747739877445	-12.2767347364416
12.6639827117792	-12.4969946146871
0.656039818980787	-0.673513546425813
2.40727428268238	-2.38595901613543
8.01343941272026	-7.88296240827619
7.19653991346193	-7.09743691457024
7.75533318866234	-7.60024834337087
4.47659112908457	-4.42503214216994
11.0885321562901	-10.902340064539
3.1781191674979	-3.21585851493053
7.72682061216256	-7.57237689164692
10.3413221453827	-10.1783008890977
2.44191457566866	-2.40126353883587
8.09777947122416	-8.02674569534445
9.89561217329817	-9.76742622455629
11.7400390511561	-11.529945388233
11.2706008002362	-11.1221393054785
10.9703611562456	-10.8502175270131
12.4819197705944	-12.2913197205565
6.92480943530213	-6.82769573085077
4.30890334982398	-4.23891157460808
4.37285225144184	-4.2758878534304
9.87372378982605	-9.71134372490313
5.7416856408055	-5.70651616307492
3.84545467822759	-3.81505645922974
12.4674405192213	-12.2881225208337
3.10426026116395	-3.05064223396822
3.49231798976546	-3.49587784085593
3.38476092163139	-3.41656848102083
3.32432668456013	-3.35329433117118
6.27800685673638	-6.19087763947279
7.34480605762798	-7.24135848124441
3.99319539613075	-4.00025000354213
1.82287959549049	-1.81141349627522
10.137288725746	-10.021076952677
8.06102006875036	-7.87423517767055
5.20642895306942	-5.23014271508518
5.8256824517117	-5.72813169438375
5.12868952881252	-5.09319947446611
10.9314172167557	-10.7648683275553
3.28463348360492	-3.2328042680064
4.11274272399961	-3.97788271296247
10.4254577360483	-10.1914241372483
3.57879293916368	-3.51853354852021
9.60533911677808	-9.43088578081012
7.47275143351365	-7.26571202559176
9.76099922833979	-9.59652377793501
7.05171341279177	-6.9749130002982
8.65335882938646	-8.55069645225663
8.64246438414042	-8.41580644934284
11.3857034260182	-11.2134077230959
11.6940647731979	-11.4882368049143
9.7839587858941	-9.60349522581924
4.62936508097524	-4.53093805418153
9.88337660156639	-9.66845407816577
11.7400158812073	-11.5795883383471
12.2552465019138	-12.0482597261145
