-2.21173490448229	2.38937088343553
-0.6645644075609	0.684460765459974
-0.444637707741529	0.466269705062448
-0.786232250808736	0.749743598526337
-1.36537546941745	1.44085331755264
-2.85880397607614	3.02792017651053
-1.8525554436358	1.94765806116091
-0.651518832831529	0.650286686220086
-2.03481264770964	2.19205488575511
-1.21824153634148	1.25679690592093
-2.4902955879264	2.60180715348927
-3.29526054486786	3.51163698245614
-1.8804099740903	1.99605110356909
-1.3460585186468	1.38917025058517
-2.47821749325143	2.64526490825723
-3.87206418456823	4.09830233503385
-0.449069829663705	0.482865757360467
-3.12049620566232	3.32867769367871
-2.43480119251674	2.55423106818183
-3.05434776902715	3.38927129288046
-1.10790481159087	1.06654636859093
-2.41601823058556	2.56750028852723
-1.5629841693529	1.60200402452788
-2.47868389487797	2.59608529315268
-1.40981331767288	1.53202128980386
-0.927406708096069	0.954382943673643
-2.41783773708651	2.50281570841317
-1.25622637310818	1.34359902802224
-1.61200702122639	1.72457505674064
-3.16723889902598	3.33018557153157
-1.9431625898571	2.05512786640407
-3.52677067255353	3.80571545068505
-2.78914264128333	2.88555372807159
-3.25522871657821	3.42236772950261
-3.58153342255442	3.82224867325208
-1.52137248744557	1.57550830737787
-3.08933247672429	3.27448198291338
-3.33928483357549	3.60292928205147
-2.04892703009398	2.22818823378463
-2.50302468928779	2.68372651315639
-1.56256349808251	1.62287148809862
-3.06191791535673	3.2695875784512
-2.39374011334961	2.58753721468519
-2.82995824898172	3.08859266052132
-2.40819016625469	2.58462181298574
-1.45789708702435	1.36762808460122
-1.9475384021483	2.07091248290339
-0.75396988110758	0.715302611737991
-3.03264070032907	3.21982003058146
-1.92115966361752	1.9680177672073
-3.62913310895377	3.88725660436379
-1.51648132126128	1.63650119417681
-0.603911806085332	0.632544359393462
-2.74415596750367	2.83041624123983
-1.62857806340587	1.73630948794125
-2.06535811475897	2.06533664972804
-1.39764982616793	1.49942218008761
-0.092855496532239	0.0899966213136932
-1.88165789202647	1.98859860301753
-1.24936615380143	1.30729038731306
-1.59656711436952	1.67337516007061
-2.20816535538766	2.39914915734596
-3.07552704005961	3.32738377929209
-2.9586406513902	3.13774453862813
-0.829146290745017	0.902809005469414
-3.40633581035731	3.58824881714933
-1.64689070516996	1.78840867790237
-2.73157687342057	2.89019736571321
-2.29942320880686	2.42780684618701
-1.99619378094543	2.04443188388119
-2.12375436461812	2.2007866492132
-2.21897725545458	2.30706357211491
-2.96409993939989	3.173837923082
-0.438394522539898	0.468050881678016
-1.6695349159299	1.74828499657865
-3.45920470453341	3.64871190989998
-0.350317253878259	0.387029348614735
-1.37018555544153	1.52642563088502
-1.00155167825246	1.13817828886299
-3.81553793104016	4.04075900095363
-1.04363530320337	1.11503271485477
-1.57589624765651	1.78176381081134
-0.682995915305069	0.68068438344925
-1.68963012496201	1.78262488403431
-3.37442291050489	3.6435620278753
-3.82351927960427	4.05368986647069
-1.47894124505874	1.50406001030892
-1.17664978969463	1.31450888764021
-2.96904901586858	3.06112844025577
-1.42454727368922	1.33515011969047
-3.5127572671102	3.82300707859459
-3.35100036984403	3.56021821925777
-3.37324143595678	3.59218426861958
-3.34922811152435	3.55737037725962
-1.4819603647385	1.68380722400249
-2.94803303401853	3.18412965577888
-3.75597493474405	3.99522179248379
-0.603002602947533	0.626860773614958
-3.29931926555944	3.52167413368346
-3.56073068689075	3.81227794792204
