-0.51508168456077	0.644814225308628
-4.73533187864129	5.06062563252798
-4.85505628970001	5.09158924239482
-0.520830171325351	0.588125696165867
-4.05571055851528	4.13823152310659
-3.2733259399793	3.09215708996559
-4.18722330766317	4.30216433387442
-2.94382823271984	3.24324084034685
-5.99405553860292	6.23166894069085
-3.62061784757662	3.75830745571152
-0.00912635308614364	0.00912966503008815
-4.30759157594898	4.52710516023649
-5.86662017594801	6.06210093394904
-5.37527842344084	5.59764566359596
-6.01498550796547	6.24787625541701
-0.362646422286363	0.391680992274218
-6.03121996914759	6.26588320157711
-0.121628789834268	0.154695023976496
-6.036523662482	6.24777474007857
-4.54612501562378	4.674637058304
-5.95854303042236	6.17763930377015
-0.321004503861349	0.330067945959447
-0.574307680592749	0.590123081570518
-3.27708440438706	3.42508023860691
-0.193246776610547	0.224362830060934
-5.47442267199345	5.73676198971643
-5.38899949236309	5.5394485418005
-1.59073366519261	1.49506687807572
-2.72402954481891	2.99841644371271
-4.55501115676284	4.84054798371628
-5.48879103767464	5.73977221374319
-0.281365911855833	0.286161041287519
-0.441981595404721	0.631478499785704
-1.10029267951363	1.38066541966407
-2.6244604437194	2.66435673588373
-2.74339336102811	3.17657180782279
-0.242588364764711	0.244008458515392
-4.38896637272989	4.55934641868749
-5.66899542234765	5.87754489403554
-3.76355037993538	4.09854679815028
-2.21652030078064	2.15525662052592
-5.7617641650856	6.02880313916677
-5.76531570448599	6.04397746836606
-1.89185679420987	1.84350866541563
-5.23672002645382	5.47108831046249
-5.49656311604676	5.6754432845162
-0.380790700976965	0.376815964103443
-4.21341665885356	4.52222040100475
-4.72613443962725	4.91095938499327
-4.6664452702711	4.92034170072285
-5.09548304375423	5.26630543855803
-1.43461326637553	1.71930022362772
-5.40004796343792	5.66346973543266
-4.66387906610493	4.91592555153261
-5.48002675439021	5.73739740638286
-4.60483979902757	4.88376065476887
-5.0284821656718	5.26110975085445
-1.74738814520637	1.77036412869623
-4.01220925058289	4.22664069634796
-5.45151014798603	5.63640849222506
-0.656905701202117	0.667605872272901
-3.5254270093538	3.52663355634198
-3.35716824902468	3.48237540794594
-0.255956606089002	0.267053760896316
-5.17031202185127	5.42713639137223
-4.58651303232834	4.88277512293701
-5.30249299278629	5.53234323455377
-0.301939713372885	0.292918907109862
-5.34619622658315	5.57777070786135
-0.962410222314168	0.979102927099658
-0.800567690800475	0.718575140960296
-4.77916069934931	5.05750874396372
-5.86610959690699	6.11217974856763
-1.44706901026806	1.41342487481984
-4.92820073952689	5.19253730600186
-3.68369916944957	3.66171544101762
-2.61607579280501	2.83463870728577
-3.23938048211634	3.4332087386731
-0.957331954483415	0.948529134769665
-3.26594507049587	3.11790105999881
-1.10257079336217	1.0640464149558
-3.26189297161187	3.12134296112874
-2.69046233045152	3.07629471895596
-4.79617314331661	5.05476902027809
-5.40386555525534	5.70085826806887
-2.56883368693121	2.71382444354335
-5.51687824989528	5.79684701386132
-1.51615746352453	1.45113901847349
-0.190910718772981	0.215414074244612
-0.229762576867819	0.20741367310047
-6.12091805489943	6.33629353836096
-5.77216006347338	5.6401668531923
-0.105259969012636	0.112684782829571
-1.5628297149405	1.7285278447796
-4.75226963728024	4.85768884466541
-4.76314870741004	4.98434973942757
-4.97235835420658	5.23254315476414
-5.92432063368069	6.13296957762514
-0.22023281354345	0.216973331450725
-2.50351804626648	2.60942505990592
