-0.956034446905168	1.04744536266253
-1.95239767018671	2.34451988453446
-2.16716928060292	2.64807444710442
-2.19964219381528	2.67073480262652
-0.33648112684549	0.365360889233249
-1.99087049018033	2.44919504074389
-1.63778755582583	1.89954457304828
-1.20044689480693	1.41595328995049
-1.85573277472758	2.15955203418967
-0.273767376140926	0.335711556394972
-1.02357382536077	1.25883123602483
-0.157496265901707	0.161636549080558
-2.17941798708562	2.69837069872135
-1.74843472681613	2.07633794677468
-0.52931556159584	0.5424275679678
-0.769606750589406	0.847114128910116
-1.97501942374193	2.48675448294464
-1.5062231522663	1.65372629391
-2.30292599639098	2.78454909422615
-1.56379187218577	1.80395105938258
-1.36781507213714	1.63697345991375
-1.1902119555297	1.45344328108187
-0.951585824426261	1.12571390347626
-1.61710596317685	1.89871687074508
-1.83064755706036	2.2047360732148
-2.62005088300733	3.08211013523701
-1.49813581778544	1.73524612975685
-1.47662006732401	1.79490389517258
-1.99628384598911	2.50376680308135
-0.485948814174692	0.608496653111077
-2.38563963521579	2.80871855840703
-0.0230199625842118	0.0328810726049937
-1.7300784936023	2.04250107288781
-2.70402160572893	3.22361373644519
-0.0385431476835618	0.0479252310140726
-2.43722380156159	2.83772304895151
-2.44710452545756	2.81694059818196
-0.537763594252693	0.547506870285775
-1.2805572991018	1.47302962303391
-2.34096922030705	2.68071356648683
-0.351486198180406	0.384083036152833
-0.550780900277202	0.646850883214594
-1.57131053668148	1.96667436511555
-1.9439238901963	2.32851070587813
-2.71536685724882	3.19216035907872
-2.64808820364676	3.0926052769481
-2.22872195480962	2.71981499814761
-2.08358654928519	2.52935959374959
-2.15833234810604	2.52883959298118
-2.30655085025335	2.76546550010554
-2.12454595329637	2.6308636635051
-0.245329396555135	0.268551506736105
-2.16479456069801	2.57589650415987
-2.54140587142834	2.97257927577109
-1.23922452726764	1.51887745003468
-2.03715894223585	2.52063426698843
-0.418549856632523	0.482132080721075
-1.95873768074459	2.43924186107464
-1.69456924174802	2.06334324313479
-1.72846130931313	2.04747636750311
-2.06534294825535	2.56187766907957
-1.01753469767308	1.08588215771627
-2.10683226953153	2.55570933000854
-2.02871985450406	2.49690748907145
-1.20956119388225	1.34563505330468
-2.78540545396877	3.24157166736876
-1.21448798015948	1.56719046655253
-0.307029158634694	0.325061409187449
-1.90866437650989	2.26110351357912
-1.85936764525336	2.34461211799531
-1.21415713295348	1.28021221790061
-2.24595559404048	2.72964922157738
-1.38117345569364	1.75507746614606
-2.06419092765784	2.5710749404445
-2.47231693929041	2.92734083629385
-2.24463703772313	2.72272150526137
-0.827540474010645	0.856295495125375
-0.859126431019159	0.991410202951221
-0.974687492381429	1.07987725670988
-2.74076973584828	3.18708797256294
-1.17241877768808	1.34770679136018
-0.805471391371354	0.937281575847677
-1.97728572847611	2.45051537828967
-1.25276102944463	1.39842637322126
-1.8588565673033	2.18573327221838
-2.1763214249481	2.57533617023249
-1.89771223369899	2.40619765754917
-0.80798115482345	0.820604671208019
-1.79740317107807	2.23063139827564
-1.51443986312992	1.66083166953321
-0.522565426578473	0.58166066654419
-1.2741060329161	1.55677882807023
-0.318528901160128	0.395987330930954
-1.22075838928954	1.34833902100721
-0.864915836196829	0.982679777600727
-2.16124732553391	2.5952657881323
-2.6643186680024	3.12205787414124
-1.42175210966886	1.67297486602081
-1.67887543595842	2.00303590234186
-1.65896503249995	2.00823710807755
