0.301628745690955	0.0902916597623418
0.130007231784055	0.00554935391795823
0.774484195237985	0.141495420751733
0.402541921934666	0.0691779030920276
0.260275357951556	0.0438918805581949
0.582221845097762	0.0901909429128087
0.0890031169167965	0.032198999130835
0.376765270021914	0.0456546993084708
0.307170015464999	0.0758996990130149
0.565861547812778	0.112136009818524
0.551817589487247	0.106059245375248
0.539730009704214	0.100308058912431
0.514744696106581	0.0925294624795485
0.45917693348901	0.0804379566658961
0.412484832717254	0.0767750240868713
0.0911963041187456	0.0149188063278307
0.582272884639936	0.103525746957182
0.49146076032598	0.0706168310662069
0.483301361965926	0.138280243708621
0.299982354114491	0.0438863943403881
0.672285538948501	0.124742555869273
0.622969709346893	0.141632808487351
0.718557477235822	0.140850602823591
0.421863312575573	0.0901119354487633
0.436866024663962	0.0734927039472555
0.497057991071008	0.0863768161544852
0.436826753959098	0.0662824486262414
0.777853183926628	0.142253931800953
0.67230034207925	0.137730402318871
0.462894743277219	0.072758873653085
0.264564856333232	0.0508849422724061
0.0369545299590676	0.00839562455628595
0.212142224502414	0.0308061044877594
0.199183300670967	0.0152537488719124
0.00887192732813024	0.00104859429306036
0.327000512098705	0.0737595632152038
0.331731401953272	0.0320936221211673
0.294744760292317	0.0220216136773489
0.61657672128024	0.120811692927907
0.419503388364947	0.101008695637371
0.758258040411885	0.141760731605816
0.656600767670224	0.142352198589686
0.325633307476423	0.0579291246791589
0.0657751500552039	0.0134429478535721
0.504291920178916	0.0796489322366574
0.617563085195757	0.106198674944594
0.72281545307714	0.14171591957501
0.0936263075205684	0.0141819773627861
0.310878175459154	0.0565773946304104
0.486227626057093	0.0801817050522188
0.640650709047362	0.112372110154621
0.47383377504761	0.092673193994429
0.504618427256096	0.137479949916947
0.665615389839772	0.141430149852778
0.140328263699917	0.0125559775298342
0.52906940247222	0.131592225111986
0.488920503116637	0.1246197129459
0.691383752830472	0.124697108921508
0.389100725001921	0.0745411939776966
0.17617468503537	0.0315904935287999
0.0604757959869114	0.0135292354941188
0.200243029542745	0.0451045236829761
0.763465994459021	0.137810349490514
0.102088819144067	0.0200961048413718
0.676313317716525	0.140991278459867
0.686511068453558	0.107305617080628
0.766427890018935	0.139781469841536
0.61442971695369	0.128528289997844
0.606571077779297	0.139876252094153
0.757527373453087	0.143967801964933
0.0451056109942722	0.00939460325975715
0.131888275677744	0.0334398313086449
0.654738759251109	0.142612584559072
0.616687088669658	0.140059366682526
0.249160660774581	0.0293836825909468
0.74562946449176	0.140914165811572
0.748201073351115	0.13566074362915
0.0153940719910647	0.00420910648488869
0.638425380528545	0.143018249267118
0.239557851280876	0.0455701873695004
0.740075813107696	0.14258765456934
0.0199551344754574	0.000635240755142823
0.386828314174522	0.0946533919237782
0.746281697600808	0.140871476600172
0.104750688167932	0.00477175797746169
0.225065859249	0.0358974795733458
0.412915150956084	0.0670812213582697
0.277976408424743	0.0705154908197765
0.715545413974516	0.0989166560053955
0.17366959898895	0.0202313176800921
0.614175840443679	0.108168182280409
0.477216143736796	0.138918005210249
0.0777372405782546	0.00890031975939715
0.0287579778849777	0.00586075118452184
0.289417022744641	0.00756961329922623
0.526739173607812	0.139761976288104
0.665161456496957	0.140812593784835
0.301439098911727	0.023590347212733
0.688627787439577	0.13129463927467
0.212424500993911	0.0466947697631639
