-0.0850696123178946	0.218547081488718
-0.663345851931814	1.20784721985556
-0.593271261565945	1.19781363745627
-0.0289809730903866	0.174840451661679
-0.220774413282682	0.560732870511385
-0.449738397288548	0.472297720125655
-0.496778770825545	0.782065827810791
-0.394131085981241	0.872478482417494
-0.771368383119555	1.20634483664909
-0.61501076636447	0.806616476856857
-0.0166787392856683	0.0351419073848673
-0.432526448629384	0.832221887727925
-0.582833428936491	1.16303368189145
-0.504745364162653	1.04205287712845
-0.529392724582888	1.12350693512094
-0.0944877666130152	0.129932498124806
-0.625756032460966	1.20574916029155
-0.0463569821533484	0.0671852901540814
-0.617729981105677	1.21582840615088
-0.408632808644291	0.825320578742961
-0.620017939562037	1.20767298033975
-0.0442842037954344	0.0610233777767732
-0.0201831377228608	0.120897779974555
-0.348609582742621	0.668084112180678
-0.062102203426371	0.0876506767068617
-0.593045520534771	1.18173235856798
-0.486889751031259	1.01211791045195
-0.0753310412263448	0.121719633576965
-0.284358576050381	0.6616233146749
-0.71863636544829	1.17347125778023
-0.562944053867232	1.14657055059349
-0.0463877349299456	0.069204402955026
-0.0940383130728157	0.263111280743701
-0.132231912353847	0.422855159819958
-0.363698446335835	0.498418101973733
-0.464472958109593	0.950309874883884
0.00488075866770155	0.0356692002065135
-0.500816572334159	0.875028876142359
-0.581286097392823	1.1088782398255
-0.751847032972674	1.19816723744563
-0.0857869089393472	0.274413921345405
-0.576999794892979	1.1795906756875
-0.604702483975005	1.18371931855556
-0.114670332718012	0.222303970441719
-0.546744657931607	1.06072072261852
-0.518493445003548	1.09968538738465
0.0306463067126701	0.0208752806622985
-0.541204369631082	0.906857376169058
-0.456667115925263	0.91449718571607
-0.620625069945966	1.01810391341516
-0.46091700577618	0.987294178173931
-0.339741510202475	0.580056838554897
-0.657076491522801	1.20165960307424
-0.72425379158887	1.209992865577
-0.694572436781203	1.22013462410006
-0.560829044631373	1.03145001059046
-0.510734304844371	1.04720268906067
-0.0629289640127479	0.244874332148563
-0.302949982919475	0.740640443133174
-0.44315950121858	0.981956815212711
0.0319988591890275	0.0716079921355302
-0.263084871363078	0.485597239320947
-0.405850059999137	0.785216620671737
-0.0407779535362859	0.0579867026768222
-0.575649446027421	1.10579373425651
-0.567955343063295	1.06236685319969
-0.51386401356494	1.04802070639322
0.0197293570653014	0.00712922176196828
-0.69734376736826	1.2004490757693
-0.161602696981148	0.209592879374609
0.0238380648741759	0.0277531991295453
-0.657219962611334	1.17348505049871
-0.611278549081152	1.2083974587428
-0.128454115650791	0.190660904517634
-0.670055652680328	1.1821408715047
-0.289267128360547	0.621821529893107
-0.411684586505201	0.767227753189854
-0.283540030320056	0.64961720219128
0.042388528167536	0.0112270199526165
-0.0118316822890987	0.305537937397283
0.0529152615162557	0.0683902648434006
-0.325373180040399	0.452577545693113
-0.530673458263806	0.9818256795898
-0.549516748590785	1.0646816597069
-0.516941706073512	1.08603365468341
-0.258909107301801	0.488463663496382
-0.621725066425346	1.15125717068932
-0.103371922915994	0.222870235503355
-0.0582079296491875	0.0809988364764598
0.00545480631258524	0.0183552327105551
-0.61969658838273	1.17479547667913
-0.625129149504958	1.02033096373263
-0.0242680049325044	0.0367111650639383
-0.332924118034198	0.562860417409959
-0.353156839613129	0.757729742070006
-0.580179815851559	1.08998629685019
-0.566240939016701	1.07178819614198
-0.635339844966205	1.21735555389236
-0.0816006652090549	0.0976232973501306
-0.254879879845547	0.544217639996511
