0.0608785971199223	0.199723153713556
0.0900512447667659	0.314618401473526
0.179792639205911	0.641019802429655
0.130496549035553	0.398639923963968
0.218827404505971	0.719997055089724
0.0143182957978914	0.0374608012764868
0.203980393544375	0.758399939276725
0.140157737014041	0.454043595545351
0.0121482929219355	0.0869644479179969
0.1539492183818	0.474685534492169
0.00617961003138916	0.0200712581131357
0.113730543286774	0.3196502484559
0.0104589444577698	0.0336701228503443
0.00736591287573619	0.0261501966914157
0.00392633847362024	0.0105406440033695
0.0462370425960147	0.296001281500411
0.125675818592021	0.474059265479543
0.172623777398708	0.690803027999237
0.0203260089137411	0.0655069309226804
0.00162860941262787	0.00809456206265513
0.0441073677352904	0.229077851349299
0.0758418623893332	0.320813386717838
0.049148816647861	0.164210639954428
0.0569522934650817	0.167501923030252
0.0438413783801411	0.107164124823306
0.219723317342578	0.775161417417886
0.162696574532439	0.622460386613801
0.118501937413608	0.33298557738494
0.068861169925282	0.265513106410109
0.161258647771065	0.566721836634249
0.066714351768588	0.274557595716077
0.00614665896193653	0.018372543800637
0.0654294652934069	0.192565602205594
0.0389793885976374	0.119990116258726
0.21834226849959	0.796331508611718
0.211137599512121	0.637650466505597
0.209664827138435	0.738351652025176
0.032420194357234	0.0798992540651543
0.0334372207731482	0.238665779293086
0.215544328969291	0.719264826643951
0.0278951666489206	0.196081896415297
0.205638037943105	0.66728524538848
0.213503767961355	0.67569479459572
0.167933755810642	0.595408429147136
0.211853661206278	0.735000878144102
0.200262202805622	0.515394550947849
0.194439493204219	0.717079281225985
0.183257866448357	0.646284949953173
0.133777211057892	0.427204274856135
0.0652587316045786	0.273767922077682
0.195491197647138	0.646738797463327
0.209972888142331	0.746190790673157
0.124932629409205	0.465888980918814
0.07920386410131	0.237847400045783
0.182155021786311	0.698417674015825
0.125754024216029	0.449592544285583
0.10652246395905	0.406325716147144
0.0915591012374547	0.332617935234105
0.0304271811606244	0.113898100717358
0.0779502563772013	0.281597810448008
0.0118582864797037	0.0850296990012802
0.0948855745240775	0.294109735504876
0.212930692600547	0.764839459237609
0.148195068599456	0.584080034713576
0.144058459024081	0.523265379421611
0.132919301429158	0.347040230920615
0.120563877045243	0.403936994519405
0.148772533399246	0.497245722350081
0.160616278575333	0.602919595900698
0.00646003474329995	0.0173730620716864
0.0615199528682345	0.165546750403103
0.0117396219928739	0.016513849558205
0.017195615891117	0.0507053706922989
0.0347602198617408	0.0767625077661
0.135478850186027	0.467553524113708
0.211370024962405	0.765145822717993
0.0209701419722086	0.102915595608958
0.0338962209066679	0.115317879363016
0.0523392896932138	0.160512299133496
0.00925355908697885	0.0258712934147067
0.134004061282123	0.53561981540428
0.0428123116562166	0.148975267283277
0.211164643159545	0.664921980594815
0.0693399351940717	0.29189715196131
0.190840329890799	0.691379537075482
0.0648845699697896	0.240679898464967
0.0457503761521034	0.122382300058061
0.0398259150546755	0.234674260563859
0.0342991483144974	0.171956106170829
0.210104693956479	0.668253314197678
0.208634967697426	0.632833762105864
0.144911005044788	0.529378340194386
0.208376158583329	0.638598076220884
0.138263837121193	0.516439028482893
0.154858250757713	0.589664279065845
0.198155723389902	0.50817593821677
0.0937868138487057	0.318500085747936
0.209419064060828	0.610760592658654
0.182337559764157	0.641839283758539
0.219073956096715	0.766467286321875
