1.28123548909238	-1.1960963769444
6.27635601719376	-6.03857761456714
6.82183324902043	-6.61283293265289
1.56289224991027	-1.5767182716761
3.35567219437893	-3.18064267004751
1.38032201596885	-1.36885212606381
3.33278958171924	-3.09020448254853
5.27972853895357	-5.12791441225689
5.54697596913102	-5.33336869242123
2.77053082204722	-2.56567314906166
0.336468019540826	-0.37498412756
4.24124594070823	-3.98107168764256
6.51379392858524	-6.29093708647229
5.95541160341322	-5.75049846470842
6.44250731051545	-6.17771783961686
0.428270508484167	-0.385365258894281
6.65302467002017	-6.43983528920457
0.238323898157722	-0.21394880097487
6.91195176060569	-6.72777682698101
4.81640219272983	-4.70240091230707
6.77836899095485	-6.59101300886691
0.233504845503898	-0.221504954431049
1.07594238414135	-1.08253143433384
3.63813446567308	-3.50706336001349
0.378452987906464	-0.368537481559633
6.58167717665689	-6.35243039297468
5.88766358026626	-5.71655791250013
0.827643056699698	-0.887086519968367
3.78192584429313	-3.56421872800661
5.48509825152014	-5.23902984895072
6.39910626721777	-6.15340423643839
0.314818668029456	-0.306093993088112
1.21413933731749	-0.999639991202653
2.5299417986202	-2.31419716407926
2.21040014253838	-2.19663328494752
5.04141611202617	-4.73213544368028
0.424945189684341	-0.432429845242448
4.21508194482322	-3.99349962214384
6.24753773331001	-6.10902155562551
5.39193530540498	-5.1219116245172
2.61416848872955	-2.76336756526667
6.70428549845077	-6.47570770653449
6.50276337074853	-6.26975624966143
1.55658441621202	-1.61133178482345
5.44506334376017	-5.13725864448855
6.03816681876671	-5.72264983056686
0.518709391482393	-0.540192667247391
3.99937360709643	-3.69212631008579
5.18255307388831	-5.02859922455238
4.45341225526116	-4.14129394693132
5.93524113064964	-5.79260439959769
2.51241467856445	-2.28900032608574
6.38669546864867	-6.18276827116032
6.02680488555454	-5.8362642162762
6.20404110674053	-5.97625074126679
5.54635777140426	-5.3770107408027
5.9408922569926	-5.73333034395413
2.12758753764263	-2.16973752796912
4.33631088704025	-4.10117395350476
6.14468865029754	-6.03375528841847
1.06317412401933	-1.0938083600404
2.58432302957872	-2.50016963198103
4.45144632737114	-4.35329112883755
0.198290238785956	-0.177509212488351
6.10661463994923	-5.92121281146239
5.66899325031197	-5.46940295273137
5.95196632176471	-5.75355841830689
0.256459376468076	-0.266543389118404
5.98982141361434	-5.76496976104415
0.84668648889003	-0.837660311333415
0.577839470391549	-0.613849560303026
5.90302930228583	-5.64475289291189
6.78003114627848	-6.5664310726745
0.955696283597188	-0.972582912737881
5.85813804963019	-5.58848005374342
4.2726875473003	-4.35388356068044
4.2725583860268	-4.18460750953062
4.10646771925132	-4.02466530930515
0.465831553280303	-0.473800007482319
3.48116030058397	-3.64254512255328
1.2578011650459	-1.30770680088209
2.09445251595754	-2.10156074536938
4.89953993587286	-4.61640190270425
5.81638506090405	-5.60142456542737
6.03774640997765	-5.74891371232755
2.56734144951062	-2.45154041784173
6.00469767343286	-5.75232722504127
1.13829319377828	-1.05001382377682
0.305694907191749	-0.286506330776825
0.267716871095143	-0.281001375333443
6.25603403172982	-6.00998797083174
5.52907214618961	-5.52432251335894
0.189838433690193	-0.191632691439067
2.72714446744054	-2.60866712632827
4.51706695498309	-4.3922689596819
6.1189248266887	-5.9887685114952
5.83469177284395	-5.64605406103279
6.7866376549145	-6.59756983567973
0.404948120261646	-0.425425583496749
3.35382313690007	-3.30304276436326
