-0.0217870222800168	0.0916661210580605
-0.0142023276163588	0.0382623062382609
-0.262009303677467	0.758601187275068
-0.044178511508404	0.160122518966949
-0.130786045343148	0.690227710965658
-0.00171021004398179	0.010753350603879
-0.232397828455114	0.881034404805198
-0.241386043767098	0.894179872819885
-0.00530286839255692	0.0223574996948836
-0.232903195429355	0.879574526250674
-0.00839371082802684	0.0373654770288705
-0.189084479537416	0.740553900723973
-0.225656356819049	0.860685473141314
-0.190931947773444	0.790574239269567
-0.18515927683116	0.37843859755675
-0.236454450488823	0.887330092849779
-0.0509634758692215	0.546340085068553
-0.243089523293785	0.895444988236348
0.00245896187645357	0.0139864382536702
-0.126887812030616	0.682115434120586
-0.208407421445461	0.78578607851836
-0.0213570013317791	0.0840355273544193
-0.062499352611217	0.567442523428009
-0.235198979726804	0.883759887394742
-0.0105602210726757	0.0488774843367186
0.0064184036347973	-0.00366850726535921
-0.139606941737276	0.574577344007153
-0.248846390814134	0.899622864089554
0.00697707328605659	0.0133591178049613
-0.0401137395829636	0.121495607616874
-0.168403499604608	0.755890878336461
-0.148132469095084	0.721700042626813
-0.00777892115475235	0.0517629338024779
-0.229680496616116	0.8741261720407
-0.202170401692787	0.807499608408513
-0.0318109611010885	0.110503651953453
-0.0422561894295825	0.0901450032338775
-0.14639746396509	0.72081256942471
-0.218674782592122	0.857281968459332
-0.222893640355928	0.863784308683191
-0.0700005433887051	0.574543600966504
-0.217672066465004	0.851323334688728
-0.12280121867267	0.672627507630054
-0.126481419375549	0.530930992203248
-0.227618853447756	0.870896598692126
-0.216818245752051	0.845092583525743
-0.212336590232381	0.843436128205309
-0.243630919053927	0.893111002211735
-0.216974308056526	0.844241479848295
-0.224254414095814	0.868869701090193
-0.0515255711285236	0.1358207321355
-0.00146838632123028	0.0177004980797754
-0.240233117721649	0.893311159271842
-0.226840063103533	0.870997165351787
-0.0236532643094358	0.133761203275726
-0.145352841722013	0.395027781409523
-0.124848055772358	0.423850946647267
-0.0389340711495816	0.355050221602885
-0.0940806185785962	0.42371333806358
-0.154675683763815	0.342783602734155
-0.0316730733445064	0.136560286086115
-0.188264720312739	0.585153472147076
0.0268346119331178	0.293761705277681
-0.261389937263205	0.853864806581127
-0.163966819852596	0.491587124960533
-0.296948085542384	0.714548604478695
-0.00764848655439048	0.0716637488464094
-0.0262573528832685	0.272955604476328
-0.232925608077183	0.880787824355888
-0.246835806633071	0.749708191751976
-0.00248882185470144	0.0170582917077379
-0.00253059710713655	0.0261869540332011
0.00571542635663187	0.00707476627834484
-0.240039798415334	0.892026478273511
-0.236142594730469	0.882284395513402
-0.233479358379429	0.881167642695083
-0.190209015191536	0.412886693767618
-0.00311909880493262	0.0366110256707362
-0.0744748466675037	0.591774452019549
-0.228308797276409	0.873939484090525
0.000837749385658237	0.00557063736445487
-0.0247266389434972	0.0835848470525062
-0.1365862829918	0.636492169874149
-0.0292510335969136	0.0759832851645057
0.129122252977268	0.216726771550998
-0.184188092143766	0.787491667590333
-0.217593249906877	0.823247229125824
-0.185433793119412	0.774766675589842
-0.126167958431911	0.63271502245268
-0.0234231238733257	0.045503125420509
-0.0476438270430173	0.147374200750936
-0.0790882455540385	0.526513971160429
-0.111388456413592	0.659830130399809
-0.0230922316690195	0.214449481013437
-0.232051317404532	0.885764042138989
-0.223243689170255	0.867490995045655
-0.0229584483355376	0.0768294274954588
-0.182705977414443	0.768805504416672
-0.11698684844334	0.667357872522986
-0.0449811839346232	0.155672356158964
