0.0372095942711695	-0.0354439310780351
0.0075613253557245	-0.00665462944089294
3.62741408975784	-3.27400742096785
0.0963261696393089	-0.0774056350184311
0.355302671547456	-0.268583736037507
3.25269729557921	-2.94614086873555
2.24712674708671	-2.00526832333665
1.94327181651927	-1.75547526567941
0.0741951810438465	-0.0698370441361065
3.5365697614872	-3.18714130582735
3.50806289165725	-3.1773142356674
0.283847579315282	-0.167339231644305
3.20906114869635	-2.9610817132199
3.09041721266676	-2.92511904754211
3.57434696903927	-3.23827979149498
3.12872449662179	-2.8405590400306
2.6819424585466	-2.39829900857451
3.59020357436861	-3.23081906946152
3.37046103329034	-3.14939102983481
2.41580275823287	-2.19617573505657
3.16959865382004	-2.88115980922769
3.65603416279193	-3.31261047086914
3.35766904836253	-3.12720222338913
0.303125390325159	-0.22148196967674
0.18415562621749	-0.164501239475111
0.768332912213698	-0.676119781957845
3.58935605340706	-3.2192974262695
1.72490399916843	-1.65573306186363
1.05337526710624	-0.936743693477233
3.22730426259364	-3.04757877715707
0.449065783779008	-0.438748054590145
3.56470736250162	-3.20472101821701
1.08328582998548	-0.962001448800064
3.34313619157	-3.00922682086044
3.68958730554215	-3.32925930842843
3.64973137216705	-3.29677728100876
2.01908802406972	-1.87248445348198
3.04705194297007	-2.74425692911312
2.23393063876466	-1.98687128045488
0.273582034522567	-0.247199063263407
0.110105755598205	-0.10564625436768
3.63237449718771	-3.2907984878583
0.161494212246596	-0.124432532943498
1.05146496269297	-0.938582226210531
0.673497511571146	-0.543222109576013
2.00914255392094	-1.80355887570683
1.58722866210107	-1.34733427643058
0.0321883350855549	-0.0308157334139312
3.03340051804669	-2.70653711351764
3.4554338728649	-3.16994342192777
1.65042911744789	-1.36696216659124
0.368455949427844	-0.30700663816719
3.59139831749221	-3.26625282630617
3.51776800136734	-3.24777026276727
2.5091741826081	-2.22948638859881
0.20249863894681	-0.166616480343696
3.42456650689182	-3.08243637825789
3.63202865691112	-3.28017460151217
3.0381473978601	-2.71559420341276
3.50512632850015	-3.18223869445444
3.41419552106865	-3.08848957078925
2.66093415497692	-2.33964093493918
0.0739760141811267	-0.0682163133962256
1.46362409440391	-1.30592507288902
3.23960352548161	-2.98261431486776
3.48115231622501	-3.1111353629713
3.53310131523873	-3.1908077286514
3.4210524457398	-3.05918052211527
3.1245124024507	-2.71836339711737
2.18569391255403	-2.03688533370899
3.70130938692632	-3.36375256483385
0.0858906871828208	-0.0939247758284112
2.79454780801498	-2.48721330776658
2.83419258298	-2.56932464757384
2.67754812959163	-2.4188517708753
0.446269895025401	-0.417454439869757
3.50606269447179	-3.20245471344939
0.327906030417201	-0.324934577694553
2.34689500881145	-2.13456901840611
1.82729021296836	-1.63029673415156
0.742750659195156	-0.575997635812366
2.9418886053293	-2.63227542133867
3.69584382805544	-3.34796933124034
0.930808671619393	-0.842670166811866
1.38721534586853	-1.24791437382396
1.02222485564599	-0.92987786912985
1.26571688492574	-1.17248883558638
1.39070513992113	-1.30617129948437
3.14445672677916	-2.80021599819915
1.11184004320438	-1.00306404703253
0.556257239051281	-0.477980325323835
1.81593645990753	-1.66674082043895
3.635344812068	-3.27927696912515
1.74657047509507	-1.49114429618691
1.86519708507307	-1.77977775729838
3.65117431341837	-3.29506368550088
0.342242899841471	-0.283382356927099
1.31462820823919	-1.23729980916061
0.887161174926549	-0.844957481974678
1.34503976822485	-1.20537331827137
