-2.99979492991254	3.20790745303316
-0.36741742472325	0.373501205372684
-2.11393333105002	2.17084080437106
-1.98552123344569	2.10371728460504
-1.12736093333435	1.15572241478693
-2.24506920663203	2.35979136513884
-2.20309116219898	2.31272744899224
-1.13681647025071	1.09677348573475
-2.58992469608027	2.76002527789405
-1.23495932777068	1.21137627710449
-2.85945624228691	2.96504999710589
-2.33230419782042	2.42855427250411
-2.59188555106587	2.69419357127836
-1.43913799977425	1.48362472161344
-3.10537757514653	3.25573411564199
-0.721528001689268	0.717747193671647
-1.35624696224336	1.40932394941962
-1.93931924452783	2.04750431094838
-1.71130700982828	1.72675193381303
-3.34543403560448	3.49054631309967
-0.853278318864205	0.897519598943914
-0.167561123246873	0.166172665527308
-2.8733471517665	3.02957058258958
-1.86225960262522	1.95648030831505
-0.482131403629388	0.476002203390564
-0.349117922377566	0.33023221764018
-0.5514378328426	0.55743274927908
-2.36213559281361	2.53793110390565
-2.21867440563499	2.41543272783293
-3.14727543892427	3.27685075397413
-2.30176186859927	2.37739776012852
-3.01941172000234	3.16081042735911
-0.724172175392192	0.68754694211179
-2.9030353211173	3.0439376109411
-2.36993213737271	2.52094819755145
-2.18745637627343	2.26788818133076
-2.679455571966	2.73373454427093
-2.46537284073534	2.56384649190065
-1.9225077450554	2.0686628378695
-1.5212708128346	1.59198357906775
-0.452466226295528	0.446759056968964
-1.08418955725809	1.1164730903575
-1.58665452212051	1.65922595427254
-3.34090121995694	3.47792239962464
-3.21696325395476	3.37164293835399
-0.567324228117885	0.516463486166895
-0.992471962039199	0.949928050966274
-2.3457200526788	2.40714232568873
-1.95962945976478	2.04125991342186
-2.5861754750967	2.71943332327498
-1.0585958601646	1.11405290843061
-3.02596335817121	3.14720203337641
-0.554970215374604	0.546357581978702
-1.90334570421187	2.02098423974709
-2.78381506634923	2.89003663790306
-0.733553100983911	0.73185123967027
-1.96211064559937	2.03660997783213
-2.42718391070524	2.5389738732078
-2.9100773122252	3.09401375048374
-2.9343779030312	3.02628535029206
-2.94876103791525	3.05160352398555
-3.11527050178865	3.30785643458318
-2.18586251690925	2.24173191170495
-1.20988180561766	1.28111602439995
-1.51055501634802	1.55381081322024
-2.43315765741489	2.58223528975638
-2.00028504867279	2.01830621926098
-1.07512690098133	1.1037454100452
-3.1475496071379	3.30866644330276
-0.901073497279623	0.8930955923565
-1.07610911346482	1.04170986292388
-1.1036668266781	1.0206381450028
-0.879237484947283	0.829989034577453
-2.07708855022782	2.09951376681668
-1.70954349476789	1.789372015407
-1.14011361963438	1.10146395772681
-0.306716242451178	0.315301132075881
-2.49715474423066	2.58018745064374
-2.53617585314724	2.57887690983158
-1.03181499115932	1.04095507689226
-2.03108873582108	2.04480341239172
-1.61921747955055	1.62708889383256
-2.81327805507696	2.8941894867813
-0.683650860871744	0.720076127320894
-1.32559250430148	1.407872386032
-2.34778507360597	2.52937703103718
-0.846956976690658	0.901608030374254
-2.77200661217389	2.86352684649484
-2.01968894591678	2.14283155533976
-2.77179932595021	2.8814931775297
-1.90426104803072	1.97567831601262
-2.29034439141027	2.39715500521599
-2.52976158810657	2.67230359590874
-2.2789178343776	2.47561853012031
-2.61763532575521	2.86063211808998
-2.97305262960228	3.09901221535966
-1.68619883537022	1.7453160520386
-2.77247328904151	2.93080654741988
-3.13918235852232	3.26291980074623
-3.27014400845383	3.38157450623288
