-38.5903776093258	38.8742982946067
-24.2314639255626	24.4608845208567
-65.3072518140905	65.7875732231059
-44.5398845515053	44.8563743620204
-19.9254654567294	20.02180341109
-69.220095968413	69.705079294873
-53.6458157198283	54.1258404850774
-41.1596216466448	41.5708689931644
-52.9980978186192	53.44675107835
-36.490769208703	36.6729366637166
-34.0765482267026	34.3277747034756
-32.9093456139238	33.0035909444984
-30.1517525196562	30.2671608826835
-35.2173497545581	35.4492683386563
-25.6542409556509	25.7959550808989
-28.0952178142867	28.2572579750047
-61.9308825995781	62.32023574503
-33.606973973763	33.8375432312276
-26.7013625826673	27.1339002542185
-45.6932821236379	46.0172371035058
-30.7027753115478	30.843817584425
-46.9227601584283	47.0147549671624
-39.5918095570822	39.9799170991002
-41.9302043502952	42.2966316950517
-61.8633842359805	62.307948309327
-57.5802687331697	58.0877809678799
-39.7898433518159	40.059904952765
-51.4973723076416	51.8754731250568
-23.9054650221408	23.9549413446286
-10.2049194396374	10.21746893126
-48.5163192029722	48.7009647703761
-39.6102415553464	39.8890709286747
-72.5741959350631	73.0666194024192
-38.9851807196307	39.178321682003
-30.8924705988545	31.0354925646008
-43.8333141877528	43.877837965448
-60.5925439325539	61.0722549819573
-8.21295441076006	8.20939518364087
-64.6857519801838	65.2422527865329
-30.6667297896368	30.8541080333127
-63.3612179136074	63.8092663256339
-24.6264725962413	24.6649358189325
-53.6847312429229	54.086343366232
-3.23196593496364	3.26333958911332
-24.085276710188	24.1313365011191
-51.4017295064364	51.8834991156285
-20.1968225949751	20.5707218027399
-16.0170228375862	16.2233615423054
-42.1582531693053	42.5914647123199
-48.0806524094141	48.500539124109
-28.3993637427806	28.5282655876022
-41.8982308806561	42.4217089549058
-47.8436723624662	48.1939232069851
-39.2928731349757	39.7854666971336
-43.8230477913373	44.3061196343538
-63.3012286272168	63.6353309144597
-35.5571815600879	35.6073746689388
-19.2947740358461	19.3119443420216
-4.69434041024393	4.73923048862363
-61.136190913984	61.6786994889899
-21.297721428441	21.3086056214783
-15.3555463310782	15.4376442628159
-33.8047694714577	33.9976456055133
-50.4863388658613	50.8707905318915
-31.2242781002809	31.3779782658753
-46.0778075241012	46.5347901784284
-11.1100684179257	11.1534060243665
-6.39924904578508	6.42975298746538
-30.677104851134	30.8530249998746
-17.0904548633421	17.1210051923732
-70.5504446231396	71.1090547795297
-35.5177902270738	35.7827629084174
-27.4151657357989	27.5740572960015
-3.93843242239275	3.96461861056106
-42.1045551787791	42.4807448683499
-6.3323024255911	6.35191720529102
-61.6256875145369	62.1069883424734
-49.4585229647201	49.8604154141614
-20.530710532126	20.7726411083295
-29.2564504414449	29.4630505283693
-48.7501470925847	49.0530185362508
-37.161636914132	37.3960632026232
-66.0213735814779	66.5140578015847
-7.85901242854106	7.90663493503954
-28.1111388702085	28.6597765807582
-19.4239140494328	19.9999547732062
-6.81196314948368	6.98799050905753
-48.5217387158705	49.0416037969657
-27.4009671548511	27.4464737714752
-59.0667645180744	59.6211278622492
-55.9331155227615	56.4131709205071
-71.0701193485204	71.5456530372111
-5.16459979259104	5.21269811914128
-53.7743337258823	54.1362428720474
-6.99636430411132	7.06051408981838
-55.1036928885324	55.5606180793696
-33.1570965916283	33.5483489730016
-65.808154510425	66.3030098671967
-2.70574483281421	2.71663611319159
-65.4465888594187	65.8750176776506
