0.199307344852609	0.583252359124323
0.199936079836195	0.606684457720151
0.127991838666179	0.39780756403147
0.202765100765918	0.647422512104417
0.0653169504569353	0.271982560186982
0.0788523811924445	0.274492582098829
0.00329644592152582	0.0099687494356176
0.0774693756028354	0.175293867519555
0.00477596564754799	0.01654791002927
0.14577545814459	0.358098885035147
0.00877803162798379	0.0904734173268555
0.0328347205482817	0.164516947110295
0.20355887492876	0.629779405079717
0.134628272487284	0.296711262544915
0.0188008752407081	0.0348798910687544
0.00929906243048584	0.0303615128464934
0.177770672205808	0.504400554772409
0.200562332977169	0.547131469076177
0.201668745738346	0.535363585106865
0.191428259036196	0.439552642720236
0.0425353121430024	0.13309306966942
0.175750791977305	0.512187650662365
0.0282478292663582	0.147749581213202
0.167440551024685	0.462708942844374
0.189400015944312	0.624179090524668
0.208460639154922	0.632790444340222
0.195691441115222	0.478299267752855
0.0442916418874221	0.11838880245936
0.20392792037824	0.549314895229555
0.0349367657061973	0.175745772437266
0.190855039160105	0.607331948131111
0.00406407758501637	0.0136262940586063
0.193407459566499	0.578280160081392
0.0702670490862077	0.205700833621124
0.121508994636012	0.378638442088922
0.155373274680481	0.491336924386634
0.0414798663241807	0.153611778387735
0.203293525360647	0.626477626725164
0.199084035479395	0.586952439026371
0.199649727676644	0.548171196798734
0.149548226280016	0.404695792662937
0.0148701873132434	0.0271796174719861
0.0287519488520713	0.0497734674525141
0.195108096785257	0.572648997438355
0.198329621538851	0.491678974802508
0.200019313184533	0.515977012315449
0.197235214564502	0.661083763643137
0.0217759800961148	0.157348291548318
0.0267364251265888	0.168923162815964
0.0509970576891827	0.200577483980116
0.1877130150475	0.577523329420848
0.198318817697829	0.651007117034834
0.205935445177956	0.620935021377031
0.059143966157942	0.246787981566613
0.194251144115261	0.630165150255583
0.206286598046367	0.612556666143996
0.0594011210112549	0.15615845024726
0.0476698410796756	0.185616497203179
0.161223262207212	0.408067734992954
0.197523085981537	0.573144577119652
0.11400554717078	0.371275594975307
0.116859226082545	0.332294393096027
0.00685721596433279	0.0243428321385802
0.0333476796256137	0.119156066374189
0.0765046897909645	0.364795086414834
0.20313496093321	0.634455372017513
0.0449602496019615	0.103257817853666
0.00466965996465839	0.0135978601647353
0.161721081049171	0.506648095665979
0.1341369503135	0.497682708691218
0.192860102165802	0.485777782258544
0.00516450102101205	0.0446479432935291
0.205566403536309	0.537828653946357
0.0489748553263092	0.144829040962796
0.0139536483740887	0.0371159384906166
0.122935027024547	0.371036349942756
0.0172611777146051	0.16587844292326
0.192331414158442	0.604651475685941
0.199035226854807	0.509526985023691
0.197314067175173	0.579894573290589
0.00671506624037764	0.0418534078699887
0.072496553263452	0.311984413311507
0.150419809181694	0.467493819168603
0.0237574668378941	0.146091568831226
0.207199206912085	0.620144800086905
0.166826755357031	0.531951639043568
0.205576898670508	0.545276529811902
0.208390817099067	0.641326775795259
0.203056326968124	0.63597670028574
0.00765499868786815	0.0198500942038054
0.0167411942963355	0.038762702078174
0.0162634340981805	0.0365735898417738
0.161541460186242	0.532857850281589
0.0420201780007579	0.0916620491912152
0.121833442920579	0.291462503945111
0.153312112238491	0.470710373595593
0.194400306024632	0.521028171403357
0.0167234356379467	0.127037295923322
0.0128792002725985	0.0528078224851709
0.00316288794341549	0.00832129343977291
