0.0290230517229822	0.0143358295806059
0.262703981484229	0.241082393134873
0.3241425127281	0.282868249712935
0.32862788722023	0.263817518253487
0.0370614404647791	0.0624476891317133
0.372724032639854	0.390404561110388
0.381836628242263	0.413216272691715
0.34077801178132	0.439094303387869
0.170250155897051	0.337297569385493
0.150633743225951	0.151418620999755
0.0364771633474271	0.0412807963850222
0.0247451056469567	0.0238735949609743
0.369051829500439	0.38946730264814
0.382190922113536	0.429866493487939
0.0450582733317486	0.0417593464245586
0.0412825425292373	0.0349099188366888
0.38260043586407	0.423316144177539
0.0336377918211252	0.0347033969956766
0.380395797848789	0.445015397184918
0.00965872366205058	0.0064531308153395
0.37971712499738	0.436732165979433
0.0646603822717019	0.047331171048214
0.0116052516739521	0.0127962461037175
0.382787166397258	0.423260011238526
0.388485194220894	0.396691035249964
0.379697964723493	0.443844869635989
0.0257447171243245	0.0176571316496259
0.379265485543105	0.41697374053756
0.336450824710999	0.441199551301655
0.0973545576826152	0.0191422280805397
0.381196866680443	0.410071408681734
0.0340653996771809	0.0260990088179227
0.380008574110929	0.430142942297229
0.376766177541887	0.398626989446146
0.0182596373930392	0.0164328832861345
0.346451259262559	0.383506141533765
0.369284190418807	0.407732271047326
0.226051728232185	0.28958643878575
0.301612769896762	0.297910324513098
0.369125777543332	0.406954060096987
0.0598369945930569	0.121621782211799
0.00957944259183582	0.00206696916537036
0.082532617363715	0.0610191633467925
0.313690138049032	0.376945184226802
0.377708456673949	0.432825860660587
0.356842692580957	0.456791029278405
0.358154827769878	0.2926604719369
0.365225293418254	0.356215251907114
0.378905075756726	0.415927127872868
0.353821757791786	0.326681303819801
0.357284996835877	0.296456813472687
0.0430500220219193	0.0225467755588752
0.312317989599039	0.362191952440157
0.367023793882628	0.410463830701732
0.231758842354535	0.257003522097742
0.351899480174657	0.41764144987553
0.0241225353474184	0.00689210540073472
0.384123998432746	0.412245133065299
0.386439696552063	0.397997781715304
0.0451990642319981	0.105954281939567
0.323012415680594	0.179523483833141
0.244935438922728	0.251890036051453
0.348378997455542	0.422052193589291
0.360167613956379	0.334760314483238
0.0551696985373635	0.0421348321257249
0.374494785948881	0.423646833709584
0.302946428428882	0.366336674250273
0.00717225099032259	0.00393053715845278
0.378171354331345	0.423191410805556
0.353479739182973	0.399268182810973
0.03382165499997	0.0242573549682282
0.367031157962288	0.398542853637566
0.202076738719177	0.288125702676013
0.363532215692049	0.282207906721665
0.372281728854629	0.428992732329969
0.373795392019356	0.42491763203573
0.0400919165378759	0.0410188177684096
0.0411563163043435	0.0394110195253473
0.00965518459360344	0.00975094559422328
0.375809989354457	0.446310895189781
0.363251373285795	0.345870499169019
0.314530132666097	0.187656129772672
0.373263734582824	0.415232201742309
0.0305768180713986	0.0964065766988032
0.1339639104032	0.148215304985743
0.374855311860415	0.445642792798511
0.365271380672108	0.353994894306288
0.07660550842483	0.0542712047661635
0.379450573326551	0.450037413888712
0.0293456432492329	0.0198378733440913
0.0485270848784652	0.0365782763548933
0.378789630627507	0.428437968579725
0.00940620213188526	0.00227758535684346
0.0458544884001741	0.0246659040390391
0.0198601973622729	0.01463004965989
0.216170385505937	0.227697862292407
0.378622181594786	0.433604300073623
0.0188629075105701	0.0072596844142924
0.371858229236257	0.441691681012191
0.378778164002703	0.447327024999444
