0.173047333670829	0.233882736791293
0.00643671819493824	0.0177164333305767
0.29553286442066	0.542485919126699
0.146166289886482	0.252142857332187
0.0879258026038746	0.152104197578871
0.17776926499234	0.310462924694975
0.0662485225932482	0.0983036072844545
0.101141666580287	0.225716605535628
0.144317900335037	0.23650005315425
0.228748829494834	0.48462740845544
0.229743509538456	0.434182530995974
0.207935880527042	0.454551141367471
0.20400659946364	0.421720984479134
0.17126833166858	0.285921933774598
0.164183187971203	0.283782465308307
0.0632951229049893	0.0209645192098616
0.236231973430424	0.42091402079865
0.15538654054981	0.374517750942085
0.263094369664971	0.500186061347435
0.117795456846233	0.315517505719443
0.257316589828838	0.47002224047426
0.282245259721098	0.447936240302512
0.258421617912064	0.37018360178422
0.193378194212401	0.254432554320835
0.152999728185494	0.263706204141924
0.161252915793708	0.299871145011945
0.157013259468277	0.289412410521634
0.283468207028719	0.538771496513474
0.255987580859401	0.389351484302351
0.16743976689156	0.308220740284874
0.0811560855672854	0.255773940659933
0.0357824415667373	0.0190328186342914
0.0939615440343271	0.0702403182184598
0.0790094937947666	0.126665634222817
0.00456792732111486	0.0008820017892626
0.124391170542674	0.439223373657217
0.0920349974732491	0.0338620661055036
0.0371708847317576	0.0661389727163947
0.251558860085213	0.560175287615342
0.187747229121424	0.272267872253443
0.271344972995466	0.509485016742027
0.272619416183057	0.450368911063873
0.122510548752296	0.185026689215353
0.0410253706976937	0.0589273063088052
0.151927954494216	0.253896080914435
0.224774594324424	0.538999939138781
0.296564268409596	0.5507502910829
0.0271882226007156	0.0559120778465168
0.136468167510367	0.290820477875523
0.164011325775966	0.277508992475739
0.238100844578893	0.496495772349533
0.19764059081474	0.427265764860061
0.234972887896394	0.491279983554827
0.268249833781989	0.456591432944498
0.090614363469265	0.15029810351212
0.223926640827806	0.509355490363415
0.238964046764934	0.460243493356874
0.25286763558255	0.467988518238181
0.181463813098473	0.303496582856506
0.064654587150178	0.130677244236127
0.0364221412463869	0.0452272407070042
0.1037834693453	0.220953529181084
0.286201743423318	0.537890966323513
0.0382898623698392	0.0685548576795777
0.285587894086512	0.500799639560241
0.224307485313574	0.473528179858909
0.288670782204126	0.575198735933992
0.235897873356919	0.565091429731711
0.277732826331302	0.459548032323036
0.295468714685234	0.548458675040614
0.0202460970336875	0.0407643061404821
0.0642870705313211	0.144910245173637
0.274434968750014	0.425711217249167
0.281261973287175	0.49238564250939
0.0719021909912443	0.141879357063979
0.28358047603525	0.509790235184307
0.270132175470974	0.578438624041569
0.0147413039483635	0.00124701108162773
0.293177503276378	0.518432537755462
0.109189235243894	0.182478237613641
0.274270955754652	0.543198569632917
0.0136378595694086	0.0177127856001707
0.197089695156877	0.343343833290206
0.290409771319511	0.49780663376514
0.017763638870288	0.0583642207097938
0.0868305548716457	0.181519371162354
0.146126323418895	0.263121145654176
0.152166433616327	0.222166540996971
0.179186678546011	0.516583528535642
0.0273270055789485	0.0417053550368297
0.256987819199038	0.427697618948728
0.283706350727776	0.496225346012271
0.0285508731422016	0.0510898645477402
0.0389629885716564	0.152345290326381
0.0252179832460251	0.110019594073318
0.285637867998145	0.569009864612222
0.258754677421952	0.393138498598363
0.0515862368022803	0.0978464764463873
0.258051665661027	0.516172878285851
0.110875320068767	0.137431402569805
