0.0665247543909167	0.0311605469437935
0.490606106605007	0.11692669784602
0.500240927295004	0.115526901326791
0.100094070428043	0.00623863643859633
0.346597879662902	0.0470846163302575
0.0987432464798488	0.0619109828620327
0.286189678439949	0.109202578512165
0.459240565072249	0.0816168931133323
0.603880206184288	0.100689365690799
0.318866326684887	0.0949467608714888
0.000638914454315106	0.00016689374585827
0.449813764969755	0.0881088117235104
0.61301707972623	0.0944307337799771
0.592738253340195	0.07838630989068
0.622897060958807	0.0980641002644353
0.037755718600005	0.0148465948047709
0.595379449840646	0.0998147615416748
0.0370199845635443	0.00813164739917943
0.647451519856372	0.0913684965845389
0.455755570859566	0.060938865237025
0.62834750931823	0.0921805781974638
0.0296910706124355	0.00810780502726169
0.211986154930825	-0.0100107037212131
0.294106467988699	0.0613861465218303
0.014697899896759	0.00994730820477879
0.642445516056828	0.0912024023919573
0.581769754134742	0.0696148499372652
0.0803148348421033	-0.000771405056117542
0.428072495464547	0.0576523978966302
0.425382332956964	0.126345516024465
0.571601053632036	0.0917414607864492
0.0308356897357161	0.0067909508303554
0.188007281628484	0.0306294658191602
0.299991333923114	0.0387859149408753
0.194927853544261	0.0461514350243946
0.448905928793874	0.105586046038502
0.0522601946928956	-0.00176497841330339
0.389517915785875	0.0813710732095087
0.570740768212324	0.0814969470557529
0.551303969106007	0.108262772908095
0.384311128371993	-0.0218834775115001
0.602452095617471	0.0960172046832297
0.59383182256504	0.0994566373471312
0.281857775670635	-0.00400750157446981
0.440443043079597	0.112799957787813
0.531768283241506	0.0994812153501366
0.0148751003963662	-0.000574979167626548
0.487683855956681	0.0902253788992702
0.507500176461158	0.0633472557248719
0.346345259964516	0.112773260306129
0.57049807439852	0.0708927926148457
0.295397547208191	0.0651321512637286
0.605701564105292	0.100902037913031
0.426303815891703	0.124231845172469
0.497905342281719	0.114722850917811
0.541945438946601	0.0784963394672666
0.510929583779994	0.096432232089624
0.203700684469207	0.00192046787322502
0.454527047357925	0.0563407555981061
0.560535206335025	0.0702769861527634
0.0700226504343536	-0.00259257650980631
0.307494646808172	0.0328785684235587
0.455567208403637	0.0598090205876638
0.044672646940377	0.00462074994402114
0.493978107703428	0.10128329925919
0.511473496808587	0.089478618412709
0.515233248194668	0.0900237660632521
0.0449230545808548	-0.00516038400376049
0.495230845743781	0.113258356090418
0.0924629402571185	0.0130503790880666
0.0391108320878393	-0.00321024329961116
0.552367398070506	0.10996514355262
0.610890230956936	0.100962824090655
0.0838579641964933	0.00709454739019619
0.505630934134789	0.110222130554752
0.310681144067593	0.0329946126213575
0.371482877226593	0.061400698206815
0.404772137847519	0.0466455777532033
0.0292112785518607	-0.00258044587046291
0.290905288536802	-0.00952143599172177
0.0584734325359833	-0.00151503967251217
0.150080572450878	0.0426573140100177
0.513500339022079	0.0861665345343319
0.532819982476308	0.0901968960187589
0.554242398454996	0.0952691465652258
0.246480702550759	0.0496336495575243
0.567911410652272	0.092544388474309
0.183978013498091	0.00762823966250252
0.019379472766192	0.00899896888779163
0.0606207047108157	-0.00683862196139889
0.628309398041828	0.0997148244688675
0.379129335830599	0.103794769094769
0.0141916556025583	0.00269061037170975
0.217848431159843	0.0594138809541197
0.466138798449271	0.0515346706026573
0.483910874266092	0.0892118826040977
0.534081807460898	0.0931213248396257
0.656801629722867	0.0896737272489305
0.0148162929737184	0.00523426279602699
0.259899473831471	0.0438517944551144
