-3.1847268173389	3.47701185602865
-0.783402615438786	0.782254336430485
-5.82803927068007	6.35473719999463
-3.20247029647613	3.4756071198152
-1.47343739334856	1.59804501141842
-3.36680513186711	3.62505950035812
-1.10139441659052	1.23555467619275
-2.58816413714129	2.73016136874535
-2.52128103763314	2.80446829055821
-4.95581761165923	5.34586950395812
-3.7475260495404	4.27647577156183
-4.57117699463023	4.9495452905063
-3.34400378611233	3.72566959011799
-3.31931701113206	3.63122470212123
-2.78008214434923	3.06708717666896
-1.82203513415381	1.81127184862105
-4.11642223132528	4.57591244130041
-2.66873255425643	2.97824149091505
-5.79413079253485	6.20834304467919
-2.80626237163901	2.97478845611282
-5.19062937084361	5.56525259368637
-5.67968348039449	6.18608264347067
-4.00924956411677	4.51257795463644
-3.15904665647674	3.50370076853707
-3.52881898607992	3.78292341163987
-3.53322641111619	3.81596202383127
-3.02248572925971	3.33303151509769
-5.45143776574661	5.97070132724396
-5.21877065106808	5.72934323527525
-3.52397345744659	3.80197589600307
-1.20311867004857	1.45865402893505
-0.532635444369335	0.548636000631633
-1.75517245774278	1.83788862812606
-2.22143421964541	2.22141458931377
-0.16058488577467	0.157986731634046
-1.72744566337247	2.06589560558934
-2.78293362566827	2.82758116832647
-0.99144652452213	1.01513281699957
-4.70768457166785	5.18362250981069
-3.7245410575384	3.92602804191364
-4.29031206586115	4.85422067603996
-6.11908788222768	6.56436400781995
-1.86795437112525	2.06531593354951
-0.343458150081021	0.393233073818006
-2.73005837934462	3.03694139487823
-4.37076562462444	4.94114094782766
-5.68509430505596	6.22978254706429
-0.46940148832058	0.486826649446033
-2.38274604245729	2.61802593490107
-2.89573456488548	3.18237803618402
-5.37692191012308	5.80207942652273
-3.66903215802352	4.02609315670449
-4.53099617656696	5.05525708520262
-4.86565332760894	5.34191619358755
-2.86840618847281	2.84137259869094
-4.31274087864753	4.83872301450884
-3.6886825245249	4.21596600690044
-5.12580104693035	5.54137548039668
-3.44588430704457	3.76002820033954
-1.3148917538442	1.45435480348523
-0.625896495572954	0.659526185087671
-1.99313199312373	2.20218692382043
-5.78738783278844	6.25501892749689
-0.450343611660752	0.511672368265774
-4.67354125111568	5.22774947635888
-5.09687011333384	5.48214914138117
-5.17623970533121	5.74791623653401
-4.64858497788781	5.22352905928449
-5.48548728787017	5.97987949242962
-5.7680281420961	6.28689062588422
-0.324331361656567	0.350587904411295
-1.09859062489122	1.24950956426551
-5.38346783685698	5.88796634544286
-5.08165885821909	5.58879886222919
-1.67531249636963	1.78310826543231
-5.53343414685014	6.03553153884799
-5.17364688198884	5.7052233741038
-0.607864276917039	0.603086154852986
-4.72322812709494	5.20671709393288
-2.9165526565169	3.06911999142044
-5.54530891511752	6.06401724035974
-0.95227344516442	0.944801241967523
-3.07208167050772	3.425835688656
-5.82841761338438	6.37333200113851
-2.3706404177725	2.35229821023866
-1.90952800325083	2.03103046485308
-3.432710553498	3.65954236666211
-2.22102438694799	2.50678165290175
-3.95872169626786	4.25600268813029
-1.66323902248845	1.66992217156729
-3.5457828996949	4.04839243258923
-5.31865044626961	5.84418189646702
-1.90723578042012	1.91422257280684
-1.84624122004149	1.8355764012399
-1.13581408767264	1.14090849851846
-5.26488554908435	5.81837639879369
-5.83173169163457	6.36682324824665
-2.96419416515498	2.99226767933885
-5.43845736153302	5.92111654326273
-2.11565133161833	2.2797081706231
