-0.0606667140435759	0.0693981439554304
-0.296476639114836	0.286031110581686
-12.5500445281437	12.9169892696336
-0.635187341599039	0.637013701215265
-0.119700737796973	0.126730096266517
-11.0337587620823	11.3551232726197
-6.12497659857526	6.38624193807434
-6.92396866390315	7.11863177343341
-0.0800946373683617	0.0917563471291022
-12.4517722997602	12.7649903194044
-12.2669780123281	12.5544705647104
-0.00376538357317629	0.00435891457725046
-10.9686066767793	11.3673142073723
-10.2271572525351	10.6324459066472
-12.7155878187711	13.0516077236981
-10.7434164644754	11.0855335632364
-8.85371241907794	9.17489647894147
-12.8619991998075	13.1968132549912
-10.529340551369	10.8753351848491
-8.81930729860211	9.03932013645094
-11.0693865241772	11.2517858369051
-12.3181306492737	12.707611299595
-11.0546286956799	11.3830666448555
-1.34451766392775	1.33011190003159
-0.273317922129536	0.2791324394998
-3.13130998011826	3.25909231119611
-11.6418630307124	11.9937415612609
-5.97210334662803	6.18533009503662
-3.8358659854202	3.91582021276192
-9.87744500976093	10.2184896525105
-1.44714106391712	1.52086532664377
-12.5021819776232	12.8245933800498
-6.74054664274929	6.68932643047587
-9.44468935365987	9.836594663991
-12.5839382787008	12.9068310879365
-12.0997120327357	12.5329239588947
-5.50154492259589	5.66021444896342
-10.5458555670991	10.8028807099191
-11.2507582005929	11.4400196607082
-1.14473146316669	1.15767910754997
-0.514233009864757	0.514705962099105
-12.2266387829252	12.5667865904529
-0.252053253507043	0.259943469387308
-4.62142969557418	4.7181591890124
-2.43279772026574	2.45774385748121
-5.40008003269422	5.62425135358605
-5.37957402504857	5.48381122627897
-0.153973813091285	0.155288209489289
-11.3512443557561	11.6263250316827
-11.697841822042	12.0274301566212
-6.87218564956334	6.9192648257617
-3.28819807089391	3.28180101574814
-10.6409305977521	11.0375715881059
-10.3537647675263	10.6812585415832
-9.3033324083927	9.52529794134507
-0.189923048645319	0.187985348196005
-11.5208268866709	11.8677949048739
-12.3075076587139	12.7045783220065
-9.72292882130712	9.98694000194171
-11.8180510865401	12.1518583929897
-11.9526243783775	12.3070665465153
-10.1935300279764	10.4193714379848
-0.239105938726772	0.247709810776403
-4.96543588497709	5.1076514326231
-10.1855054572131	10.5682733472928
-12.4322568380738	12.7452732312042
-11.2949975385768	11.6618816843124
-12.9151468038002	13.2423431622086
-11.8935517641247	12.2857042357431
-8.21287837087635	8.35668723247479
-12.2548423875533	12.6593699955215
-0.0644283718966407	0.064788213948219
-9.38107180953146	9.68161960587092
-8.6836400019418	8.94843125126021
-9.8763672804853	10.1044422424656
-0.624632564913574	0.6747525700306
-11.8243883621226	12.1675582113016
-1.56473479313015	1.56717538295623
-7.59815538339886	7.78738307478578
-6.37274718083862	6.55460403863203
-2.06882925177366	2.08166554491828
-9.83424550353589	10.0788894835842
-12.2091699399052	12.6006716979208
-3.01718512093456	3.11644232624262
-4.3933585807873	4.59764259032893
-2.68958164640791	2.81359809003013
-4.30709949961494	4.46639270966037
-5.32404652508432	5.4497532266389
-10.7649661253788	11.0670866382449
-3.25736323580208	3.35253092002428
-2.20376700646486	2.22995367796062
-6.88531278786294	6.93893504184129
-12.4826981868117	12.7870618916154
-6.17223900947392	6.35726710643945
-7.84931566010341	7.89840712881594
-12.2787546893068	12.6274494614402
-2.41875578637651	2.42265544489509
-1.75011342233509	1.76245514448013
-3.31679051144514	3.3332758273646
-4.873718775421	4.99279958493569
