0.943136582046613	-0.836421574440849
2.11140625752306	-1.66742878617881
2.40553831573355	-1.867201980912
2.43152530654701	-1.90558846164976
0.347275225191583	-0.317728331552477
2.18065529107359	-1.65715618894554
1.77171200096274	-1.48840799770431
1.33943149388505	-1.11022127521948
1.995652417928	-1.66208077842766
0.304195527535587	-0.234524421007234
1.15200723516823	-0.890578491392403
0.152379943944415	-0.148341624299133
2.52645399323346	-1.96526729917811
1.92810093969178	-1.57033060604826
0.511967419846587	-0.499585082158193
0.779737953627658	-0.693231616911187
2.30898776076942	-1.75021980896754
1.5551486957125	-1.39921145647492
2.57802490738937	-2.05047662929847
1.67411920106006	-1.41163543350116
1.49029223598101	-1.18931981150206
1.32832662288004	-1.03534774547534
1.0185939069677	-0.821634687287944
1.72026123361867	-1.40268753633749
2.03770398303488	-1.62683109460599
2.86483772700637	-2.36151922840176
1.62740838579256	-1.37240960035197
1.65671187580761	-1.3067519856251
2.24836433224365	-1.67472119556004
0.566680498240474	-0.433097803940243
2.59547040770868	-2.13057310858623
0.026215513864075	-0.0143782428879409
1.92099553896992	-1.5857237484217
2.97075915341735	-2.39749576438195
0.0435748792287825	-0.0331165707742507
2.6230810002786	-2.18309332009309
2.65855940261338	-2.26595210984675
0.565445575506796	-0.569089720590706
1.3792118401335	-1.17204250070823
2.52330869699661	-2.16113430101817
0.384695950842697	-0.356084036981066
0.576331712073852	-0.465605515322531
1.77208742338592	-1.32689346144306
2.16665777002362	-1.74815687333145
2.95840015256686	-2.43648587251892
2.89986445047081	-2.42224741200246
2.49305856402277	-1.94848948809403
2.24045110412689	-1.72701198995261
2.37887404539899	-1.98211877427888
2.49418363863687	-1.97510307545175
2.38336949580179	-1.81541416404028
0.23951452587344	-0.211781606983447
2.39503017828454	-1.94709732585305
2.74876969289092	-2.27563629948515
1.39036372812484	-1.08005141297715
2.32536636561026	-1.79361534832071
0.405295876001456	-0.325385154196221
2.17052113341993	-1.62216294497207
1.88974255112582	-1.48072954748996
1.91693642191228	-1.57241906716059
2.27688377297554	-1.70926067020419
1.00529964978027	-0.929937557396561
2.36817030582998	-1.87733138955218
2.23042627128131	-1.69755996192091
1.24795351159551	-1.0991139070108
3.00010934733525	-2.49986703429783
1.45410673608519	-1.06844358286043
0.285620620335581	-0.26197054162616
2.10699762143855	-1.72422302681001
2.2005493662277	-1.67679324120616
1.18115348302475	-1.1075324725728
2.53751108065594	-2.01056531750347
1.60613128753931	-1.1923101419143
2.32377174997113	-1.75436481182822
2.72099855624535	-2.22535083493774
2.44687323106186	-1.90451127950987
0.782196089265343	-0.747599543169821
0.91272477158204	-0.76622606941249
0.992864398312243	-0.875741493615275
2.93484213345233	-2.4417583583312
1.29366466318296	-1.11289873556617
0.891111727687021	-0.752175732465301
2.1981039460939	-1.66260681981222
1.39077785341168	-1.25461304964885
2.05400035010769	-1.70304393759259
2.39086149773022	-1.95577264276598
2.14427885142564	-1.56651127307675
0.771600290087423	-0.760295179967227
2.06034728350733	-1.58463134743013
1.56182578926906	-1.40709048701963
0.536515955743872	-0.471029141964375
1.43063630698271	-1.11865320285571
0.33642900251975	-0.244198736238565
1.24005881797941	-1.09782475197063
0.917728280378204	-0.790591633562486
2.31009731802685	-1.81195444495225
2.88669300606116	-2.38446259801001
1.51887117323968	-1.23592082546255
1.87861913737958	-1.52935483804624
1.84668014182994	-1.46121629044875
