710,103,5029,6186,335,3865,7984,5606,8078,1205,6917,1008,6687,90,8173,7891,1927,5414,3101,4809,8328,4644,8409,6996,4323,4740,5682,8488,1761,4384,5693,8542,2587,6378,5600,5262,1595,6885,2615,4631,4609,8646,8746,6944,5983,1431,4800,8831,8930,7761,682,5779,5577,2438,6546,3863,7630,4340,4611,992,5536,2318,7651,9125,146,6924,9183,9250,5661,1828,1094,9337,6945,7338,9448,7143,248,6280,2182,3028,7319,339,6066,4667,4014,5655,4282,1767,5865,9569,9669,9766,7480,9851,715,3712,3442,2937,96,9901
301,4177,7313,6703,241,1642,7985,3560,8079,515,1937,271,5602,3988,8174,7613,3006,2460,1259,4168,8329,5280,8410,4976,5284,4889,6558,7552,2539,196,5843,8543,7211,6837,6414,1566,4651,5458,4702,3359,1316,8647,8747,1693,6983,230,3341,8832,8931,6314,4494,2482,6351,3409,4438,6794,3735,1772,7439,319,4118,5452,9047,9126,2736,4989,9184,9251,4674,2077,2532,6750,6809,7703,9449,7542,1503,5815,717,5140,6933,4305,1402,1703,5574,3222,312,1443,3628,9570,9670,9767,4854,9852,1451,4801,6158,1533,4280,9902
3455,1123,1922,4790,668,4396,7986,3072,8080,36,5062,6081,7399,67,8175,8273,1199,2902,654,6942,8330,3276,8411,3532,4734,5504,6729,8489,5101,4254,3969,8544,5421,3954,5134,1742,1808,6957,6580,4388,7104,8648,8748,6441,4900,161,3185,8833,8932,9030,392,7227,4169,6182,4602,6276,7409,2208,882,2661,7010,3567,9048,9127,158,7086,9185,9252,3275,1082,4998,9338,6496,9417,9450,6761,1380,3942,4062,3425,6788,226,6588,4543,5880,6393,2110,2354,4026,9571,9671,9768,5044,7972,937,6900,5703,1502,422,9903
503,4862,5526,3108,969,3662,7987,1994,8081,859,5729,1856,2513,3355,8176,7892,2701,2447,2374,2120,7754,5484,8412,5404,2599,4233,3888,4670,3841,4406,2895,8545,4246,1585,5225,2629,3633,2828,4468,3062,1670,8649,8749,5684,3644,931,3175,8834,8933,6534,3773,2700,3498,5264,2257,3950,4066,3748,1041,2051,3906,3115,9049,6893,1242,5255,7498,9253,6091,1816,1788,7607,4546,7578,9451,1362,804,3292,1532,2887,7729,148,4058,5894,3372,3465,1397,1826,1154,9572,9672,7968,1078,7819,914,5507,1696,3960,2316,9904
1407,2302,7843,5635,245,355,7988,778,8082,693,1135,420,3325,1676,8177,8274,5183,6058,2052,6435,8331,7459,8413,5201,3953,1722,6176,8490,5726,880,4536,8546,3801,6919,6697,6271,4279,5921,3214,3228,6698,8650,7855,6120,3262,708,4858,8835,8934,7304,4700,4875,6510,4794,5300,6620,6673,1149,1622,497,3114,1782,9050,9128,295,7157,9186,9254,4588,4756,4317,9339,5907,9418,9452,5396,3696,3749,2546,5893,7433,412,5375,723,4085,4482,1679,2473,5951,9573,9673,9769,7528,9853,304,1287,4579,1775,1484,9905
2897,833,6896,5971,350,5465,7989,286,8083,188,4137,4938,7244,46,8178,8275,2204,5662,857,5910,8332,3676,8414,6862,3299,5948,5705,8491,3360,1711,5636,8547,6377,3785,5773,2856,1914,7482,4049,3980,5614,8651,8750,6230,6152,903,2313,8836,8935,7519,901,6006,7085,5717,3311,7565,7596,1129,6469,1898,3614,678,9051,9129,43,6907,9187,9255,4876,1237,5678,9340,5877,9419,9453,6572,2060,6265,3312,4558,7549,151,4788,4882,5624,5863,2655,3792,6465,9574,9674,7816,6257,7783,815,1405,6514,1324,671,9906
7,1,3,12,17,56,566,1953,5337,4848,1832,3822,6467,3514,8179,8276,7034,7425,5347,6861,8333,7188,8415,5878,4587,7189,7181,8492,7061,3663,6745,8548,7172,7523,2359,6926,1718,7115,7071,5950,7262,8652,8751,5367,4601,5250,6607,8837,8936,7628,4932,2544,7573,764,6928,7476,9037,7468,6939,1946,4408,5700,9052,9130,3547,7566,9188,9256,7149,3916,6010,9341,7375,9420,9454,6447,3434,6055,4117,6508,9548,5415,7229,7600,5824,5631,5998,3858,6536,9575,9675,9770,6937,9854,2819,3459,6677,6369,3727,9907
1414,468,1888,2930,1702,366,7990,3067,8084,4266,2869,537,5841,61,8180,7893,2983,4465,2390,3852,8334,5932,8416,2715,2598,5591,4878,8493,1791,4863,5687,8549,5874,2271,3828,2010,2717,6904,6869,1251,2802,8653,8752,4533,2193,132,5287,8838,8937,6647,1507,7026,3356,4925,6571,3896,7142,2811,5288,1965,5082,6122,9053,9131,2006,5881,9189,9257,6963,979,4537,9342,2671,7811,9455,5563,331,3949,2402,3711,6946,735,6092,4845,3832,2720,5038,1331,5093,9576,9676,9771,7386,9855,3484,1423,1993,5226,285,9908
10,5,6,14,16,32,400,1309,3844,2144,7151,5546,5224,776,8181,8277,6966,6980,4034,6025,8335,7224,8417,7737,3652,7132,6442,8494,6079,7236,7919,8550,7103,6061,7504,6682,3610,6840,4231,6037,7854,8654,8753,6718,7483,4160,6396,8839,8938,9031,4804,5716,7467,6151,7272,4209,9038,3441,7554,1465,7484,6375,9054,9132,1013,7250,9190,9258,7126,4886,7079,9343,7396,9421,9456,7776,6331,4840,3150,6040,7813,2763,7749,7486,6658,7127,5923,4522,6987,9577,9677,9772,7782,9856,4009,6763,6833,7286,1547,9909
2106,649,7347,2672,297,1257,7991,4766,8085,4949,7235,1354,3188,48,8182,7894,1930,5991,3142,5074,8336,6385,8418,6258,3862,6948,3807,7914,2196,6305,1714,8551,4880,6436,2261,2307,3899,4369,6922,5637,3069,8655,8754,4945,5876,116,4978,8840,8939,7533,1459,5897,5572,5590,4175,3965,7277,6320,3212,867,5163,1725,9055,9133,538,6971,9191,9259,6053,554,1867,9344,7255,9422,9457,5232,224,5908,3601,1225,9549,494,5623,3923,3232,6524,5092,1137,5237,9578,9678,9773,7435,7882,1227,4928,6341,3270,35,9910
4114,891,5555,3750,440,1136,7992,2197,8086,276,2468,4792,7223,173,8183,8278,3271,3059,2177,4837,8337,6804,8419,5358,3105,7199,7014,8495,6274,5784,1799,8552,7215,6821,2564,2968,2947,7620,7216,6099,6930,8656,8755,7518,5115,112,3152,8841,8940,7427,154,6905,7380,4274,6449,7098,9039,3472,5202,464,6586,1797,7767,9134,796,6853,9192,7947,6142,476,6273,9345,7205,9423,9458,5187,317,6179,791,5799,9550,300,6650,4652,4104,7128,3747,2209,6713,9579,9679,9774,6790,7973,324,3647,6872,1756,346,9911
2940,255,7558,6991,373,3099,7993,3804,8087,521,6569,751,5947,104,8184,8279,1861,5133,3096,5006,8338,4877,8420,7252,5086,5479,4189,8496,4486,1101,6625,8553,2666,6839,5575,4422,2690,7288,4864,5216,6308,8657,8756,7316,6656,932,5331,8842,8941,9032,450,4969,6346,5487,6198,6398,7574,4453,6381,2002,4891,850,7597,7745,166,7087,9193,9260,4755,1453,620,9346,7259,7308,9459,6303,337,6477,2050,2191,7715,446,4198,4912,2781,4992,4828,1191,7138,9580,9680,9775,6568,7732,626,3405,4917,3483,139,9912
530,1939,5509,2584,1694,5567,7994,338,8088,3033,1175,4036,1854,2561,8185,7677,834,3485,1515,1493,7791,3867,8421,3177,1920,3396,3000,8497,4977,2458,5697,8554,4284,6559,3881,5822,3674,5248,3240,3994,4839,8658,7828,4493,2959,1934,1073,8843,8942,5351,3794,512,3947,1891,3130,3056,6127,4735,3724,1435,3316,1508,9056,7722,1261,4501,6795,9261,5256,2469,1406,9347,2102,7951,9460,4342,2320,3017,1814,746,7667,1468,1995,4920,3561,1187,2385,1567,4004,9581,7781,7878,3151,7820,2263,3933,3400,1343,4449,9913
432,6437,7112,7242,1682,198,7995,6631,8089,1281,4746,469,3349,897,8186,7895,5669,1936,1020,3744,8339,7230,8422,6967,1834,6452,4352,7450,6275,861,4661,8555,7237,5422,1616,3486,8643,5812,2652,5205,6886,8659,8757,3261,4793,725,1975,8844,8943,7520,2774,5975,7351,2093,5659,5440,5677,257,5762,345,6223,6808,9057,9135,3039,6009,9194,9262,7183,2454,1827,7839,5011,7330,9461,986,1068,3764,962,3403,3120,709,6573,5617,1017,5627,1847,1305,6411,9582,9681,9776,3681,9857,428,4855,6867,872,7248,9914
4125,1024,4349,4290,913,2815,7996,2868,8090,211,6664,5919,6671,142,8187,7844,1363,2504,453,4934,8340,7436,8423,5613,3489,4843,7271,8498,5231,5887,1390,8556,7090,6949,5296,3279,1099,7238,6501,4031,6211,8660,8758,7148,5325,66,2368,8845,8944,7092,636,6776,6887,3218,6116,5837,7536,3007,2202,2496,6562,1070,9058,7616,1015,6629,9195,9263,7012,195,4940,9348,6513,7952,9462,2993,341,5892,2221,5532,7516,484,5909,5175,4200,6128,1800,3063,6056,9583,9682,9777,7367,7658,777,5005,5076,1592,202,9915
2031,5578,6701,4447,377,3393,7997,1455,8091,332,6242,4029,4826,410,8188,910,862,4668,2745,1495,8341,5097,8424,5494,3075,5849,3064,7691,4768,1377,5981,8557,5905,946,5319,4138,6272,1102,6365,4922,4671,8661,8759,6433,4813,797,3502,8846,8945,7311,3538,6309,5310,605,983,3703,5879,6603,3187,1280,2705,2853,9059,7687,292,7195,9196,9264,2854,44,2139,9349,6363,7864,9463,6408,4412,2070,3467,5026,7814,4120,6640,552,5988,4887,3308,2760,4225,9584,9683,9778,1857,9858,1210,5643,4856,6990,1355,9916
2704,3351,4277,5744,2392,5667,7998,4773,8092,3766,5031,5060,633,2901,8189,8280,1349,457,1189,3216,8342,3917,8425,5547,4518,5299,3934,7648,3071,2286,4890,8558,4676,5371,4185,102,6486,6387,5549,3236,2977,8662,7758,6263,1419,411,4962,8847,8946,6577,2995,5259,3566,640,3728,3272,4973,5626,3386,1724,4440,5054,9060,7401,1804,4930,9197,9265,5559,22,4639,7337,6564,7463,9464,6124,1524,1675,896,3743,3830,564,3093,3770,3856,3398,3210,2353,4375,9585,9684,9779,6224,9859,2087,5605,3362,930,98,9917
2225,4364,2218,4368,2072,2805,7999,5449,8093,729,5088,4161,3621,3242,8190,7689,787,860,2231,1554,7465,3879,8426,1919,1557,5195,4041,6851,4073,3990,4995,8559,5390,6390,6118,801,4627,1997,2780,3470,1479,8663,8760,4355,1806,486,3208,8848,8947,7662,2806,1358,2911,5068,4541,3958,3636,1684,3544,2350,3931,3127,9061,7293,2143,6268,9198,9266,5004,64,4086,7655,1906,7397,9465,6164,1153,745,3758,4253,7228,1575,5597,5327,4046,4931,2740,673,5533,9586,9685,9780,2146,7682,2531,3545,3296,2824,354,9918
1077,240,4178,6322,315,3780,8000,6132,8094,2478,7529,349,6632,379,8191,8281,2639,2186,2450,4166,8343,7442,8427,7559,5962,1830,5828,7915,2195,3993,5137,8560,2310,7123,7069,2594,4423,5926,6454,2952,3194,8664,8761,6685,6178,270,6418,8849,8948,7492,814,6636,7009,6289,4251,4814,5845,6217,5241,2971,4052,4115,9062,9136,232,5433,9199,9267,7110,1235,1021,9350,6985,7953,9466,7331,250,4569,927,1384,7656,417,3886,5221,3528,6129,4528,1010,6877,9587,9686,9781,6101,7883,561,3671,6696,6126,117,9919
2839,4924,7213,5132,690,818,8001,519,8095,1656,5730,4539,6526,266,8192,8282,3838,2396,3087,3448,8344,5795,6104,3499,676,5943,5291,6863,3574,4451,1253,8561,5995,3622,180,6453,1319,6683,3753,2804,5541,8665,8762,6606,2058,650,2486,8850,8949,7444,3648,5990,6749,6029,1505,2669,7831,6815,6399,2499,5089,2083,9063,7598,3035,3890,9200,7948,3173,541,3725,9351,743,7865,9467,3037,472,4152,2269,2711,7169,1845,5397,2270,4529,4812,2530,1774,4520,9588,9687,9782,3870,7784,1416,660,4990,4216,1147,9920
1138,960,7488,6296,465,425,8002,6395,8096,2153,2323,1243,4626,192,8193,8283,4148,2252,1688,4685,8345,4238,7849,3031,1650,2782,6641,8499,1793,3329,1917,8562,4635,6473,4564,4742,7076,6801,7062,3060,6545,8666,8763,5889,6144,358,4056,8851,8950,7856,125,6765,5430,3809,2290,938,7506,2987,4186,613,3416,2962,9064,7936,3661,6669,9201,9268,7329,3165,2545,9352,6145,7712,9468,7080,169,4733,851,4218,7959,363,5270,5305,5362,6252,2610,1250,6401,9589,9688,9783,6146,7269,2877,6498,5438,1122,994,9921
1647,656,4010,4717,779,4011,8003,2582,8097,2190,5177,3787,4310,1801,8194,8284,3609,4798,2346,5463,8346,2462,7708,4943,3984,2521,3122,7826,3453,3490,2213,8563,4500,4597,908,2130,2005,2784,2305,4847,3258,8667,7759,3471,2742,1018,2849,8852,8951,7015,1221,3847,4202,5416,2967,3579,5959,1553,1796,1587,3690,5209,9065,7769,1410,4829,7546,9269,4405,1064,375,9353,6030,7323,9469,4957,1626,1789,3420,2321,7610,483,4730,1667,3869,2265,2229,2176,1963,9590,9689,9784,2904,7674,622,4444,4172,5308,609,9922
2840,3613,4819,6466,1404,140,8004,1866,8098,3324,629,1424,1751,406,8195,7645,1748,5357,4092,4871,7530,5630,7495,6520,1328,6083,5519,8500,3975,672,4513,8564,6456,5731,506,3883,4378,6645,6492,3625,4797,8668,8764,5834,1006,220,5999,8853,8952,7400,1080,6459,6591,4080,5022,4567,7927,4534,1874,77,5622,2963,9066,9137,2015,6563,7945,7699,2329,1134,2490,9354,5506,5537,9470,1346,316,5233,1805,5019,6751,2957,2907,5218,2373,4633,1938,3086,6478,9591,9690,9785,5816,9860,1610,3629,4771,1669,5708,9923
2239,2361,3559,2517,1152,3054,8005,5253,8099,753,2356,3921,4432,372,8196,7734,3756,2047,2597,5057,8347,1865,8428,1332,2889,5369,4208,6326,4802,4637,3710,8565,3705,1864,4129,4235,4821,5522,2861,2938,3716,8669,8765,5243,5355,505,3591,8854,8953,6841,912,2466,1956,2389,2379,2758,6901,1039,2251,1046,1949,1203,9067,9138,1635,4074,9202,9270,5985,1649,2523,9355,3589,7954,9471,6229,1239,2150,3381,2518,7591,771,3155,4902,3098,2226,3265,1467,4410,9592,9691,9786,2296,9861,1598,3207,1234,1988,2939,9924
3213,2686,7165,6140,294,1050,8006,873,8100,1306,5612,3638,6384,551,8197,8285,4269,2250,3784,2716,8348,5772,3944,6955,459,2457,5186,7140,4181,3889,201,8566,4860,4127,97,6811,6565,6617,6689,5477,5124,8670,8766,6155,3714,2248,2024,8855,8954,7226,3793,5251,6529,4057,1540,3596,7419,6727,5461,2576,4901,2422,9068,6923,3118,6756,9203,7018,7317,741,2011,9356,6228,7666,9472,550,367,5642,738,4666,7777,1818,6016,1460,4508,6464,2534,1829,5142,9593,9692,9787,7251,6651,1160,4176,5418,874,601,9925
2245,3691,5900,2516,2634,3235,8007,4295,8101,1486,5403,2436,2572,1950,8198,8286,1820,2832,2425,1361,7847,2497,8429,5956,2982,1883,3335,7510,2732,3945,1229,8567,3366,3626,4387,5161,5521,5365,2836,1862,3571,8671,7299,655,3516,864,3310,8856,8955,6517,2159,2274,4586,1794,2650,1581,4727,4400,2428,1388,1403,1340,9069,7576,875,3742,7395,9271,5190,760,2867,9357,1168,7053,9473,4779,1729,2703,1971,2537,7365,2505,4134,4937,1860,1784,2301,1591,3078,9594,9693,9788,4491,7280,1031,2181,3767,2042,2284,9926
1659,5328,5214,5172,282,2654,8008,982,8102,65,6049,4726,6370,458,8199,8287,3107,1429,3302,5123,8349,6704,8430,6343,4972,3930,2606,6413,5370,2981,4275,8568,1611,848,5111,970,2956,6249,6457,2624,4065,8672,8767,6825,3201,210,4704,8857,8956,9033,3530,6719,4243,6771,3995,5861,6881,4170,5436,1846,2885,785,9070,9139,279,5882,9204,9272,6786,701,5147,9358,4759,7955,9474,7515,1685,6171,2753,4851,7592,1158,4916,3992,4811,5619,2984,2855,2881,9595,9694,9789,3936,7457,380,1552,942,5321,370,9927
2835,5884,6856,3066,712,1085,8009,525,8103,2090,5119,5045,5244,277,8200,7823,1730,1779,3027,5867,8350,4226,7054,3597,1571,3964,4796,6820,5338,5109,1457,8569,3113,3772,407,4121,1301,2756,4479,5138,4899,8673,8768,6627,3762,389,2834,8858,8957,7762,5589,4154,3535,5356,2315,3653,6892,5304,4146,1978,5890,2242,9071,9140,2801,6638,9205,9273,4498,907,4037,7617,4825,7430,9475,6241,156,239,2988,4319,7778,944,5385,4780,3522,3670,4165,1916,4467,9596,9695,9790,2477,7785,2847,5489,6281,526,438,9928
841,172,7241,5701,364,3081,8010,4464,8104,3902,7003,1646,6334,190,8201,8288,2620,5411,2657,5466,8351,6243,8431,6810,4939,6402,6307,8501,1289,4751,6509,8570,4377,6554,5603,1695,4642,6521,4480,6038,4097,8674,8769,6812,3806,183,5120,8859,8958,7763,492,6329,7016,6135,5197,1348,7604,3278,6931,1681,6183,1955,7931,9141,93,7196,9206,9274,7074,1201,1519,9359,6476,7866,9476,7431,462,1590,3898,1339,9551,669,2642,3244,2109,4325,4386,792,7326,9597,9696,9791,5853,9862,1815,5771,6929,3290,39,9929
2201,737,4331,3053,273,1904,8011,2129,8105,1376,6438,5158,7683,92,8202,7789,2665,2979,2358,5185,8352,7508,7825,7466,3450,7002,6800,7850,4403,3411,1133,8571,7091,7503,1298,4260,2000,7685,6455,5968,4822,8675,8770,7217,4833,55,2381,8860,8959,7336,443,7124,7182,4868,6088,6634,9040,5823,6450,697,4252,4042,9072,9142,394,6587,9207,7861,7493,308,4207,9360,5976,9424,9477,4599,254,7257,2133,3426,9552,258,7163,5902,2725,5940,4210,2827,6734,9598,9697,9792,9849,9863,514,3176,7206,2233,167,9930
3803,5294,6515,5013,280,644,8012,1413,8106,2925,3817,2424,2643,197,8203,7376,3317,5972,4514,2776,8353,6665,7581,6605,1476,2386,6504,6730,5593,1327,1564,8572,3119,6237,352,4947,4272,6864,3469,4361,5805,8676,8771,3689,886,790,3639,8861,8960,7583,1351,5410,5735,4996,4035,7119,7799,7219,2445,870,3885,4016,9073,7805,1035,4324,9208,7599,5931,1469,2168,9361,4187,7713,9478,1141,204,6106,1023,3301,7413,1449,4607,2771,4293,6012,2628,3382,5634,9599,9698,9793,5817,9864,136,6185,5252,2617,976,9931
9,2,4,13,18,41,496,1600,4344,2097,3350,2673,3709,6159,8204,8289,5696,6783,5842,6354,8354,7647,8432,6174,4239,7496,6219,8502,6549,1269,6705,8573,5793,8642,6098,7738,8644,5129,7621,7174,8645,8677,8772,4174,3080,5024,5946,8862,8961,7680,7362,6168,7563,6373,7118,7720,9041,7306,6865,1218,7663,7632,9074,9143,5775,7944,9209,9275,7514,1858,6613,9362,4291,9425,9479,6777,1661,7539,3966,4005,7611,3371,7346,7284,3577,5538,6070,5034,7295,9600,9699,9794,7751,9865,5648,4503,6519,2388,2960,9932
2648,876,6490,3800,2491,5690,8013,5432,8107,3503,5551,4419,2210,3079,8205,8290,3297,6043,1169,1497,8355,1613,8433,4397,4456,5644,5609,7679,3447,1713,3745,8574,2948,1232,4270,5875,1541,4055,3364,4861,4404,8678,7921,4692,4190,2121,2391,8863,8962,7475,2692,2980,1329,4606,3451,3834,6847,2045,413,2185,3138,1933,9075,7394,137,2865,7525,9276,3871,2336,3209,9363,6316,7728,9480,6291,164,2554,3008,3139,7038,390,1954,4075,3677,3089,4472,1312,2099,9601,9700,9795,3573,9866,2164,3849,2954,911,228,9933
2161,3909,2682,4356,2555,5848,8014,5830,8108,3042,5454,2900,4956,487,8206,7588,1705,3256,3537,3390,8356,6779,8434,6082,2038,4445,2586,8503,4469,692,4820,8575,1895,2667,4762,2945,3669,3693,5953,2237,6502,8679,8773,5934,2348,94,4457,8864,8963,6345,5010,6628,5146,4545,5025,2395,7438,5211,5581,502,2304,4696,7804,7937,491,6063,7835,9277,6446,535,3827,9364,2175,7547,9481,1219,680,1155,2215,4123,7434,398,5859,5012,884,2378,517,663,1596,9602,9701,9796,7186,7170,1193,3016,6483,5136,2820,9934
1970,1278,2393,3876,3166,1824,8015,4980,8109,1627,1899,1002,4008,3034,8207,7753,4060,6596,3239,2040,8357,1112,7051,4549,2526,5797,3542,7757,2739,2032,1226,8576,4287,2069,831,3170,5342,5833,4268,5130,4961,8680,8774,5486,2366,1873,3002,8865,8964,6239,518,2583,3423,3859,2369,4622,7800,6212,5938,1356,4560,1855,9076,7161,2543,5112,6976,9278,5293,1398,1607,9365,1310,7037,9482,5353,1589,4942,754,2936,7485,1206,3512,2203,1512,2903,203,1848,6253,9603,9702,9797,6388,7675,291,5378,4971,998,5917,9935
1165,3495,5918,6278,2533,2841,8016,1666,8110,307,4393,2079,5871,344,8208,8291,1481,3911,1506,3419,8358,6666,8435,6956,2574,3768,4725,7692,5317,5168,3223,8577,2137,2023,4489,2976,687,6225,6199,3319,6362,8681,7649,3361,5935,2207,2314,8866,8965,3698,3156,5922,5906,4598,6141,5387,7605,3688,2192,1318,4997,1198,9077,9144,225,6065,7726,9279,4313,683,3334,9366,5380,9426,9483,6831,330,1884,4613,3956,7200,2455,6367,2793,4786,1894,1780,951,920,9604,9703,9798,3379,7487,511,5340,4082,2375,333,9936
1276,5800,4159,4782,614,3444,8017,5166,8111,1265,3861,470,5018,1655,8209,6941,1345,2461,2165,2891,8359,5796,8436,6667,4874,5215,958,7670,3618,4967,6270,8578,4474,1222,2553,222,3437,7470,6444,2506,1593,8682,8775,7231,2235,38,5332,8867,8966,7718,1173,2440,3593,1478,3562,6743,5162,6445,6755,3104,5075,4963,7932,7723,357,7278,9210,9280,7046,434,3882,9367,5914,9427,9484,7364,5077,1749,1408,5049,7345,1765,6172,6041,3892,6610,2166,652,2990,9605,9704,9799,6165,9867,1001,6988,4716,5475,113,9937
1286,829,6295,5122,4450,5749,8018,5047,8112,1760,3040,4193,5199,679,8210,7646,3424,4230,990,2575,8360,3595,8437,5764,4070,4511,5920,7416,4748,481,5767,8579,2013,5492,4583,4311,1527,4379,4921,5349,4753,8683,7571,2857,2135,2627,3109,8868,8967,6660,545,4551,5021,3383,5442,5431,7537,1981,4958,2409,4628,675,9078,7724,543,4678,7057,9281,7111,2489,4373,9368,6882,7956,9485,7273,695,3463,4255,1342,6210,298,2593,4781,1157,463,4694,3224,5108,9606,9705,9800,4383,9868,401,4620,2985,916,199,9938
2084,1750,6111,4214,2846,5174,8019,3389,8113,1514,5738,3894,3281,811,8211,7405,2299,2734,1991,1768,7792,1176,8438,3581,3989,4012,2909,8504,4374,2783,4680,8580,4556,4392,3186,3891,3970,5927,2096,2684,2830,8684,8776,1164,3047,1439,447,8869,8968,7218,565,3878,1304,5384,4213,3884,5152,4946,3740,1921,4336,5736,9079,7555,1320,2858,7469,9282,5755,313,2292,9369,2920,7704,9486,1159,1528,719,1330,3051,9553,1071,5820,6244,1658,1617,3245,952,3967,9607,7967,9801,5594,7974,1385,1288,3640,4250,5379,9939
2708,326,6828,2435,2169,5439,8020,6333,8114,628,5831,1056,6050,289,8212,8292,4521,4888,2663,2399,7904,5295,7909,5993,5855,2791,3461,8505,5207,666,5467,8581,5514,5468,2646,3515,5267,3491,6074,974,3501,8685,8777,5236,4462,2224,5061,8870,8969,7093,1025,6781,4565,3536,1378,5650,7650,1489,5651,1256,3477,1773,7859,7652,607,4028,9211,9283,5443,1368,3273,9370,5230,9428,9487,2688,391,4715,1811,3782,7960,95,2581,5417,3813,2563,4517,2838,6173,9608,9706,9802,6993,9869,819,4413,2848,2054,134,9940
2413,310,6965,5967,763,1336,8021,3323,8115,1411,5182,5228,5173,130,8213,7669,2803,895,842,2319,8361,6557,8439,5058,5118,5759,4883,8506,5324,5318,1699,8582,2964,6205,4594,4394,1011,6566,5469,4632,3295,8686,8778,4050,4824,529,6503,8871,8970,7445,721,6397,3831,4027,4592,3252,9042,2966,6157,2101,6102,813,9080,9145,1365,6530,9212,9284,6256,1708,5352,7577,5289,9429,9488,7318,58,4785,1798,2653,7039,539,2595,4013,3999,5864,5898,1976,6528,9609,9707,9803,6748,7821,935,3202,6707,1044,114,9941
2416,2076,7502,3685,362,4179,8022,980,8116,3775,5373,1096,3929,163,8214,7707,1601,4581,4076,5508,8362,3877,8440,5933,5035,5099,2932,8507,3428,5150,5994,8583,5254,2837,2664,1131,918,6969,4040,4475,5395,8687,8779,6207,5647,107,4140,8872,8971,7719,1628,3592,2049,6052,2142,4834,6315,4684,3429,2571,5939,2625,7860,7834,229,4892,7727,9285,4905,475,767,7634,5737,7422,9489,6487,756,1241,3604,3959,7637,704,5184,5770,4296,2727,4157,3005,4913,9610,9708,7587,3918,7303,1715,2685,5753,2721,144,9942
2117,1181,6678,4359,984,3110,8023,1568,8117,267,5757,2649,2592,662,8215,8293,3162,2104,2332,3443,7905,5149,7298,3823,1177,3857,3825,8508,3540,3578,1438,8584,3392,885,893,5451,3128,5515,2683,2773,4262,8688,6780,4399,4320,2105,2360,8873,8972,7408,1908,2152,3445,5801,4923,4770,6953,1290,4817,2108,3680,5069,9081,7264,290,6078,9213,9286,4893,1302,3315,7307,3313,7623,9490,2713,706,2542,934,3759,7961,2788,4038,3289,3978,1625,1952,611,2415,9611,9709,9804,5945,9870,2147,4985,3253,3549,2970,9943
2429,3229,5847,2405,1634,3032,8024,6020,8118,2449,1781,3778,4509,1602,8216,8294,3651,2312,3023,1879,6915,4775,8441,2746,971,661,4426,8509,4737,1745,5435,8585,4223,3191,4461,1623,4327,4267,985,2433,1875,8689,8780,1395,5238,384,2589,8874,8973,6338,4144,4879,2562,2792,3707,5106,1057,3539,3659,1902,3649,4673,7933,9146,1303,1758,7369,9287,5170,1831,1027,9371,3907,7381,9491,4217,1852,1090,1490,1941,5750,2535,3070,3094,3038,3760,3487,1990,2111,9612,9710,7879,4523,7372,1738,2355,2249,3234,696,9944
3667,604,7644,6448,488,1087,8025,1747,8119,2898,5825,5725,6067,100,8217,7896,3887,2931,4653,5885,8363,6708,5535,6643,1283,6973,5720,8510,4499,6356,823,8586,2747,2125,592,7582,1230,7261,4657,6250,7359,8690,8781,6880,2723,2829,3925,8875,8974,5857,1776,2862,6087,2298,6415,4582,7928,7209,3373,283,6064,1545,9082,6859,4568,6232,9214,7862,7290,2127,3026,9372,6137,9430,9492,1470,182,2138,1740,2170,9554,602,5733,5313,4094,5895,4471,1683,4099,9613,9711,7880,3910,7975,327,1400,2094,1062,854,9945
2044,674,5653,4575,1643,3754,8026,2234,8120,648,6189,6736,6324,408,8218,8295,2009,1150,824,5598,8364,7531,8442,5503,6022,5592,6805,8511,3347,5374,2635,8587,6992,7041,6018,1030,1996,7532,7561,5896,2188,8691,8782,4743,4329,133,3178,8876,8975,7390,576,6570,7027,6366,6392,4806,7512,4439,731,2729,5464,2929,9083,9147,238,7411,9215,9288,7220,50,5279,9373,6894,9431,9493,7210,928,3464,4395,1973,7479,343,4983,3221,2410,7032,3973,1530,6139,9614,9712,9805,7120,7550,720,5804,6735,1728,110,9946
2068,2808,5051,3309,395,4832,8027,3850,8121,948,6383,3811,1464,1790,8219,7716,3132,2619,3282,3569,8365,5204,8443,5569,2662,4398,3665,7310,4434,3111,3286,8588,2463,3919,3198,4448,892,5366,3523,423,4079,8692,8783,5958,1522,1454,686,8877,8976,7107,3164,1880,5407,1604,5516,3645,6121,2404,3354,1371,5437,1207,9084,7664,2351,4761,7654,9289,6663,846,1291,9374,4507,7867,9494,5157,766,1299,3518,703,9555,1998,1817,4948,4067,1733,2092,961,3439,9615,9713,7341,6391,7659,1036,5483,3704,3456,1577,9947
1053,1246,5728,5030,4203,5322,7890,5568,8122,977,2124,2212,3637,598,8220,7678,2622,5680,3631,2324,7848,6589,8444,3517,4245,4634,4540,7626,4307,2884,3374,8589,6575,5832,2578,2089,3211,4884,4872,3679,6206,8693,8784,4736,5722,1534,4326,7829,8977,6958,85,5257,4987,749,2850,5488,5222,1795,5530,883,2894,835,6188,9148,2978,3904,7643,9290,2452,1841,3521,9375,1849,9432,9495,5604,2503,768,587,3927,9556,1752,3413,5970,1777,3718,3584,657,4215,9616,9714,9806,1980,9871,404,3204,1238,5056,822,9948
1375,2935,7082,4283,1183,6072,8028,1399,8123,179,2636,4959,3406,26,8221,8296,1929,6462,1033,4774,8366,3306,8445,5292,4763,5389,3843,8512,4351,2163,5040,8590,3977,4288,1819,5734,540,7166,4954,2075,7078,8694,8785,5788,6802,3327,2724,8878,8978,6852,3333,3524,4171,4425,3585,7193,5802,3036,2604,1686,4619,415,9085,9149,318,6739,9216,9291,6984,623,3726,9376,3913,7841,9496,5517,967,5838,4708,4131,7730,522,6482,5314,2086,5176,2762,1608,5444,9617,9715,7817,6954,7822,898,2103,7122,1072,170,9949
2380,268,7314,7287,968,2382,8029,7214,8124,403,6874,479,4433,83,8222,8297,2074,5739,2928,4966,8367,6180,8446,5758,6175,4421,5548,8513,4647,879,5713,8591,3672,6540,2670,5235,5008,6775,3713,1326,4496,8695,8786,6590,6313,1769,4206,8879,8979,6518,455,5376,6279,3368,5665,4000,7410,3263,4007,1220,6321,1045,9086,7806,393,6470,9217,9292,6480,4519,2131,9377,6854,9433,9497,7301,454,5870,1279,2016,7414,186,3422,5724,3682,4381,4624,996,6653,9618,9716,9807,6700,9872,786,6451,4314,1913,119,9950
871,1373,7281,6047,1632,5336,8030,1851,8125,59,2752,728,6425,37,8223,8298,3460,3968,1058,5854,8368,7333,8447,6764,4222,6836,5760,8514,4910,1931,6220,8592,6737,6583,4682,6754,816,6541,2345,1753,6288,8696,8787,3895,6312,3021,3367,8880,8980,7379,849,2874,6720,2300,5208,6506,6584,1548,4869,1482,2748,442,9087,9150,141,7073,9218,9293,6724,1588,4712,9378,6497,7868,9498,6117,4265,5718,1471,6153,6262,184,6947,3169,4645,6332,694,2293,6382,9619,9717,9808,6096,9873,1912,3623,6838,1163,593,9951
1961,1897,3496,3608,2199,3090,8031,2972,8126,162,3974,758,1212,2559,8224,7897,2813,3658,1574,1619,7541,5000,8448,2694,4686,2726,5645,8515,1648,2183,2702,8593,3449,3654,4023,6051,5457,6372,3519,3230,5587,8697,7922,3220,2603,2036,2550,8881,8981,7035,1344,1185,1321,4132,5265,5053,5955,6113,4341,2128,1396,2600,7744,9151,235,6301,5582,9294,2291,421,973,9379,5531,9434,9499,6796,3135,2916,2754,3157,7673,2933,3192,2632,3810,630,2618,1901,5046,9620,9718,7969,4984,9874,427,2088,5583,3660,4483,9952
788,2080,6773,2510,2067,5776,8032,943,8127,1510,3248,1877,2923,890,8225,7845,3013,4777,3755,4030,8369,5085,8449,2541,4071,4724,1878,7793,4435,3812,4333,8594,3146,4760,2890,4455,1578,6226,1678,2475,5806,8698,7923,3761,4827,2148,1764,8882,8982,5930,1118,4436,1836,4303,3627,6511,6642,5621,5524,1060,2826,6290,9088,7938,1142,1211,7589,9295,6475,1379,2333,9380,5409,7464,9500,1926,3941,340,3387,1736,7619,563,2949,5239,303,4105,3404,2577,1630,9621,9719,9809,3901,7884,216,5064,2749,4338,1254,9953
2823,2294,7424,5607,5560,4411,8033,5839,8128,460,2419,3421,3952,747,8226,7282,2446,5113,1501,3414,8370,7489,8450,1446,5786,6247,3684,7627,3533,1618,6084,8595,5245,2975,1392,549,1770,6544,5949,2387,5272,8699,8788,6337,5406,740,3997,8883,8983,5344,242,3763,1889,586,4769,4687,7721,1069,6680,1640,2222,595,7246,9152,2001,6163,7698,9296,6348,4372,3821,9381,5915,7746,9501,7029,4463,2116,1139,4330,9557,569,5986,5852,2244,4087,4298,591,3656,9622,9720,9810,4903,9875,433,3715,3835,2206,409,9954
2255,3257,2140,3568,2112,3996,8034,1156,8129,1932,5227,2362,4059,2426,8227,7898,2744,4091,1984,2474,8371,3197,8451,5498,1364,3668,2243,7851,2022,3808,4316,8596,4950,1594,2132,4677,4110,3012,2179,1009,4130,8700,7451,4881,1374,1787,2412,8884,8984,6891,1275,4100,2471,2790,1521,4497,6422,2660,2764,1394,2765,4991,9089,7653,1258,5247,7499,9297,3121,1367,1483,9382,2893,7135,9502,3972,684,439,2494,2219,7309,1267,3738,3085,2831,3376,2357,1677,3009,9623,7639,9811,3683,9876,978,3369,3548,1741,2557,9955
1066,1005,6556,4294,2174,4302,8035,2407,8130,490,5188,838,2334,730,8228,8299,3457,3943,2019,2408,8372,5240,8452,4492,3624,4681,3914,7570,4043,2309,5505,8597,3385,3330,3985,2741,7133,2398,3399,4370,4150,8701,8789,5033,1840,2821,5588,8885,8985,7417,3231,5858,4273,4638,1317,936,5562,1723,4988,323,1494,5671,9090,7725,794,3575,7836,9298,5220,2364,3774,9383,3702,7113,9503,5381,2647,699,444,2420,7688,2906,4731,1297,2342,2306,3505,2498,3259,9624,9721,7881,3454,9877,577,993,1151,5883,5502,9956
2041,2330,2795,4895,321,4072,8036,4278,8131,739,5059,1732,5084,1019,8229,5873,1977,1651,2326,802,7625,5066,8453,6073,4045,2431,4201,5286,3874,4151,5196,8598,5611,4944,5819,688,6644,6806,2519,3779,4778,8702,7796,1726,2529,1391,2427,8886,8986,7305,1672,3900,4787,4437,4705,1835,817,3864,3875,1923,4139,5401,7478,9153,933,4711,7370,7949,5268,574,1126,9384,4660,7842,9504,5851,3541,4276,2370,2524,7221,1712,5427,544,3789,4297,2910,603,2394,9625,9722,9812,3963,7786,1034,4538,4182,4612,571,9957
4232,1959,4873,2465,714,1697,8037,2864,8132,1458,6537,1200,4690,200,8230,7790,589,2055,2833,5341,8373,6835,8454,6059,5067,6543,3617,7084,4348,5386,2017,8599,7146,5888,4618,803,2645,6890,6380,5695,4446,8703,8790,6793,4703,28,3646,8887,8987,7629,782,6842,6419,6007,3893,5723,7477,5105,5169,1620,6813,2689,7934,9154,177,7265,9219,9299,6358,627,2034,9385,5702,7324,9505,2502,1409,2339,5203,4306,9558,63,7088,6293,4163,3616,1576,3095,6046,9626,9723,9813,4547,7458,520,4636,5320,2540,205,9958
2328,231,5866,3377,900,5276,8038,6048,8133,866,5039,4415,5167,2785,8231,7824,2573,6410,2081,2118,7602,2961,8455,6768,3497,5649,6248,8516,4487,957,4417,8600,1115,5565,4846,6405,4261,5694,2277,2568,4603,8704,8791,5576,4020,1562,3708,8888,8988,5984,1228,5706,2059,2918,5566,4454,6899,5570,2278,527,5891,826,9091,9155,1268,2211,6639,9300,5987,1739,3582,9386,2860,7869,9506,7019,386,1262,1215,632,7962,1737,2441,4757,3179,1124,4017,2800,3410,9627,9724,9814,6193,7976,320,3482,4986,1716,625,9959
4484,399,7787,6767,493,3314,8039,1418,8134,949,6850,4625,5419,86,8232,8300,2637,5159,1664,6143,8374,6481,7910,7491,5350,7260,5663,8517,5329,4699,3061,8601,4714,6884,1633,5359,2256,7615,5658,7067,6951,8705,8792,7505,4312,430,6197,8889,8989,7374,557,6200,6619,5151,7168,6209,9043,5580,7156,504,6668,429,7263,9156,1128,7294,9220,7700,6103,711,1097,9387,5781,9435,9507,2676,206,6630,2367,2743,9559,348,5301,6045,1113,6972,5116,1556,4596,9628,9725,9815,7164,7977,568,1755,4414,1542,171,9960
2003,353,6903,3905,844,5709,8040,5194,8135,1609,3783,4180,6376,75,8233,7415,3452,5476,1204,6108,8375,6539,8456,6602,1430,3126,3019,7916,5683,2273,6431,8602,6440,3476,2014,7070,2056,5009,4853,4741,5016,8706,7760,6026,1823,4093,6015,8890,8990,6000,302,4525,2998,2710,2668,6522,6231,3057,6637,452,713,840,3600,9157,1509,4562,9221,9301,4665,388,1007,9388,6816,9436,9508,3226,6054,5596,4318,4442,6125,359,7101,6593,3269,5083,4430,3137,1783,9629,9726,7448,3729,9878,542,2223,1687,2870,722,9961
2158,1731,4914,3106,165,1055,8041,2567,8136,2459,5668,2750,7095,127,8234,8301,2028,1869,5491,3097,8376,7096,7911,7913,3116,5323,4729,7717,5553,3043,3650,8603,7377,3940,1217,2511,3243,6227,7389,6646,5144,8707,8793,7335,2789,31,3320,8891,8991,7830,360,7743,6474,6374,6846,6416,9044,7292,2548,221,2769,6495,7428,9158,209,6694,9222,7353,4719,495,795,9389,7022,7772,9509,2418,1662,6585,1322,3733,9560,1143,6762,5297,4292,6778,5165,3167,7247,9630,9727,9816,9850,7978,207,1966,7387,5966,528,9962
265,734,7150,4054,2151,2737,8042,5153,8137,775,1004,145,6115,1580,8235,7899,2880,4981,698,4982,8377,7102,8457,6547,4589,6386,6190,8518,4339,548,6360,8604,1167,1104,6493,4750,418,6684,6732,5844,6134,8708,8794,2057,5339,995,5912,8892,8992,7622,700,1074,6733,3190,3829,5937,3300,1863,5510,451,1448,424,9092,9159,2953,6935,9223,9302,6100,4156,2879,9390,3880,6817,9510,7302,4490,6964,1014,5070,5742,4077,6789,4784,3872,1942,821,1166,6797,9631,9728,9817,7368,7885,3840,6611,7020,1734,2955,9963
2807,3388,2695,4002,635,1381,8043,5090,8138,2325,4124,3168,4608,2004,8236,8302,3001,681,616,3353,8378,1890,8458,1179,2799,4096,1572,7481,3590,3511,4630,8605,2515,4968,4722,1605,6443,5944,4850,4240,1277,8709,8795,3769,2871,610,3029,8893,8993,7391,3746,5125,4256,4557,3982,6075,6109,5997,3928,1892,5787,1273,9093,7045,1125,6202,9224,9303,3148,1311,1735,7590,5164,9437,9511,5500,642,3473,1098,975,7815,2501,1441,5335,4481,4219,2591,1111,4158,9632,9729,9818,4530,7886,351,3635,5212,4089,247,9964
1638,5210,7320,4643,160,2217,8044,963,8139,881,6909,800,4576,122,8237,8303,478,4095,2430,5445,8379,1692,8459,7130,3024,1746,6112,8519,5746,5330,2495,8606,3805,2602,4025,2064,2479,7077,6167,5459,6458,8710,8796,6130,5747,23,3630,8894,8994,7764,2973,5145,3159,5529,1838,6352,5862,4970,2062,2285,3816,2091,9094,9160,1012,7233,9225,9304,7239,329,588,7608,5412,7714,9512,5916,726,5334,2335,3908,9561,3481,4196,5756,4527,4242,2341,1859,4259,9633,9730,9819,4866,7887,1003,5027,6342,3427,772,9965
929,2621,7441,2236,1674,4068,8045,4084,8140,3352,1103,2411,4402,2718,8238,8304,988,4391,3407,2145,7661,3082,8460,2609,1905,3077,4701,8520,4271,991,6672,8607,5903,5911,5261,6154,1657,6336,3136,2986,3277,8711,8797,5480,5496,1092,2872,8895,8995,7924,3526,3462,582,4693,5698,1951,6662,5689,2679,1284,5732,3380,9095,9161,1184,4102,7837,9305,7058,761,2065,9391,1422,7556,9513,2098,1809,1236,3140,1472,7779,1516,1386,5929,4048,1028,583,828,2796,9634,9731,7970,2674,9879,1117,1178,5131,3384,2126,9966
1612,3695,939,4136,382,3254,8046,1182,8141,531,2640,3305,3873,774,8239,6792,2403,2472,1982,2268,8380,4126,8461,4063,3922,1915,4128,6721,4234,4197,4831,8608,5811,6741,4683,6086,2264,2896,1763,2280,1266,8712,8798,3826,4083,1292,5003,8896,8996,7175,1701,4553,3786,1943,1202,3527,2588,5001,1387,2363,4061,3741,9096,9162,570,3440,4907,9306,2021,954,3181,7681,4894,7454,9514,5103,2113,3203,2641,1964,7731,899,4640,3932,3790,4263,2456,1948,3557,9635,9732,7240,3657,7979,322,3298,4044,6394,3564,9967
368,2311,6681,3046,2275,987,8047,5283,8142,1766,419,74,6615,4088,8240,8305,2719,2522,1940,5686,8381,7579,8462,7040,1563,6878,7004,8521,5710,181,6327,8609,3603,6758,3924,1645,6349,5246,5616,5447,2484,8713,8799,2327,3363,124,6858,8897,8997,7562,534,1477,6774,5748,5707,7344,6069,1603,5558,219,3854,773,9097,9163,4053,6692,9226,9307,7099,634,4184,9392,4257,9438,9515,7403,865,6757,727,4106,4133,4001,7325,2712,5107,2043,1614,3158,6472,9636,9733,9820,5501,9880,1335,5094,7382,1417,6834,9968
868,3391,5743,4836,2772,5095,8048,1170,8143,78,4458,2613,4459,2608,8241,7641,2859,3182,1300,2999,7906,3853,8463,4264,4935,4669,3935,7603,3833,3730,4407,8610,3328,6283,2623,1531,3233,4799,5361,3504,1909,8714,8800,5868,4865,1544,533,8898,8998,7176,2095,5391,5774,4477,3520,941,7105,5312,1308,2266,3285,1244,9098,6870,57,6123,9227,9308,3149,1473,2053,9393,4141,6986,9516,6463,966,3044,1813,3241,7963,724,5223,4502,2989,3553,1807,1833,4220,9637,9734,9821,2282,7980,645,1420,3050,2123,3395,9969
473,6057,7342,6873,4505,6267,8049,1958,8144,445,3509,641,6791,49,8242,7291,4870,6538,1886,6133,8382,6311,8464,7024,4535,6655,4559,8522,4844,1132,6195,8611,4211,4019,7147,6982,780,3303,3468,3160,6626,8715,8801,5835,6759,2347,2343,8899,8999,7361,3797,4308,7141,4470,2383,6974,7696,923,5670,1537,4532,855,9099,9164,34,6925,9228,9309,5809,1653,1887,9394,4897,9439,9517,7609,4365,6787,2377,4936,7184,262,6848,3599,5126,705,608,1233,4641,9638,9735,9822,6003,9881,578,2048,7065,909,467,9970
3052,157,7788,6623,253,5924,8050,3478,8145,1868,2580,1426,3196,328,8243,8306,1550,4754,2677,4857,8383,5556,8465,7180,5657,5114,1487,8523,4064,1088,5540,8612,5394,1216,748,6921,919,6221,3586,4328,7043,8716,8802,6039,3981,2172,4952,8900,9000,7553,2434,1000,4116,1433,3819,2751,7801,2547,6621,922,4974,1341,6215,7939,558,3332,9229,7863,2675,1209,449,9395,6542,5141,9518,1910,5782,5193,4616,4542,9562,1967,5783,3513,3552,5079,3417,3339,6654,9639,9736,7612,5345,9882,175,3219,2601,6574,1393,9971
4343,853,7296,6551,466,3920,8051,3073,8146,906,4431,5608,4721,118,8244,7900,448,1558,1812,3172,8384,2768,8466,7145,5398,3962,5180,7852,5692,4357,2845,8613,3326,6196,3824,1026,1043,7358,6938,4345,3655,8717,8803,7066,3267,71,6023,8901,9001,7694,5850,4933,2927,6648,7021,5392,7802,5333,4335,1538,6170,878,7935,9165,1208,6094,9230,9310,7162,214,2638,6269,5478,7339,9519,6523,87,3619,4580,3987,7031,805,4720,4577,4366,6095,6213,2365,6080,9640,9737,9823,5652,7668,1270,2322,7023,894,89,9972
2276,4069,4675,3247,1436,5448,8052,2344,8147,4109,1907,1144,2605,2376,8245,8307,3274,4555,810,436,7383,4173,8467,3938,3751,2810,3283,8524,3134,1989,2697,8614,2876,5646,3436,1171,2659,4145,2969,3011,5081,8718,8804,2883,3543,2066,4299,8902,9002,7418,2160,3206,4504,5229,3836,3268,5780,3161,3048,624,888,1054,9100,7940,2180,3752,7771,9311,5511,1127,3171,9396,917,7585,9520,5453,2536,135,2730,1462,7100,2755,4964,4389,3076,2198,2888,1145,1513,9641,9738,9824,2507,7888,2337,1357,3488,4367,3337,9973
1048,1573,7348,5490,3643,5691,8053,4926,8148,82,6868,5080,5754,45,8246,7846,2714,3238,793,5751,8385,7153,8468,3903,6194,5234,5766,8525,6060,2722,5513,8615,6722,1520,6911,677,2709,7191,6581,4195,6300,8719,8805,6845,5277,213,2115,8903,9003,7857,759,5610,5813,5408,5377,6785,7159,1893,2812,1353,3102,736,9101,7807,109,7056,9231,9312,6932,1488,2844,9397,6695,7636,9521,7256,585,4081,3288,5266,7557,72,6822,6236,4749,6489,733,3394,6417,9642,9739,9825,7276,6803,2942,5989,4473,1109,153,9974
612,658,3765,4830,1359,2400,8054,5675,8149,847,6323,1872,3025,606,8247,7901,2184,4776,3554,858,8386,5557,7736,7083,2816,4460,4590,8526,1492,4994,2178,8616,4707,5473,1047,2565,7225,6068,3287,3666,4810,8720,8806,3402,4334,643,5343,8904,9004,7695,1551,4605,6251,6169,5213,383,7803,5368,6093,474,4015,4122,9102,9166,806,7312,7462,9313,4629,3641,2352,9398,6218,7870,9522,4765,105,2787,2272,2289,7748,2246,6138,1960,4337,2171,3525,1295,915,9643,9740,9826,6883,9883,2818,5282,3068,4090,334,9975
1194,2875,7207,2922,397,3531,8055,2303,8150,1456,2759,3091,5792,212,8248,7735,3074,2950,2247,3976,8387,5302,7356,6943,1665,6439,5354,8527,3534,2401,1498,8617,1059,5899,236,4354,1252,7289,4600,5460,5242,8721,8807,5470,4732,3365,4003,8905,9005,4953,5778,2556,6710,1983,4224,6898,7631,6238,7055,1536,6711,594,9103,7770,3246,6044,9232,7838,6936,2492,2863,9399,6400,9440,9523,781,249,1130,2397,4898,7875,1925,5550,5618,4650,1366,3607,1307,6002,9644,9741,7818,7121,9884,489,926,1928,599,2007,9976
1352,510,7171,6798,1294,2173,8056,2421,8151,482,5942,3154,3318,174,8249,7902,1629,3866,500,3739,8388,4416,7490,6688,2866,4183,6875,8528,4424,3133,1032,8618,2761,5586,2200,6597,1690,5798,6716,6260,6062,8722,8808,7343,5037,832,3474,8906,9006,6350,5154,5073,5954,3480,5499,5807,7832,3915,6001,1896,3563,783,9104,9167,3615,6535,9233,9314,7429,1412,5274,9400,6860,7618,9524,4363,60,7030,2216,3868,6675,309,3580,2917,5078,3435,2996,1114,6184,9645,9742,9827,6978,7889,1504,3049,5904,168,143,9977
1065,2481,7187,4032,1190,6525,8057,2046,8152,2039,1555,1992,6335,27,8250,7129,2464,5399,1707,4510,8389,5992,8469,5552,1822,4909,5020,8529,3605,997,6769,8619,6981,3260,2614,6361,590,5091,2825,2073,7192,8723,8809,5829,6561,2154,4191,8907,9007,7116,2297,2030,2728,4143,4552,4979,7249,5571,6254,1466,3926,921,9105,9168,435,7068,9234,9315,6747,374,4300,9401,5048,7773,9525,6036,1425,4147,3141,4247,7455,54,6028,6594,4155,3771,1844,2731,5402,9646,9743,9828,3015,9885,251,1188,6902,2467,516,9978
3041,461,7640,6612,755,1631,8058,2414,8153,246,6595,5148,6426,193,8251,8308,1093,4548,839,5007,8390,4204,7755,5827,3687,6679,6753,8530,5178,4441,1240,8620,4488,5303,2061,3620,2814,6950,6912,5740,6770,8724,8810,6997,5372,559,5625,8908,9008,5996,1022,7208,6913,4371,5311,6888,9045,2232,6582,1903,6357,615,7833,9169,4227,7028,9235,7950,6407,562,5171,9402,6744,9441,9526,3493,73,5290,1052,4835,7456,314,4955,4237,4679,5110,3642,2423,6277,9647,9744,9829,4842,7676,843,2612,6849,416,138,9979
2214,287,2851,4999,1174,4221,8059,3700,8154,1442,6421,5656,3556,2770,8252,7903,3675,3570,1985,4466,8391,6624,8470,6161,5309,3163,5632,8531,2941,1271,3507,8621,5901,6379,1559,1337,5315,2558,5023,3189,3117,8725,8811,5429,4658,940,546,8909,9009,7452,5579,5191,4021,2149,6131,732,6156,5660,2037,2698,4655,4561,9106,7606,1641,5913,6674,9316,6649,2189,3237,9403,2141,7705,9527,6832,718,1172,3401,770,9563,836,685,2656,905,4244,2924,532,4728,9648,9745,9830,4554,9886,1691,4401,6019,4698,42,9980
3632,1485,7198,7601,159,1474,8060,798,8155,2528,7544,2018,7152,584,8253,8309,2283,1106,3020,3842,8392,6428,6709,7560,2162,6403,5673,7594,4512,5977,947,8622,2944,7443,471,2886,5135,7739,7595,6814,4604,8726,8812,7741,5052,99,2786,8910,9010,7534,2156,7765,7201,6027,5063,6876,5969,6807,7385,1389,5727,3250,9107,9170,1709,7063,9236,9317,7568,252,2974,9404,7000,7569,9528,4573,111,7064,555,2259,7197,524,6216,3572,3018,6728,3418,2777,6871,9649,9746,9831,6823,9887,131,2317,7033,3058,178,9981
376,1162,6960,7355,149,665,8061,3255,8156,4350,5840,477,3100,567,8254,7690,827,2253,3979,4739,8393,4927,7912,7551,5348,6772,4791,7693,3781,3479,1539,8623,6089,6404,1654,2738,2691,7268,7173,5964,3791,8727,8813,6652,3706,25,7360,8911,9011,9034,5217,7125,6264,6998,4885,7137,7584,5393,6622,437,6999,3378,9108,9171,4615,7011,9237,9318,7354,414,1529,7840,6959,9442,9529,3432,215,4281,1116,5426,9564,925,4022,4578,5043,7158,4409,1710,7114,9650,9747,7971,3500,9888,176,1016,7285,2453,1095,9982
1434,5028,6233,4772,1918,1924,8062,5493,8157,2775,5363,3348,1272,2852,8255,8310,2331,6107,3331,3736,8394,6355,7449,6635,2470,5615,4718,7917,1717,762,1231,8624,5041,2607,185,5360,3678,5485,6017,3971,1079,8728,8814,5249,1778,2262,396,8912,9012,7572,5836,4758,5497,6208,5761,2525,4906,5928,3217,789,4904,5281,9109,4103,2520,6090,7447,9319,6235,1444,3837,9405,4119,7774,9530,1660,1382,691,1935,426,7593,1338,807,5306,1615,4570,3014,989,4420,9651,9748,9832,6855,9889,1463,2288,2921,4358,227,9983
1810,263,6824,7270,306,1197,8063,5127,8158,2596,7297,667,4188,361,8256,8311,2228,1757,3721,5298,8395,4078,8471,7131,4617,7136,6968,8532,3475,4167,4024,8625,3184,5450,5383,1214,6105,6035,7920,6531,2579,8729,8815,6830,3412,88,5316,8913,9013,7925,1968,7108,6347,6699,6934,2480,7392,6240,7203,3694,6077,2279,9110,9172,2167,7538,9238,9320,5544,288,2699,7810,7421,7871,9531,7747,152,4164,2512,1110,9565,508,1051,1636,2448,6567,3799,536,7222,9652,9749,9833,6166,7981,1285,5525,7332,2451,47,9984
2240,597,6412,6979,1839,3003,8064,3558,8159,2258,6961,6071,2500,507,8257,8312,3815,5595,750,5886,8396,6918,8472,7139,5098,6150,5539,8533,2406,1957,5271,8626,4838,5712,4709,1180,2951,4816,7315,6299,2549,8730,8816,7384,5273,191,3565,8914,9014,7742,825,6234,5638,6024,4805,1192,7697,5523,3798,2644,6889,887,9111,9173,264,7266,9239,9321,7279,619,3991,9406,4803,7775,9532,7543,573,2733,3731,284,7657,498,1911,3010,1086,6149,4688,653,4443,9653,9750,9834,6614,9890,1223,4941,6317,2766,84,9985
646,3180,6097,3084,70,1091,8065,5071,8160,2778,3506,342,2012,651,8258,8313,637,2371,2082,6032,8397,5826,8473,6962,5446,6879,5674,7473,1606,1644,5104,8627,6527,5688,6181,2943,6731,6406,2892,5425,1029,8731,8817,3722,6532,128,3092,8915,9015,7798,80,4929,6306,6460,6723,1945,5542,5699,3983,509,1445,6914,9112,7941,378,5768,9240,9322,7013,1523,575,7711,6364,7872,9533,7432,999,2443,4241,5002,7366,4697,6192,5050,4107,2340,5065,1040,4713,9654,9751,9835,6427,9891,2798,6908,6989,3083,2157,9986
964,1719,5543,6818,81,2107,8066,4108,8161,2997,6714,325,6616,1296,8259,8314,553,1255,2254,5561,8398,5364,8474,6715,6214,5420,5100,7684,1224,5143,6344,8628,4047,5382,3466,3358,6432,6738,7134,6004,2965,8732,8818,6599,3732,259,4111,8916,9016,7709,1876,6927,5936,6906,6633,5307,3851,7017,4051,2569,4593,3304,7686,7633,155,5481,9241,9323,6359,1987,1972,7665,5629,6353,9534,6011,837,6110,1543,2585,7500,2220,5087,4112,2483,3124,799,647,1369,9655,9752,9836,2905,7982,33,1569,6286,4815,852,9987
3343,405,5534,7048,707,2372,8067,4429,8162,765,6516,4695,5872,347,8260,8315,4747,2432,1063,5808,8399,6160,8475,6429,5860,7388,6897,8534,4691,3129,6162,8629,5179,5471,4656,1383,3737,7254,7167,6119,2100,8733,8819,7025,5664,129,4672,8917,9017,7350,431,6691,6920,4965,6952,1962,7929,3551,4664,1762,6608,659,7768,9174,547,7461,9242,9324,7402,261,3788,9407,6578,9443,9535,7548,556,5015,3145,1100,7964,618,2260,3802,1584,6752,6294,296,6579,9656,9753,9837,4993,9892,639,5960,5640,3594,123,9988
1759,953,5685,1120,1663,3065,8068,1061,8163,2706,5346,4362,2538,108,8261,8316,4033,3112,2882,2230,7907,5189,8476,5765,2633,2552,3723,7545,3458,3602,3939,8630,3430,2707,3249,4662,1599,6259,3986,3088,2696,8734,8820,2926,3846,1161,5400,8918,9018,4585,1871,4867,3284,4566,4289,1432,6187,4738,4572,784,4385,1974,9113,9175,1535,2205,6255,9325,3757,1186,2842,9408,1721,7586,9536,5601,2658,3004,2817,2680,7965,1274,3937,3576,3777,2809,1038,2570,1621,9657,9754,9838,3446,6601,869,3193,1518,3612,281,9989
20,30,106,381,53,1119,2566,1245,6659,187,6434,6021,6725,1586,8262,8317,1668,3215,1334,5219,8400,7580,8477,3510,4006,3734,5285,8535,5032,3205,7474,8631,5978,7267,6560,6742,7283,6222,6717,2757,7373,8735,8821,6826,6014,299,1315,8919,9019,7858,1843,6494,6726,7352,5584,6512,7930,6600,1428,3123,5181,5803,9114,9176,269,7109,9243,9326,4918,1597,5769,9409,4795,9444,9537,7274,2476,2514,2687,5545,9566,3045,7638,3030,2873,4646,4808,3438,1706,9658,9755,9839,6782,9893,856,7059,5961,4199,6266,9990
2114,1802,5518,6485,260,1264,8069,2027,8164,385,6910,1084,5810,101,8263,8318,1108,1785,3125,5200,8401,6282,8478,5424,5405,6799,3701,8536,5434,5520,5957,8632,6034,6555,4752,1727,702,7524,5974,5428,3225,8736,8822,7005,6328,29,4783,8920,9020,7926,617,5741,2508,6592,6136,4476,7420,6760,1639,2631,6843,1565,9115,9177,150,3397,9244,9327,5789,480,1370,9410,6895,7412,9538,7398,2008,4789,4574,4896,7876,1081,7501,5639,4228,5326,4192,2551,7185,9659,9756,9840,7178,9894,274,2122,7075,4623,365,9991
3370,4745,4301,3686,1461,217,8070,2693,8165,387,3345,2078,5620,1148,8264,8319,1821,1900,3346,2437,8402,6819,8479,6389,4194,5719,3200,7349,5096,4205,2908,8633,4353,513,3408,664,4212,6702,6598,4149,5413,8737,8823,4823,4951,21,1452,8921,9021,7008,2611,2281,5423,3199,4452,4915,7160,5585,3998,1121,3431,5198,9116,9178,371,6424,7567,9328,5156,305,2616,9411,4764,7706,9539,6261,2779,742,3153,4236,7877,902,6292,5388,3344,6245,3664,2063,3340,9660,9757,6940,6550,6994,1825,6042,2308,6013,275,9992
485,1743,5704,4531,1744,2958,8071,6479,8166,1360,1689,1105,2134,863,8265,8320,3183,4614,1526,5455,7642,5681,8480,6430,3147,5599,3251,8537,4591,272,6318,8634,4544,5821,4153,6284,6191,3143,5155,4621,6319,8738,8824,6177,1083,638,5258,8922,9022,6661,4380,5206,1213,1671,2899,3814,6507,6330,3131,2026,1870,3961,9117,7513,965,5102,7946,9329,1107,1546,955,9412,1347,7526,9540,6339,3946,572,3375,2119,7527,1842,4919,6488,4098,1415,3860,2915,1698,9661,9758,9841,2029,9895,369,3342,5818,2934,752,9993
62,5441,6740,3555,356,2919,8072,1049,8167,3692,3022,1076,2227,1969,8266,8321,3357,4849,1437,4018,7908,6371,8481,7106,5495,1882,4515,7794,2493,689,5456,8635,5714,4321,3588,4852,5633,4723,3796,3144,4304,8739,8825,1195,3855,1637,2444,8923,9023,7710,4524,5042,4648,6461,6468,5785,3948,945,904,1140,4506,7072,9118,9179,1549,3699,5573,9330,5554,1042,3587,7521,3951,7873,9541,5790,1885,1146,631,1447,6471,2527,4258,6368,1350,4229,1480,2136,1786,9662,9759,9842,5941,5482,2681,2155,5791,769,830,9994
233,1803,7404,6552,126,218,8073,7243,8168,3673,3291,69,5472,3897,8267,8322,1561,1652,1511,7060,8403,4495,8482,7321,5527,6147,7097,7918,1583,757,5952,8636,7357,4485,7334,523,7426,5982,7155,5965,2287,8740,8826,3492,7006,79,6784,8924,9024,7535,4428,2914,5528,7202,3227,3055,7766,5666,6285,877,4663,6201,9119,9180,1500,6302,9245,9331,5654,91,3321,9413,7672,9445,9542,7957,208,1089,1680,3606,7081,3264,4563,1579,4309,2630,2560,1293,5117,9663,9760,9843,4248,9896,3494,7047,7752,2194,2238,9995
581,2487,4332,6857,147,234,8074,6420,8169,4767,3957,115,2590,1771,8268,8323,1325,1249,2384,4478,8404,4315,8483,6916,5036,7154,5963,7853,2020,2651,5973,8637,7827,1496,6690,845,5715,4710,3634,4818,1704,8741,8827,4571,3912,51,6533,8925,9025,6505,2085,3717,4654,6310,2946,4610,6484,6975,5869,1720,6970,6712,9120,7942,600,3195,9246,9332,6609,560,1248,7522,5752,7812,9543,7340,278,1979,1314,4346,7275,3848,3955,4390,5055,4286,1323,1947,2794,9664,9761,9844,5846,7660,4249,4376,7179,1853,1560,9996
981,4908,7050,2295,596,2035,8075,3845,8170,1421,6297,716,1525,441,8269,8324,237,5745,2488,3550,8405,6033,8484,3776,5014,4550,809,8538,4135,4142,2797,8638,3697,4911,5128,4039,2878,2241,3818,1986,4584,8742,7797,2439,1260,956,3103,8926,9026,7049,972,5263,812,5278,1450,2349,6686,4101,6148,2025,4162,4649,9121,7808,1475,6114,7809,9333,2912,3174,1582,9414,4285,7494,9544,959,1247,4807,2678,3598,7144,1792,4516,5462,3583,3293,2735,1624,1282,9665,9762,9845,6676,9897,1999,2485,1850,5260,3720,9997
1372,670,6246,6203,223,243,8076,4689,8171,5564,5925,1067,4960,256,8270,8325,1440,2187,4975,6553,8406,6491,7509,7253,3433,7328,6287,8539,3294,4427,820,8639,5160,7258,1401,3338,2994,7052,7511,5676,3611,8743,8828,6005,4659,52,5777,8927,9027,9035,1673,7453,7117,7363,7300,6008,7575,5979,7194,621,7232,3508,9122,7943,1944,7671,9247,9334,7701,244,3280,7702,7371,7874,9545,4418,194,6604,889,2509,7966,402,6340,4841,3839,7177,5474,2442,7750,9666,9763,9846,6766,9898,311,2991,7733,2913,68,9998
189,744,5679,4347,76,950,8077,7234,8172,6670,2843,121,6829,1491,8271,8326,1570,2417,2071,7540,8407,7517,8485,5641,7001,7756,7190,8540,2267,2626,5711,8640,7795,7614,7407,579,7437,6500,6618,4706,1517,8744,8829,4744,7471,40,7007,8928,9028,7497,456,5269,7564,5814,7460,5192,6423,6693,7036,501,7044,7446,9123,9181,1075,7472,9248,9335,6706,120,4322,9415,7635,9446,9546,7958,293,3322,1333,3336,9567,1263,3820,1700,3529,5121,3415,580,7780,9667,9764,9847,4113,9899,1037,6866,7983,5275,1837,9999
11,8,15,19,24,336,1196,2992,5794,2033,7624,4360,7327,499,8272,8327,5512,5672,5072,6298,8408,7089,8486,8487,6325,6204,6548,8541,5721,7406,6085,8641,3719,7042,6499,3307,2822,7740,6576,5856,7212,8745,8830,6827,7378,2338,6657,8929,9029,9036,1313,6746,4859,7245,5628,1881,9046,4595,6076,3795,7393,3266,9124,9182,2767,7204,9249,9336,7322,1427,1499,9416,6977,9447,9547,7507,808,5139,5763,6304,9568,1754,7423,7440,5017,6409,6031,4382,6844,9668,9765,9848,7094,9900,4526,3546,6995,5980,924,10000
