-10.6284114566614	10.8627925197361
-1.94317965435869	1.95227776443552
-18.062021847944	18.5230189601754
-10.0970793050322	10.3303502745052
-4.67048507887861	4.77602614924241
-10.2334388239417	10.4627894621011
-3.71098410866706	3.82154272475771
-7.34794562362018	7.48671550626171
-8.30170000393825	8.53839726201195
-15.0926736263865	15.4387505769528
-12.004857541126	12.4667156788515
-13.5802371469811	13.9262181774108
-10.6163165421651	10.9472656026465
-10.158074414285	10.4353136569562
-8.81592709551769	9.06322739586912
-5.4709129018687	5.45740162907004
-12.9019600209186	13.3044049675278
-8.46457859693273	8.73335826024653
-17.9789266108986	18.3351555773244
-7.91454243960988	8.08004738191534
-16.1340148016057	16.4555749298332
-18.025157058268	18.4558823025486
-13.720897440437	14.1314786492153
-10.2249759552973	10.517264697902
-10.4315970140885	10.6650796399487
-11.1464152319679	11.3862637762959
-9.11123701238523	9.39209646736163
-16.7620076765517	17.2214754139563
-16.4731340477959	16.9134855693089
-10.6109314551774	10.8612826170693
-3.87958482768863	4.10671737418481
-1.70006547617185	1.7110503933739
-5.37702448691048	5.4472565135662
-6.16805245706291	6.1778889458085
-0.540934362526519	0.536521846401497
-5.59030119515033	5.8892587681358
-7.85012552080473	7.90057816347376
-2.91746580539436	2.93926719565667
-14.4568780640803	14.8797449009736
-12.2479119643369	12.3968959253601
-13.9892969985934	14.4720433367915
-18.9815455276706	19.3650443335017
-6.22325143476424	6.38510072341785
-1.18296608478835	1.22412669709379
-8.6710162389353	8.93678114623729
-12.7741972977898	13.3048382108663
-17.6336875919381	18.1115500864137
-1.54009389220202	1.55153331168505
-7.17501875289454	7.38805993909005
-9.14980718379394	9.39688711705529
-16.3537893688201	16.7317429039617
-11.371358493544	11.6853482178678
-14.7549053871439	15.1994690315735
-15.7006566088641	16.1019522038261
-7.81707080463813	7.80910867636109
-13.6541905790435	14.113506111706
-12.3154600567306	12.7612925324114
-15.7153437042681	16.0815111475414
-10.6746460928837	10.9499481931053
-4.05000182403935	4.17376017900533
-2.13624865422406	2.15895793403503
-5.90991096180032	6.10201850801291
-17.947513876059	18.3535847492459
-1.6774866324869	1.72413969788569
-15.1704048052582	15.6422488643995
-15.0161283007834	15.3717525233957
-15.822514954153	16.3346702028261
-14.4091108894042	14.9206645044122
-17.0603122086664	17.4911842300226
-18.0533934425072	18.5021925835085
-1.0341337017945	1.05610720792298
-3.47598833276014	3.60867142929512
-17.121082484534	17.5509678280993
-16.3454270114446	16.774383646987
-4.79009811977953	4.89381325827616
-17.3546440188706	17.7882052015765
-15.8592352288957	16.3329005254025
-1.85945708245483	1.85281286488884
-15.4346507210093	15.837634994966
-8.95769247584836	9.08787143866873
-17.2215549223042	17.6755258391448
-2.3533002870923	2.35904831264999
-10.423245203722	10.7109242450521
-18.1190910985605	18.5954777007021
-5.95451413490533	5.96634715916654
-5.77463711840371	5.88219406494568
-10.331648082772	10.5344664731703
-7.79935568405263	8.02767201585422
-11.4767954196331	11.7564738263163
-4.47965005910368	4.49748294537412
-11.7319029727778	12.1599702129346
-17.0398399367266	17.4861632512957
-5.29142467885982	5.30683042151775
-4.85596694044951	4.8625734591888
-2.97670244954427	2.99162808494561
-16.6496608567983	17.1287571551057
-18.1321170293641	18.599185978219
-7.69200897585068	7.74727469350109
-16.6926995891837	17.1194138835896
-6.81425286901155	6.94899377645743
