-0.0687304516509983	0.0741354139014939
-0.0139997837736328	0.0159997707268492
-8.89769087944409	9.36480419404836
-0.653544832461098	0.651013896016345
-0.80973114430018	0.808312568327643
-7.0856427303486	7.62388291073216
-5.22283530501949	5.55017138676431
-3.77982221289717	4.10878872831719
-0.224382971693215	0.229713914276078
-7.83967315782886	8.35320833862374
-8.18178895029842	8.67815908962578
-0.520209441955352	0.51794632032758
-8.94667211616181	9.3863943318763
-7.0093098360931	7.58515347858287
-8.38848154414534	8.92174290887594
-7.57596613714771	8.14873625009745
-5.32587114932997	5.83021468204131
-8.37753693485911	8.880378651742
-8.68944048877133	9.16003370139046
-4.22395063915792	4.65059328130346
-6.44898112335892	6.93341818096848
-7.03237768305241	7.55136667323646
-7.41932970602625	8.01328156429172
-2.61663652568111	2.59267167925744
-0.553901034860946	0.556221734979217
-1.38570014137635	1.52460625191563
-7.62227926953364	8.14097778493633
-5.01647819474418	5.31028855013235
-2.93992015190254	3.06957079000857
-5.21848626558376	5.73576474134809
-0.562162289533671	0.668837091298318
-7.85202690328359	8.45028304523034
-3.28352177715544	3.37398623885327
-8.16085975848891	8.70322979999854
-8.72346660938788	9.25768569820582
-8.5603180503054	9.05480834134466
-5.88426744191536	6.11807657979767
-7.23220717262887	7.65132510149351
-5.88405299614134	6.23599508023753
-0.647541860931821	0.679547003211643
-0.498266076925864	0.510725271511583
-7.92267361563584	8.39909558845197
-0.406778668770163	0.418808867012717
-2.13220243802912	2.31766456261877
-2.01168655338351	2.04427000486091
-5.07195298136738	5.31345091965691
-3.36918079015385	3.55239577061006
-0.39120674874657	0.388989266962576
-7.86080011364936	8.31518498141991
-6.95111528131301	7.48643339145575
-5.80402228459737	5.91514584466227
-1.77617358901509	1.78814208855173
-5.0145567458558	5.56850429801369
-5.77792709035566	6.35715435251951
-5.92980537849414	6.27136218352035
-0.243097889923574	0.239999644176443
-8.25659679077223	8.80658668899776
-8.80529000348343	9.26346263985349
-5.68720379072131	6.09972805942224
-7.99344174067387	8.49092603465906
-7.26255386045818	7.76783245964376
-6.09806435917754	6.4433319213096
-0.266222542398145	0.279672272859061
-3.02349157171796	3.22334421604731
-7.11215003037218	7.72101981345959
-8.79180483233488	9.31071055210837
-8.32409255850602	8.83002555219597
-8.42219112748503	8.94197235400801
-6.49357142613643	7.06868807822658
-6.29268121707811	6.54422129492517
-8.76037658330075	9.30002316100377
-0.0436620929457214	0.0446375071786457
-4.95567829214734	5.39075732004725
-5.15231279198273	5.56644058526243
-6.12690788884656	6.51818588925109
-0.493570129787929	0.54846268829815
-7.32292081268704	7.8235123404468
-0.446672169518624	0.475279812320927
-5.28011715594938	5.69359913955784
-4.05453509820087	4.3116662255246
-2.27256596196821	2.31185023796308
-7.37612480768153	7.73390710319893
-8.75543458099505	9.2592574768668
-2.4976673285144	2.627615620585
-2.42232825649927	2.80220045365516
-2.25919966566469	2.44555670785424
-2.80736709693126	2.99649989366975
-4.28727795916815	4.54309121324788
-7.22068161813962	7.63376135225952
-1.8200961270687	1.99441909693986
-1.45480625252853	1.51465779409735
-5.35036556251854	5.50821024586144
-8.82538230807116	9.26897911992911
-3.42204609870945	3.76725105210432
-4.22953840671666	4.40028420233913
-8.68504115223942	9.14234599895143
-1.39006035429768	1.40029728000508
-2.92298366096926	3.15933382667862
-2.72031626534287	2.7798872645481
-3.01006658406257	3.25916159314495
