0.180941333358737	-0.142834637818443
0.631724301723419	-0.619474814093956
2.47990123503462	-2.26124434798711
1.02874832153788	-0.941783398366794
3.92530367065393	-3.56930473181335
1.39156235190728	-1.29455981386533
3.22036664916006	-2.76389284048747
0.782525123273317	-0.740969833639108
0.557176228489161	-0.55788575617886
2.82537723596916	-2.67552413957198
0.0149343230387272	-0.0137368001921529
0.830712874183035	-0.761489909710051
1.01668837145888	-0.929778400294518
1.50298452274641	-1.41019316740778
1.46340324379726	-1.37853237871212
2.7384663673961	-2.42968458216438
3.22665599054208	-2.9048254791875
3.86212761206379	-3.55810118994448
1.82327715218721	-1.60821136710203
0.888741475122041	-0.79845073708288
1.3429253471236	-1.37510629501731
1.18572076225228	-1.20904475847043
0.915485225972216	-0.882035032656336
0.724072751907518	-0.744311742687
1.92069723630204	-1.82047560050104
4.01796274593686	-3.69757069543334
3.40641700747043	-3.07544037168557
0.670429408048439	-0.696636812328424
3.04714999325246	-2.80091496688041
4.34848291078454	-4.02966842199281
2.09692483183754	-2.01140010653564
1.71154616490181	-1.55954280594937
0.285707265821539	-0.248200750690945
1.32516027686978	-1.23088407756013
3.79643823827893	-3.51549084963428
3.5640760941446	-3.19531033890798
2.99343414860364	-2.69277732048409
0.272081485361452	-0.241977158273256
1.07424574925759	-1.02923889084172
4.26421169410913	-3.94155174728115
0.700070012728223	-0.660285177176866
3.79417921734283	-3.43256788866627
3.43500513874873	-3.03262461303416
1.93004987776367	-1.93837474090817
2.4021685212975	-2.00682643236951
3.05556232237716	-2.70410439149432
3.00469128060617	-2.62534108524321
4.22682610413206	-3.90991994360412
2.41198667675333	-2.12283961077829
2.64070668909173	-2.25012366858161
2.57688383989583	-2.23360800751796
3.24044953672142	-2.95041473812613
2.98719353461964	-2.66985383372455
2.62422209734547	-2.43106278925301
2.30189359183612	-2.22830967467512
0.067552913929313	-0.0631817937340789
1.3204403985484	-1.35079566730208
1.29809525987025	-1.27722004414979
3.86484610649059	-3.50225028496018
1.88211210701042	-1.67093788193344
1.83764062025581	-1.55705890528906
0.722624388649456	-0.749710576352583
1.45525531189143	-1.42440988415266
0.288193047450165	-0.310927754446637
0.436531475971661	-0.441652225474026
3.54484484036531	-3.23817314207139
3.44711727875369	-3.10412355106747
1.83726399176484	-1.69174905515574
3.7960316176255	-3.50664238759809
0.478914633425955	-0.472428151972635
3.43968152137793	-3.21029612265026
1.66396006629921	-1.59300577404287
0.200885791087493	-0.162483443079711
0.795809498151167	-0.724871882156746
1.13648795564169	-1.0890306146165
2.90373286376253	-2.66191144645384
0.667729999367047	-0.663168286822355
2.46372681604152	-2.04872510540832
0.158318115147625	-0.148086010512772
2.7319210761409	-2.30415126064578
2.30915389233449	-2.19702414848374
0.425028611739298	-0.371450819124634
4.02275002687293	-3.66166801378092
2.55620176767158	-2.35168744858122
3.72706116042943	-3.40529510749636
1.18009569700535	-1.07786963589259
1.69534254141838	-1.5755531762672
3.225389703284	-2.87922738545037
1.05101446606104	-1.06042200940182
3.90282137083629	-3.56579189707199
3.68915174562186	-3.38330762419112
2.8248001515399	-2.5449388663958
3.18826834955459	-2.79805793464846
3.00707936429539	-2.69581540038501
1.68573102196762	-1.74863046039003
3.07106052749241	-2.70025735861908
1.38252061480094	-1.3501458871758
3.82689472126037	-3.47391932897104
4.00483524781548	-3.61139012771699
3.20542205392825	-2.86244174705545
