-0.0139449957707069	0.379354324269949
-0.0987424275267389	0.27816705635011
-0.105645168821208	0.717058636994666
-0.211854861230013	0.500470790639652
0.0901695091766065	0.132051396415188
-0.115356705236125	0.74016883746475
-0.0692747341712502	0.579520688631113
-0.135485388274785	0.488493733481217
-0.220498714567526	0.785399008398558
-0.132803328207826	0.26463659841826
-0.16358132123827	0.403378022375965
0.0292577538808134	0.197887377160335
-0.0125748111279908	0.261577413827207
0.0770691157936786	0.35072829541625
-0.0406978180486116	0.243218595327879
0.0592937842421795	0.278835202356203
-0.0655986198520913	0.644520643966824
-0.000193201050189818	0.235415640851804
-0.128148751876688	0.436928212350356
-0.253921340225359	0.539224251030085
-0.00652095900537244	0.23507920847179
0.100765185998659	0.269581406915028
-0.0622445954510945	0.562469022258621
-0.176704005947018	0.449073811904165
-0.204390351894959	0.702527864419228
-0.148123698864012	0.71838169951012
0.0199461030078622	0.33135578054918
-0.12270945319969	0.583577614199752
0.0253773182984407	0.0966125804315031
0.184789909703885	0.00795220316425992
0.0999737445252042	0.280223344606511
-0.0588629866785335	0.43981508915719
-0.114212552747676	0.770942505218678
-0.0165294889674314	0.330662673543894
0.0637266340994856	0.250408451734419
0.0297226165685617	0.284151892411503
-0.205358195820073	0.704085492059201
-0.0563545391834733	0.0675269293951716
-0.18192141550163	0.744383906998894
-0.116509663967168	0.323628274906261
-0.401076916744529	0.790110525788057
0.0456797130031519	0.0579990834234617
-0.201202815420363	0.656218912570636
-0.021662627187181	0.0515313038175318
0.0178114983886601	0.0851963125761722
-0.18893585896143	0.759674660834118
-0.0239409354554933	0.372944955610443
-0.0738652675846787	0.268173828925822
-0.146232955725584	0.586320829371029
-0.0825027035054084	0.611310385664099
0.0335312378232486	0.239931370160582
-0.147469991673007	0.679876687205919
-0.0692500459362422	0.465875402487065
-0.0426786228410635	0.483835265804682
-0.269569784320375	0.733085785936099
0.0438665023888236	0.551987257001325
0.158338256824867	0.136871167743615
0.154003543799169	0.0398314304168423
-0.00408851468229939	0.0595583250282134
-0.269132252072944	0.764896830987593
0.0531098483935415	0.0346702487439536
0.067374883221979	0.138691211880213
-0.135808913127278	0.37918788531678
-0.0169102281384418	0.504769328460243
0.0017447863651572	0.261130106004504
-0.149902887945883	0.61977612424926
0.0726201692678396	0.0558100285719462
-0.0480747563733296	0.0823639498851394
-0.100697208549104	0.342619164339313
0.0819522183012373	0.0605980847782217
-0.076587016868169	0.746345200415438
-0.0702869673466877	0.403106297708163
0.094649863893603	0.253503076766691
-0.0312027778589244	0.0513483127563599
-0.142058440524538	0.459951103187234
0.0798412304385829	0.0579308666064186
-0.216573942091866	0.700324134971459
-0.0839626750604125	0.553172984722592
-0.0529481059443202	0.337644254295439
-0.16413348497274	0.421263157812668
0.0678624341985119	0.474181642992771
-0.0697535704938802	0.304057005961317
-0.401248426821889	0.790820449467263
0.0828094928054272	0.0724625660801711
-0.223829018793108	0.514102219452825
-0.101025469111966	0.566099384924169
-0.167370966903859	0.18565680946531
-0.265563688070669	0.690003625520178
-0.0106838602259119	0.141887121869518
-0.0863087011915073	0.760009163369879
-0.391093178081542	0.794583965040054
-0.288128790754871	0.771455929190641
-0.0170354777281536	0.0690790309013059
-0.0477076267940418	0.566862815466995
-0.0313443073440174	0.0929733017749316
-0.0847937051306072	0.607040801932095
-0.254363548729491	0.621942562227687
-0.380744989551891	0.779095826913261
-0.0187292750641495	0.0351220477921765
-0.0569830830931768	0.67143602470578
