-0.00391431878162766	0.00952272755564198
-5.51872645779898e-05	0.0020653889465166
-0.425587426740101	1.01049466975892
-0.0178808600554107	0.0386268267345738
-0.0395825609599778	0.0610710639395182
-0.24388155290083	0.857228781451554
-0.193090045353395	0.591435722823803
-0.127207061684098	0.485183908053671
-0.0112673453997764	0.0212445605626645
-0.358219355811888	0.951453868408696
-0.357321636776237	0.953196480181208
-0.0127875232207037	0.0294259291993853
-0.440434910900961	1.00344761822183
-0.259841455618575	0.891844437579935
-0.352054155759177	0.984731594593021
-0.244302026797546	0.903086014325171
-0.159532138951806	0.69916015652016
-0.39657861498067	0.993550556963385
-0.409360890879956	0.992811055833748
-0.14020424347568	0.58303200547701
-0.236157423503996	0.786104159807085
-0.362978197832774	0.92438067783094
-0.300790031746312	0.950939319795101
-0.0796147993388407	0.150042419033713
-0.0244994799873242	0.04239612586689
-0.0788935201636324	0.213482233972794
-0.35233265800904	0.941788296402565
-0.221328461515224	0.578482523392367
-0.123042780474791	0.303881534499869
-0.303139563026406	0.803987027571613
-0.0407409215913644	0.128629575165037
-0.265678736988572	0.948000454962293
-0.132955860061315	0.297539152067008
-0.280904913639065	0.931813696250707
-0.38591808431764	1.02324595509757
-0.389213820954549	0.990318223777483
-0.244396040997229	0.58864152968985
-0.311208775066361	0.825337567626951
-0.198478976017297	0.64109379244114
-0.0256689394032703	0.0684172121063943
-0.0251318837913206	0.0476870861885503
-0.354213715977687	0.925788534220437
-0.00784155258153634	0.0314142508401767
-0.0839991426637183	0.282233445462742
-0.0601132558460126	0.151015874670204
-0.249956975383337	0.563425697136659
-0.134942240368304	0.368887844513276
-0.0276857264089099	0.0344005192026137
-0.342191590972444	0.899003485723543
-0.346394734864032	0.920923955628605
-0.206521553947307	0.4710496287563
-0.0592145951381992	0.125636059267192
-0.305725389768887	0.823085319576484
-0.280795006883042	0.856350130924298
-0.272715051300971	0.687354141966117
-0.0110446648069031	0.0158626307460867
-0.28836236812191	0.946550425492263
-0.418801873489595	0.995463055564984
-0.270023193877835	0.725999118537452
-0.347551336115626	0.939265699274887
-0.335788437674178	0.905343726825648
-0.277088183556552	0.700331993162843
-0.00936845677631465	0.0275064131590149
-0.135340925455859	0.366335053874468
-0.266793072426089	0.924698747128467
-0.373599883049622	1.00673196961038
-0.335248709844755	0.950817232863075
-0.381665729692089	0.997122417680032
-0.237518059747295	0.854088850008859
-0.273438077824909	0.639014841935268
-0.36526624995366	1.01434611640025
-0.0043078208450626	0.00556681018350471
-0.191754061181614	0.656182208043688
-0.226777175414543	0.674036540587016
-0.27010893526528	0.729603816184543
-0.0256997805277498	0.0781966327876984
-0.35999235787458	0.921590605422124
-0.0125275239951658	0.0482379402314148
-0.171562804897501	0.640540261880782
-0.21404218186567	0.506170255787807
-0.117036750148454	0.206648703130613
-0.352414378095078	0.816292969504787
-0.391290404894306	1.00672890496706
-0.0874913939373958	0.260532855499469
0.00841617501775114	0.368903117529548
-0.0737215036136305	0.281011473603182
-0.137451726790712	0.350829391419765
-0.145689155968606	0.467458118503621
-0.34692908673343	0.845421382404913
-0.0730862085735528	0.253260163416379
-0.0621509478797406	0.148175496059571
-0.281690103677481	0.537552927070618
-0.435214840230868	0.997407088794676
-0.100458442292909	0.46287126667109
-0.240832490542783	0.470449408189302
-0.438876462922317	1.00368229491995
-0.0548406669827227	0.104792506465861
-0.0131786740117082	0.302554878507164
-0.16752977800319	0.275464788374218
-0.0245321752875323	0.323529327800349
