0.0872734064576892	-0.0375325925444377
0.0240024282168216	-0.00512458714638657
0.505505030245993	-0.0499967385175592
0.135263206291999	-0.0406954683666822
0.697171498394208	-0.138211513631991
0.0121820819988124	-0.00548805210320483
0.738013706990059	-0.0806317388328076
0.735746165227324	-0.0712235081358674
0.0204392500300515	-0.00461505079563769
0.731573882597001	-0.063127963490305
0.036029063551614	-0.0122727287340835
0.634032880421017	-0.0725493087878996
0.722162523518763	-0.0707472310430294
0.701508991304605	-0.0902897421404482
0.132444765482215	0.0204434366914277
0.736375469057501	-0.0708129436591913
0.684154748243034	-0.238592342536409
0.736280854691627	-0.0830764930079912
0.0260168923947886	-0.0104478740032195
0.700431146658922	-0.170256100424592
0.653019306095444	-0.0572246260786413
0.0744424105928483	-0.0199345386743938
0.683821802513546	-0.210106476179915
0.736343887211099	-0.0820239034386289
0.0482442843861172	-0.017527511609814
0.00996397531366872	-0.00960214088774149
0.50562622027648	-0.0523104129165175
0.723197074547522	-0.0471773700068115
0.0368386576956058	-0.0230200514612174
0.0925670159546952	-0.0480051327247256
0.705078648933099	-0.114324919021956
0.7074694485037	-0.152732428627878
0.0569721391167898	-0.0131711924911937
0.733372389768339	-0.076620183860443
0.694386043643579	-0.0525694731899522
0.0928443712457961	-0.0393543767015462
0.0320475307155737	0.021676076219829
0.708210782622742	-0.145034674070748
0.737341392059599	-0.0992643448474013
0.729942927195257	-0.0604298012635466
0.677495399957566	-0.207582689026881
0.725205504369189	-0.0683662105754079
0.688522970900861	-0.133074595748414
0.477309759359847	-0.0738475384198284
0.735795010302409	-0.0898860596234039
0.720042865844807	-0.075770915584915
0.730758410263413	-0.0954582220472572
0.729090203198045	-0.0682707685765288
0.722511111936668	-0.0959403831677
0.740399291861429	-0.092012497864488
0.077663821882145	0.00884487899000455
0.0225786716015184	-0.00794701286956585
0.736142892649574	-0.0671618372154239
0.739356346275994	-0.0990180260369455
0.126453224165259	0.0350328874193084
0.259327276002814	-0.0990400698064427
0.303348798425548	0.0902771826899819
0.446183150791589	-0.224139517635295
0.422121815220711	-0.198487849410201
0.145916823755738	0.021728989111552
0.118435806652787	0.0125098309806348
0.41105525613112	-0.00197925234081908
0.469835149248979	-0.0843770189792359
0.64262103121643	-0.083381302118511
0.352349883029694	-0.0984435629342826
0.378711229087555	-0.0714355477313391
0.0855933775118236	-0.0201109604787604
0.318152337405574	-0.00555198218403836
0.73683122088336	-0.0815663639620419
0.504852373634239	0.0503080750216705
0.0194299541444355	-0.00696593364016575
0.0316217236460086	-0.0064042260660044
0.0237126892478127	-0.0126900772648665
0.738626460120704	-0.0867989767184245
0.731092845691074	-0.0755817663739348
0.735488732359413	-0.0780669017969121
0.15459670454697	0.0942188359932281
0.0460455206719663	-0.0140055942084561
0.693530402543718	-0.216389769651824
0.738362543061766	-0.088890090536298
0.0102891281114865	-0.00529418637355954
0.0666517174691947	-0.0182466261358687
0.594074294537197	-0.0440161227010407
0.0443068221373955	-0.00381111025808382
0.618285300516356	-0.314171898629955
0.716310546350252	-0.116579064279274
0.688550630205338	-0.0743403014336381
0.692677077875143	-0.0973437322614518
0.622621748863502	-0.107247564182786
0.0139221359552688	0.000813522079627472
0.10634462895695	-0.0174149230269445
0.578674296988519	-0.128939957173941
0.704342929760154	-0.183498202180123
0.259910183231692	-0.0817469311728869
0.744326371124405	-0.0763041270423391
0.739301792551537	-0.0858944647063131
0.0618039028533684	-0.0222346095428677
0.686972061150395	-0.0808417931863217
0.702530786011063	-0.180134882509087
0.122868649769606	-0.0165288572984995
