-0.109748351721615	0.469338384286885
-0.0260051174406916	0.120474180336955
-0.0135337988269792	0.0722014328956856
0.00579608591308642	0.0328845714668753
-0.00684811089988537	0.255812850647824
-0.113763297133962	0.540670226478021
0.0541189907514116	0.329947975317586
0.0709789262276727	0.0792777747172791
-0.0471855970675727	0.404962312677789
-0.0306457622169894	0.19780782842941
-0.0955410081901504	0.414527944405956
-0.124618939104556	0.632332295419595
0.037836685840542	0.362347697999134
0.0598003674679297	0.178602761298052
-0.136817804476916	0.51063579620057
0.0221256361937465	0.682032951547828
-0.0620229364792653	0.134623615077847
-0.0879461700042664	0.598410704823223
0.0102503726316932	0.451924720680902
-0.0162817589017161	0.673775228939677
-0.0439680252238266	0.093991483930712
0.0385019383207531	0.423374565335316
0.161327745770789	0.192103991465627
-0.120325597023524	0.353165488058882
-0.0178727562440526	0.259775017935978
-0.0717699340960346	0.170850747507207
0.0490253849487115	0.379591290175997
-0.0860068763519813	0.311450975694794
-0.0491953322937113	0.386761473049185
-0.0458581812327125	0.542512280834626
0.032441488158219	0.31631620323907
-0.0358829684113164	0.700290882442141
-0.0790734773934481	0.390919788679338
-0.119931538791031	0.568464295163059
-0.0600908833749604	0.697117187822667
-0.0755334084864124	0.274821394322432
0.00372648374978447	0.509159368152859
-0.0638033334083451	0.709835477550853
0.0115456198850066	0.384597430257835
-0.00257048366616667	0.43327648657627
0.0487045357552637	0.27776601077362
-0.00608475243650836	0.570756712892915
-0.023073007667687	0.471588668018958
-0.0533426034359808	0.608387114414538
-0.113033171224224	0.557607316297206
-0.0708063667886256	0.206572825069187
-0.0110191954411313	0.38433695856433
-0.00921007614411309	0.0502302988903647
-0.172196484370093	0.667661514963762
-0.0784220942813141	0.388244095719085
0.00528493138556673	0.655296612746722
-0.102739748371454	0.302182986788945
-0.066329988955506	0.128250292064312
0.0224222991546541	0.396409411555
-0.188234921954937	0.282456045606024
-0.0790606631040144	0.297346996014045
-0.130946013939732	0.295801555930409
0.0239075778235531	0.0194306445940005
0.0633874376496684	0.237355078881316
0.121162228830059	0.143165326291959
-0.0324105588655367	0.365835101195969
-0.245327937299498	0.449948811529018
-0.0339422476501319	0.605387647832995
-0.0467966877819734	0.574511088130375
-0.0377371329982099	0.173383012334789
-0.17671770594195	0.595717229566589
0.0261334291165273	0.366728938421972
-0.0975011773898063	0.502535300490038
-0.00908156022100084	0.401121127214157
-0.0780739237336523	0.372914414928835
0.0310376934715694	0.361496291517942
0.0563707036496611	0.296819680809397
0.00952443584414136	0.509088431099745
-0.0324088702469714	0.0715825510010152
0.0108955146425273	0.201701444106536
-0.0327475288173136	0.589978882390886
-0.0633651361331802	0.0999882951070786
-0.0783576861439198	0.315778467877844
-0.0863940577297505	0.315569580021382
-0.181795401588326	0.647610289657238
-0.042133139576997	0.203236552921104
0.00335443783194373	0.343154201342501
0.0305759020270488	0.0363315719033339
0.0482785535493431	0.190158688794747
-0.045806249695209	0.66051964136158
-0.107943372385143	0.68185532078254
-0.0711751890218641	0.282571608930617
0.108315289388751	0.293432661929351
-0.0566578580862582	0.516374529630856
-0.0192140845680561	0.1063509935318
-0.0389157824236817	0.688251282042696
-0.0823264434010756	0.709135192220635
-0.0439604908607227	0.622942667572818
-0.100182963200761	0.689387359517622
0.0846629714757273	0.317161941321482
-0.156555690186795	0.648990448185482
-0.0528080155376211	0.71100009436722
-0.0191266748451802	0.108352011996172
-0.0629113315994326	0.715430193719641
-0.156108335661085	0.673832068662289
