-1.16863383666472	1.72034412213302
-1.33605297547457	1.84941326626894
-0.889709809779838	1.21357117841088
-1.43894707062165	1.95676325391563
-0.500902260870281	0.708667770801039
-0.632549049842639	0.825569363036067
-0.0187514197608127	0.0283049177288962
-0.455899343688737	0.623465860198132
-0.0335016619691635	0.0471157375766632
-1.11742938017181	1.36338355998492
-0.275841298764482	0.274430943617394
-0.424819866035397	0.490687557243105
-1.38891702941986	1.91105699434019
-0.949254972967326	1.17888507345358
-0.0705104502134965	0.119734304806503
-0.108470147726531	0.11727058361383
-1.04318839907757	1.52161335457499
-1.268755814619	1.75567128923409
-1.28798107760346	1.75836712651497
-0.957602049371816	1.44333079076904
-0.3580413516639	0.44445735488944
-1.07513184704819	1.54142435810408
-0.42180581621233	0.464686034117502
-0.977211065939211	1.41738926203918
-1.09788037580767	1.68705462457684
-1.38532354860654	1.9220117724605
-1.04231542674464	1.54050400370709
-0.293351064776443	0.394429067729965
-1.252703447468	1.75594386602176
-0.478413961060611	0.539153470239106
-1.29252540333489	1.79933885531685
-0.028746095244145	0.0398742395249389
-1.31342751134405	1.79275501556077
-0.491874912376419	0.657895307506614
-0.820122837231221	1.13640859244877
-0.995248520968211	1.42741215622833
-0.216587121554421	0.369972528461958
-1.32782125988662	1.86717803770054
-1.34782005704008	1.83567436193993
-1.12708838268807	1.66568617990345
-0.811234370135969	1.21947771968015
-0.0948617180485162	0.119123214422378
-0.207425943042268	0.243629446480639
-1.20062381455494	1.72178984843952
-1.0780455699518	1.58047906839971
-1.1160230541761	1.6306538833422
-1.21424399318071	1.81267010803842
-0.46445638753978	0.482634751553385
-0.545438440979984	0.556959585775564
-0.790091161048779	0.798837587634321
-1.34625474312269	1.80058141222626
-1.32218437375881	1.87523790859195
-1.3987134295184	1.91520727063083
-0.840992262201109	0.890546175223786
-1.15523068828301	1.73842766740949
-1.41633118767357	1.91824668147327
-0.411246164255452	0.537643176548825
-0.312386093931559	0.471700544885275
-0.685312700694351	1.17016851220531
-1.15762272646766	1.70106239394705
-0.823975856881153	1.11526528433381
-0.821494267563346	1.08560852522727
-0.0279597629202007	0.0551582774001132
-0.23427969263753	0.330190087701374
-0.292163848355986	0.686435890473377
-1.28321144572744	1.84690740011969
-0.227994523380974	0.340978645281911
-0.0306893838281567	0.0424270797126043
-1.13977993518896	1.54680995044899
-0.730028129052644	1.21134888121473
-0.797685844556119	1.38717837964618
-0.102661537799958	0.116283170556444
-1.3874054054653	1.83400288234975
-0.486968030736473	0.552927329320103
-0.0981719677117075	0.127517064142177
-0.735868624484561	1.08067962811549
-0.424290132709548	0.45384248770055
-1.42899997535006	1.88687054767368
-1.10716758732648	1.61703624055915
-1.19109955169158	1.72653485281095
-0.138809397932841	0.1406910539077
-0.743703526308827	0.916726698625363
-0.963744586720059	1.37474050378138
-0.438986734199866	0.461138630030657
-1.39060779879238	1.91238265827749
-1.3224336743402	1.69667195751135
-1.29277107949875	1.78110961275727
-1.38518729500189	1.92879531707672
-1.41309580635062	1.93134164112754
-0.0593840174265607	0.0731807766505436
-0.0995548350675755	0.136483903674573
-0.0964308598811312	0.131822417321668
-1.18266641399963	1.59593807657467
-0.212760817043932	0.314071667422612
-0.376728641870015	0.779940488492773
-0.813714216991494	1.28883725100944
-1.07706624078916	1.59780275284561
-0.447819084539332	0.435266046116295
-0.271226622534693	0.250407589178005
-0.015006915890372	0.0242685694846223
