0.434985430941764	-0.14987118657559
0.0162943595894874	0.00251454966563562
0.745251028043911	-0.118370900144655
0.368348032325582	-0.0661828075501617
0.227904394630932	-0.0439133887300193
0.445858930029399	-0.0920575726906422
0.166869121425728	-0.0504206190303318
0.261944464052147	-0.00125883345662446
0.35842996798052	-0.081500160191253
0.567054133474266	-0.0302160041786085
0.578185345457109	-0.0776427417880268
0.520933663710086	-0.00293146318093426
0.517558686596843	-0.0392611580539687
0.43422061000997	-0.0958535152022422
0.416155434063378	-0.082808706940087
0.177364911413761	-0.122094041669109
0.599639755831214	-0.100987801203151
0.388886823212485	0.0269300898863556
0.645237566141083	-0.0850209219502539
0.309554385421792	0.0587880009578628
0.647463538048263	-0.105117853940758
0.706341988659447	-0.185952327308232
0.632374680987696	-0.211169786788571
0.483544873817829	-0.178022625851165
0.382488608119795	-0.0750229107932921
0.406594655542451	-0.0537928607350401
0.397146624749399	-0.0570803385626024
0.707307627027331	-0.0888701992594247
0.62582108104473	-0.187994228058569
0.433728697987119	-0.0654418246648198
0.188422472831962	0.0674433129717586
0.103630795638233	-0.0649904879315962
0.260657200399937	-0.146226419496819
0.226170143223707	-0.0490292571613242
0.0140757372071929	-0.00924747579126096
0.292890102503153	0.161250931863965
0.253213354500863	-0.17473490020122
0.103909252751726	-0.0165281042875121
0.622147550461037	-0.00832979063756128
0.47213176355693	-0.159094044538136
0.67085510039172	-0.0939878929867079
0.674771033692037	-0.167212298346562
0.310557864303952	-0.0894659701351984
0.113702286775624	-0.0330821475310754
0.380755289255367	-0.0842516623225809
0.553832843987855	0.0377484337601702
0.747391811713189	-0.108961312112072
0.0721753083482865	-0.00447239032347545
0.351869842448568	-0.0119048664994512
0.418657467399715	-0.0937553065273341
0.592084148097426	-0.0359230528016173
0.501520218367846	-0.0100537348245512
0.562996678778255	-0.0295002614177605
0.663950276936897	-0.144405423192816
0.267666498984273	-0.0451337851886135
0.535909166422362	0.0100931981375542
0.577047394147744	-0.0778244949676295
0.640307476543447	-0.0930738536231119
0.473684119865125	-0.0970898027594083
0.161068774502732	-0.0127058037056989
0.0969980666009396	-0.0346840716653086
0.258523175136417	-0.0104599101719751
0.715091711327447	-0.0974905632658645
0.0939073877751714	-0.0199086230558942
0.71163833910048	-0.138706608260699
0.568707881236058	-0.0267852166151643
0.725625933930029	-0.0686715648596431
0.563852044897613	0.0534024089330129
0.688152507151187	-0.169171268543769
0.748218851394089	-0.109054432502218
0.0508357719876115	-0.00580117997384963
0.162044421160427	-0.00214625110965199
0.682477736681567	-0.194665292872174
0.704019640197427	-0.138479285342183
0.188546802178723	-0.0141659577886986
0.709626864501801	-0.120157362937265
0.674676615327457	-0.0321967630619868
0.0423641861726413	-0.0323424756074852
0.73638478143585	-0.14025298729954
0.285266389407846	-0.0702458147146289
0.678566336997123	-0.0700800931598148
0.043340668376115	-0.0114853312435859
0.496600546671679	-0.107637657227628
0.729389575937961	-0.14848195815425
0.0510994642543227	0.0220324764433643
0.226283779601193	-0.0157520544475445
0.377434307994676	-0.0692295588173011
0.388044725672812	-0.123303651933511
0.438427079776289	0.0946243727627231
0.0756973992673745	-0.0204273536107721
0.633210488359293	-0.149255066155419
0.707209231804617	-0.14247604683701
0.0796745726754796	-0.0110461754182547
0.112650326828864	0.0728065303080881
0.0731331710070048	0.0601002164483265
0.712544507907343	-0.0809906119948125
0.633539710495832	-0.198476841389437
0.137325569182791	-0.0153512628616413
0.637211238700138	-0.0615956015017973
0.287826418317428	-0.113698296295147
