0.0636795499967438	0.136709500919322
0.102734675822986	0.239141721083208
0.210850470743946	0.487095459211793
0.144988193096995	0.358736578856013
0.25214440169353	0.5651922143949
0.0174809520219331	0.0385432019388403
0.254340044921911	0.541659877590052
0.170665428538695	0.384595741362491
0.0132229848988651	0.0796988705387839
0.170879338255025	0.348251893786188
0.0072852395694556	0.0100328735957641
0.144277795133192	0.300900078326369
0.0127879589012293	0.0193258239150416
0.014117624941084	0.069833335621896
0.00679023319804651	0.0147048601784232
0.0503645079341105	0.196037189551256
0.157276175017489	0.453695880120814
0.207356545980565	0.526064564932556
0.0278125157151512	0.0615240091913249
0.0088046459495016	0.00229632180703972
0.0315838217183705	0.16644600556628
0.0710699976140645	0.218474394532102
0.0550914888778008	0.0440521624531278
0.0649667994762676	0.0710057759401381
0.0530280863099114	0.0996915056055198
0.251334652293232	0.51607296145544
0.185802413180179	0.400914464149524
0.142043717245929	0.244251618611207
0.0731027757392827	0.179458889637755
0.185896841054988	0.436074200578062
0.0778881255075117	0.210238641859227
0.007749061080079	0.0214196280870767
0.0791478939453436	0.179582501910617
0.0474088617756265	0.101273005811197
0.256837040089962	0.615673642921196
0.252704679430305	0.593907426522427
0.246123638526667	0.661672140915642
0.0404197337335214	0.0826757556196278
0.0370465912100382	0.173863677657418
0.240380980743107	0.444741767145185
0.03914739299313	0.192262379780066
0.243933177151128	0.401214097598807
0.235643289065327	0.460483909958186
0.191180068985238	0.433418054199174
0.238860649938113	0.520056717284057
0.251110116768729	0.524242091515938
0.227810070068919	0.582283487242161
0.232883396628422	0.5528987041579
0.160061701301899	0.324954920791707
0.0642212758102051	0.190209244112989
0.239035902794367	0.466353336084741
0.250208591037843	0.570094241598263
0.163151737270632	0.350955236618053
0.0940728522437168	0.213715146585587
0.207005749814579	0.502679283425002
0.133595191687294	0.256785280823562
0.104675849224993	0.268403392793317
0.102025713373669	0.264258204602186
0.0443841630371378	0.0807554194169112
0.100534586265972	0.202959310766162
0.0124361209488471	0.00821250245451681
0.110326611173781	0.244221956239562
0.228325524683604	0.605344085954709
0.165357244414378	0.441548623517852
0.174421092059418	0.452838746923602
0.1508039337271	0.254456385472483
0.147147958470017	0.366029197147635
0.167126567102079	0.415513804602861
0.183202397648875	0.431924011955724
0.00703651407380239	0.0188746863588091
0.0664480151908699	0.15517457260639
0.00818744833048071	0.0200398711096534
0.0159046683529722	0.0362987334506835
0.0339626339694226	0.0573571605418613
0.134243747922318	0.33571702667371
0.243910716439756	0.457905636081503
0.0205943336205966	0.1135477261567
0.0509915383733843	0.0800157656820032
0.082782070812293	0.0958866334081728
0.0209266721881991	0.0211945726432652
0.1607916594648	0.34471863811017
0.0480264965839807	0.0939082629975669
0.24948317157988	0.506272865928374
0.0695509954881115	0.143400802165863
0.219456543907142	0.459863209227728
0.0714827800914376	0.11808843629553
0.0595296290957316	0.132850614617552
0.0389158452549977	0.151323982912548
0.0262014432573441	0.111427274510577
0.243657809566325	0.47630203627886
0.255211348564227	0.559996843334949
0.174123167113338	0.452952778216613
0.250487338376572	0.448048468323973
0.155809367203307	0.376581757192508
0.174217082660492	0.392736573760422
0.245138337269396	0.478413585776269
0.10487897009323	0.221265525869428
0.255998236323082	0.510412215077113
0.223083440998223	0.488866425649066
0.249144587767564	0.480188718643353
