0.64181265967469	0.0193207501951816
0.0651943973218689	-0.00770049591316281
0.428262883172246	-0.0722008379939533
0.448730911051169	0.106042273470219
0.266801203187076	0.011994614828639
0.403531512279764	0.0143708243815694
0.439911610632659	0.0258059901402646
0.0961698486513943	0.052235723298151
0.511752906450435	0.02644702741504
0.188215939076833	-0.0115230773858142
0.567521259145027	-0.037487243640317
0.513822728779929	-0.0571206075515246
0.470792755715535	-0.0356284355546357
0.318898889130364	-0.0330793717983811
0.616174653198426	-0.0343441277573449
0.157377828626937	-0.0296096314830961
0.332160330951399	0.0167064444073724
0.422212722761422	0.0327377235332887
0.228882325942662	0.0029573624841759
0.644343810352255	0.0171740994114948
0.182706447794413	-0.0414893108756043
0.0458178735598086	0.0358028601549258
0.611285189809973	0.00660775185852048
0.363689357008392	0.0397979429174198
0.0501968229342878	0.0491546136300061
0.0491977269987052	0.000151381250236915
0.127766182194612	-0.0495075021051137
0.6270940957889	-0.0591756115163586
0.496359459966895	0.00605809246826387
0.58370365207946	-0.0696256039759558
0.485003424860616	0.00418173865325033
0.613258002122706	-0.063198651123215
0.118091013077638	-0.0378692277893689
0.607849811764229	-0.0350630214772327
0.500830509963211	-0.0237771563064094
0.296175179086913	0.00139863800206287
0.455210307169849	0.0375485254715339
0.470246955692589	0.00243681113829167
0.433178729793166	0.0656605811574591
0.282904543568687	-0.0539542116105074
0.0489209945078859	0.0460229408240161
0.181046397103182	0.0133644752127303
0.308266370512622	-0.0633576190697857
0.64233283198619	0.0247621663826691
0.6394400924202	-0.000126224578129788
0.016127391976396	-0.00111504004661978
0.133029012584648	0.020651667838551
0.431715104083709	0.0176472673908204
0.384981717449467	-0.0102749664844871
0.479469145401117	-0.024249677046328
0.220176551360007	-0.00273167468541146
0.570254097505055	-0.0320857682483974
0.0882279815267028	0.00515957640111184
0.430653686176919	0.0984015969816935
0.535465281617837	-0.0113665021472796
0.101717511465149	-0.0296012583918472
0.385913546607414	0.0120993936243028
0.503182029735673	0.0354782277500997
0.617150304129098	-0.0122537419768334
0.531461265830061	0.0385770503354734
0.513817677573348	0.0356498689778588
0.633256597795086	0.0261392401253677
0.360265639121511	0.0169702156543023
0.234309847619679	0.0155058352460489
0.263989702142463	0.00338197582625873
0.493313829641086	0.026225666513884
0.285014116119984	0.0234719124750064
0.22252024860426	-0.0229333997965605
0.62681365345244	0.0534543751729257
0.180814255252143	-0.0282199231060303
0.176661629811636	-0.0204331585864204
0.166659131181278	-0.052027214534193
0.155753528632869	-0.069706265205108
0.398368857467839	-0.029814834325073
0.408810368867679	-0.0400332707748935
0.163184671404754	0.0164719355100211
0.0670421798694504	0.117963467435582
0.485237267050704	-0.0828102242266662
0.38396184797643	-0.0893443280017067
0.323225564531176	-0.0823101918665926
0.315830880449862	-0.00676329568914613
0.339125448013109	-0.0058407268570124
0.491924843391926	0.0223391371268059
0.127980749708241	0.0150157262842858
0.26436679561828	-0.0380277901268043
0.511282198609149	-0.106045784859942
0.221362887383976	-0.0156465854130668
0.452796405907866	0.0631669792234942
0.301177800339121	0.0893843839464134
0.473474223677901	0.0436999081061331
0.428157283534142	-0.0467855006851262
0.420580803924885	0.0025385418950933
0.475987708418472	0.0132389914550371
0.613769702739675	-0.0829818157568254
0.611752751905866	-0.0195323597453676
0.631024769056699	-0.0316491710367147
0.288472345786754	0.0358331729464014
0.585145001150719	-0.0609113745493957
0.579516709429506	-0.114265737866997
0.628375071284938	0.0148131063425215
