0.66625079869373	-0.565751829281639
1.53186355135424	-1.11693722720941
1.73052734623473	-1.2227773450532
1.7457527907303	-1.24913509886636
0.228501382666886	-0.196813870059303
1.60997172410154	-1.12561509987483
1.22172889797272	-0.944353635618501
0.909032632097501	-0.681366151223047
1.39134221558878	-1.06881885797813
0.217874139740433	-0.152089635936789
0.820014046375053	-0.57151635332505
0.09857817290725	-0.0930766929645197
1.76472617819735	-1.22161461168079
1.34258492929913	-0.996208185493157
0.331650827578882	-0.314262592240681
0.533586775350659	-0.448298701107339
1.63376622373468	-1.09811502498297
1.0421166323195	-0.881852204579987
1.81058624552879	-1.30325744236837
1.15487943286729	-0.898490285736072
1.06579660227615	-0.781160335449085
0.946191978597579	-0.667937041846077
0.727869145675469	-0.542084412212957
1.2313155399767	-0.932152906055057
1.43179000353429	-1.03698990212388
1.98865373390173	-1.49965288215114
1.10977153880757	-0.857368969313169
1.16884703496081	-0.833635150368148
1.64567480630757	-1.11022131769914
0.396778111974779	-0.267990513114501
1.81225724954911	-1.3636273294435
0.0227967468216792	-0.0124479083218408
1.31192428365067	-0.981185925173114
2.08345576442113	-1.53257947648421
0.0315828435654103	-0.0217394982018132
1.82495076811423	-1.39898617183253
1.80287118855315	-1.41084678351402
0.330446595801244	-0.318646108855743
0.942549167432456	-0.737794741167324
1.71124061746528	-1.34967036749606
0.237939804934901	-0.203050549055969
0.420665567364588	-0.318292181645746
1.29401799240217	-0.877641778989666
1.51051325763453	-1.10540937308064
2.0568273145328	-1.55108808951873
1.99150799793018	-1.52190175643854
1.77083366804547	-1.25230046171909
1.65729074282461	-1.18433337052245
1.62514469979671	-1.23326030870852
1.80261039429005	-1.31638173827158
1.72369076476543	-1.18963958631634
0.17067613477104	-0.144967290329593
1.66618857906231	-1.23197888409465
1.91646589792058	-1.45902180588238
0.992393106076174	-0.697753926728631
1.64877392076774	-1.14067358357501
0.31328300980069	-0.24393926615093
1.60609155848965	-1.09855919385181
1.34698607217961	-0.958325382042952
1.31865123760561	-0.981250760643305
1.68509815193571	-1.16015881001582
0.677382485566011	-0.599883275259899
1.66715197779318	-1.19560670123488
1.64229635599377	-1.14813158178526
0.852162780451874	-0.704582611757343
2.08404295686846	-1.59890082191809
1.03438174977687	-0.665846692282421
0.20419053611924	-0.182972892402399
1.4602671110367	-1.08789947376632
1.54156758468946	-1.03553064082689
0.799639224077972	-0.723722853446504
1.77921490131942	-1.27126127405705
1.16078263444827	-0.769674619727084
1.68924581176312	-1.15533315693308
1.8930429625254	-1.41249941539796
1.77688090720935	-1.27009953242139
0.529268331307015	-0.49301024768328
0.634307003117944	-0.492588319572681
0.685339746886121	-0.571029418584148
2.05128707776331	-1.57624188381596
0.858101794956483	-0.672705114529472
0.596775336402136	-0.456694178982039
1.61370344539873	-1.11526719379835
0.87558598549905	-0.721136043488147
1.4032360275142	-1.05697293728121
1.66843776113931	-1.24764831416514
1.59134346240378	-1.05585476839791
0.502099954386109	-0.483526090783203
1.46194148143363	-1.00738218595656
1.0456776981424	-0.886372747560969
0.367243366738311	-0.302712413375791
1.01977712920716	-0.72295985825065
0.263327523065651	-0.181185424786515
0.852291670640418	-0.712664241180709
0.626821789427302	-0.500936866720246
1.69705224791228	-1.23652645018346
2.01491753188621	-1.52975316153026
1.08100079450754	-0.813231918584809
1.29418258110292	-0.952386917866559
1.31056309096524	-0.942894666664092
