0.848057924159316	-0.822520510459417
0.283221652164216	-0.25571219342491
3.14725664125954	-2.89340258406211
0.879028081682852	-0.802902575098237
4.17783888291497	-3.71868156345715
0.178294204752795	-0.154592390736064
4.26966763175477	-3.7346443912833
4.31288142322383	-3.7784989605384
0.138152539039603	-0.126825008785954
4.18616286721004	-3.67533600221324
0.275829165494299	-0.249548054648213
3.7027522671121	-3.2596793810467
4.27408902756414	-3.76138695782658
3.98437976842756	-3.4704341913179
0.908490565574163	-0.874671303758682
4.1622031322635	-3.58608266196905
4.34311658083781	-3.93538878086683
4.3292411873429	-3.78919428336
0.156815595554896	-0.147750037424126
4.04309592700454	-3.64771795726959
3.81721559895226	-3.3247672670391
0.442248605768489	-0.379034158676848
4.15378561507992	-3.66598989793055
4.32323894648751	-3.78879747882894
0.282571645582707	-0.256862153944886
0.0716271215860452	-0.0680097367631828
2.73423144983397	-2.34633792793243
4.37777527144201	-3.837589307271
0.236040246364282	-0.223798125185352
0.428461414146336	-0.380801445133098
4.21150043946177	-3.68347917289897
4.0907590762804	-3.74826701627197
0.579594230732505	-0.495879127298533
4.28666729725718	-3.73443055941549
4.21567872777536	-3.6812405335254
0.471425146826038	-0.424619048829024
0.149702725406467	-0.11548516954234
3.98965366220852	-3.53399870109221
4.01200443471591	-3.55278046964465
4.18827568781243	-3.6389388287874
3.89406319122589	-3.49800151982941
4.22509012037957	-3.69909474021547
4.06037894568208	-3.5966317797171
2.68618341543251	-2.35525231766622
4.30415990814194	-3.77405923439746
4.07484799024858	-3.53229860202764
3.90326482714794	-3.46714291797771
3.92603088689033	-3.44485386922428
4.31787362273339	-3.79502517857729
4.06512949712187	-3.57706358142835
0.456595040336686	-0.345718395998482
0.209396649565097	-0.181443585400821
4.26215028257224	-3.71960542699596
4.22062095799381	-3.6688473324719
0.840753475414633	-0.66752950982554
1.85990826133982	-1.72474009838134
1.69148394897356	-1.42975298044966
2.76354225876548	-2.55310413641305
3.13923682129379	-2.96246213165905
1.02160852498545	-0.873668444659084
0.746005984945428	-0.657814780969811
2.42999877665636	-2.04386084701666
2.89793823082305	-2.56330154589772
3.33868575830618	-2.90869009198102
2.14452455668333	-1.91014044440083
2.05187845473401	-1.85526896623344
0.585419753589299	-0.543288978254639
1.81566226190828	-1.60361134940472
4.20722181058301	-3.66082852417971
2.7525640597637	-2.28954981818964
0.102073819913013	-0.0874520228726275
0.199341621840039	-0.173923328611324
0.174207132902804	-0.158947789615653
4.25523135202544	-3.70482552047511
4.25466856607115	-3.71708984616823
4.21023162944456	-3.65296291979855
0.700581229663006	-0.551258221755057
0.266303504836364	-0.231820684518798
4.13339017720297	-3.62555136732121
4.29410826532438	-3.73438569189901
0.0568575413185393	-0.0514331304818245
0.366554862130693	-0.335312223159261
3.77717922184332	-3.29002882185858
0.211330391452237	-0.189560029838149
4.06714478917902	-3.55750184605218
4.11381587568506	-3.79838140947884
3.7610014691587	-3.24788711053969
3.98225487915745	-3.61229492401267
3.68176887554962	-3.35323492967536
0.0101620522308743	-0.00765329589087653
0.520849067528923	-0.453943788128826
3.56379222318084	-3.18395661158603
4.22829152856746	-3.69340523000343
1.49173448102683	-1.35536010885188
4.20720332448134	-3.65846597777462
4.23260313332384	-3.68133532470415
0.302440663260339	-0.254208065252935
3.96439895595778	-3.42181803473726
4.15118734838786	-3.63707704250454
0.544119874103799	-0.501954395074532
