0.029426718147276	0.128329828132309
0.013882934987277	0.316337096751414
0.0697915206740593	0.509319853352082
0.0522918951893918	0.363041408359714
0.135794212367884	0.417796743561229
0.0048327449588085	0.0662045559465456
0.130637031271412	0.452313670338174
0.0693297344412953	0.371345734383067
-0.0217684253502687	0.116267982264656
0.123062270148304	0.182507137222232
-0.00598078270752195	0.0692356194153476
0.103589395419926	0.15307535618833
0.00300295721866515	0.0629039142916877
-0.0157449161302206	0.110687638120156
-0.0104779679685936	0.0840187031364768
-0.0132686728092725	0.233064584209493
0.0262770522922058	0.464830150007136
0.0634424630984284	0.517413243581405
0.0181521467091832	0.0354959408672109
-0.00260738305805975	0.0260095608594362
-0.0740539758436256	0.385299421973323
0.00295615132726423	0.250696026414804
0.0376041197516482	0.103885527943698
0.0355820019842697	0.144209661169875
0.0353621386806267	0.0749811758961531
0.107595098404012	0.549324318204492
0.0659426700949069	0.443229084119732
0.0549564194032013	0.338031103220671
0.025105930998345	0.203499203274206
0.0605575460014715	0.463753320769137
0.0277499041709875	0.165854961723579
0.00479741633257863	0.0120616237012318
0.0412430586046927	0.154092354253227
0.0204864362777587	0.0969704225675094
0.0944797091355253	0.595220832800882
0.138306914731921	0.427983848716707
0.121782804828422	0.456631633607536
0.0153237367223994	0.107606898037495
-0.0153377654701201	0.167445062383378
0.104919924236508	0.563448337426588
-0.0349618732217331	0.216789838075739
0.122065508034871	0.517519385619213
0.139575577429798	0.431102981365518
0.082685837231832	0.414135366973878
0.0984608739380734	0.541560892649017
0.133085032802379	0.448932016482056
0.0958754495943496	0.516272151094672
0.0805031479716076	0.532363575038107
0.0684742746594784	0.364469818547796
0.0015168227202329	0.244993255462486
0.144202137303826	0.374421769061762
0.102416110531799	0.556872398710566
0.0426991974373511	0.447899484551119
0.0371056335035497	0.215320427236962
0.0693019859928275	0.495112690500928
0.0562226324093915	0.295575039475629
0.0371596056684665	0.26873736389611
0.0167872185815493	0.296578366708491
0.00805600213396311	0.111357568023496
0.0307801538577724	0.265585331553818
-0.00329220506695062	0.0493529929890622
0.0455990676194769	0.262540998702567
0.100083694344905	0.561731002654091
0.0718589342524357	0.370707032276746
0.0655464832983707	0.469044959218135
0.0750936640105853	0.241786496463538
0.0680898562362902	0.273286599454357
0.0817644043862474	0.359008892304094
0.0507410315893476	0.470712071170136
0.00635683931571327	0.00779801656326564
0.0330468658120638	0.165729354972875
0.00302751255455221	0.0494198174853811
0.0124892194493258	0.0314383998683333
0.0124047874364811	0.121590181012951
0.0572646459130241	0.378091266452829
0.137719420036792	0.383688859598028
-0.0530141745380454	0.288529023615771
0.0236949828129963	0.0613992110287052
0.0272698114304602	0.137005765225594
0.00895698733540092	0.00809578236848462
0.0504341898450823	0.376969570703005
0.0281965997064439	0.0694038005116247
0.163416774369339	0.323274282049991
-0.00685863614264948	0.307190488198513
0.113391655550742	0.405063520065717
0.0447197735156366	0.0975808819674412
0.0182239495947418	0.166777763172625
-0.0147797650081547	0.196400365333318
-0.0174964536337838	0.165966922706494
0.12202584004166	0.507907511668757
0.144474707255693	0.407793383034563
0.0736703543022426	0.363061355305811
0.140508844164957	0.411928878748135
0.0730115198003336	0.338688379589605
0.0641350430957731	0.439792288663669
0.14672093529325	0.379573474480204
0.0469109098279104	0.230080208517767
0.127384968626337	0.484513589851011
0.0895489377566893	0.507779011136706
0.107642977506697	0.551225293142634
