0.0404729333907137	0.0417828348623235
0.0447527679606819	0.0161753443411344
0.198896313914709	0.129169622904041
0.0639865201746449	0.0372449208985444
0.731016156780879	0.167402755101856
0.0133522551399142	0.00208083725427397
0.756299583860897	0.167712375053791
0.66522093357141	0.167518163091708
0.0136609761511596	0.00434140778294696
0.712769820960694	0.167201467374872
0.026486821896638	0.00710803566365008
0.585606178621467	0.147216341139396
0.703408069773662	0.165146352926696
0.649305968697487	0.167764934921144
0.0219212800743162	0.0447996082370177
0.639818353381556	0.164115183237341
0.708006139888208	0.168122892297658
0.80376936019739	0.168896834494812
0.0217455405575919	0.00674877876353153
0.541693058229073	0.149403563984518
0.640942490293615	0.148378748887391
0.101293055464385	0.0247509626239307
0.714020130099489	0.167970183946494
0.71998496126206	0.17035971809837
0.0410844029937204	0.00909397141110835
0.0150824033904014	0.00221581314871045
0.473944664858777	0.113350410147166
0.663526002175389	0.159832995762949
0.0409954603462084	0.00864254634190052
0.0593022954134943	0.019390203073697
0.635371539404273	0.161511265177001
0.673767717232567	0.161028223169841
0.0464356572170479	0.0147489010011363
0.720651678631916	0.166431068614863
0.699927457276751	0.163550833630552
0.0714301165273329	0.0196995699776483
0.0313467819407712	0.00719535736206675
0.706880865135963	0.161934922699496
0.670535972811252	0.161068941257924
0.649388913628486	0.165689140092566
0.662605845251038	0.164244015652345
0.686970286050187	0.163752944868377
0.697415332031041	0.166105037381761
0.439272683163925	0.111853377492967
0.738308094972843	0.166253502339713
0.74242591150118	0.164697780461855
0.70242190218266	0.164351736947371
0.687990300462464	0.161597686560247
0.693560061087398	0.164948121561777
0.745832703049469	0.166273417571334
0.124281167305711	0.0240331174728419
0.0258136674342711	0.00492279382795225
0.757435922931445	0.167029838490285
0.687843452982853	0.164590384847184
0.351263439134847	0.0247630704182516
0.0815828923623332	0.0851959263649876
0.394810964134418	0.0529111591889029
0.252334417415564	0.124828189998116
0.0988463059947699	0.113606530355816
0.176840746322608	0.0572774415795451
0.109378177975585	0.0209909790241739
0.462059039345371	0.0978532282247081
0.460742912152295	0.089060155943149
0.614423159549183	0.151922067043365
0.323266519152367	0.0987763767616556
0.208977242485479	0.109575651001788
0.0773715843736028	0.0182794886474471
0.382419408180604	0.0500472417505847
0.706880821571464	0.169296063211814
0.548738532877131	0.114468467556652
0.0176139074116126	0.00400031449062
0.0407634765431088	0.00844704958835036
0.0198979226941839	0.00670252477959824
0.776188668194812	0.167681266982505
0.673522772409374	0.166021861198581
0.749495394160404	0.16598253399876
0.114120032077986	0.0223762233999346
0.0543761273020019	0.0101063754912035
0.699622794193136	0.164847410787258
0.704084551705365	0.167469096227817
0.0119393728747037	0.00196512775247218
0.0599993852296452	0.0130787303186952
0.69199906007426	0.148927012081294
0.0385912521270776	0.00739497919263432
0.614348643547657	0.152128036941898
0.700259291920213	0.166005344811241
0.622717337819383	0.156611303887634
0.656227837177829	0.154030331710768
0.54295893829993	0.143646064089801
0.00223732490997222	0.000290837274921969
0.101502609797267	0.0218343774750462
0.547670224624366	0.134244909741592
0.727896521223439	0.162858377333999
0.232672544442355	0.0601935652611495
0.74261474401075	0.166210425690859
0.699129893528795	0.167871303463298
0.0616495703156932	0.0119855002310016
0.665260422980295	0.15992469310786
0.73939414949981	0.163864409200666
0.124995167866942	0.0263642761513581
