-12.1679221013954	12.2914677869701
-29.2566891566389	29.624557367165
-30.7159294309906	31.1856435976952
-31.5918935007337	32.0483544914902
-3.1587652279371	3.21343229358244
-30.7036842840253	31.1186056629271
-19.9447015559772	20.2552380521254
-13.354832457071	13.6178078413022
-23.5478514196618	23.8931487446841
-3.49178782211792	3.55717837853152
-13.6332250816301	13.8726608796861
-1.24704857552763	1.26762384785975
-28.9946563371569	29.5185317291884
-22.1527371930914	22.5132669250195
-4.40494386168583	4.47075906039503
-8.30111762042293	8.42234030008448
-27.5058631064618	28.0000098755229
-15.6618241253818	15.9026365215353
-30.2859618354351	30.7889850882438
-18.3129303591802	18.6103482183725
-19.2557116536187	19.5247090822635
-16.345470505896	16.607957638493
-12.6361371762713	12.8220967004551
-22.526720505737	22.817396008821
-24.066599720199	24.4590553834122
-32.6945397721281	33.2170071969532
-16.9128388754822	17.2110256587256
-19.7832928897561	20.1090353476711
-29.6736030543568	30.1430247259575
-6.22052400641291	6.34605873785365
-30.1882057965028	30.6605681585225
-0.596621319707978	0.602218030187839
-19.9023889676654	20.2739536702406
-34.2968520188166	34.8648466692998
-0.596164105030255	0.604554229947792
-30.0607453674972	30.5270171040392
-27.8728702735078	28.3421286353369
-2.4660024216325	2.55476585399234
-14.7807228061926	15.0231642740482
-26.132522300967	26.5767152013085
-2.36963839466538	2.44000468226805
-8.08674854436907	8.18094494124994
-23.7117891096859	24.072731430072
-24.9215956666712	25.3359684110194
-33.6208001596304	34.1637930192707
-32.367775251102	32.8845523966824
-30.0113465266888	30.5100161612293
-32.3117559379178	32.7147828711754
-25.4071563796327	25.8474660250755
-32.9224864776461	33.3757453555455
-30.8089102403906	31.2889521468041
-3.17951298398927	3.21037240254373
-27.3941017207974	27.8453473377162
-32.1551817405423	32.6425397193728
-17.2790029673483	17.5543201846993
-28.0445068753547	28.5214208268006
-6.80849496385147	6.86422968062039
-30.4592217069005	30.8886574647109
-23.516437053308	23.8835847778448
-20.685359270712	21.0524993742198
-31.9902849768263	32.4359283778143
-10.1981238274331	10.340081204509
-28.8543240127708	29.3064571510338
-31.4933219342148	31.9136391955257
-13.4316475083503	13.6295065722638
-34.3526706841253	34.8838760838213
-17.3199687648015	17.6500049553022
-3.73365816402832	3.766245007516
-23.6889406139221	24.0842054009025
-25.8678372069151	26.3350819039145
-12.8171524407587	12.9651990054948
-30.3718861667249	30.8620730839801
-20.8188635767073	21.1586218094708
-30.6643673622772	31.1341148519632
-31.4406685257003	31.9417524308832
-32.6115672583465	33.0708575184154
-7.99994493923072	8.09747911974044
-10.1351123426015	10.2979174318987
-11.2530570089295	11.4034752617534
-34.4868638226862	34.9993926403094
-12.01958544954	12.2589807688347
-8.17209688653371	8.34753496540628
-30.5793288332205	31.004567509731
-9.77249424832618	10.0310356726271
-21.3580975822052	21.7505956125457
-28.4008729589378	28.8316273684368
-30.0814381536711	30.5259567093478
-6.99614815631581	7.08740715500488
-25.0547464572512	25.4772414516531
-15.5628494354443	15.80602618305
-5.5847911526521	5.67341666687407
-18.2506528872552	18.523597125531
-5.85070426064118	5.90897477558726
-13.6697854247165	13.8601092780295
-9.86106239935121	10.0161616230606
-32.9140695350512	33.3156822987244
-34.0258673298781	34.5373006780085
-18.8885230638866	19.1587939394845
-20.4797159326226	20.843223147723
-23.0747163081661	23.4231922534315
