-3.87090212748858	3.94878402786128
-0.629638904136905	0.625349238413859
-7.08483720632679	7.28807436831788
-3.42452064165931	3.53816894148883
-2.84359231623606	2.84970109390851
-3.31908919233247	3.52836056537993
-1.44553320322481	1.4961409660872
-3.04212795292922	3.11568032442299
-4.10014724768287	4.1438917213425
-5.24487878683374	5.49975582535134
-4.91277748863893	5.11859656035682
-4.54574472691991	4.76355751837597
-3.02108008500978	3.24645221530283
-2.56908666791005	2.73530041768552
-3.47783746800533	3.66047037707265
-1.94100767505991	1.8574905502148
-5.87667067934869	5.99940358217208
-2.46893908278035	2.73483181965292
-4.37397920523085	4.75046235539934
-3.28896580152977	3.38012976672758
-6.05132981761944	6.2287389446484
-4.97755490136037	5.23911944212225
-3.79429959881252	4.16158037933115
-4.40293960307958	4.53321391909005
-3.79133329299199	3.91716500089189
-3.63916301804862	3.80658000289176
-4.58264006807188	4.64337540904905
-6.08313320036786	6.38762403188258
-3.68339231311251	3.98320980967635
-4.71909450030914	4.75593851027177
-2.03484385338429	2.19794661176109
-2.22793779809738	2.09484219916934
-3.73914990175522	3.6074314408075
-3.27150422717811	3.16674256439196
-0.24621922161396	0.230006733374726
-1.09741772940463	1.46553093612878
-3.11820841253404	3.0085327979185
-1.9250332828987	1.90169169489325
-5.35414051478848	5.62913305271372
-4.48151511742483	4.58196122613536
-6.84713417465663	7.05657082232426
-5.9654133514879	6.19058882774389
-2.22144518069768	2.32712833322785
-0.880841561129396	0.879239743737959
-3.10336135148952	3.29210879977794
-4.76457592433503	5.06165350159222
-6.44695001569397	6.65387034062384
-0.732654351549352	0.723585702997774
-2.402877294783	2.47586306620566
-4.72699212299194	4.77207500749501
-5.16916066002924	5.39963543573226
-5.18691489228666	5.37354659563752
-3.19915668179554	3.59243834602543
-5.60308014473786	5.89919649463346
-3.66780060163175	3.50719131971295
-4.44756365973875	4.82516660820943
-3.68447645845066	4.04803898591428
-6.03026739353297	6.19797860803779
-4.38231202167275	4.50161937968892
-1.54219641655521	1.58517049420321
-0.766603166210295	0.788293024022658
-2.28589640035999	2.41908676736832
-6.61772013197644	6.86330401515636
-0.836112889306035	0.846589205356658
-5.90099853599714	6.18332416614952
-5.53233719212721	5.65500418745042
-6.36779138942101	6.65864157367152
-5.04316655445243	5.40632936801349
-5.37360822373688	5.65069409801156
-6.9590937351802	7.17794769923759
-0.493741938928235	0.52060562200616
-1.73157520092046	1.8002699864253
-5.82754681300962	6.01887403260147
-6.2031656837017	6.45219403454877
-2.46195775044958	2.50271469969043
-6.36819443564787	6.6463225536261
-6.59088116028749	6.77636898681293
-0.28513447903321	0.278643317670182
-6.09510363969856	6.30072744331729
-3.44207532072426	3.40269418756056
-5.6627768020073	6.00060001369066
-0.518682270662523	0.49681258411719
-3.49007626109264	3.66744503641696
-6.93160201725088	7.13004301392443
-0.561535975390958	0.551452337122014
-2.09437150861911	2.1272737877164
-3.90381921689539	3.91484603662572
-4.25768922615078	4.28897007502141
-4.27802779094143	4.53796105087834
-1.97020669145536	1.91953911282812
-3.09787122483581	3.45598275353947
-5.43047145390718	5.69827058912294
-0.956159683872939	0.945902143654327
-1.01645140191261	1.00697175408101
-1.33998398404796	1.32152777933922
-5.57277596368084	5.83137556482787
-6.30749673908289	6.55256624084435
-1.56640106672648	1.59564617550032
-6.16002106834453	6.4010911466997
-2.54945631207096	2.55893661519857
