1.4772696442088	-1.44900769563058
0.474695397039658	-0.468673927762904
13.3804878874143	-13.2113612488532
5.82738985893232	-5.79230419618672
26.807245853405	-26.6023704045841
0.642780448083987	-0.644141959805743
28.6330962816754	-28.3900610274546
29.2784888078659	-29.0631756597946
0.56915173997595	-0.563571979152056
28.565257089474	-28.3171805833309
1.67507981874386	-1.67574461508714
24.8886131209325	-24.7004057280087
28.3361827279017	-28.1223562802916
27.7016053973577	-27.4748611632489
3.84544783044352	-3.86256610149773
27.535957674396	-27.3424421935926
27.7387155405138	-27.5450135062553
28.7417434967671	-28.5196762904977
1.09736946415463	-1.09121325797185
29.0143182718485	-28.8086291339195
26.5283790327346	-26.3875359911989
2.7731468309305	-2.75573562602761
25.4823820026751	-25.2787380455366
28.7457412778463	-28.5191464168603
1.49982695968171	-1.48229537433899
0.400927352049865	-0.394916189274012
21.6653047547104	-21.5228641399598
26.2575051216734	-26.0248103322165
1.03647823468185	-1.02691573159492
7.06804805134187	-7.1689087165031
21.9548440219016	-21.6895582567099
29.3056773267297	-29.1186034140485
2.14507077014561	-2.12548800478487
29.3425124839398	-29.1326071144653
26.330207393051	-26.067319915221
4.85970528759271	-4.87793562809003
2.76002804488061	-2.75701451567597
26.4645166753545	-26.2009018214311
26.7243639810767	-26.5175143239465
27.5660403581801	-27.3396647502436
26.8748972095226	-26.6495939403777
27.4256354479528	-27.2148386107693
22.3479681644777	-22.1302797285178
18.5504083200003	-18.4137892836873
27.9674276694906	-27.7396861733366
28.3459830943043	-28.1208894416212
23.0853721617258	-22.9057762197283
25.8348623599272	-25.5861925359829
24.5886747583487	-24.3081568590556
25.9400045367145	-25.662761551874
12.3147973027786	-12.3397759644673
2.48887226007627	-2.51001050973536
27.5723059218605	-27.3143885631841
26.8302258017894	-26.5806157894148
12.5962775025023	-12.6709536590559
6.93259220482566	-6.939197788064
14.5508639801401	-14.4675547627842
10.4299265352568	-10.2983230301423
11.5448276416074	-11.4539670434572
7.65171609057354	-7.64275501282823
3.99017312425272	-3.91779512284574
21.172573516009	-21.1221219226342
16.807084753547	-16.54309726177
24.5474266211063	-24.3890584131288
17.3711761200666	-17.4084198044791
14.4987608957148	-14.576661814864
2.38717844518586	-2.34532338165153
9.14370372140875	-8.93475321170545
29.0487686149977	-28.8658499207635
23.63489767765	-23.5180709020478
0.407279028496529	-0.399933634125388
1.06089996466805	-1.0463311578053
0.812354976995825	-0.802764213658199
28.6391384418895	-28.4246840843306
29.5654738433917	-29.3773275012432
28.2202561889912	-27.9749014196099
5.72739731600026	-5.69596235723136
1.3892341398718	-1.37255569496432
22.1313564664849	-21.9405256440739
25.845503478478	-25.5357576980326
0.764417288154281	-0.772508219192092
4.2672630734495	-4.30103578310531
22.9029126836459	-22.6387002107102
4.70084901641752	-4.75575463609621
28.6331479817556	-28.4286058273184
28.0636141661827	-27.8422569774953
26.6094790474559	-26.3978926311109
22.2114810316782	-21.9943424616816
16.5289891041691	-16.278513746497
3.12584776625245	-3.17875136474368
5.41421557194789	-5.41213632467983
20.8186196049022	-20.6436317013363
24.5537585170605	-24.3414611625241
11.2819284360708	-11.2115796024605
29.3894076376785	-29.208004571878
29.4649561921025	-29.2570399576109
4.60219609949592	-4.62220034878115
25.4771411810329	-25.248093650163
22.811255006935	-22.5578110840403
3.37581709742445	-3.34656495346734
