0.0224889918501208	0.134258045263801
-0.104055119227527	0.705162113418299
-0.0599476604134492	0.716434926516204
0.0183335339648672	0.121443914783404
0.0349368076012955	0.346287556155712
-0.190365600386684	0.229935826400141
-0.0798158703102329	0.434452419442689
-0.0124928580313151	0.531358260958909
-0.188409442172522	0.677901260606473
-0.178376128818771	0.425185428838401
-0.0171773251449878	0.0236680159584467
-0.017236836312518	0.486847140464116
-0.0561393496864829	0.692887662584534
-0.0349998102344445	0.624780752443328
-0.00525425709421947	0.674420074610837
-0.0255733907667782	0.0695258911631371
-0.0787165762859078	0.713584956997733
-0.0098728509258403	0.0363801180414917
-0.0784652693615702	0.72426035589528
-0.0475095640908083	0.494748611986838
-0.0852388006794194	0.718025018730736
-0.0136147022626772	0.0329853836767824
0.0144264256876897	0.0836801477376114
-0.0397621728865555	0.394148322367455
-0.0193977272762405	0.0479308456688321
-0.0601523404422946	0.7039625941897
-0.0422841728910149	0.609341002480522
-0.0439723619651472	0.0730360328613316
0.0331821956445663	0.401414392353046
-0.152000433781653	0.665923923516485
-0.0430074630225394	0.685233509071878
-0.0132322402049901	0.0384783126862656
0.0631497495456686	0.158953112996864
0.0789931429646861	0.265811817434
-0.131170230661051	0.271969838151581
0.00794469500552908	0.562723001934431
0.0118502845502663	0.0275219691058033
-0.0784023714591057	0.503842864880653
-0.0964640257236752	0.657757154377065
-0.164644360929505	0.674714201785418
-0.0314790388152088	0.185455648597657
-0.0459394918913848	0.706244735970575
-0.0669689013582927	0.702363443482133
-0.0396767046875677	0.135887433893313
-0.03726763496846	0.623927258181766
-0.00117670626796338	0.658794341268199
0.0230282559238416	0.0238185660659321
-0.0659499029805032	0.512068773060588
-0.0528228676613621	0.546617775616069
-0.100801571200725	0.573898332735089
-0.0370312050875939	0.598932720423592
-0.0306202298707995	0.328256442444086
-0.109124351035936	0.703666715300214
-0.157304343213619	0.693096892807948
-0.125628476972282	0.706685749478922
-0.0894367942320211	0.604584690293939
-0.0392229949673708	0.627087090815479
0.0079619490709012	0.164614939905544
0.0393881670102348	0.454366688019462
-0.030681316807945	0.600371875792373
0.034162896920516	0.0617046595144883
-0.0431892171205977	0.285061525189922
-0.0668187325314422	0.467655647822749
-0.00956386095914142	0.0312689693153045
-0.0790105615232266	0.654812993600412
-0.082842298905857	0.624582351803805
-0.0447845931364608	0.62755047336182
0.0139849937283334	0.0105750230092267
-0.134818450456056	0.69194834728438
-0.0615595698513096	0.112086474120667
0.0144391258128593	0.0279420274470791
-0.103873483128331	0.680873086479971
-0.0685004509862561	0.719327343817747
-0.0557038279243814	0.108473490625927
-0.107269781666949	0.683451009357149
-0.0791089870897263	0.385957152494948
-0.0769007625556343	0.453239966077155
-0.0115751163048994	0.399476596828137
0.033134765199405	0.0190809226996801
0.0213831162759711	0.227825008693736
0.0439196149461916	0.0653900479812586
-0.123349133495515	0.249131027995489
-0.0474543923864277	0.571123118437636
-0.0584330415870305	0.629627335662943
-0.00584648713243584	0.649773163701858
-0.0258281918236308	0.286373897476073
-0.079327685720697	0.673089256318449
0.00565369814660938	0.13296047135876
-0.0162774931735737	0.0436943805237822
0.00481641601882388	0.0153944617305983
-0.0767815374795268	0.691567018180043
-0.183024799993997	0.587216034468992
-0.00881747646867299	0.0208174732281762
-0.0626598665759454	0.32219500374409
-0.0221327922855809	0.458951042423947
-0.0994659497725529	0.644312786942381
-0.0787098670733575	0.631945972243226
-0.0884064817119872	0.720626494767337
-0.044392131249078	0.0521875579559957
-0.0297816777381187	0.331207653992621
