0.63661018989717	-0.615380753186719
0.203271288179994	-0.199236988782883
5.30182428608365	-5.14838440118849
2.17587974616067	-2.13314433253799
10.467517932823	-10.2727812741109
0.246297081139245	-0.24713775122505
11.0700371450924	-10.8285939259103
11.2461150525886	-11.0238838056153
0.230706961375411	-0.226201962070912
10.9530389912171	-10.6983335249438
0.63602054730837	-0.634933397654603
9.57982431093975	-9.38787561090856
10.8849347416884	-10.6647644217681
10.7027863619442	-10.4765306842959
1.34201099547617	-1.34312741958383
10.6645897449497	-10.4723686384015
10.697616253555	-10.5008711129499
11.0866375516688	-10.8627107180732
0.418197977215541	-0.411370826833303
11.1941548297099	-10.9858850091813
10.1566476318508	-10.0036769225613
1.07665349159319	-1.05952223978897
10.0041299280115	-9.81567243477635
11.0603042953292	-10.8294481002688
0.601817285665853	-0.586678728279096
0.163789121971339	-0.158759580908262
8.27472472670514	-8.12185970400426
10.247529768931	-10.0258394513187
0.429792987395884	-0.423054193912619
2.67012921841726	-2.75740579257317
8.79601148468145	-8.5649297203451
11.2975880181129	-11.1059758929583
0.837137196373633	-0.818468125714273
11.2810442640164	-11.064899419207
10.1807550424362	-9.92151242401228
1.86087841803733	-1.8746788821469
0.952218643718096	-0.937526681581357
10.3197428939161	-10.0678299242185
10.4442329870889	-10.2484476194868
10.6621716204499	-10.437407863039
10.4531370911165	-10.2351942424834
10.6287288645331	-10.4207318904592
8.90332544914829	-8.71301676316483
7.22882290046878	-7.09753738214969
10.7526562329666	-10.5204527604458
10.9252839822343	-10.6978073017262
9.20175795930694	-9.04869626188365
10.0069522971178	-9.76307766120471
9.58456572227299	-9.31642362993959
10.0480639152948	-9.77703849220326
4.27858480924938	-4.25230753689403
0.944202119769367	-0.961576890104318
10.6109270832163	-10.3511587217475
10.3470251556477	-10.0975556128049
4.70448641876878	-4.75506030728978
2.61301984549542	-2.61042130576806
5.67100892415001	-5.590665512496
4.25151973894435	-4.14342166356857
4.62850294251158	-4.55342925632919
2.67787594365404	-2.64018436350828
1.63489679491739	-1.57329572125977
7.84217206976666	-7.75409628979371
6.81206073010649	-6.58467252896597
9.34045746800427	-9.16693059944836
6.40915899506841	-6.40923151937294
5.27709326835983	-5.31485976001732
0.996002771317791	-0.962246762955534
3.81502395800368	-3.6396120657217
11.1707773500074	-10.9806150191655
8.92833604589183	-8.78894606352984
0.175828150695966	-0.170440543547482
0.423497080442155	-0.410521739504612
0.338921616224657	-0.331851639964046
11.0527008853681	-10.8366365195992
11.3489526818639	-11.1516012662401
10.9196413870873	-10.677093255687
2.11558344763758	-2.07434676291017
0.577687861878891	-0.565163956798044
8.95447349744731	-8.80255212452831
10.0488624828369	-9.75050813200889
0.293673635426103	-0.300895077313837
1.58754197971622	-1.61211779127074
8.89684125162786	-8.64144740298261
1.70245433445252	-1.74199067325854
11.065300467939	-10.8600393539248
10.8453427621045	-10.6242867693118
10.2727035721029	-10.0605073178571
8.8644515945777	-8.67618421897698
6.75339747146335	-6.54365716860619
1.09691593814308	-1.13544144385554
2.03289535844784	-2.02324728146717
8.13858231857695	-7.97310625270549
9.68129435150519	-9.48830311016864
4.34682604046845	-4.27435899836394
11.3112167952958	-11.1231590991411
11.3332632990788	-11.1193969337235
1.67929360497853	-1.68719384750696
9.90379820167877	-9.68186041746546
9.12619112369515	-8.90599897771159
1.35345046119748	-1.32897337219773
