7519,2969,2406,1534,4140,2570,4397,10,4060,4310,8229,8328,4640,7016,8060,7683,6569,8551,1562,8634,5173,7891,8762,7281,6262,6721,8862,1294,69,5517,6995,7869,3261,818,9057,6435,3924,7288,7037,6671,7098,9159,9256,1250,5725,5363,602,865,3237,4815,22,9259,6224,7541,3032,6397,9340,585,4597,4279,30,517,5318,1040,7197,6889,5522,9493,6580,7203,4504,5523,2762,4215,1124,5217,9594,7291,7914,4451,1634,627,1075,9694,597,2545,2518,6139,6760,9780,7312,5781,9848,9942,6745,1870,5232,8095,5946,6660
7972,2474,1322,1372,8099,5235,4969,1052,1062,6239,8230,8329,1361,5351,7949,8510,6402,8552,5546,8635,3746,8734,8763,5103,4962,3626,8863,4381,177,4618,4895,8961,1668,6147,9058,3505,5091,5699,5341,6395,4941,9160,2436,2176,4324,6482,3351,5088,965,2950,97,9260,2726,4441,2770,6160,9341,4037,1424,5879,1482,146,1859,496,8031,5144,4671,9494,6560,4421,6101,5718,2426,4569,3794,1098,9595,6321,5990,5911,1338,188,202,9695,448,3508,4548,7966,2746,9781,6146,4567,9849,9943,4868,1798,1950,7840,4708,5040
8150,4767,76,1620,5744,7164,5930,316,325,4092,8231,8330,7003,5584,8427,7589,5956,7992,880,8636,5809,8735,8764,4973,7039,4820,8864,3869,349,665,4072,8962,7204,6890,9059,4831,6886,6674,4912,3013,7874,9161,2054,4739,7210,6486,2704,3980,7333,4553,74,9261,6559,6939,4633,7222,9342,4506,6651,5843,1532,3847,152,753,9440,6717,1060,9495,7241,6054,1945,7242,5785,5231,6339,427,9596,1337,2449,4564,195,1661,980,8053,5065,6561,3824,1985,4566,8139,2145,6259,9850,9944,187,3850,3251,9994,6055,2682
8151,5255,3881,205,4699,5240,1507,716,434,6335,8232,8331,6422,7030,8428,7036,4307,8553,5694,8637,3993,8736,8765,2921,6941,3439,8865,7250,241,392,2273,8963,7234,7620,9060,7958,7268,6098,1638,4483,8125,9162,418,4106,7654,1197,6280,5878,7141,1959,710,9262,7169,4970,4749,7389,9343,5722,7310,651,6392,2813,521,3419,9441,3745,2620,9496,5390,6498,4622,7151,4541,6533,5871,957,9597,4068,2197,3888,1001,528,3532,9696,7864,6796,832,2529,4834,7676,207,4090,9851,8039,410,4936,5209,4013,2366,871
8152,5477,1603,220,7659,6156,7054,141,338,7127,8233,8332,4082,5014,8429,7082,7449,8554,930,8638,7004,7361,8766,6020,6308,7249,8866,1856,88,3459,4063,8964,2191,5629,9061,6529,7660,7430,6485,3322,7548,9163,7155,4163,4412,1882,2127,3096,7168,4286,32,9263,7142,7196,6047,6619,9344,598,5775,7863,371,2636,522,71,9442,6800,901,9497,7214,7668,8005,6820,104,6865,652,2379,9598,6347,6893,7273,2855,355,4605,9697,900,4808,4168,2131,5760,9782,5742,7409,9852,9945,6534,1590,5157,9995,6641,5551
8153,3563,3323,3587,2960,2926,3838,235,842,7128,8234,8333,4238,2723,8430,5269,4583,8555,7184,8639,5868,8072,8767,5628,5076,3553,8867,1771,465,580,4537,8965,6542,3222,9062,5641,5034,5190,4364,6406,6845,9164,4207,4884,6233,6249,713,5803,5107,2266,3927,9264,6563,2810,506,6514,9345,3620,3990,5636,3018,2914,776,3816,8084,3583,2000,9498,5145,6906,1085,3014,5131,5936,3995,57,9599,749,1350,4003,2597,1875,2224,9698,6393,5046,4103,5161,1068,7758,1488,4519,9853,8013,908,4348,3300,5526,1806,198
8154,2245,1150,3362,7910,1659,2468,134,2269,5630,8235,8334,485,6197,8431,7911,5849,7890,5829,8640,3210,4655,8768,5202,2904,5467,8868,1442,1051,3687,4609,8966,6710,3608,9063,5908,6429,3976,5713,2035,4998,9165,5850,3703,5672,5559,180,3444,5976,2722,3017,9265,5182,2304,2350,2149,9346,72,6095,4095,26,2867,4339,441,8000,6424,1016,9499,2650,6417,7605,1198,3734,3176,5643,1627,9600,2711,6652,2217,2959,1486,2887,9699,3540,3969,2391,7879,6554,9783,6928,5796,9854,7786,3855,4396,4577,6916,1352,1949
6839,1596,3947,1793,8100,5922,2715,1108,5357,7576,8236,8335,4016,2019,8105,8511,6427,8556,3093,8641,3035,8110,8769,5960,2897,2784,8869,1606,951,1422,3647,8967,1980,1157,9064,7413,4854,9157,6090,4531,6818,9166,8049,3227,5437,1451,424,4474,4719,2541,115,9266,7294,7843,3557,3744,9347,320,2180,2564,328,1057,406,663,7270,3631,7446,9500,5675,6557,1184,7537,1717,7591,524,5191,9601,6858,6755,3897,4807,658,4757,9700,786,7638,5438,8008,4194,9784,5637,1276,9855,9946,3526,639,7524,8149,7115,6788
8019,3510,4495,3810,5896,3395,5874,1400,1076,5612,8237,8336,2331,4845,8432,8064,1340,8557,4054,8642,5548,7743,8770,2270,3835,5087,8870,6104,5030,3404,5638,8968,471,4235,9065,2451,6450,6123,2003,3884,4329,9167,1018,2838,7580,6400,1091,5243,4079,4687,447,9267,4611,5249,162,2891,9348,945,1766,7269,4378,1268,592,1663,9443,3697,425,9501,4771,460,1522,5944,5417,6437,7133,68,9602,2072,3285,6220,4679,3664,2186,9701,3365,4184,3722,5858,6355,8057,2138,4867,9856,9947,963,5873,2807,7650,2948,3165
8155,5204,1709,646,7705,1146,6366,830,455,5011,8238,8337,5824,6902,8433,7429,7530,8558,1937,8643,7075,7797,8771,4616,5490,5005,8871,5498,335,559,761,8969,6021,7102,9066,6884,6278,7748,5015,3424,7119,9168,1007,4479,3781,5634,2324,6066,6059,5832,378,9268,4318,6746,5354,6739,9349,352,3275,6571,1487,2852,2525,772,9444,7086,618,9502,5615,7402,2399,7457,1336,2670,4702,379,9603,757,3896,6810,2018,1530,1662,9702,4388,6765,2218,2783,6174,8036,1671,3478,9857,9948,708,4323,5017,7065,5494,1233
396,497,359,2170,4839,1070,5827,3872,555,7251,8239,8338,4754,4693,8434,7956,2965,8559,1696,8644,1585,7601,8772,446,6028,2645,8872,6441,3110,1171,3462,8970,3731,1644,9067,6275,3134,6213,3584,6033,7913,9169,7951,4929,4357,5518,1116,4291,5821,4134,958,9269,6724,932,4503,4976,9350,474,5068,986,550,1290,3111,2710,9445,4744,4299,9503,5883,5525,4590,6319,5763,3949,6062,4249,9604,5793,3849,5138,1965,2343,872,8086,3633,6092,3723,7812,1770,8037,2359,3123,9858,8143,1754,5458,1894,7015,3909,1903
5187,707,1128,280,1740,80,3937,3665,3492,2373,8240,8339,5545,6594,8435,8512,5645,8560,4109,8645,7228,6733,8773,5951,7006,7344,8873,3242,3440,1925,4352,8971,7558,5038,9068,3232,4374,7362,1511,6910,3782,9170,7069,3834,1746,1305,782,6657,6573,4006,2437,9270,6389,2166,2252,2369,9351,168,5419,5504,5544,2409,4236,260,7979,5779,3658,9504,4043,5114,6901,5475,1614,3313,760,1807,9605,5840,7906,1667,6692,136,2801,9703,1375,5532,3866,7967,7285,9785,5356,5543,9859,8093,6779,804,5782,7616,265,1225
8156,1445,1245,3479,6565,4204,1462,711,502,7052,8241,8340,1154,2377,8436,7464,4972,8561,990,8646,5311,8737,8774,6624,5064,5565,8874,2337,582,438,2734,8972,4285,6828,9069,6996,6790,5696,5465,3318,3815,9171,2425,5989,5969,6453,3858,972,815,3396,1639,9271,3596,4624,4326,1180,9352,2625,3292,2351,5196,1457,1227,1805,8131,5657,5213,9505,1826,3243,4405,2420,3646,1966,6586,1651,9606,5899,5945,4945,1739,383,1329,9704,7606,5600,2725,7968,3791,9786,1817,3335,9860,7982,574,5128,4916,6451,2095,4649
8157,2837,2322,2908,7771,1037,2102,348,2500,5955,8242,8341,584,1160,8437,7545,5740,8562,5902,8647,4914,8738,8775,2360,5462,510,8875,3501,987,3308,5142,8973,4619,6313,9070,1809,2357,5476,5224,6182,7694,9172,7358,3353,4563,3556,1156,1013,581,1710,1819,9272,4437,2240,4756,6003,9353,860,5416,1701,3827,1470,971,2689,9446,4994,4654,9506,1262,4385,6167,4750,3423,2282,5070,2806,9607,1389,4600,2983,3217,1597,3654,9705,6360,4110,1134,7162,6009,9787,1869,5698,9861,9949,2226,1105,5162,6019,2868,3621
8158,2942,4558,2167,3116,3971,1447,1033,2599,5578,8243,8342,5715,5693,8438,6478,3957,8563,5460,8648,7185,7892,8776,1133,7450,6420,8876,7502,364,2955,5554,8974,4632,2117,9071,6459,6051,3873,145,5575,6918,9173,1435,3885,5913,3770,4525,4076,6614,267,1359,7997,5555,2900,1055,7549,9354,1759,6475,788,5329,2544,484,2316,9447,6956,3961,9507,5398,6704,1956,4751,4380,3455,5769,1273,9608,1897,1630,6621,1429,570,1181,9706,7473,5170,1924,4267,5054,8140,210,6908,9862,8144,467,5854,2505,6635,3213,2309
7973,2040,2207,405,2008,586,2676,3236,3388,2974,8244,8343,2630,6426,7944,8513,5364,8564,3839,8649,2924,7734,8777,1884,1583,5343,8877,1082,5751,4166,6722,8975,3724,2773,9072,7679,6462,7610,5456,7790,2981,9174,8128,5284,2422,6149,113,1760,6672,5404,4463,9273,7401,5846,6926,2194,9355,62,7419,1655,981,2752,4413,389,9448,1540,1300,9508,2843,3279,7664,7326,1083,1846,655,2761,9609,5492,7022,969,5298,1292,2741,9707,1047,2961,4423,9778,5074,9788,3075,1084,9863,9950,5530,1304,6836,7887,6232,5097
8159,3257,3277,1906,6599,1886,4041,858,386,6801,8245,8344,3517,2744,7987,8022,839,8565,840,8650,3825,8111,8778,3812,3159,4036,8878,3900,1339,2407,2531,8976,3729,3641,9073,3944,2842,2171,3491,2361,7608,9175,6074,1831,2785,5031,2894,2598,2004,2314,1653,9274,4562,2132,4337,5697,9356,781,2370,6380,2535,1500,4084,3188,7821,3560,2454,9509,3328,5149,7563,3860,4228,5184,4741,873,9610,4394,7061,229,2653,2580,2124,9708,2430,4469,1536,7193,2203,9789,5316,2002,9864,7829,5709,5292,637,7677,1969,2160
3068,1591,1259,3358,7035,4634,4582,2876,1541,6780,8246,8345,4314,3904,7888,7678,5051,8046,5019,8651,4991,7832,8779,2123,5066,1053,8879,2255,2470,2775,507,8977,3951,4688,9074,4992,6152,3089,2242,2198,6977,9176,7471,1788,2263,6675,197,4909,5897,1467,4052,9275,3678,4922,2225,3274,9357,1779,5290,3547,2679,1594,680,2853,7936,3777,1975,9510,3363,5617,5454,6251,1854,1092,4059,2915,9611,4729,5247,2043,3412,1009,67,9709,5590,2833,1088,7867,5777,9790,2788,999,9865,9951,1708,6299,4906,6488,2719,1544
8160,3398,1452,82,7144,1810,5981,2421,2168,4581,8247,8346,2325,6988,8439,8514,989,8566,596,8652,3076,7276,8780,4934,5393,5983,8880,4549,2204,4014,3580,8978,3554,4686,9075,2720,5961,5962,4298,2763,4143,9177,5305,4528,3310,4518,1434,4954,6407,5105,3481,9276,5309,4678,6503,5193,9358,194,4697,5274,1403,480,2805,420,9449,4818,923,9511,6819,5285,6792,4948,259,6194,6832,456,9612,6257,7711,3324,984,577,1518,9710,1872,4938,1901,6737,737,8009,5765,4530,9866,9952,3094,6985,1835,7007,1476,5079
6,15,233,856,2258,3402,1474,2519,806,7582,8248,8347,6097,7062,8440,6940,7129,8567,6169,8653,7445,8739,8781,1887,7478,4656,8881,5566,458,81,6613,8979,7282,5353,9076,7852,4661,7387,4085,5326,9158,9178,2205,7329,5753,4800,5837,3691,7176,1286,4888,9277,6408,4151,2754,7025,9359,4420,7427,1335,2290,3092,2646,4431,9450,4309,881,9512,7672,7496,1139,6289,5411,1194,6591,1637,9613,1829,1998,6273,5954,2667,330,9711,9775,4539,5605,7543,7781,9791,705,4946,9867,9953,675,7901,4793,7538,4067,946
8161,382,2825,2537,6414,4105,3173,4021,375,6812,8249,8348,1953,4122,7861,7988,2856,8568,1441,8654,2347,7766,8782,4795,4239,3266,8882,4859,376,1726,2933,8980,4869,4860,9077,4552,747,5773,4365,4877,6814,9179,7378,2283,6358,5119,2712,823,5140,3042,2707,7262,5798,4125,1755,1513,9360,1072,2934,3637,3254,1502,1187,2643,8032,2007,4148,9513,5806,5095,2669,4550,3153,1598,2795,1802,9614,1251,4444,5965,1727,2555,445,9712,7014,2799,3283,7125,5262,9792,3265,3639,9868,6843,1676,5767,2733,6766,863,3650
8162,4919,1419,3542,6216,6024,3175,1204,967,7976,8250,8349,6300,7183,8441,4157,6329,8569,7414,8655,6686,7590,8783,2970,6170,2874,8883,3720,809,649,5572,8981,6723,7370,9078,7090,7064,7076,482,5716,6151,9180,785,5225,7229,2804,4827,6507,6815,3742,4281,9278,7136,6060,377,5620,9361,3886,5788,1580,3948,2847,184,1086,9451,6741,1774,9514,7087,6837,876,5919,4450,5324,5639,37,9615,2364,1416,7071,5383,84,1289,7907,7368,6221,2823,1698,5434,7745,274,6185,9869,7970,626,4047,6476,5724,1127,512
125,323,791,1376,3269,4191,2657,2443,258,7588,8251,8350,4093,5317,8442,8106,6715,8570,7292,8656,7424,8740,8784,3184,5662,4359,8884,6434,2447,1111,3822,8982,4280,5614,9079,2130,6891,3138,6333,2428,7960,9181,6270,5078,6687,5557,2383,1014,4876,5086,1377,9279,3519,6214,5457,5120,9362,3999,6620,5277,3767,4089,345,110,9452,4497,2275,9515,6296,6385,1692,7633,5839,2575,6764,203,9616,4737,2845,6138,2749,2128,595,9713,7577,3808,1493,6502,5679,9793,608,2764,9870,9954,594,5063,1308,7557,2594,3912
8163,2717,887,300,7587,2219,3579,861,98,6944,8252,8351,3853,5116,8443,8065,6643,8571,3321,8657,6210,8073,8785,4065,5778,4918,8885,6303,159,845,985,8983,5745,6752,9080,5414,2581,3713,5176,2631,7866,9182,6785,5248,4810,6676,4190,3788,5647,1554,1295,9280,5405,6094,3919,3125,9363,558,4571,7122,3935,1682,1552,504,8132,6492,1555,9516,2716,5704,2033,5970,3708,1409,4301,253,9617,1481,4775,7237,683,1780,918,9714,7403,6205,2053,7350,3337,9794,5901,4098,9871,7614,617,7665,6212,7882,3750,3983
8164,2277,1783,2661,7480,4360,4705,668,282,5080,8253,8352,4034,1165,8444,8515,2530,8572,3741,8658,2501,8074,8786,3617,1381,5098,8886,1182,1919,775,6357,8984,4716,4783,9081,2922,1566,6579,3682,4382,7798,9183,7774,3352,2503,5373,3044,4475,2216,3840,1293,9281,1374,3882,4952,2629,9364,2642,6932,6245,3005,2146,341,140,9453,3372,308,9517,4023,4484,6616,2857,5016,1117,6164,288,9618,2862,5931,4863,4102,2257,3438,9715,6914,4494,1587,7751,1023,9795,6493,5362,9872,8014,1277,7552,4296,7746,4850,4221
8165,1215,1876,2771,8044,3571,5028,562,1307,4272,8254,8353,2265,4234,8445,7946,4252,7803,4458,8659,5004,8741,8787,5478,4717,472,8887,4984,2119,3226,3814,8985,4226,1345,9082,3710,4399,4601,1796,4383,5198,9184,7084,2411,1074,6130,3177,1631,1932,3047,1330,9282,3673,4358,5455,1601,9365,1027,5208,4046,1967,2346,1673,1737,7663,4980,2732,9518,1922,950,3887,5121,3830,1961,4995,1842,9619,3465,4695,4114,1030,1458,1230,9716,5853,898,2026,7634,2883,7562,4284,3521,9873,7954,1933,5172,4263,7658,1408,2448
3867,979,1170,350,1126,381,5308,1081,2190,3327,8255,8354,6394,2728,8446,8516,6754,8573,1515,8660,2695,7239,8788,1417,5463,4305,8888,2087,1600,4482,4921,8986,1952,4951,9083,7693,3740,5859,6583,3988,3475,9185,7775,7011,5952,1497,647,6822,4270,5726,2105,9283,3898,1526,5603,3877,9366,75,3522,2212,3972,1460,2737,616,7467,2595,3753,9519,7681,5072,3773,7736,440,5090,1546,1192,9620,7896,7232,1177,6112,1861,3915,9717,893,6118,6348,9779,7051,9796,7001,6957,9874,7793,4316,733,3271,9996,4115,5831
7929,3382,2779,3394,5459,2330,5032,1020,318,6807,8256,8355,2546,4153,8447,8066,2493,8574,5205,8661,5536,8742,8789,1602,3119,3795,8889,1517,1425,621,1547,8987,6681,5574,9084,3797,6546,3185,1895,4342,7261,9186,3570,2452,6163,5358,2638,2890,6368,3483,1761,9284,7366,2469,3370,4801,9367,3573,4575,3820,1656,1899,814,2963,7440,5888,2587,9520,5563,6950,831,6038,5701,1510,2966,1404,9621,4086,3219,4491,1048,2435,779,9718,7876,3889,910,7800,5334,9797,315,1675,9875,8145,367,7759,3344,6510,1298,3541
7345,2246,1505,422,7871,6757,2063,1100,1986,7761,8257,8356,5296,4403,8448,8517,7671,8575,1407,8662,7487,8075,8790,7837,2362,5408,8890,1386,505,2693,6776,8988,695,3410,9085,5585,6294,8124,7488,3799,6467,9187,9257,4505,5035,1402,563,4118,5007,6125,38,9285,7667,5948,4214,3868,9368,206,2202,2559,135,937,4743,219,7695,7696,7078,9521,3865,3029,1490,7727,1392,5937,688,5792,9622,7757,7560,2583,5295,468,5884,9719,1147,6864,6504,7613,1632,9798,6761,2329,9876,8146,4766,694,7544,9997,7072,7152
8166,4276,4534,4448,6714,2999,6511,479,1703,6323,8258,8357,3768,6456,8449,7101,3967,8576,2259,8663,4459,6134,8791,3383,5613,5973,8891,4187,2614,641,6287,8989,4617,4670,9086,6460,5168,5365,634,1623,3732,9188,808,4182,3918,3577,2975,6610,2776,4955,1938,7998,6852,5953,246,3287,9369,77,7177,7117,4625,698,226,1741,9454,5676,1613,9522,3659,4232,983,6585,3934,3090,5648,7,9623,1439,1720,2888,5096,2249,5418,9720,5251,4746,4692,2819,6026,7712,1686,6144,9877,8147,729,6743,5516,7411,3248,3401
8167,3132,1121,2052,6830,1611,1972,1845,1284,6708,8259,8358,4077,6989,7435,8518,3141,7804,4584,8664,2632,8112,8792,4035,2738,2962,8892,5203,2112,3512,1034,8990,1827,3666,9087,4944,4015,5399,2560,4024,7068,9189,4759,1822,2700,1898,1025,2159,5468,1672,3609,9286,5360,4899,1096,3268,9370,3376,5903,6431,3026,374,677,2513,7964,4144,249,9523,4167,4787,2067,4146,605,5852,3807,1893,9624,4434,3364,2714,1607,1753,1315,9721,5835,5112,1190,7845,4366,9799,5102,4499,9878,7928,834,3856,5220,6720,2235,3809
8168,3844,889,3578,5811,5959,4069,60,1516,5276,8260,8359,5658,5728,8450,8519,6248,8577,5221,8665,6479,8743,8793,7218,4594,6332,8893,6895,144,962,5043,8991,5081,6336,9088,7046,6925,6711,922,6938,7515,9190,1172,721,7111,1999,1454,2222,5610,4308,365,9287,6016,6911,4856,6794,9371,4266,6772,4658,4828,4603,148,1556,9455,7223,538,9524,7542,3638,869,6705,3735,6645,6117,96,9625,2410,1523,5286,518,2814,3548,7921,7937,4765,4282,3593,2388,9800,1012,7374,9879,9955,293,4344,4251,5991,1871,1715
8169,2101,1485,2828,5430,2339,4480,2332,976,1867,8261,8360,1189,2893,7945,8520,2875,8578,1473,8666,1974,8113,8794,5607,3350,4481,8894,3721,730,2289,4341,8992,2303,1201,9089,3933,2572,5049,4620,4627,7300,9191,6506,1857,4389,4350,2671,2949,3072,3053,590,9288,1444,3958,5473,3978,9372,2913,3408,5442,1811,2520,2935,1046,6577,5495,3939,9525,5339,1976,7048,2405,2241,2745,3368,1323,9626,6626,6597,3301,3738,1164,408,9722,5759,3010,1595,8138,2327,7792,3588,567,9880,7948,4923,6077,2742,7330,3801,1324
8170,3056,1852,2567,5056,2103,3543,661,1101,4978,8262,8361,2907,3087,7950,8067,3572,7993,1823,8667,2109,7319,8795,3194,1328,3751,8895,3709,415,755,3787,8993,2068,810,9090,3998,1542,5344,2506,3206,7149,9192,7635,3796,5754,5491,1683,1818,2192,3531,1132,9289,3151,4045,2049,4392,9373,2639,4928,3846,1939,2253,746,2172,5505,4701,2747,9526,4058,5756,1850,3336,2818,4020,5984,1678,9627,1792,6691,2508,3441,1873,1839,9723,7390,3506,2946,5333,4124,8141,5766,4849,9881,7881,3036,5808,2932,5933,4048,780
7597,4508,4196,1993,4665,4646,3104,1285,1238,5113,8263,8362,5875,6993,8451,6168,4315,8579,2389,8668,5254,8744,8796,3360,6466,3384,8896,6680,216,182,2739,8994,6759,6222,9091,6719,6960,3576,4510,3464,7674,9193,489,3979,6942,5258,5929,2340,6762,2633,4770,9290,5222,2237,855,6515,9374,4635,7780,1368,6007,1006,411,3523,9456,7099,2335,9527,4297,7367,1327,6795,5967,4493,6854,151,9628,3136,1364,3649,645,2637,667,9724,7448,6961,3757,3892,5749,7721,196,1142,9882,9956,402,7410,3145,6536,2201,1136
8096,3307,2940,1929,2287,4704,6322,1838,1264,3516,8264,8363,2600,4791,8452,7918,3470,8580,6528,8669,3325,7346,8797,2916,2093,2152,8897,3913,387,1206,5304,8995,6012,2195,9092,2571,3618,6833,5592,6052,5520,9194,6931,5000,6314,5186,3273,3428,2743,4572,2993,9291,3320,6623,739,6017,9375,1256,3347,3669,3293,3024,1333,1383,6998,5291,3784,9528,6595,5791,704,6264,5294,501,6882,1287,9629,2765,1569,5507,801,1902,478,8054,4989,5966,4331,7639,2024,9801,1421,4193,9883,9957,270,7520,1247,5577,2748,442
8020,3338,3037,2107,7442,2612,2659,1063,261,7553,8265,8364,5692,5435,7795,8521,6040,7209,4982,8670,2649,8745,8798,2028,3048,5409,8898,5130,2088,674,4939,8996,3614,344,9093,6423,1019,5026,4372,4055,7455,9195,5104,3765,4796,5830,2466,5289,5092,2802,3045,9292,5067,4644,3167,4327,9376,2408,6018,2905,2767,2352,820,3348,7855,2791,551,9529,5484,6143,726,7264,4220,3507,5757,539,9630,1721,5179,2882,4202,1465,1173,7738,5562,1346,3569,8056,1995,9802,650,2438,9884,9958,676,6973,4212,3059,3381,724
8171,977,1035,3303,7985,4847,5287,599,2772,6826,8266,8365,5819,4680,8453,8522,6816,8581,1107,8671,6582,7934,8799,4545,6014,6043,8899,6900,1904,3619,3921,8997,1621,4830,9094,4874,7110,4142,1772,6851,4025,9196,5995,3482,2012,1879,2696,5864,6552,2010,385,8130,6029,3144,5891,2701,9377,1244,1015,2174,822,3230,1395,486,9457,6748,846,9530,2991,6523,1446,1942,530,2550,5412,762,9631,4880,6404,4904,2740,3286,1065,9725,5604,6035,2254,5895,4731,9803,4417,1191,9885,7628,4161,6150,1960,4924,1275,851
8172,1577,3890,209,7986,6157,7029,679,3050,7783,8267,8366,6190,4432,8454,8523,7356,8582,4248,8672,3686,7718,8800,4780,4825,5118,8900,6930,925,1900,6293,8998,4200,4997,9095,6668,3405,938,1693,3434,4240,9197,289,3150,6682,532,3615,4689,7059,1989,5656,9293,6537,6798,3142,6082,9378,2243,3524,3316,3197,1255,79,915,8001,2925,992,9531,7534,6896,6698,6443,3199,4722,1436,16,9632,5589,6633,6109,1043,2108,1208,9726,8137,2137,369,4154,4576,9804,2098,5199,9886,8094,5400,6974,6951,2295,2085,2120
8173,2553,3146,185,7027,2139,4197,2250,1317,3183,8104,8367,3453,3748,7931,7989,4543,8109,4544,8673,4683,7692,8801,4411,4138,3672,8901,4446,1758,2561,3065,8121,3174,2902,9096,3007,3317,6165,3377,2086,7820,9198,7559,3690,3079,2313,2230,433,1988,2586,370,7735,2083,3253,4176,5386,9379,1747,1143,6135,3022,421,1202,2115,7732,2228,2116,9532,3161,4971,1484,5315,1824,4150,4852,2017,9633,5678,4340,4890,3943,1320,2611,9727,6373,2985,3203,7404,2590,9805,519,4813,9887,6984,3727,4169,3193,7491,2416,2342
8174,3497,4406,3389,7808,3736,6607,546,1002,8103,8268,8368,3392,7073,8455,7602,7331,8583,7238,8674,6596,7836,8802,6439,4094,6878,8902,4051,656,1503,3903,8999,7166,7235,9097,6508,7684,7504,799,4192,1430,9199,883,1713,5540,2957,1881,6461,6697,5260,4974,9294,5587,5964,1056,4101,9380,3340,2300,6376,6108,4002,1011,1947,9458,6230,487,9533,5870,7453,722,7750,702,5677,5707,17,9634,1087,1326,2486,3946,974,4319,9728,7897,6470,5776,3597,1241,9806,885,5348,9888,9959,360,4835,5018,3836,931,342
9,13,303,101,1866,3263,2344,4422,5003,8228,8269,8369,4940,4509,8456,8524,7765,8584,2326,8675,5999,8746,8803,4030,3959,3052,8903,6556,3780,2060,2463,9000,1423,5695,9098,1803,7894,2441,699,7148,7755,9200,1249,1282,3648,3371,6572,7726,7236,954,7624,9295,7741,3989,7221,7878,9381,357,3966,366,5322,3255,5361,6087,9459,7680,2796,9534,6215,5216,7123,6390,7823,5387,7484,4574,9635,4044,2816,7278,5218,2044,4511,9729,9776,7561,2692,7915,7916,9807,778,5801,9889,6578,557,8016,7830,545,1813,284
8175,4268,4920,53,2605,6247,3952,4822,5328,7593,8270,8370,2485,6301,8457,8525,7408,8585,4961,8676,6929,7320,8804,6010,7097,7854,8904,1397,3149,1654,6186,8122,2189,738,9099,3660,5428,3657,3604,5814,4452,9201,7301,2412,1963,7426,2864,4595,3074,928,2281,9296,6365,5790,7870,6099,9382,117,1736,362,2735,4379,2718,263,9460,7253,1834,9535,4745,5244,5927,7512,3488,6350,1114,1010,9636,4209,4185,6927,5985,660,3216,9730,4468,540,632,7474,6027,8091,944,940,9890,7171,787,5306,6750,548,5384,1669
8176,1325,3712,128,7760,3063,5736,1633,2393,7762,8271,8371,5732,5338,8458,8526,6855,8586,6840,8677,5508,7893,8805,5841,5865,3296,8905,5978,1369,929,5730,9001,7179,4538,9100,4681,1790,1038,964,7466,7120,9202,186,2398,4607,254,1868,7103,6677,1219,2064,8080,6574,3055,6954,3088,9383,4761,5910,1231,4057,2835,204,3828,8085,2859,5165,9536,6409,3752,5166,7596,6690,3386,2184,533,9637,5900,2958,1461,853,363,2866,9731,7824,5447,903,1406,6161,9808,2552,5653,9891,7752,789,5743,6131,4809,2368,4325
8177,811,1212,3574,6072,4626,6284,1237,727,7525,8272,8372,6181,5392,8459,7859,5524,8587,2980,8678,6172,8747,8806,5659,4152,3298,8906,2884,201,27,4985,9002,4950,6304,9101,5033,5271,5228,5402,3555,7661,9203,2034,2181,3941,6124,5503,961,4164,4027,3447,9297,4988,3463,5355,6048,9384,2811,5949,4515,1914,1479,1069,3627,8002,6263,491,9537,7398,4224,565,7093,5282,277,7336,1405,9638,2507,2306,6598,412,1351,796,9732,7607,5448,2778,6971,5391,9809,671,4139,9892,9960,332,7518,5618,5939,5670,1499
8178,3082,4213,1557,6088,3067,4317,294,398,6266,8273,8373,6452,3992,8460,7889,4456,8588,6797,8679,7381,8748,8807,2092,4368,3707,8907,2157,255,176,6372,9003,4935,2020,9102,6662,6022,6887,5425,7594,2173,9204,7920,5815,7040,4158,4402,5755,3793,1821,3714,7952,3078,6799,3819,2076,9385,1885,3994,805,4071,2094,1200,2111,7077,7240,6667,9538,4199,5100,911,7020,2481,1347,5872,3622,9639,3833,3191,6298,3632,531,1624,9733,6811,6538,1373,7317,2703,7865,372,3208,9893,8015,857,7599,509,610,4669,1494
8179,5268,2232,5719,4247,4786,6860,552,657,6693,8274,8374,6140,4837,8461,7318,7753,8589,3001,8680,7454,8114,8808,5982,6472,6701,8908,7306,466,614,5640,9004,7063,7555,9103,6986,7167,6148,1509,3914,6106,9205,2129,514,7853,4596,500,3862,6948,5746,2001,9298,7295,7191,281,7267,9386,3789,6919,6955,2381,3760,368,1687,8133,3276,607,9539,6958,6448,571,7211,2504,3940,5426,11,9640,1221,1413,7224,326,2251,606,8135,7927,6992,3549,4926,6351,9810,1318,5037,9894,9961,457,5267,4440,7722,3281,2150
8180,2863,2396,1982,6898,4772,4773,193,2141,6636,8275,8059,2179,6302,8462,5802,7200,8590,6285,8681,6558,7521,8809,2576,5602,3717,8909,1525,795,1878,5632,9005,2858,4768,9104,6909,6521,6947,2540,6783,3435,9206,2432,4942,3433,5842,1930,697,6023,4029,351,9299,5570,5768,4129,6037,9387,3080,2664,7156,630,1665,718,535,7905,4516,589,9540,5851,3198,1125,1480,223,5818,3049,516,9641,2654,4573,6196,1733,1257,4292,9734,7256,4328,3326,2655,4237,9811,5257,5786,9895,9962,2912,5136,701,7342,5075,3393
8181,1283,2588,2549,7782,120,3841,4522,2524,5848,8276,8375,529,494,8463,7933,2803,8591,5134,8682,3893,7767,8810,5058,2607,1411,8910,4031,936,3179,864,9006,1366,4720,9105,1954,3544,2039,612,3201,6111,9207,4275,1816,1616,5422,1050,4070,1729,3124,919,9300,2387,4733,6496,5573,9388,4445,6874,6997,3790,2790,4117,1742,8134,3667,3863,9541,2431,2886,7100,3755,943,5261,1797,1855,9642,6031,7311,3771,309,3764,3457,9735,6399,3613,3420,7529,4171,9812,3843,5904,9896,9963,4930,6382,2482,3416,3706,2854
8182,4901,1674,1301,4559,2826,2223,2687,2334,7258,8277,8376,6730,6962,8464,8527,4261,8592,5733,8683,7656,8749,8811,3693,6871,5663,8911,7503,143,2104,3775,9007,5882,7728,9106,6071,5734,3034,234,3644,7904,9208,687,920,7012,1214,5673,4056,7586,54,1853,9301,6396,3058,4135,7662,9389,6747,7533,470,6255,2568,3414,4123,7875,7047,2220,9542,5579,6548,4500,6590,3515,3848,6325,339,9643,3991,2030,3503,1705,119,3675,9736,6729,7297,748,2976,7096,7953,613,4790,9897,7615,477,7159,2685,3100,709,1234
7508,4882,2099,2041,1549,6789,1877,302,36,6180,8278,8377,4897,5188,8465,7835,3876,8593,1271,8684,4181,8750,8812,2185,6083,4177,8120,2869,165,93,3064,9008,3513,7546,9107,7584,5223,7816,2341,5499,7877,9209,2288,997,7431,5013,4987,6683,5359,3343,14,9302,3871,4817,6455,7352,9390,3922,6474,892,1688,2615,2871,3112,6532,5513,2724,9543,6201,692,2074,6970,1707,3894,7079,3415,9644,2895,4454,1628,821,5073,4278,9737,6306,5529,3623,5407,6742,9813,1848,2757,9898,9964,429,7274,4186,5845,4959,2820
7475,2729,90,2591,1310,4049,5823,2489,572,5158,8279,8378,4641,6512,8466,7990,4332,8594,6709,8685,4141,7784,8813,2627,5741,3786,8912,6513,1917,1306,6738,9009,1648,5368,9108,3653,3422,5370,94,6570,7791,9210,2090,299,4478,2061,1521,6084,6384,2562,1382,5783,4975,4377,4042,7013,9391,3565,5089,793,3397,2032,2066,817,7143,4840,5561,9544,6525,635,3429,5664,5169,5057,5010,2175,9645,4668,3162,3349,1032,3202,3680,9738,7341,4174,3800,6907,4257,7880,1094,6640,9899,6374,841,7468,4512,934,1498,1355
7930,664,2358,2927,6566,5934,3490,304,380,6078,8280,8379,4087,5750,8467,8023,6494,8595,4776,8686,4636,8751,8814,7130,4398,4833,8913,354,340,1141,3127,9010,2312,4732,9109,5761,4865,6888,5907,6334,5195,9211,8050,5481,7000,5350,2609,2840,3260,3762,490,8081,1605,6664,1570,6847,9392,1768,6545,6853,256,1162,735,1757,7604,5178,2317,9545,5711,4011,742,2992,3726,712,4965,2832,9646,2758,4881,6283,3663,2122,1752,9739,835,3581,3902,7769,3083,9814,5825,3028,9900,7573,1279,6208,3806,8042,3599,1321
8183,2478,3385,1524,6603,473,1610,2792,147,7172,8281,8380,890,3225,8061,8528,4760,8596,1604,8687,3380,7778,8815,5461,5042,3207,8914,4476,1619,3975,4369,9011,1934,1578,9110,5085,4371,4349,4907,5539,7195,9212,7749,1840,4384,1148,2057,3891,4846,4425,1064,9303,3311,2193,4579,4081,9393,3186,6100,6685,4116,356,1863,1207,9461,5215,3061,9546,1915,4710,7536,4306,160,2014,792,1789,9647,5101,7687,4033,2551,2450,2355,9740,525,4542,2613,7689,2418,9815,6272,5127,9901,7857,3936,6987,2977,3528,1745,3920
8184,2988,2016,126,7038,5581,3500,560,1005,7056,8282,8381,2062,1905,8468,5771,3803,8597,4375,8688,4735,7217,8816,1666,6159,684,8915,4320,464,3910,1274,8123,3359,7032,9111,5238,7147,7540,5039,3409,7422,9213,2055,4903,6648,2444,2070,2037,7339,5045,121,9304,7489,6085,3776,6805,9394,247,1724,2665,1123,2404,1702,2589,9462,1176,4490,9547,7296,6345,5514,7309,2333,6226,5265,2385,9648,5890,6654,5735,3467,238,2467,9741,4457,2812,3114,741,1997,8010,3880,6361,9902,9965,4363,1144,5163,7723,3674,2349
8185,3607,3214,1801,7872,1004,6158,623,1115,7443,8283,8382,1784,6042,8469,8107,6141,8598,4598,8689,5336,7785,8817,2678,2154,1697,8916,5876,1448,2162,566,9012,6073,6113,9112,6696,6440,5246,1342,4870,4999,9214,1248,3837,4408,4294,4064,5721,3981,3960,1263,9305,6604,4287,6416,4066,9395,4794,6969,2163,3845,2499,395,2619,9463,6235,2056,9548,1229,4486,1036,2510,2603,7506,7255,499,9649,2822,2592,4533,1649,1186,2892,8006,7697,5171,2827,7627,1039,7846,391,5881,9903,7698,439,6464,1357,849,4960,3378
346,672,734,798,5352,1042,1836,3417,343,6861,8284,8383,4083,5797,8470,8529,4803,8069,4599,8690,6649,8752,8818,5918,4587,4061,8917,4351,3421,1095,5624,9013,4414,2782,9113,6067,4902,7188,3221,5994,7645,9215,7996,5148,6786,2161,2182,4725,3514,2046,2091,9306,2058,5691,5382,6713,9396,463,3081,5943,2656,2680,109,1492,9464,4008,312,9549,6179,3235,1252,3229,601,4651,905,1296,9650,2755,4968,5758,3772,1152,3091,7720,5059,6868,4416,8089,5654,9816,6391,5938,9904,8040,996,2372,3450,8017,4752,3700
8186,2943,5502,1049,4180,6209,6227,975,2809,7323,8285,8384,4711,7265,8471,4706,4255,8599,6758,8691,6975,7862,8819,3938,7212,2234,8918,6428,272,843,4223,9014,7008,6879,9114,7421,7283,5464,1391,4585,7189,9216,266,4354,6637,2153,5921,6243,6666,4862,2547,9307,7190,6892,319,7353,9397,1183,5667,3164,5212,706,331,3297,9465,3534,1533,9550,7822,7305,1360,7733,4119,5928,6320,43,9651,1714,1210,6039,1722,435,3861,9742,8088,5708,1916,2047,3504,7868,301,4436,9905,9966,476,3852,6549,6617,2573,575
8187,2318,3180,41,7858,5564,1582,317,83,7394,8286,8385,812,2200,8472,8530,5293,7805,4700,8692,2140,7788,8820,3813,4826,5319,8919,6080,1220,725,2319,9015,4836,4675,9115,6219,5077,5060,2978,4113,6317,9217,7807,5626,4943,4568,3118,4430,2736,3212,1218,9308,5466,3831,4526,6049,9398,644,3589,5805,4040,2371,736,625,9466,4560,784,9551,6030,4784,3284,5950,1110,5747,4821,636,9652,3437,6509,7023,1769,2301,1393,9743,7516,4489,1058,4747,5266,9817,4639,1812,9906,6386,1432,4662,3209,7704,3698,2610
8188,4551,2442,638,8222,4715,7208,833,2142,7850,8287,8386,4853,7566,8473,8531,6716,8600,3502,8693,7252,8026,8821,7806,7186,5723,8920,7066,1028,3454,5124,9016,7789,7010,9116,7959,4472,3425,953,2690,2621,9218,373,2456,6934,537,1358,3000,6935,4532,5510,9309,7744,7636,556,2618,9399,1830,4653,6061,5141,6025,409,578,9467,2376,324,9552,5834,7535,696,7513,3157,7407,913,12,9653,1379,1514,4346,1135,469,5129,8034,7898,6835,5050,3552,5583,9818,5245,7714,9907,9967,334,3821,7673,7902,3262,1958
7974,5275,3140,2199,1731,6869,2956,232,102,6631,8288,8387,5367,6608,8474,4335,5299,8601,3143,8694,5389,8115,8822,1261,6808,6241,8921,7194,242,240,6011,9017,4841,7067,9117,5866,5710,7451,4477,6153,8079,9219,751,2681,7161,7225,2027,4159,5432,3122,21,9310,5597,7266,6349,7500,9400,3546,6922,3098,1031,2727,384,2577,6436,5774,666,9553,7284,2208,1888,3645,659,2336,7137,1529,9654,1131,2936,3982,221,4785,5688,9744,7441,6103,5342,3986,6802,9819,1892,6238,9908,9968,436,7600,3699,7433,6119,2488
8189,4527,153,1158,7145,3942,6727,745,191,7903,8289,8388,5506,5547,8475,7796,6446,8602,1695,8695,7005,7935,8823,4769,4730,5497,8922,6495,390,825,2849,9018,7083,7338,9118,5731,5487,6524,6145,3238,7377,9220,4254,6207,5488,6053,564,5230,7104,5156,640,9311,5942,7150,4832,6740,9401,1588,3945,7495,3060,619,314,740,9468,6091,888,9554,7157,6611,693,7737,2574,5093,5406,78,9655,1080,2261,6784,603,2817,1003,9745,4347,6562,3484,6005,2931,9820,3533,4133,9909,9969,437,4612,4977,7818,6162,1767
8190,3289,1385,777,7641,4053,7642,432,4556,8045,8290,8389,2286,7794,8476,8532,7531,8603,1527,8696,7459,7425,8824,6064,7219,7730,8923,2774,569,6268,4879,9019,5712,4407,9119,7709,6276,5685,807,1996,6771,9221,4019,3172,7569,2305,174,6034,7289,2861,73,9312,7570,6454,5483,6359,9402,756,7703,7432,112,5312,1153,70,9469,544,495,9555,6735,7719,4763,6127,609,7490,1209,290,9656,2979,6195,6593,1581,85,2582,9746,6204,7182,3817,5273,7458,9821,6630,7517,9910,9970,4260,1213,6445,9998,7275,6656
8191,4428,1280,3084,7364,7245,3189,217,55,7280,8291,8390,7089,7246,8477,7814,7912,8604,3163,8697,7619,7724,8825,4652,5556,6555,8924,7550,631,515,4160,9020,7498,7547,9120,6963,7470,6363,3798,3367,7685,9222,1883,3851,7526,4462,3108,3071,6615,5935,4657,9313,7494,7382,1188,7702,9403,4713,6343,6142,4288,5661,61,25,9470,4621,393,9556,7340,4442,991,6499,866,2458,4498,34,9657,1609,2215,6237,419,797,1576,8055,7817,6897,5047,2860,6505,9822,844,4225,9911,9971,311,6500,2759,7943,5611,4682
7975,2706,1795,297,3779,3170,2851,66,1531,7565,8292,8391,4137,3676,7802,7652,6924,8605,1832,8698,3117,8076,8826,7412,3270,7315,8925,1469,35,5519,4953,9021,1763,1138,9121,6917,3231,6254,6990,4001,6834,9223,9258,1155,5996,2143,231,2311,5044,3602,56,9314,5036,6188,3241,3652,9404,2065,6244,6468,40,731,3205,1102,5281,5394,6324,9557,5861,5784,4889,5310,2532,6707,1071,3692,9658,7686,7844,5515,1475,573,5366,9747,2750,4592,3077,3155,6972,9823,7207,5689,9912,9972,5836,1962,5863,9999,4660,6726
8192,1890,1203,2262,6265,4742,5345,1302,2114,7327,8293,8392,3278,891,8478,8024,2278,7303,2951,8699,3259,8116,8827,5227,1617,2986,8926,3458,1453,867,2709,9022,6288,2177,9122,5006,1438,5894,5143,3761,6242,9224,1054,5627,5445,5410,3963,5482,6430,3566,2080,9315,5804,4367,1565,4915,9405,2169,1394,4707,2483,1833,1647,296,7980,1629,2460,9558,6791,1356,4300,4231,3223,2048,5278,1269,9659,1367,2005,5932,292,2569,3070,7247,7033,5912,1066,6981,3446,9824,5327,4798,9913,7690,2753,6326,313,8043,3594,3864
8193,5201,252,1508,8058,5998,6292,1396,1073,7501,8294,8393,5071,6587,8479,8533,6228,8606,2069,8700,4546,7699,8828,5869,5616,6309,8927,3701,3107,576,5279,9023,1120,2075,9123,3600,5109,4861,2475,5975,7585,9225,7895,3530,7132,4540,139,2616,3426,4956,1964,9316,3436,5453,5727,1440,9406,1751,6211,2354,3051,1765,2440,52,9471,248,2910,9559,5571,4893,6318,3875,5705,4667,3315,1794,9660,5880,3332,5652,1228,24,3685,9748,973,4259,1843,6602,3334,9825,6316,2239,9914,9973,3128,161,5137,7924,5501,5263
1,2,3,4,8,118,899,475,1159,7715,8295,8394,7492,5856,8480,8534,6541,8607,7851,8701,7819,8753,8829,5886,7314,7539,8928,7139,1109,2021,6946,9024,3968,7701,9124,6310,7842,8027,5385,6903,7978,9226,4096,3190,7631,7373,5300,7406,7085,6703,5682,9317,7999,7383,4205,7622,9407,2824,7833,7637,6670,5423,2029,5997,9472,7981,4410,9560,7756,6731,1664,7359,7354,6346,8052,1185,9661,3355,3907,7371,3178,3662,6876,9749,9777,7581,7423,7095,7088,9826,2144,5665,9915,9974,968,7983,7514,7984,5200,6489
8194,2280,2397,924,7772,3147,3489,2118,431,5606,8296,8395,2652,1119,8481,8535,5388,8608,2841,8702,4501,7957,8830,2881,2490,3749,8929,5681,3200,1645,3656,9025,5812,5211,9125,1174,6223,4162,508,3683,6999,9227,3039,1808,2699,4964,3694,2673,4694,1642,1828,9318,6081,2155,1849,2865,9408,2187,4721,4313,2461,2183,1175,1626,9473,886,3403,9561,1750,5739,2082,3567,3411,2566,6137,956,9662,5987,1309,3329,2515,2134,2455,9750,6915,802,3695,7669,4401,9827,2675,4435,9916,9975,682,5252,4246,7777,2585,3950
8097,743,2906,1615,7826,3529,3101,1349,1253,6923,8297,8396,4557,4429,8482,7708,1163,8609,2328,8703,1384,8117,8831,4917,4591,3561,8930,3046,1820,1625,4010,9026,3743,2628,9126,5125,3598,6114,4604,3634,7653,9228,4078,4262,4782,4797,3906,2079,5083,1299,553,7962,4439,5053,1762,3859,9409,2429,3964,6193,2323,1716,2025,2384,8003,862,3985,9562,5800,2491,5568,2353,3539,2498,6773,1008,9663,2930,1334,6184,1730,1573,1140,9751,6634,6291,1973,5795,2231,9828,2356,935,9917,9976,1281,4990,4844,8018,1099,765
8098,4195,1272,2641,7670,5197,6825,124,3306,7643,8298,8397,6642,5601,8483,8068,5154,8610,1865,8704,5241,7347,8832,6240,7386,7754,8931,3106,790,4642,7109,9027,3282,2944,9127,7400,2009,5700,3456,7351,2310,9229,5633,1699,7452,3066,105,5905,7460,5452,164,9319,7321,7828,5838,3954,9410,511,5683,4277,276,1804,1981,149,9474,269,488,9563,4886,7070,2713,5892,1519,6056,1390,155,9664,5553,4343,6943,628,271,6412,9752,2644,6206,6315,4674,5971,9829,7640,5470,9918,9977,3908,838,6933,7971,7081,6767
8195,1568,2846,2768,7469,4415,3984,583,1728,6253,8299,8398,1045,6050,8484,7873,5925,8611,5720,8705,909,7977,8833,3905,1984,4502,8932,5595,2688,4147,2006,9028,6421,4963,9128,5993,4120,6110,4521,6105,6198,9230,7595,4628,4453,2557,2380,2419,2556,2751,1862,9320,5674,5177,2271,3233,9411,3427,5550,7105,399,498,133,1278,5588,5668,933,9564,1735,2708,2829,2769,2879,2096,4465,1455,9665,1443,4684,4211,2403,1270,2321,9753,6622,461,4026,6419,5469,9830,5376,4265,9919,9978,1528,5826,536,6647,1118,5147
8196,3711,1243,483,3468,2148,6793,123,1232,3917,8300,8399,6133,5916,8485,7259,3485,8612,6694,8706,6000,8077,8834,6480,4460,6093,8933,7436,587,1195,6844,9029,6728,3133,9129,5440,2928,4726,307,6547,7205,9231,5810,1837,5472,3272,4887,4007,5582,4208,1478,9321,4173,6192,6250,3294,9412,3057,6867,7091,982,1559,3103,1776,6829,6377,1520,9565,5380,4806,1196,3535,224,2880,6592,2526,9666,2196,2896,4269,1575,416,1223,7688,7556,5001,700,7302,5444,8142,5167,1017,9920,7813,1991,4427,1538,7420,568,4536
8197,2211,1235,773,6069,3559,4356,3754,1363,6632,8301,8400,2789,3857,8486,8536,5940,7146,759,8707,1254,7885,8835,6362,2989,1691,8934,3585,3030,2604,1926,9030,3038,3413,9130,4799,5106,800,3499,6491,6044,9232,7621,1535,1199,6271,2156,3218,4672,2401,3339,9322,2787,3239,3688,3375,9413,3476,5538,4304,1021,1260,1512,1658,9475,2554,2439,9566,3004,5686,5924,4788,1471,837,4933,1782,9667,4789,5979,1660,1431,1786,827,8136,5569,5968,2453,7909,3280,9831,5133,2533,9921,9979,3527,6883,882,6465,1078,1936
8198,3015,1112,678,2909,4289,3407,949,2634,4937,8302,8401,2760,6191,8062,8108,1911,8613,4983,8708,4848,7044,8836,5608,6122,2995,8935,2284,2624,1684,1145,9031,4561,593,9131,2089,3974,5297,6663,3097,3595,9233,8129,4418,2878,6342,819,6625,5527,5586,1122,9323,1450,4778,2248,4028,9414,170,3399,771,1612,2133,215,2423,7263,3923,5703,9567,7632,6418,1889,5069,3536,1756,4000,4127,9668,5794,1646,6564,4466,2800,4183,9754,2077,6526,2870,7899,3496,7713,1466,5867,9922,5301,1437,7787,2584,875,4179,2647
8199,4312,3135,4520,7434,4485,6252,2578,653,5926,8303,8402,4631,5729,8487,8537,7476,8614,5609,8709,7385,8754,8837,7337,6305,5552,8936,7415,878,728,2794,9032,7644,7575,9132,7201,5126,5441,454,4018,3930,9234,1079,1029,6279,2476,2210,955,6753,3725,2697,9324,7019,6234,361,6501,9415,3390,6850,5789,5717,5330,744,2402,9476,2081,428,9568,5714,6809,622,7049,3901,4727,3525,5,9669,2022,1380,4455,1941,1738,1777,7965,7428,6471,2885,4111,5684,9832,902,6176,9923,9980,337,6487,6581,7215,426,750
960,629,218,414,3137,714,5787,3387,154,5332,8304,8403,2233,4610,8488,7991,3792,8615,5325,8710,5012,6968,8838,6899,2821,5649,8937,5214,4128,2274,828,9033,5175,4905,9133,5242,2815,6115,3911,2164,7131,9235,5537,3931,4650,1564,1748,5549,1814,1420,995,9325,3737,6584,6126,6653,9416,2608,6638,6543,3756,1864,850,189,9477,2293,4871,9569,6096,5009,2465,6338,1874,3592,813,1979,9670,1719,4302,4230,4864,1401,3169,9755,7479,5427,2953,8090,4703,9833,5489,3156,9924,9981,689,7199,5008,5533,4753,3019
8200,1990,803,2777,7841,7002,6375,1415,2209,6921,8305,8404,4802,4913,8489,8538,5041,8616,6618,8711,1744,7532,8839,3472,5340,5887,8938,5650,5480,4131,5395,9034,4274,6823,9134,6817,3987,4891,1489,7293,2903,9236,3295,3661,7175,1593,63,3704,6831,4121,3249,9326,7213,7308,3305,2121,9417,1365,5799,4698,1343,2517,3733,44,9478,42,239,9570,4433,5762,720,4233,5061,5132,3192,86,9671,1370,3493,1971,1909,291,3973,7472,6231,7042,5062,3818,3356,9834,6032,2766,9925,9982,2602,527,4949,7917,5429,4203
8201,5335,993,906,8223,6550,7509,493,4038,7707,8306,8405,5153,7043,8490,8539,4748,8617,1608,8712,3616,7574,8840,7287,7940,7768,8939,6070,3471,4608,7260,9035,5816,6520,9135,7629,3832,4175,523,7009,3445,9237,2013,2534,7598,1239,167,3486,7343,5817,2214,9327,7731,7776,2901,3965,9418,1067,5833,5541,1483,3874,1311,89,9479,190,65,9571,3899,7511,719,7849,2938,7124,1847,31,9672,1246,3469,4201,868,163,4894,8007,5988,7360,6246,3220,6013,9835,7233,6307,9926,9983,2294,1113,7114,7955,6367,5122
8202,1314,2472,3681,7248,2648,2427,1387,1089,4321,8307,8406,1685,4712,7932,8540,4691,7609,3204,8713,4253,8755,8841,1640,2400,3171,8940,4017,2110,2543,2221,9036,4614,4814,9136,3747,3562,1723,4244,3575,5397,9238,7332,1205,4149,3642,1169,3480,5264,2917,2042,9328,4643,3630,3759,4824,9419,2256,7121,3120,453,2097,1670,1574,8051,3610,1572,9572,3783,5535,5146,4724,4245,1313,5160,2308,9673,3705,1297,1560,3250,1463,588,9756,4648,2188,3086,6774,3247,9836,2279,1258,9927,7740,1026,2424,3636,4565,3330,3291
8203,4438,1506,4004,1907,6567,4851,526,59,4623,8308,8407,5377,4615,8491,7926,6415,8070,4461,8714,5471,8756,8842,3373,4130,4145,8941,4774,286,310,5302,9037,6804,5256,9137,5957,5671,6976,5021,4488,7405,9239,1851,3677,5259,4032,2395,1412,5181,4677,1193,9329,4039,6684,768,6398,9420,4227,6295,5860,4663,3418,322,1734,7655,5183,769,9573,6862,5150,633,6863,3099,347,6639,407,9674,1371,2023,7094,51,2780,1362,9757,7922,6008,4229,7158,5594,9837,2939,6312,9928,9984,450,7939,3131,10000,4966,2954
8204,4283,4873,1242,7187,4996,3182,926,401,7763,8309,8408,5623,7074,8492,6679,6267,8618,7031,8715,7603,8118,8843,4967,7053,4858,8942,6229,236,358,2502,9038,7153,7174,9138,6588,7551,6383,459,4126,7135,9240,547,3668,7657,2374,5914,4910,7230,2059,6669,9330,7611,6086,1166,5642,9421,5621,7028,1558,4373,2126,275,1399,9480,7202,2512,9574,7112,6991,847,6838,4386,7462,5226,28,9675,2756,1599,7181,3102,46,2672,9758,8035,6606,2433,3085,3716,7578,130,6425,9929,8041,430,5500,4690,4390,1459,1149
8205,1815,3702,172,7691,4931,5185,462,554,7682,8310,8409,3487,4361,8493,7465,6057,8619,4685,8716,4637,8757,8844,5288,6458,3461,8943,6002,884,158,4088,9039,4875,7024,9139,7298,6015,6744,3564,6203,7838,9241,549,1920,7392,2640,4464,6953,6629,1652,3319,9331,6605,6601,1923,5909,9422,1543,6282,6484,1468,1841,257,1331,8033,3590,1725,9575,6344,5622,2125,7648,4217,7060,6290,228,9676,5669,4178,4586,138,2496,157,9759,7106,1061,4370,7113,770,7942,2514,3187,9930,9985,1288,6787,5055,6770,2038,3758
8206,5307,2873,2941,8021,2315,7372,452,183,6936,8311,8410,4606,7160,8494,7116,5108,8620,1584,8717,3826,7554,8845,6751,5236,6937,8944,3443,561,1137,4718,9040,5877,5421,9140,6873,6777,5052,2297,5923,5619,9242,4005,2206,6337,3267,150,6364,6824,6173,2601,9332,6979,6379,1749,6769,9423,2565,4900,6905,1561,1129,1097,179,9481,4009,245,9576,7092,6841,2968,7026,2480,6965,2596,45,9677,2972,3246,6646,763,129,916,8087,3021,7050,4647,3495,6848,9838,4792,7080,9931,9986,2302,1496,7592,7579,3432,774
8207,2848,1000,534,6700,4222,4925,50,279,7831,8312,8411,7118,7380,8495,7108,7510,8621,3962,8718,7747,7994,8846,4345,7165,6218,8945,4986,29,1267,3498,9041,7482,7307,9141,7729,7017,7499,1992,2378,7919,9243,2494,4062,7886,6576,877,6378,7325,6600,64,9333,5512,3520,6688,7612,9424,4393,7505,4241,921,2663,20,413,7799,6734,1712,9577,7438,4074,1704,6553,2135,6736,6410,2635,9678,1944,4555,2471,388,1226,3494,9760,2106,7107,1732,4322,7170,9839,1551,3148,9932,9987,896,3430,4819,7216,4857,4091
8208,3025,3302,222,7883,1706,4630,3568,914,6327,8313,8412,3739,1130,8496,7815,5431,8622,783,8719,3509,7995,8847,6286,3240,4424,8946,3264,1353,3121,4336,9042,4578,3304,9142,5702,5660,6589,1168,1477,5752,9244,6964,5337,2338,4588,208,4811,6178,1650,1787,9334,879,4075,4673,3245,9425,137,6949,5099,2996,2872,2348,520,9482,5521,1341,9578,939,3477,7572,3244,3928,5780,5486,670,9679,3611,6875,3224,2285,1178,1743,9761,3211,3027,3009,5372,5219,9840,5493,6432,9933,9988,2307,1567,4664,7770,1700,4878
8209,5439,4529,703,5449,4580,2509,1880,824,7481,8314,8413,6821,6894,8497,7884,4273,8623,6177,8720,4050,8119,8848,3095,5690,5631,8947,6872,178,107,4198,9043,6952,7348,9143,7568,7140,3977,681,3601,8028,9245,264,4524,6530,2375,3591,3605,6712,764,4547,9335,7418,4755,1398,6982,9426,4957,7290,451,1896,542,691,4816,9483,5303,4812,9579,7227,7192,5159,6920,6983,4473,6369,673,9680,5420,2495,5748,5084,199,2292,9762,7564,7034,403,2606,5180,7163,122,3956,9934,7839,758,5915,6967,5048,1348,970
8210,2264,3109,648,1224,5314,2011,904,754,5229,8315,8414,6352,5828,8498,7827,7313,8071,7477,8721,3466,8758,8849,3804,6661,5424,8948,2730,171,225,5349,9044,5813,7180,9144,3448,6782,7416,717,6628,7417,9246,353,1677,7058,3689,5139,4107,2677,4165,3805,9336,7625,6045,3823,5024,9427,1764,7206,2071,2984,3473,2521,4449,9484,7231,3558,9580,7393,5542,443,6658,6706,1908,7021,48,9681,3346,1618,6444,2050,3671,1978,9763,5272,3166,1711,6154,4883,9841,181,3400,9935,9989,333,7497,5920,3916,1921,1410
8211,2445,624,2484,7617,2446,5893,1378,852,6129,8316,8415,4099,5770,8499,8541,4738,8025,4112,8722,5123,8759,8850,3769,5115,4898,8949,2523,2662,2296,285,9045,5450,5625,9145,2415,5094,5963,273,4805,6269,9247,2045,2511,1539,230,1943,1495,3879,417,2136,8029,4829,1388,5567,6225,9428,3715,5635,4589,3115,1948,3718,2967,9485,4355,2394,9581,3449,5474,7647,5151,5029,262,2987,1718,9682,6381,3929,2276,3883,2527,859,9764,5027,3996,2244,6155,3062,9842,3354,3696,8012,6370,3774,4734,2622,5591,848,3006
8212,2213,4242,92,7706,3342,6539,4172,2178,7764,8317,8416,6107,3041,8500,8542,6457,8624,4376,8723,5972,7848,8851,4535,6356,3252,8950,7057,2417,3640,6803,9046,6718,6328,9146,6447,5396,4676,449,4523,2937,9248,127,4696,5576,200,3629,5857,3181,116,4104,8082,6531,1927,7456,2694,9429,321,2844,5110,2834,1910,2982,1428,8004,7527,816,9582,4838,6544,6516,5479,3763,2268,591,250,9683,5593,3955,2929,3670,47,3196,9765,5822,6004,541,4250,5958,8011,3160,3474,9936,7834,2036,3624,6756,3970,3719,3895
8213,3802,4264,131,8101,2479,3829,2548,1344,7651,8318,8417,6870,2658,8501,8543,7357,8625,6371,8724,6330,7700,8852,3870,4487,6405,8951,6695,2797,6994,5655,9047,6827,3331,9147,6880,5020,6354,49,7630,4426,9249,211,5737,6849,19,4100,2971,7675,268,1216,6978,7388,1679,7437,2786,9430,1548,6497,2260,2457,3997,2626,1968,9486,7397,2617,9583,7271,7447,9593,2492,4645,6699,1316,620,9684,6411,6859,6842,3842,111,723,9766,6076,4419,192,1433,6678,7279,2997,6463,7923,7355,5807,1151,6612,3612,685,2898
8214,1781,2100,251,8102,2320,7055,1694,752,2923,8319,8418,5346,5253,8502,8544,4979,8626,1586,8725,5401,7286,8853,7138,5646,4387,8952,6551,948,3126,1222,9048,5347,6481,9148,7493,4758,5371,615,6387,7725,9250,5403,1167,6442,2721,2889,4855,4911,2731,2558,7963,5947,6046,6183,2272,9431,978,6483,5374,966,897,998,1093,7646,6236,1931,9584,6856,1103,3635,5331,2918,4311,6311,1987,9685,2973,2781,2839,213,106,2683,9767,7322,5980,3730,7523,2952,9843,2684,2365,9937,9990,579,4271,6413,4156,947,4513
2911,1240,1418,2947,7486,1635,3258,400,283,7391,8320,8419,3228,5082,8503,7809,6781,8627,5772,8726,6261,8760,8854,7328,6473,5155,8953,5651,604,91,1641,9049,6519,6187,9149,5381,2299,4404,2236,4189,3003,9251,4303,1041,6904,2073,3129,1983,3538,1785,4932,8083,4740,6665,4779,2563,9432,2464,5189,4108,5898,3551,994,543,9487,7198,4132,9585,2434,6469,2031,7243,2798,1690,1844,3345,9686,3684,7134,3766,826,1044,1913,9768,7649,5313,3679,6449,4216,8038,423,1427,9938,9991,3073,7257,5680,917,3460,3357
8215,1472,1775,481,7463,2651,6527,327,336,6477,8321,8420,2522,1550,8504,8545,6609,8628,4804,8727,5234,8761,8855,6001,2227,4470,8954,4736,1951,3511,5194,9050,4391,5485,9150,5320,1912,6089,99,5378,4338,8126,278,4073,4842,108,4097,4136,3932,1217,2836,8030,5321,2413,3603,4993,9433,2051,4885,2660,5323,3361,1994,1303,9488,5598,2539,9586,6813,6166,7623,6763,5706,6136,1426,2705,9687,5022,5906,6778,2165,836,941,9769,7941,3023,1077,2229,3043,9844,1090,2666,8092,7847,4593,7126,5025,3031,2392,3451
8216,4638,2528,1211,8224,6121,7375,643,4218,7618,8322,8421,3582,6627,8505,8546,6063,8629,1935,8728,3195,7567,8856,7395,7810,7666,8955,5534,3054,4666,7173,9051,5666,5369,9151,7773,2497,3878,611,7363,3011,9252,1571,1957,7220,959,156,5738,6866,5415,3299,9337,7461,7571,1636,3586,9434,1319,5977,5250,2113,4762,1104,100,9489,397,114,9587,4554,7335,513,7626,2542,6857,1579,23,9688,1449,2414,4409,715,244,6274,7908,6725,5443,6202,3537,6341,9845,6659,6732,9939,9992,1354,1464,7485,7717,4629,4492
8217,4570,686,237,6132,6171,5644,58,3655,6945,8323,8422,6260,927,8506,7444,3628,8630,2793,8729,5436,8048,8857,6353,6877,5560,8956,6517,912,3234,6518,9052,7154,5992,9152,3926,6522,6702,4507,6277,5941,9253,6846,2363,7304,988,298,6006,2830,854,3020,9338,6913,3040,1791,3312,9435,3406,6689,6199,2390,2487,95,1825,9490,2084,1332,9588,6912,2579,329,6959,3033,3854,5375,654,9689,766,2147,7178,2247,1946,4602,9770,7739,6258,227,6340,5885,9846,829,6775,9940,9993,1778,3431,4206,6433,5210,5002
8218,1940,1456,870,7365,3379,5233,3105,600,4334,8324,8423,3069,1161,8507,8547,5117,8047,3811,8730,5135,7045,8858,1537,5511,4613,8957,3215,1681,2919,1680,9053,5283,2593,9153,1563,3550,7376,4908,3545,7483,9254,7710,690,4330,5451,952,1773,4467,2298,732,9339,5528,3130,1022,6200,9436,166,6401,5433,1589,669,894,1266,7860,2920,1291,9589,7316,5862,6256,2238,6120,4872,4896,1312,9690,6749,4155,5413,394,3154,3333,9771,3002,4728,1689,7244,4927,9847,6175,4447,9941,8148,4659,4714,1643,6128,3139,1928
8219,2686,2151,503,8225,1236,5206,2538,1592,7925,8325,8424,5023,3651,8508,8548,5917,8631,4333,8731,5270,8078,8859,4219,2386,5207,8958,6650,4188,7324,4022,9054,2831,5509,9154,4210,3391,3008,175,7716,3374,7961,132,4290,4353,87,5280,7018,7379,212,6388,7811,7041,767,7299,2473,9437,4723,6806,1891,6881,3290,2808,2990,9491,7277,1799,9590,6403,5111,7856,5687,4362,4764,1860,287,9691,5764,2674,6075,4243,18,662,9772,7522,4395,444,1977,6068,7900,2998,3518,7399,6438,642,5152,6102,3442,3256,3778
8220,3606,4293,173,8226,1800,6568,2994,2945,7384,8326,8425,4709,2623,8509,8549,6079,8632,4843,8732,3925,7439,8860,2899,6065,2459,8959,5974,1501,4823,4781,9055,3643,5192,9155,6885,3953,3016,295,4517,4443,8127,169,3314,5596,142,4514,2477,7349,907,4400,7947,7226,2850,4947,2291,9438,1059,6980,2536,3113,942,492,2015,7334,6189,1657,9591,6297,2964,5599,3168,5239,5889,1858,1024,9692,5558,3012,5580,3288,33,2516,9773,7528,3366,1179,1918,6041,7369,3369,4258,7825,7801,1491,3625,6535,4958,2877,3158
8221,2462,4496,305,8227,5855,2078,4080,3452,7742,8327,8426,5164,1106,8063,8550,6217,8633,6644,8733,5496,7583,8861,4777,6331,4295,8960,5237,1414,5174,5531,9056,6490,6575,9156,4471,6540,6036,243,5820,6058,9255,214,2345,7396,103,3341,5986,6281,404,1553,7779,6768,2382,5446,2267,9439,1970,4892,3152,5379,1504,1622,794,9492,7254,895,9592,4256,6116,7272,4866,4981,2691,1955,306,9693,2698,3728,3309,4170,39,1545,9774,7507,5844,874,1265,6673,7938,4012,3785,7969,6966,2367,2668,6655,5847,2158,2702
