19.279301991805	-19.1199072247274
20.7051589015655	-20.5125346613347
16.0972811110362	-16.0545374357651
23.2728799161726	-23.1800030134349
7.95526139820695	-7.91715078308165
10.6153009091236	-10.6044090304369
0.252551970716642	-0.250366860987509
10.8398142705755	-10.8636373353966
0.444333997330157	-0.440091173817486
19.7505750048696	-19.7669443054685
8.8609917009908	-8.9607265478408
6.62658900236826	-6.64172100214149
23.957293833777	-23.8620043698481
15.7516303565545	-15.6437000540434
1.68585821983869	-1.66185072594278
1.74527058337269	-1.78163000595931
18.5092296571348	-18.3983692696621
20.1371504040948	-20.019422409868
17.6179449009272	-17.4469575397087
18.2298397715503	-18.0432018372873
4.60202032505642	-4.60619867063996
20.1305902396617	-20.0021454559179
3.36738854903379	-3.41373451075996
18.9288020536252	-18.8010291286908
16.6939815017437	-16.5340446367074
21.722570517327	-21.5336292017781
22.9346933959571	-22.8408637184965
6.13704590787989	-6.16356855970847
19.6274262043102	-19.4670855973563
8.95091749380737	-9.02320619590296
17.4910891807798	-17.2499753924578
1.91861552030023	-1.97231315830101
22.2932645027111	-22.2095509793382
7.81025560487867	-7.72383891124485
13.4440871505596	-13.3753180162357
17.7459908229058	-17.636942200303
5.53054504803099	-5.56162015543273
21.0669887108465	-20.9492689218613
22.637606843486	-22.545862643512
17.3050337449662	-17.1382188253537
17.1070797353695	-16.9978396974312
0.930956840301462	-0.922563382700053
2.6882301545189	-2.68179777043569
20.5553423973442	-20.3876427035489
20.7398376198978	-20.5912443652857
22.7017949869838	-22.5928617229729
23.251909462239	-23.1396744931346
4.96591271394493	-4.98981747869716
7.30936075128572	-7.45913205085146
8.34668613481087	-8.49332369201887
21.7669831807987	-21.6487467519391
23.5634901370759	-23.4520002599621
23.6559380867183	-23.5546264625446
12.9887523995966	-13.1608740515307
23.4875228460034	-23.3798552468444
22.8649725189331	-22.7190135480141
5.08060021321881	-5.04649087074355
6.97033977654189	-6.92683108447289
11.1126454451882	-10.8850331001422
17.985647027603	-17.8159361268407
12.9161636202154	-12.8572448154805
11.4125865649682	-11.3180253363614
0.909511538370478	-0.913194834766333
5.34623499103213	-5.35385956404358
13.9753310661087	-13.90365306128
23.7845927172819	-23.6560470966051
4.40580111720131	-4.3714939041727
1.51170096328964	-1.54341541162377
18.8876876782597	-18.7743978022751
18.274133058149	-18.03410545269
17.9196770358269	-17.7464515922764
4.90760707415958	-4.94653765749712
22.1661328681879	-22.0401110318019
4.36996751051094	-4.37678095558082
0.922573891864608	-0.906878486977722
13.9219202493442	-13.8560321482674
7.04303916060784	-7.06913940328237
22.8758816191347	-22.794233531958
19.4706902296754	-19.3071331924251
20.5332699452973	-20.4107669095178
3.54891504060007	-3.61606815034286
13.4989444761005	-13.612454753096
14.6664825076568	-14.5689158651862
7.59174851627521	-7.65628373688265
20.5686642215401	-20.4650176420792
21.8271330564831	-21.8290160984081
19.5440764823097	-19.4047181075933
19.6739786102792	-19.5268166815145
23.6480381316606	-23.560649835635
0.586220929679785	-0.579009783661401
1.42269909578733	-1.41607807043432
1.26696648529847	-1.2458756652767
18.8380727183295	-18.7580209672835
4.43571783658221	-4.41143453814582
6.35088234717308	-6.03693509428335
16.3061587818441	-16.1544749743371
23.6987918925132	-23.5916640258123
4.33102492483029	-4.43484279503548
5.6166784065969	-5.75920531083629
0.21239968228491	-0.205706429119653
