0.358073572013453	-0.340864649719325
0.131676362286768	-0.110069622876307
1.37368602345442	-1.13731816150706
0.38576583167831	-0.314567712326972
1.8505201075796	-1.39948061208785
0.0860410521993096	-0.0665358377745935
1.92473130297444	-1.40306821890748
1.94133880266152	-1.42020055060749
0.0599355759501072	-0.0490873044335225
1.87375668802518	-1.37045943651733
0.124005178099843	-0.100698910245656
1.65295162493466	-1.21592468647882
1.90793991911956	-1.40191577390702
1.7863700113195	-1.27394484148581
0.394205409120377	-0.374963989644294
1.89542948733492	-1.33059277544238
1.89832299741335	-1.50050976126732
1.95047986649583	-1.42389585829108
0.0655883252712869	-0.0563751489141027
1.7602647022942	-1.36498160899975
1.72690398217767	-1.24676546640375
0.202855586551908	-0.141266869161376
1.84859037139689	-1.36610350259345
1.9440584825167	-1.42172793011806
0.123911685878813	-0.0993615101853829
0.0296179876865386	-0.0258544974690977
1.23684611635235	-0.847720624987623
1.96954258026728	-1.44263414279326
0.0984557641180047	-0.0862216554479365
0.19001009642032	-0.143212449347016
1.89490066892196	-1.37743469906233
1.76096772072837	-1.4204186471622
0.275244195922769	-0.200116089072032
1.93111146656328	-1.38717461904214
1.90533194204353	-1.38583580778678
0.208236846074337	-0.163334386162475
0.075529129093803	-0.043113611815226
1.76442225260631	-1.30979277314359
1.77802328686045	-1.32213777634153
1.89040919790189	-1.34899594665181
1.69460343075314	-1.29382465924109
1.89807334211645	-1.38163513728676
1.80425001127108	-1.34742741423486
1.2039388427457	-0.87811302917911
1.93717241696836	-1.42093481745955
1.84347120166254	-1.30936992611864
1.71438140133766	-1.27377164792007
1.75303908925237	-1.27536429804154
1.93506943723741	-1.42288738553648
1.8124066485168	-1.32883629981883
0.233497402523454	-0.128435316674377
0.0979050886324466	-0.0726080495756523
1.92134465376638	-1.38987699296499
1.90936102200355	-1.36912541408405
0.407607053948323	-0.238215329345951
0.823423114253434	-0.710985407959579
0.771247233586362	-0.507049733434385
1.19192921663961	-0.990341735794211
1.34484428951508	-1.18930254522025
0.48708486608783	-0.355443552593928
0.330186681332598	-0.241497893293485
1.13886059182649	-0.768174278000537
1.2765515658189	-0.937967484835507
1.50454470081659	-1.08139758903372
0.970443842410556	-0.755082096187035
0.922189891056392	-0.747107035024915
0.250866790988594	-0.21011785034307
0.794327227771857	-0.575299135678878
1.90143896282576	-1.36628099915192
1.29025409547237	-0.837506209863307
0.0456338101889265	-0.0305611170351397
0.0889146832083192	-0.0633377499346479
0.0754870250057245	-0.0604730329667606
1.91978750655818	-1.37900126927638
1.919366093959	-1.39492289370822
1.90324495492373	-1.35461631369853
0.346544146301261	-0.203761537079725
0.120091223594847	-0.0861746885021126
1.84961195369866	-1.3480551732787
1.93962441294234	-1.39003199253028
0.0245663600776803	-0.0190429738995638
0.15904114117994	-0.128682516904764
1.7089155349618	-1.23414062548628
0.0937225892498659	-0.0728316527016807
1.82296961584735	-1.31860264530175
1.75932477581913	-1.44580711977315
1.70082790181244	-1.19155897501887
1.73573206215726	-1.37253588380365
1.59617355857998	-1.27174790762358
0.00520590676824502	-0.00282151275187445
0.232266839844619	-0.164725742193602
1.57666921903702	-1.20565738946801
1.89944867459793	-1.37177220791033
0.641662049114437	-0.502410618835208
1.90208711193542	-1.36435930644734
1.9151344453389	-1.37618641316569
0.140380260646751	-0.0930563628242025
1.80209078546847	-1.26965325593957
1.86019668500083	-1.35304488520965
0.228903343964489	-0.184182348832594
