-11.7063341967097	11.9790555653208
-12.5712789793331	12.8391858997216
-8.34635269703725	8.55060431886901
-13.1287790698323	13.4466113945577
-5.18895495210582	5.23761477229958
-6.89404179425876	6.95629688384191
-0.237601472158281	0.238835111778156
-6.29033009529895	6.39795180905013
-0.255130463581577	0.25701252495782
-10.4130421421985	10.6925231723907
-1.76381448945634	1.75967930769448
-5.66789815790153	5.68874801619131
-13.2370823532374	13.5939317619837
-4.61828923921378	4.87408515006913
-0.508234741750136	0.538180018317118
-3.05295941396251	2.98740328705224
-8.09713848846701	8.40674750584944
-11.2716626497136	11.5743335881883
-8.74767891671784	9.11384745200532
-12.5351948010927	12.8013437603161
-2.7628400322018	2.80298245138578
-11.7946966240944	12.1161477547396
-1.24859554929214	1.25823003459568
-10.8724682872733	11.1547812681031
-9.83962276678544	10.184932147746
-13.1820351458286	13.5132614029397
-8.67760988973221	9.00553309756755
-2.1382206156541	2.22101445780778
-10.9322876546006	11.2296248098926
-3.84506926814812	3.82847732559323
-11.4638492878193	11.7933397185269
-1.39161401320285	1.36663640767956
-12.7748430027476	13.0585084369786
-5.51196029600132	5.55941602120551
-6.72500385622417	6.99443681190541
-9.77582024195376	10.0153482515622
-2.71751145346642	2.80374604314782
-12.5597200418844	12.8775798343032
-12.4604413258344	12.7758394140405
-12.0110171498785	12.4078835676143
-8.35266617296762	8.58636803288541
-0.707381411475444	0.721521238764098
-1.579369273375	1.61146956110712
-13.0812363736306	13.3714893597339
-10.8929862377075	11.1821881331188
-11.0691433752444	11.3935095020155
-12.4947737236714	12.8544605068713
-1.83923867559903	1.8466035569232
-1.73301133139414	1.73872329941533
-3.83034179007057	3.83856066484401
-12.4094280458295	12.6807967909699
-13.1370029297356	13.488150048043
-13.4574294104535	13.7609731329849
-2.76995434072375	2.80568538459396
-13.1679614677214	13.4671712579069
-12.5359069103625	12.858352221885
-3.58850179681183	3.66110443976551
-3.27680322821739	3.39839448904584
-6.67508028282901	7.01989894957375
-10.5445050813742	10.8668229745394
-6.8567348901557	7.04332196543861
-6.46135242704229	6.6499414560484
-0.337337713514432	0.347479470460123
-3.16559090350081	3.21049748972016
-6.10055580945396	6.27102222178889
-12.9215905298016	13.2627959991556
-2.45419860812936	2.51191203024878
-0.395546386620866	0.405377709193477
-11.2920774751903	11.5301427981661
-9.56162564653595	9.90736775453613
-9.63141707508462	9.94761749721756
-1.38766705257347	1.38422596026962
-12.6500438186882	12.9904388136295
-3.28649357518745	3.29778384143426
-0.760466648988618	0.776856490412086
-9.2534886182892	9.44572224649231
-2.47383594217238	2.47958574885063
-12.1928645831064	12.4799954475781
-11.2488237305542	11.5128131866636
-9.24065968625395	9.51415160259712
-0.769668729021461	0.757433405229974
-6.98737366160493	6.96430671976601
-9.355844376522	9.57141297090745
-2.66860236900694	2.65361919483077
-10.5028383807256	10.8279304130494
-11.2112265034478	11.4701249043143
-11.7141810771544	12.0490725718845
-11.9902965999093	12.3344822024653
-12.7366526895199	13.0921237173151
-0.39451046757054	0.409063353315935
-1.18960845783953	1.20507321487516
-2.10189414201985	2.11783098783706
-10.4854519143847	10.753034072393
-1.72018433833508	1.80913571380917
-6.62252453575657	6.94513896646211
-10.078933033572	10.3349583280916
-10.5706352248064	10.889902594813
-2.68204633732931	2.63363591250751
-2.12216915669264	2.0750557399763
-0.189600319414151	0.191283843711186
