-4.02456786213425	4.20410246137766
-1.16775128703262	1.23893180545234
-0.779458686482473	0.820227391953674
-1.3172594938919	1.31534542695858
-3.34296093116095	3.54202532389277
-5.37056419610066	5.6971629827839
-2.9953580777724	3.23457137114356
-0.913495523100641	0.924650671276872
-3.97515524370962	4.15882363276466
-1.97527614230161	2.10748638829031
-3.98412214873677	4.26562916312856
-5.64052947662107	6.02616840625492
-3.28522033377716	3.46246140217288
-1.65317837640731	1.70037701098543
-3.98518611620625	4.29500820537169
-6.26870065289429	6.74767147174018
-1.47552778637423	1.5295646008913
-5.57247269806942	6.04723958120614
-4.83283437397039	5.02101869989391
-6.07394434517939	6.55575931895117
-2.45782742325248	2.46347005092089
-4.07889276921592	4.31953958892363
-2.79733095123441	2.8848050506136
-4.5777924426765	4.78689934322938
-2.91463904575262	3.08672373894074
-1.82107948619457	1.90793590685588
-4.09332741523438	4.25318235686338
-1.77986408608996	1.95319813238779
-3.64781770401762	3.86590074154577
-4.80717559419586	5.10515097524418
-2.77757861051494	2.94982420633585
-5.60796434565427	6.08256120880059
-4.86200765580383	5.14127447846191
-5.93430403479024	6.31765133172595
-5.89649379229716	6.31153329062507
-2.80526942943914	2.91438680960217
-4.58120472190223	4.87450715782327
-5.71742419417072	6.11365539683199
-3.39222571482183	3.65569367544844
-3.72125925524565	3.99260316218523
-2.76113435916919	2.91688920090404
-4.66449766941951	5.06371561988322
-4.19627680203144	4.49254234840867
-4.86883348304581	5.27826153717376
-4.95402937523523	5.28770414910775
-2.3834862319006	2.4075789530043
-3.63079739142293	3.8800614658076
-1.24832295405704	1.27934061572181
-5.76104159486685	6.18696959066778
-3.220139671857	3.39076611872864
-5.98393042412807	6.45375554861183
-2.78839983950718	2.94700810899909
-2.0050573130261	2.03978082557351
-3.34571772758048	3.61632475462142
-2.86467094311472	3.02905234095144
-3.48074171280075	3.59991632172993
-3.49998527201292	3.63972046128297
-0.683754051950252	0.687152185481088
-1.73615882223781	1.92401749997463
-2.2016119105271	2.27743507449105
-3.28403800654973	3.46081285339952
-4.53213539296201	4.84217534891888
-4.53597155016855	4.92591797314785
-4.87663957058843	5.2067563073688
-1.72642492126515	1.82568323227456
-5.51768740683671	5.92336336937284
-3.33909710861341	3.57679216018071
-3.27867519993543	3.64659796677882
-3.69805772066073	3.92127707560199
-2.74182430147453	2.95583393342047
-3.18905491283974	3.33409532173458
-3.05812529435376	3.20996007195847
-5.32531292142382	5.70164712092657
-0.886441355344621	0.927883824559061
-2.3268938164219	2.43973900468922
-6.17389371460276	6.5134335795224
-0.589573000290735	0.61757868680256
-2.81821703508409	3.06844396725408
-2.27136550533881	2.46242418835151
-5.94137025413928	6.31523145877875
-2.12351628494379	2.25999572402511
-3.5905896405008	3.84202451595969
-0.968129815555325	0.981205273457531
-1.81872371491484	2.05624117631341
-6.05866908847013	6.49316497341848
-6.27997179792049	6.69969644274116
-3.1024229777468	3.27400333486137
-2.3879873439332	2.57361018848432
-4.40970535978801	4.67558710390914
-1.18279299959913	1.24161828911769
-6.67098931981727	7.09436635780417
-5.46389445054394	5.87785641890288
-5.90220437004637	6.34185950088353
-6.56633147565549	7.03498623293601
-4.16195904638472	4.42386856103194
-6.42046116168403	6.86454894314422
-6.4579057003322	6.86816055626861
-0.986679492550034	1.06360455177251
-5.34063348797658	5.85295547306264
-6.27427080202393	6.71750821256208
