-11.2186021099917	11.219009796058
-15.1305888881772	15.18364812007
-29.3400891057578	29.4779344570678
-20.9540149229398	21.0031632233707
-33.9944650779879	34.1531089770305
-1.77049380851417	1.78304015705538
-25.9419542104423	26.291555551148
-21.1578634092603	21.2647998671812
-3.77880320867078	3.78401917894902
-22.2801708211433	22.4024487615671
-1.03740969065874	1.0400166805979
-14.4757025707601	14.5835371546037
-1.18911030170997	1.20567326165717
-1.03515683457945	1.04431723407503
-0.636214448717966	0.636404350644041
-10.1527130436936	10.2394905485748
-20.3062452775489	20.4297161289485
-26.9732515060843	27.1984760028606
-3.14816037178115	3.16135846333995
-0.326535832089801	0.328171793696649
-15.6802631190296	15.5811776425678
-18.0813360369664	18.0527332709184
-8.8265521069076	8.83568017569973
-10.8882770935372	10.863618289034
-6.31641453399332	6.32809039399734
-34.1394866705041	34.3416489332374
-26.7712113713551	26.9286460502625
-17.074643155329	17.1406402609979
-11.9342648596875	11.9868045985684
-25.2110809182745	25.3545216621756
-10.8219523086484	10.9076425213461
-0.923122893705421	0.926877566033188
-8.92524230168999	8.98106989251533
-5.830814808759	5.8565237650131
-33.4308159059267	33.6629111290269
-30.6474994338715	30.8014254459178
-29.6766439340978	29.9361647359996
-4.49680360609927	4.51039898305295
-9.236896400009	9.27769612953545
-32.314041535297	32.5054497194683
-8.30920137531731	8.32770025829877
-28.5076425213774	28.7251709381468
-30.8193442028084	31.0047460267476
-24.361450757195	24.5600196477866
-32.759928516768	32.9488112439016
-24.7753359869505	24.9433036268963
-28.6456789833868	28.886868019918
-25.5796519050889	25.8140993723963
-18.4069953398405	18.5467516886938
-13.0886228443163	13.1177912138667
-25.9960005493305	26.2407570400947
-29.9800855259771	30.2374521909692
-15.4438824354812	15.6717735174179
-11.1271411725583	11.1920943117043
-31.4859271268853	31.6274664647738
-23.3874522573771	23.4216044472756
-21.8829898779585	21.8850223068885
-17.2466921539493	17.2707701417287
-4.84551193373842	4.87627212311133
-10.0677560851874	10.1912026092941
-3.44228490072367	3.4531923265722
-13.7503798808832	13.8227671048081
-33.0970469954499	33.3041609252464
-22.1448570085551	22.353046044634
-21.7909023168911	21.948812347723
-19.772392926861	19.812469983567
-18.6097742118026	18.7060712150101
-23.1111210498304	23.2244310206414
-26.6476454037802	26.7895615826474
-0.799235988615836	0.80499292697645
-9.03946592203857	9.06286357898923
-2.45932287923043	2.43367476244316
-2.90094773735392	2.90236589815617
-6.69013394982751	6.65089642864465
-22.1494670917925	22.2401396497332
-31.2285055891326	31.4755332088873
-6.00217357623049	5.98234658938645
-4.76440485082728	4.80257378060677
-7.47275517237237	7.51446663996407
-1.35936998610889	1.36385974982215
-21.2941743975888	21.4587593104515
-7.39588344468029	7.41600332492062
-30.2481825205029	30.4334881979968
-13.3638699704324	13.4083367520301
-28.9956111980578	29.2006761060063
-10.3037432212755	10.3679195590654
-6.12993804077688	6.16097087942646
-10.2841759340165	10.3067591088358
-9.86030776872547	9.82994519681272
-29.5759833680325	29.777476912974
-28.6367245409454	28.8298764750436
-21.0658288607272	21.2487263740894
-28.802461594335	28.993204072445
-20.5559429818639	20.7293580476447
-23.4530710724078	23.6467133901576
-25.0382077107987	25.1914891197249
-15.8006621379335	15.8471802351825
-29.5248000134915	29.678491610737
-25.8455642215131	26.0696319407127
-33.9098104380109	34.1086099107655
