0.0909052108044183	0.0615555482978402
0.130517946678056	0.247289393232403
0.27826293364902	0.360379766303172
0.204803054360216	0.240153328687915
0.333435851867118	0.273260384731876
0.0331662198035889	0.0340051642461185
0.334818905687732	0.322902064369098
0.22821979069018	0.254243960848414
0.0124242690543083	0.096233936936953
0.230365552600486	0.104625183641319
0.0198160328078841	0.0391683668522201
0.198541236557937	0.0622932751945509
0.0309052419889949	0.0247777429105164
0.0203069416049802	0.080642056033145
0.0203074972133518	0.045406714359063
0.0668916666656175	0.177298660908811
0.203789040164958	0.339776333032449
0.271004295245056	0.37713353143723
0.0394236869249922	0.00955706348214699
0.00754911584666161	0.011712140612771
0.0403465526547162	0.310156648890662
0.0953062868100481	0.184253960565921
0.0925019974072842	0.0435802249403529
0.105517045768547	0.0684699995891805
0.0775875640611628	0.030021788136891
0.343485816403375	0.379029155344738
0.247375287647414	0.321370397088112
0.19925599104736	0.220931773527956
0.111955392428007	0.121135403583074
0.247322556545747	0.339718007517592
0.0944972748433728	0.130745914450604
0.0108904109936575	0.00714702032104077
0.11106452707931	0.103666714848522
0.062894644197277	0.0651132403072231
0.341630709692718	0.421841968312734
0.341680834387624	0.273923663675145
0.321899240221511	0.342367274061878
0.0618893193331698	0.0637723944061316
0.0409116604110086	0.125754471068038
0.343523925851063	0.398194362954977
0.0293938233292307	0.184655859205198
0.352048825196547	0.347330077105225
0.343943934093491	0.278902567441021
0.25619308147946	0.310623222867602
0.324855627451521	0.394713450780633
0.341479438268472	0.295251199239344
0.31325740673524	0.370976038417728
0.297375147516577	0.393358731719318
0.225784056776361	0.242902505784725
0.0899312289604872	0.187675064760113
0.32886237639821	0.238896231334695
0.337376176218501	0.396265590363355
0.216783393834581	0.337492896316804
0.126425132855815	0.157550878514819
0.270671973109264	0.359276460978716
0.185053400731707	0.191304178949341
0.148521601979337	0.183424074126618
0.127431950351266	0.230610166188823
0.052052597079253	0.0763868654172557
0.138966347023744	0.182347375690002
0.0144814564426288	0.0326652371077749
0.157714039864934	0.175622187411377
0.337985695441113	0.38994219003107
0.227444019823979	0.273510986410384
0.258257285200372	0.329935273970489
0.188829609514667	0.156318783826506
0.190970306144516	0.181351829322591
0.240235077676782	0.242237797060902
0.233201741681789	0.366015506282668
0.0118717368677579	0.00122703309840332
0.109942010402687	0.085194337455961
0.0259851152222625	0.0150929569262821
0.0309356032612113	0.00522553368877005
0.0689124449041071	0.044355460244653
0.215869978849428	0.255385371258368
0.319020092063779	0.271401867931727
0.034756707299298	0.225095347078103
0.0541509229117422	0.0383689155692676
0.0867155764502199	0.0920556962496656
0.0152087380545934	0.00203123695988804
0.200352165244864	0.287945033210545
0.0644252042581324	0.0359768611528561
0.337173214574814	0.189364643174827
0.102021266936214	0.232617725999592
0.295959096265324	0.285116654060782
0.0942713813507934	0.0652788661768128
0.0878494782997159	0.103983646830788
0.0526834220167001	0.144455902856325
0.0389665895214736	0.117550029377305
0.347549759489139	0.345005116688662
0.341900089175669	0.260798099605292
0.226142264605017	0.272347921204352
0.337910921568184	0.266052996616913
0.216375999439352	0.25455679838287
0.241350195362762	0.331628135387349
0.334526809941054	0.239896120536219
0.148764615196943	0.145359256961735
0.347399338029799	0.320049725616226
0.302136500723191	0.364189899053114
0.344366080653449	0.379745923556742
