3.63316485165352	-3.59522819374489
1.00340289835321	-1.0085050161499
7.25996863673261	-7.10622931322495
3.67040367990785	-3.58572661589101
2.77426697586601	-2.81034507785316
5.44837210830246	-5.4004207165725
1.06923244497854	-1.03454205199264
3.35200613526753	-3.33738983933715
3.43886169814585	-3.41462822482998
5.45222226001969	-5.3342595420506
5.02652972514892	-4.86234403955609
5.08003552035311	-4.96939403565999
4.87670496984296	-4.79190768807788
4.4192319139898	-4.3677446476362
3.80109292389155	-3.69906741642481
1.16585916060859	-1.2225002734598
5.40221927383584	-5.28591631727571
4.22013228386168	-4.12305593783386
5.40398363148878	-5.28371790313639
2.54915351290444	-2.48033957200572
6.43058785724019	-6.31608578173026
6.46683145161029	-6.35893828340423
7.04695924080365	-6.92986600831271
4.12932788208753	-4.0282417917637
4.07473420991233	-4.00968084746307
4.78350679017445	-4.72921066583603
3.93051788235513	-3.86692067140023
7.42539656962245	-7.29917916599182
6.61318965168567	-6.48338038625479
4.31038951102142	-4.2625016275335
2.0289271647295	-1.86724128311747
0.448036102045493	-0.455632434208787
2.29666025182444	-2.35445286974402
1.79875476112799	-1.83506215108543
0.105350147991456	-0.110867607894126
2.44284201097677	-2.18422265669871
3.32567227265366	-3.42813996672995
2.45580809320847	-2.46775680200352
5.66870364261752	-5.48558123808014
4.72215102528425	-4.70501750359728
7.13462191983948	-6.97474656156015
6.70424340777271	-6.59658009816371
2.96944692471425	-2.89361216551359
0.701359426346893	-0.70071521201185
4.53105634178746	-4.44147632370206
5.28939859781314	-5.08522495667701
7.08707014574957	-6.96846903265782
1.07992674006969	-1.11786659136333
2.81697843424729	-2.73502204540532
4.93821697356375	-4.9601930523752
5.6570355623422	-5.47412088751798
4.56569996350549	-4.47128261472419
5.53918936225914	-5.42010087025131
6.81547507539037	-6.7223555307185
1.58766293340998	-1.67497842780111
5.26356255198489	-5.07378683199977
4.83490135843372	-4.64109143316119
6.67570092018435	-6.58634304107186
3.81970589972691	-3.76562450241671
1.59625442367402	-1.5519491357032
0.68306386378306	-0.685774383595871
1.82239970561613	-1.73586630669514
7.18965465686568	-7.05197029689194
1.10198108118538	-1.10685816511506
6.67622691388815	-6.53979940898898
6.39648674822242	-6.32841467845714
7.20295831113792	-7.05519686221897
5.60125556875594	-5.37524886648314
6.22772843344912	-6.10064996610076
7.43299933114223	-7.33016392362522
0.418427499817555	-0.40379262879166
1.37433934538446	-1.3384477343715
6.79054596960934	-6.70279240178571
6.28101092382685	-6.15013209181023
1.93650787728705	-1.86993379374103
6.97955447917944	-6.80839932323989
7.12974121740078	-7.00994341419214
0.207160047653516	-0.211684972698514
6.68304546365839	-6.59390601944112
2.37591130807399	-2.34921098446988
7.13790034556686	-7.00249418486743
0.152089564464598	-0.153345430015412
4.22868605640861	-4.17914862471168
7.21020237957041	-7.08856477053559
0.792682093588931	-0.792258871232803
2.18249813382102	-2.17598768002926
3.96650215501141	-3.94040174164762
3.01200415829868	-2.9602936156514
6.17023006272771	-6.04938916007671
1.9111037050976	-1.98746365379879
4.76076054893253	-4.44049768757486
5.45204718381324	-5.34753369706156
0.701915906739928	-0.703302650463447
0.305341074249357	-0.3047561970693
2.11227103839102	-2.11777054793093
5.83668661299547	-5.74004970760802
6.68223814682942	-6.56502065517594
2.4017711755144	-2.38433535474001
6.52014631220453	-6.37414005404797
2.15027934766596	-2.1098483678864
