0.0133388508423805	0.0339355201900202
0.0133486671023399	0.101889163462479
0.101085999750339	0.419260556179082
0.0404883397146757	0.17447327182709
0.15856110217968	0.675024036779375
0.0577337904098244	0.211621757965065
0.144923869423319	0.65200196433439
0.026424638765781	0.123239001589288
0.00628494948119295	0.0939928827185525
0.106269614414272	0.417747182042378
0.00053071805568519	0.00261986959116053
0.0326716671441768	0.139949544031947
0.0464001105080849	0.157329440153958
0.0456330562476116	0.260121166921673
0.0518527660153878	0.230368768205601
0.125718927259029	0.483387560344264
0.142179343653072	0.549516964015248
0.151456488925499	0.637934862314506
0.0744176794087627	0.35239134677692
0.0383530589536271	0.154663983791508
0.013980968483698	0.204466668302425
0.0238335725113587	0.155969286024275
0.0380732193093624	0.113915995103304
0.014425653141138	0.0905998917881831
0.07578170837809	0.273888001413965
0.155574964270291	0.671610301361548
0.129843088268329	0.623187109926173
0.015261937608148	0.0730661798992339
0.121211992078712	0.503970272134836
0.160016609433684	0.724702286551493
0.0668276746354111	0.319002770280811
0.0703458257876616	0.288654498893563
0.0148071667772628	0.050512537599601
0.048042221938298	0.220176778835116
0.140867761637815	0.631918080317348
0.150778810230938	0.633611693119874
0.117171141398713	0.548189990750353
0.0114799726774431	0.0500189822611746
0.0406307033731748	0.148707170683079
0.15679098443896	0.71925042057595
0.0327239038297439	0.0897604382434562
0.154318160887071	0.664205892638494
0.150301233774386	0.636721865152205
0.0509486893800805	0.248305897018193
0.110067187083006	0.526648639384211
0.148686681620671	0.523945021564935
0.124603781860413	0.59697569917292
0.158800618028439	0.702072614926764
0.104769017758639	0.454615484375253
0.142823109736058	0.48864848546916
0.118293939220678	0.49830867781952
0.125356100742354	0.568104001405312
0.122434377278062	0.547657724368595
0.0924984115908493	0.448156907415774
0.0677973902248146	0.347478584885702
0.0031781364071256	0.00904279845341849
0.0303380621949553	0.160478184180019
0.0393019546949791	0.176217844322693
0.153810540240386	0.680215101649883
0.0742296737938227	0.361450463793333
0.09263975240464	0.364104639181354
0.0204997002936899	0.0694588075894441
0.0472601450371476	0.195577597433237
0.007065466755837	0.0206293640196235
0.0165050242048746	0.0408229884522758
0.133999220106501	0.620424510025249
0.130763637489271	0.638792699697018
0.0662750253616501	0.318325871232951
0.137957851115232	0.646070534125555
0.0164307476313087	0.0591484193178708
0.127753000589665	0.551380854010614
0.0658339210588773	0.223745812685016
0.0137382095997554	0.0371552587349292
0.0375733185482025	0.122285458412628
0.040589781430264	0.162903033066834
0.109033069367185	0.502455019851443
0.0238884795196158	0.0764474506839175
0.120438206152518	0.52920608026153
0.00643858776011572	0.0237535536964256
0.119800679875889	0.594151499136062
0.0677166456366339	0.380610349503155
0.0201601749343244	0.0779351363233926
0.157926633878727	0.700055527338048
0.0931261825364011	0.442355773006159
0.136698973821452	0.661977733556382
0.0527604098275114	0.186481919914782
0.0659429508926075	0.269966395095932
0.129432378655692	0.600779816786694
0.0144092253928875	0.16433650797011
0.158699481399431	0.654754412231765
0.154729640048742	0.596889538518242
0.109136164234949	0.517629962741307
0.151849973075458	0.573921377212583
0.118933917692947	0.554671276450764
0.0291565165001832	0.209071971027424
0.148957498255193	0.542055854539266
0.0457618745288047	0.186378895117139
0.154689688233928	0.662816257336626
0.154373046505375	0.73185258795803
0.149694871019208	0.543966808739235
