1.43308387605667	-0.987981979221475
0.129913459524959	-0.0821465772442809
0.899163330117372	-0.65312208507589
1.02152266488578	-0.617874900032734
0.579035491501381	-0.374170713942238
0.86776990170373	-0.554547275354844
0.986367591154001	-0.670105713798711
0.255062535362088	-0.165466501903545
1.0727674510558	-0.642585291953997
0.380417062122203	-0.234208344718647
1.26224349103774	-0.929315708428799
1.05602178760047	-0.702940192380087
0.996638493577987	-0.679326805868418
0.670680815838387	-0.462154314749215
1.34216456811472	-0.948118527933405
0.313247950306897	-0.209564854553321
0.728257411021245	-0.477678774871883
0.950434559811324	-0.641031644940682
0.537442122306385	-0.406868872526011
1.42711932740006	-0.971824128235819
0.319929398621802	-0.168832012222786
0.132823124569573	-0.0872913966207497
1.32357255695493	-0.875751920685543
0.817415038034423	-0.534833732735235
0.155560297105027	-0.10337458126513
0.125989420037517	-0.107183773807094
0.258971679355766	-0.210488027603945
1.34032524242268	-0.94487732759957
1.1063783340851	-0.772848181902117
1.20418041598823	-0.815137617941838
1.11710421180137	-0.823923083653028
1.29924116909135	-0.908935027227312
0.263395909478827	-0.229533259181814
1.29844389932134	-0.888001138201404
1.0817270284778	-0.748916320538934
0.625689913556707	-0.396859776184664
1.04823328000602	-0.734238696288248
1.03326458922253	-0.705643247663304
0.975963607800669	-0.621030139192275
0.587680240700924	-0.426778610519657
0.151012888700297	-0.101687123300336
0.390318320128006	-0.242548904830274
0.660639635091838	-0.510585615699852
1.42608487732518	-0.967307838577704
1.42306589932458	-0.999047109205192
0.0389851435759172	-0.0319781902776108
0.323056949963506	-0.233119667647432
0.970658291844396	-0.671274442568506
0.811364489736146	-0.526677062054211
1.04140221881535	-0.728508942901631
0.488716013590776	-0.344707027839435
1.19462418534208	-0.785309474769097
0.202175262295363	-0.142632428338092
0.969999817367912	-0.576629358600532
1.15361497269045	-0.777441891387888
0.202604463849327	-0.148464062232641
0.851759285617317	-0.574565181146661
1.10666036228667	-0.718726355214129
1.33746709258967	-0.909810575022071
1.20172228908389	-0.819477498763448
1.13394695710888	-0.742299378738534
1.39063229213772	-0.922525295795607
0.808614366242722	-0.554750539888664
0.527394129133711	-0.359899127773507
0.594557489878567	-0.421814607745541
1.10557205140844	-0.755162497751194
0.656151656220441	-0.459155287863216
0.472750872529046	-0.331238016351513
1.39665313107982	-0.919718792094409
0.384637029281845	-0.28087765149792
0.396677900390346	-0.305687004545569
0.350597809044717	-0.281852798688118
0.324334130404696	-0.28264240153566
0.872377459669717	-0.629747870116658
0.935387016227133	-0.733685973564808
0.396911745797424	-0.298464398055203
0.249926094980022	-0.155959290064234
1.08064535765001	-0.857784714314748
0.734414359404846	-0.478016216000411
0.761231124719818	-0.679809424990549
0.703325624560077	-0.501430730241089
0.800230559869473	-0.620627694524751
1.08209464595856	-0.718903695712886
0.296162584078559	-0.204445165460352
0.538293514895473	-0.364024413488872
0.975495523475721	-0.616583935332109
0.491476571423841	-0.360746375902782
1.02238979265386	-0.661023890625238
0.643322948048023	-0.315226656859547
1.0333556912242	-0.647205077651741
0.910631913863017	-0.644185693285443
0.953620708170987	-0.686568230565044
1.02962058183333	-0.673480803452273
1.29572823967814	-0.924672241361415
1.3278496680525	-0.91601687676478
1.36827195700513	-0.95448898795886
0.671643603187497	-0.463975561431598
1.21999759192403	-0.829045406933619
1.174359011882	-0.822499347526428
1.36126079231959	-0.891157216833675
