0.191286102106311	-0.0319290578719968
0.489710413723897	0.0435863653878644
0.543001484931473	0.103145149891186
0.548121296878937	0.0874928806736811
0.0571204202056409	-0.00216509243000715
0.526001757539224	0.0795357940919697
0.355015863471274	0.0289166995178086
0.255476317866568	0.0553718468405729
0.407019927910408	0.0365384369375392
0.0649495778027436	0.0198597980061808
0.249412917656775	0.0680271270810285
0.021250508932544	-0.00430113362844186
0.539065532262656	0.149733399141885
0.397344475661957	0.064442116668694
0.0739172340473348	-0.019190285579637
0.141392302717278	-0.00389838315970086
0.510081025686245	0.156895735728695
0.273483796141312	-0.0114214524290505
0.547338367050733	0.111636620024777
0.324920139743089	0.0371963556166468
0.332748019618628	0.037051026797936
0.288192690448408	0.0694669612859003
0.217848013567673	0.030264054331352
0.380148386210601	0.0187238812914378
0.431787057394835	0.083457664672442
0.582408333419894	0.079454831124877
0.306290177008271	0.0498990894409045
0.356847346083688	0.0750573224304765
0.527201031684989	0.137191228872762
0.118912782646734	0.0440080974578736
0.533851418142378	0.0716032125148871
0.00942687471206169	0.00195417576327623
0.369999744848238	0.0804441915201315
0.6139518882042	0.118166660253988
0.0103227591849994	0.00188310223207074
0.529519315778817	0.0572289862117187
0.504468304034696	0.0521366906567783
0.0592465720130881	-0.00564555582189117
0.265248099202135	0.0252118638568244
0.473757292929447	0.0462353975886495
0.0516614154778961	0.0104623712564809
0.133289407099685	0.00208895446197405
0.415718303454203	0.101325942668778
0.451423518276564	0.0818361132251097
0.599692381642766	0.086340930298274
0.577659052824642	0.0663831050494715
0.538461131620708	0.128536379246603
0.539153517595489	0.0595176325887118
0.464420929162716	0.0727788690370833
0.565158590331662	0.0649793926613741
0.544153779257915	0.127391620951614
0.05000640151829	-0.00956596864506704
0.493345293847306	0.0840941813231796
0.56501404228798	0.0577133785520094
0.306020246403452	0.0699729863022803
0.508495801906096	0.134907859021172
0.103617490724713	-0.0111295325536778
0.526086815545009	0.102576891912916
0.417752970610254	0.0801167552335474
0.379595521485616	0.0753420105954871
0.546899573681652	0.107187130989553
0.172538918658043	-0.0268789818427458
0.514808563577693	0.0920863250099637
0.535849590730638	0.0821967796313821
0.232877953723987	-0.00535869522588711
0.60413753178189	0.0647038198836174
0.325703917106435	0.12575321771802
0.0559934527500933	-0.0156273699259741
0.427404174721296	0.0722827873275089
0.481845297858001	0.147680798194855
0.206444203537036	-0.0516159636906963
0.542077547639639	0.113238477373155
0.37618568565919	0.103383082269412
0.538945562337335	0.127531024429275
0.559255631064984	0.0842519354358254
0.559162509793075	0.0895548452045037
0.131896669494769	-0.0414216617579911
0.179186679249876	0.0204419429953811
0.189608850828098	-0.0118418459118921
0.600571738514117	0.0531590743192389
0.227449242511981	0.0411698270809112
0.158274621267075	0.0401159842399688
0.526444465470728	0.093706795946593
0.203158359169378	0.04650463199939
0.39540209658621	0.0790183650242211
0.500151197881638	0.0611089880964014
0.525018914223164	0.129480158896875
0.114822954934858	-0.0411893915458628
0.455565608948912	0.116884582208447
0.273247233151322	-0.0115439068891349
0.0978413717362631	0.0023107221011421
0.3210092136854	0.0563523471440132
0.0937639352467545	0.00542519302826753
0.232199869497676	-0.0122146857439202
0.173914844763567	0.00986439892100529
0.546029042992545	0.0449635341095003
0.596127652213347	0.0618644191811659
0.325840470449558	0.0330987608984975
0.375709742752557	0.0801685161693104
0.407037285031334	0.0661328791077231
