0.178264049674778	0.0483074045915276
0.455407904048989	0.136552321062581
0.562293047445745	0.146589575192749
0.555078227630684	0.148598583169424
0.072974661716915	0.0119445033865623
0.496844766248583	0.147950552322227
0.383881852450233	0.0900810756576837
0.31578797416684	0.0614437951679222
0.44047765085431	0.102782883143076
0.0788937771689889	0.0160585743960203
0.286690396210619	0.0642690092477118
0.0315242573737307	0.00330018532199077
0.614860988993685	0.141141273465775
0.440412444177398	0.101843033927525
0.100653653588586	0.0127444015383443
0.166121332988279	0.0317616757730258
0.575073852271792	0.135916210978915
0.322668049548492	0.0614400073363933
0.605756280316548	0.142199668959768
0.380409386582049	0.0776534311029271
0.326682503623605	0.0908007344722287
0.323265336271364	0.0748554606399927
0.23630531937491	0.0554511453005853
0.36470823454151	0.102611868945565
0.475224616216694	0.11228830397669
0.647289692747896	0.147144604696481
0.380477990355784	0.0709076547822574
0.389562518745631	0.0940272096652941
0.557332223592338	0.143277028970306
0.147491867931074	0.0300224356734076
0.586277233419188	0.135992712227314
0.006285353648978	0.00312476266323871
0.456414134123812	0.088904649182208
0.702482833080725	0.154283201952989
0.00990922240196797	0.00292734740484749
0.586619706862332	0.132453963782358
0.587137609992634	0.122003898768585
0.119098941801983	0.00516383792258306
0.304480420800104	0.0645289311781399
0.558639847251292	0.112960519377472
0.0905781283178917	0.00791138105312657
0.119209695246935	0.0369119571069346
0.432525879951328	0.113592499027709
0.499690146263165	0.116564885945875
0.673601658512312	0.15077080474408
0.639328727302898	0.146099917967074
0.605423619832724	0.139437486414885
0.498333119395505	0.151040101939101
0.540129475523214	0.114851022538116
0.556224768851347	0.153248966194492
0.576673354856381	0.146552146474186
0.0436190489196538	0.0130778930401344
0.550161413044915	0.126108232644427
0.60741867010446	0.144364274707397
0.335358321050629	0.0803721186253366
0.57004618942165	0.133361172499481
0.0771768321820813	0.029851547563445
0.511951988918506	0.147387085706605
0.441576611502906	0.111304041935271
0.449605960511154	0.0935834905004031
0.543184781103147	0.150785280317595
0.200107873903351	0.0372430532721376
0.539614273967063	0.138186641357702
0.507891981078711	0.150521822864807
0.260869450322444	0.0549122784583324
0.669467806627923	0.151131049428124
0.380980811712334	0.0867618772918125
0.053006876959594	0.0131882053422263
0.484973913095766	0.107718259838009
0.539028704147841	0.12975309102556
0.220473530425675	0.0458434695408629
0.592933802475609	0.142643345316927
0.393771122398569	0.103903802621071
0.562866765767377	0.146714537127341
0.618612647321027	0.142608772768851
0.566426098184214	0.150923793847832
0.144084393179528	0.0278671818281428
0.20795715081906	0.0431832015838902
0.202593505900219	0.045591279431905
0.647437987948137	0.152095441563331
0.300435393674075	0.0506133085241742
0.218362205201305	0.0344427847496759
0.509023345526964	0.147458315816807
0.329453850467182	0.0361742234450275
0.484041600284727	0.0947789295001212
0.52914949479487	0.130656917948829
0.525582857170908	0.146966237547879
0.141828035029482	0.0211918676504381
0.497884874933402	0.121782198141072
0.325372959931275	0.0607704634100627
0.118384285615695	0.0218004026033396
0.326497003609631	0.0875626969779669
0.0705205846987856	0.0284914187353678
0.257099519236067	0.0544072949955563
0.199759059696445	0.0415373998679999
0.50216652408795	0.152130952482943
0.636817301542624	0.153344017533571
0.338548558395805	0.0849361999341175
0.443803255606451	0.0933218774640086
0.418752763637655	0.109792566382088
