8668,452,1967,3321,8672,639,2351,2930,6525,7866,7796,7683,6757,1703,8738,8569,6190,6284,3950,2702,3962,4902,5014,2409,7111,5064,8446,5125,7707,1192,6673,8330,7535,1569,8149,1595,5762,8849,6894,8451,867,6327,2580,8969,328,1282,1746,8125,4543,9115,4630,918,1792,1234,3761,18,4647,4753,9125,437,9225,150,4823,9285,2291,7350,1585,9304,3802,932,4327,5152,2481,9407,6378,448,6885,4597,2403,1853,6642,5774,6217,7677,5641,806,5999,4801,9569,4226,1831,7128,9666,5407,9768,3782,8661,4517,9900,7994
7613,7813,4173,5436,8673,4394,5951,1548,3433,5248,7021,5923,4907,6091,5654,8763,7802,8144,1108,7079,785,6192,6180,597,7237,6723,6852,8795,5729,1724,5058,7304,8006,1843,8828,6589,6012,8850,8119,8950,51,4398,685,8970,327,321,2063,8262,2786,7786,7307,376,4446,2140,5078,2202,4657,6572,9126,1023,9226,109,5296,8513,674,6602,717,9305,5453,2035,7770,1076,5264,9408,7903,657,7070,3769,1817,1914,9510,8365,3179,7161,2110,680,5763,2182,9570,1653,3386,5859,9667,8306,9769,8025,7498,2757,9901,8188
5771,776,5442,1707,8674,444,6067,988,5346,7087,5665,7780,6881,3622,8435,8204,3752,7313,5190,4843,4492,4578,5702,781,7065,4000,5689,7101,8819,1284,6733,7024,6450,1948,7220,3855,5704,8851,4359,8951,1317,5341,2796,8971,627,1445,1936,8012,2833,5837,3373,891,1702,740,4131,1287,3485,7348,9127,619,9227,158,4332,8080,2133,6688,1357,9306,7741,981,4596,2513,4529,9409,6953,514,7771,3207,2691,1815,2377,5474,4405,6171,4015,1335,1508,3936,9571,3953,1474,6930,9668,7465,9770,5092,8309,2248,9902,6736
5742,3877,4290,3834,7895,2472,3852,553,6068,7747,5429,5566,3471,518,6633,3828,6360,6994,6488,6006,1115,2645,2640,1297,6893,6530,4518,8587,6903,277,3073,6110,5814,3036,8291,4183,6138,8852,8214,6590,1588,2404,2741,8972,404,1129,5608,6817,1269,6361,4366,593,1958,4400,4676,1913,7308,2574,9128,600,9228,145,6088,4856,492,5174,268,9307,5242,1095,4930,5175,3886,9410,4303,574,4893,6388,3580,6552,3494,2957,4770,6116,5564,3277,3552,2461,9572,1498,2275,6795,9669,6728,9771,6219,7666,3472,9903,5625
8428,2397,6041,7845,2785,6237,5531,1972,4210,5593,6406,8065,3217,5061,6703,7685,6587,8252,2118,286,3517,324,1000,4293,6310,4091,8447,5780,6539,4118,4793,7855,7102,4662,7597,1427,3865,8853,6046,6318,1321,5000,1760,8973,4732,2765,582,5142,2414,6328,2322,752,1720,127,1114,57,2527,7674,9129,76,8622,5883,3695,7509,2816,4005,1789,9308,4141,4229,6031,6753,3318,9411,6402,6855,3286,5822,4817,816,5578,8459,5685,2646,6585,1397,8651,2852,9573,69,2339,2297,9670,4871,9772,7643,7428,5499,9904,2731
1968,6612,3394,7007,8675,2159,5868,1740,4095,7579,7557,6900,6366,2123,8436,6683,6937,3009,5032,3169,4971,3002,2382,82,6455,6636,2204,8147,4845,1036,1434,7252,6742,2268,7585,3894,1987,8854,7362,5612,982,1383,1957,8974,238,297,6299,8612,2823,4721,2627,779,2226,4154,3242,2315,7103,3360,9130,2304,9229,204,5568,3937,4834,3290,758,9309,8416,812,5816,3641,7232,9412,6227,700,3110,6256,5265,6917,4181,1687,4742,5192,7777,4009,1183,3880,9574,1365,1882,5775,9671,6722,9773,3571,5731,2882,9905,3817
8273,8060,7513,7298,8676,2207,4267,5587,6238,6461,7628,8162,3095,4677,8739,8103,6634,7750,1377,637,817,2257,4916,4407,8443,6531,4868,8322,3429,1250,6193,7971,4417,4496,7657,5957,5115,8855,7836,8604,902,3756,1012,8975,570,178,5034,9069,6248,5992,7158,3680,1242,1712,1018,851,7229,6421,9131,1436,9230,195,1744,9286,541,6853,1973,9310,5199,2188,7692,1959,2098,9413,7841,472,4663,3545,1561,183,8639,4736,4911,4553,5449,309,2582,5094,9575,2559,4857,7271,9672,8228,9774,5102,9874,2899,9906,4132
2766,3381,6026,2913,8677,567,5900,4314,5875,7814,6597,8718,4700,2601,8740,8764,8484,8780,3398,706,1469,3565,7080,6167,7879,7819,8490,8796,6967,1220,8396,8115,8823,1271,8829,4583,4620,8856,8498,8952,837,5990,1877,8976,308,1151,2023,7822,4225,7724,8126,1455,2363,623,6225,225,4794,7637,9132,1228,9231,73,3696,8351,500,7956,2057,9311,6115,1836,6752,3431,3418,9414,8519,356,4525,1636,765,322,9511,9528,7602,6841,3226,1323,8528,2764,9576,2107,2418,5144,9673,7623,9775,6745,9875,3705,9907,6984
1861,6769,3174,6889,8546,5773,5490,6156,267,1238,6126,4032,5141,5334,6350,6985,6470,6179,1522,2210,3496,2586,1839,5109,4140,6495,8583,6127,3177,2253,4586,4975,6941,7765,5258,4475,4339,8857,6724,8339,589,5301,677,8977,920,3856,450,8013,398,989,3786,5229,3591,247,3718,563,1536,6444,9133,1602,7860,4262,7658,3927,2633,4007,5080,9312,7976,7177,6437,1521,2388,9415,6261,5045,5519,2968,7676,235,7864,5292,823,8225,2524,562,2551,3455,9577,912,3055,3683,9674,7778,9776,5843,7511,5433,9908,7052
5950,6918,3100,7324,8547,2508,5414,4889,963,5023,2438,4743,4541,5022,1657,7569,4983,1204,2067,2081,2592,3944,2631,389,5228,5633,8287,3275,3170,3463,424,4715,2096,3222,4445,1751,1010,8858,1832,6951,1410,311,3688,8978,3620,58,3538,7157,2121,5169,3359,1113,5675,6114,3457,2376,3707,5040,9134,2523,7125,2318,7114,7955,3778,5209,1895,9313,3972,6784,3644,2827,4246,9416,7241,4415,6164,2629,6840,5530,5928,7978,3666,4419,7278,4820,824,220,9578,215,1795,5800,9675,3889,9777,6382,4531,4758,9909,5674
7073,5254,5171,2784,8473,5809,5172,5087,1158,6188,1256,4096,5906,3823,5802,6280,5153,4819,3809,3400,3401,2282,1042,1053,5506,4932,4969,1956,4948,3746,2838,6734,5007,5987,7212,4502,3332,8859,1741,7587,681,6773,2967,8979,1952,2239,3389,2101,3203,84,2480,3887,2488,1716,2281,1788,4989,6202,9135,528,9232,4103,6286,3832,2284,3231,329,9314,2732,2871,4467,5985,3974,9417,5179,1761,3715,1262,2516,6084,4723,6381,2330,6466,6640,3235,1391,1708,9579,19,4468,4382,9676,2611,9778,3996,4607,1886,9910,5942
6730,8671,5565,7258,8678,5041,2423,7120,2955,3770,8161,2494,5872,4832,8437,6133,6023,8577,928,1943,1027,483,3166,6337,8205,7404,8584,8588,3416,713,7534,7305,7988,4779,8496,4239,5527,8860,6532,7413,113,8122,345,8980,494,2783,1484,9070,1157,6047,7221,4909,1318,420,2994,48,968,6989,9136,579,8265,1327,3363,9287,725,6726,3354,9315,7601,5793,6980,4157,2246,9418,9507,993,6341,7863,2774,400,8362,8643,3958,6478,5647,1112,8652,4105,9580,953,4879,7051,9677,8050,9779,8537,9876,5805,9911,7981
7909,6547,7165,6220,8679,4439,3325,8276,4661,4789,8559,8561,5567,4680,8566,7337,8283,6932,1140,992,1598,2602,6448,7803,7818,8166,8319,8797,3660,1057,8494,8193,8824,4269,8830,3547,5963,8861,7518,8953,243,8967,464,8981,535,666,1089,9071,1584,8617,6914,4631,1597,527,3711,173,2690,8295,9137,377,9233,275,4265,8352,459,7472,5792,9316,7691,5537,8301,2117,2001,9419,6122,646,7351,5995,1054,335,9512,9529,6696,7029,3729,474,9557,5376,9581,658,2651,5728,9678,9762,9780,9864,9877,4406,9912,8271
4757,2709,5891,3938,8429,1431,2424,5581,6003,7669,6022,5488,6681,1856,7172,7468,7356,7686,1824,432,6538,4773,7489,6850,4189,3469,6815,8589,6626,1314,4038,4409,7067,3520,6147,1443,3608,8862,3498,7619,271,8611,2039,8982,269,2750,1379,9072,1901,7738,6339,2395,1177,304,6357,129,1786,8453,9138,1032,8506,548,2358,8298,1731,4234,5424,9317,4281,4216,5769,6582,1811,9420,8184,248,3097,3391,2876,194,8520,9530,5672,8269,4043,1944,4584,3468,9582,970,2360,5899,9679,4094,9781,6078,6331,6079,9913,7280
8134,3592,5234,7409,6397,5357,4395,6931,4347,4786,7382,8141,6384,8032,7749,7850,6561,7967,1453,720,2699,218,1765,5931,6705,6145,6764,8590,4936,1110,5781,7898,4917,2359,8831,4123,5667,8863,5924,4763,33,7396,1206,8983,3000,2145,4121,9073,5135,3916,3501,3237,1544,426,1756,7,2521,5997,9139,468,9234,2138,4813,6866,1094,5971,3757,9318,7378,5311,2773,2720,3064,9421,7050,2076,5185,7277,1497,1180,4046,7732,3656,2815,7117,1011,2531,767,9583,118,2311,2974,9680,7605,9782,7828,7940,5454,9914,5679
4236,8061,5556,8160,8378,4171,7779,6099,1229,6426,6613,5053,916,6830,6836,6045,6801,8068,6568,59,3783,654,3518,751,6819,5582,7570,7210,7882,1353,5880,7046,5962,5380,8118,4738,5797,8864,6100,8215,1051,7688,2148,8984,1211,2739,2143,9074,6376,2499,6793,1904,222,581,1080,12,4137,4402,9140,1195,9235,1116,7651,6915,755,5661,925,9319,5613,7068,4891,5176,1715,9422,5216,5012,6056,2048,6170,2562,7589,5722,6639,7790,4437,1272,4458,473,9584,176,5349,6117,9681,6025,9783,6447,8469,5193,9915,6611
8669,6205,5784,5328,8680,4931,3658,6632,7578,5680,7652,4493,5244,3181,7031,7135,3745,7762,1834,1802,606,2325,3335,3107,6928,5869,7286,8209,6672,536,7443,7185,4509,2068,8008,3146,2963,8865,2642,5489,352,7608,834,8985,1576,2846,694,8405,955,4187,6334,2618,2077,1062,4392,101,2277,7494,9141,1075,9236,709,5038,8017,1091,4985,1503,9320,7715,5904,6714,1538,2125,9423,7069,849,7435,3173,3294,876,8048,5303,4184,7436,8464,2954,1346,1566,9585,865,4727,3004,9682,6975,9784,3186,8230,5790,9916,6371
7645,6798,6001,6132,8681,5314,8477,4195,4259,5361,7410,8030,5917,7478,8481,7721,5472,4924,1510,2940,1289,2446,2548,287,2190,5887,8787,7647,4076,707,6637,7461,4371,7211,8601,2104,4077,8866,3526,7376,233,6112,381,8986,419,698,259,8501,1685,4760,298,5317,2245,482,2596,702,6895,9119,9142,50,8507,255,4088,7349,6272,2355,1827,9321,6187,6533,5947,3635,4632,9424,7957,1413,6014,7788,6129,568,7233,7541,5486,7938,2581,1819,6755,4060,9586,3670,5807,7234,9683,6090,9785,6756,7429,5808,9917,7624
5772,7942,7499,6344,8548,2536,3475,6565,2770,7454,8478,8719,4440,4110,8741,8765,8387,8191,3627,800,2105,1014,4136,7011,7136,7123,6957,8798,5197,515,7303,8256,8260,1752,8832,6653,7012,8867,5882,5725,126,7058,1090,8987,465,603,2874,9075,5201,8044,7636,2555,977,151,2181,45,3033,7870,9143,598,8508,270,3611,9288,230,7892,1251,9322,8266,2698,7084,2271,3821,9425,7321,737,7149,6509,1803,1224,9513,9531,8049,3438,5434,2274,9558,2369,9587,1309,2590,7525,9684,8659,9786,9865,9878,5764,9918,6276
8135,5620,5120,6847,7830,2016,6699,241,4011,8140,4122,7197,2620,2276,7944,6911,5746,7654,3175,1909,2665,1619,4459,950,6239,3829,7100,8591,8210,2861,1418,5986,6649,5611,7238,1977,1550,8868,7406,7414,5113,1599,5621,8988,3767,499,1541,1279,710,3303,4539,1243,4331,336,165,40,2040,2804,9144,3913,7740,2132,6702,5956,6503,2669,847,9323,8243,4705,5884,4921,5136,9426,7178,1330,6104,7826,5632,1430,6389,6403,6343,7094,8090,1574,8422,2032,9588,81,4510,5227,9685,4139,9787,5458,7907,3919,9919,7106
5743,4050,7030,4336,8549,2637,2860,6033,4576,5083,7431,7963,7391,5008,8742,6325,8575,4523,1166,1174,401,4022,8164,7081,6529,8785,7479,8799,5583,2034,8328,6949,6968,3057,8833,2014,5256,8869,7755,8954,668,8500,683,8989,1261,753,1117,9076,1782,8504,6665,3044,2912,921,6516,319,2195,7954,9145,540,9237,172,4326,8172,1111,7176,5085,9324,6305,3413,8634,2737,2150,9427,7450,341,7179,3099,691,301,9514,9532,6898,7474,4634,522,9559,4610,9589,87,2546,5203,9686,8307,9788,8538,9879,4923,9920,10000
7400,6291,5395,7272,8199,4556,4177,7259,3407,4308,7629,8720,5630,7263,8743,7781,7285,8284,809,1838,2474,147,2781,6647,7342,7633,8491,8323,4100,1248,6197,6820,7618,4065,8337,2705,6496,8870,7375,8955,123,6802,413,8990,427,1035,2797,9077,2309,8217,5738,5895,1038,293,2235,146,2969,8505,9146,276,9238,874,2819,7871,722,6304,4790,9325,9403,4150,6808,3543,2997,9428,6695,1479,7333,7016,2299,1190,9515,9533,3712,4424,3121,167,9560,3872,9590,411,2399,3168,9687,7575,9789,9866,8470,4158,9921,6926
8136,7183,4099,7325,8232,6246,7195,6336,3258,2575,7630,8382,5298,8480,8744,5482,7457,7338,911,1125,2131,484,2153,5786,5886,6938,8390,7852,3305,2869,7361,7584,7424,5107,7536,3355,7586,8871,6148,8956,34,6580,258,8991,274,1259,1384,8502,1429,9116,4587,5411,1721,391,3191,86,3541,8618,9147,160,9239,638,3402,5896,1146,5649,4499,9326,6929,4389,6182,4017,1753,9429,6370,2128,7379,7772,3479,520,8129,8524,3505,5310,3028,727,8465,4481,9591,716,2393,3860,9688,6796,9790,8059,8662,3973,9922,7733
7995,351,2206,1783,7625,936,4231,1065,5695,8431,4846,5127,2491,4633,8100,3395,5104,5075,3986,3312,6927,3071,2375,4342,4877,3766,2789,7915,8327,5340,6872,5610,2175,635,8338,3215,6680,8872,6313,8120,2832,5913,2094,8992,4428,2434,906,8294,5444,4567,952,4775,6550,6209,227,2451,4087,3390,9148,3339,9240,907,7268,7861,3799,5431,2316,9327,7808,2799,2593,5759,1182,9430,5712,1825,3649,7256,529,703,7116,3187,6945,4438,7085,1126,221,3503,9592,264,922,6697,9689,7169,9791,4217,5195,1992,9923,4199
7000,6858,5687,7053,8063,6059,7500,2427,3213,1873,7246,6528,1691,7063,6828,6763,5642,4129,3193,3414,2532,1490,4750,2232,3365,5167,7249,7288,2950,613,2179,2273,3709,2090,3122,2855,5065,8873,3086,4918,744,2231,665,8993,179,533,6431,8344,5397,5294,6432,1589,1277,4547,4148,2664,7204,2798,9149,888,9241,414,3268,7319,2337,5079,684,9328,7230,4020,2934,6071,5857,9431,4027,1661,3957,6824,2493,6777,7539,8303,5119,4230,7524,1540,1381,777,9593,1621,2411,5166,9690,1476,9792,3982,7004,1678,9924,4450
7244,5911,2151,7131,8682,2862,7466,631,3459,5111,6787,7089,2672,5146,8745,3056,6069,2383,1684,4357,1175,1214,3806,3863,6060,855,7752,7634,7274,193,1378,7930,3497,5161,2216,1069,5788,8874,5888,6418,1854,4993,4854,8994,3021,704,2433,5919,573,2925,4384,733,4626,1704,4212,38,8077,4804,9150,1424,9242,266,7047,8045,5856,1876,2038,9329,7148,6971,5544,6952,6329,9432,6273,1690,5327,6215,773,6510,5850,7017,3701,8270,5555,2345,4809,442,9594,2075,3609,7205,9691,2795,9793,6140,6199,3630,9925,6491
1558,2018,4946,2295,8683,1693,2228,5885,4003,7748,5133,5409,5270,3382,7173,6308,3380,6965,1841,1083,5561,4608,5421,4412,4054,2108,5735,6790,7708,4413,2945,2824,5741,2999,3273,1527,998,8875,3281,8605,1699,7563,3374,8995,1359,2270,2254,9078,1680,5925,3951,3465,1217,189,3482,15,2563,7469,9151,1486,9243,2353,3965,5897,1501,2005,4241,9330,6884,3643,2406,3689,2180,9433,7142,2696,2722,1790,4108,662,5693,7789,4391,8527,3827,1711,4831,4372,9595,108,2184,3910,9692,2929,9794,6467,4213,4593,9926,6498
1296,7960,4379,5592,8684,4961,3708,2686,2211,2717,5353,6462,7218,7504,8438,5396,2089,6494,2902,1153,1784,3604,5853,2807,6070,2714,8206,5150,7854,877,6540,6443,4397,5441,6617,3014,4302,8876,2569,7346,128,6780,1240,8996,838,2189,2102,8345,894,1700,2435,3003,1896,1758,364,46,1840,6707,9152,2053,8623,2214,5208,6320,4026,2100,933,9331,4545,7473,4618,1276,6049,9434,6972,2868,4816,2986,7639,2065,2503,4102,5921,8058,2655,1870,1930,3808,9596,836,4548,2610,9693,5461,9795,5929,6244,5777,9927,5287
6857,8376,3686,6558,8685,5049,2553,7846,1844,2844,8713,7261,7545,5047,6643,6848,7702,7928,1417,934,3685,1940,4922,7490,7082,7358,7441,8592,2616,696,7250,5588,8182,4261,7949,2904,5635,8877,6969,7364,105,8402,180,8997,869,5733,671,9079,860,2942,3614,6340,841,288,6302,188,747,7739,9153,503,7159,1583,5927,8299,1428,5447,5210,9332,8629,6593,7659,3555,1326,9435,7936,715,8083,6689,3781,184,9516,8366,3461,8368,4840,1216,6715,5609,9597,624,2400,7475,9694,7874,9796,8539,9880,5637,9928,7680
5462,6677,4170,5701,8686,5039,2338,6487,2872,5827,8249,6799,6993,6812,5347,6684,7393,4040,1974,169,6624,4041,7735,3706,6086,3049,8448,8800,6807,253,3553,4063,7146,6772,3282,2177,789,8878,6451,5422,54,4295,1996,8998,2137,2302,930,8613,676,1078,6101,4976,2163,133,3694,168,845,6844,9154,1201,5676,6121,6465,8413,2558,5035,3227,9333,7141,8019,7717,4089,2754,9436,7193,919,7040,3669,7774,263,8244,8644,4664,8132,7452,1281,551,3559,9598,284,3969,7003,9695,6204,9797,9867,7908,6811,9929,8544
5716,4777,6278,6479,8687,2817,3788,4995,2030,3113,8432,8721,7009,7099,8101,7799,7422,7189,978,1738,1061,1673,4483,8037,8001,7704,7705,8801,4653,946,6905,6652,8333,3037,5828,4550,3639,8879,6252,6792,30,7167,742,8999,236,2021,1754,9080,1471,5222,5604,3371,1392,455,6667,41,2230,8219,9155,339,9244,948,6944,9289,825,5727,2588,9334,8221,5093,6076,1997,3409,9437,8056,1055,7398,4093,3725,454,7718,9534,2166,8088,4781,784,1828,3657,9599,1635,4080,6172,9696,8468,9798,7151,8663,6887,9930,8310
6015,4689,4694,7273,7543,3157,3539,2221,5455,2944,5108,711,4491,1556,6044,6469,2296,2829,2788,3259,4575,3824,1148,1850,3537,1341,5402,6625,7916,3847,2320,3979,2960,5122,4178,1923,1748,8880,2682,7766,815,4433,3048,9000,1568,3132,3830,7887,4376,2749,5285,1533,2265,1059,3998,115,7599,2217,9156,2802,6687,673,6766,5518,4414,4270,1624,9335,2760,6452,829,1912,4404,9438,2361,2443,2733,5117,5114,3816,4393,4588,1688,7484,4425,741,4756,2556,9600,554,2621,3697,9697,6218,9799,5832,5749,4500,9931,3876
2147,6746,4152,2746,8200,1962,2509,2680,1671,1441,5547,7311,4196,6189,5464,2240,1461,2966,1567,4343,2988,1610,2911,2577,910,3182,5517,2520,5387,4324,4224,5881,2160,5491,1698,3080,3917,8881,3262,3220,2396,5443,3476,9001,3768,2662,4668,6093,1737,3714,3984,2015,2763,1286,1954,1144,6419,6782,9157,1482,9245,3301,5446,4368,4973,3034,991,9336,5025,5825,3310,974,3378,9439,2193,3269,4740,3111,5591,3793,5839,5266,2877,5335,3524,1978,1535,961,9601,770,1897,3278,8657,1438,9800,4774,4882,2477,9932,4219
4872,1677,6042,2689,8688,2673,3704,4207,3010,4479,7922,8315,6011,4501,5084,8316,5747,5326,1615,1264,7341,5877,4990,4480,6616,5639,6912,8802,6939,2991,5979,2490,8097,842,6779,2928,3131,8882,4352,6743,967,7444,1963,9002,3357,3499,699,9081,2812,2357,1088,6829,1393,224,1082,94,1629,5926,9158,1002,8349,4494,7538,9290,2534,4059,4172,9337,7787,6434,2614,4986,909,9440,8222,2756,6124,5526,4086,306,7640,9535,1762,9556,3900,944,900,1041,9602,132,2025,7554,9698,5350,9801,7811,5574,4235,9933,7296
7667,8198,7217,5329,8474,2374,1060,5908,1932,3254,8714,8722,6480,5275,8439,8235,8776,8442,1916,1171,1098,2830,5571,4858,8253,6966,6035,8593,5312,446,6750,8597,8600,2663,8834,7154,7869,8883,7002,6541,620,8403,305,9003,866,1068,217,9082,2013,3123,2839,4678,1008,1554,6198,2634,1422,7918,9159,692,8624,71,4116,8514,1340,6483,2264,9338,8055,6349,6196,2842,2777,9441,8358,543,8455,6358,1253,363,8521,9536,7322,6553,5031,438,8529,2176,9603,1442,4654,8656,9699,8534,9802,8187,9881,4186,9934,4638
6174,8159,6522,7699,8189,5323,5600,8248,3483,3943,7631,8723,4600,6427,8567,8281,7999,8145,723,1775,1791,937,2215,4730,7929,7300,8788,8803,4301,1444,7372,8181,8290,2922,8835,6599,6654,8884,5903,8606,60,5758,559,9004,430,368,2573,9083,1893,9117,6864,4951,1421,436,3195,25,3549,8347,9160,399,9246,480,2405,8127,477,7807,2167,9339,7862,4012,6833,2370,3323,9442,6242,1626,7270,5606,1820,1649,8456,9537,4185,4410,2738,244,9561,3085,9604,818,3826,5624,9700,9763,9803,7744,8664,4711,9935,8231
6021,8246,5181,6899,8550,5524,6524,4999,2576,2828,6292,6159,3440,7983,7174,7558,6860,5401,1980,1233,2658,3456,2460,3473,6007,5183,8391,8324,5596,1439,4802,7883,6081,5511,4325,4151,4615,8885,5767,8009,20,8216,1305,9005,1132,3115,661,8151,1102,4524,4709,3078,2522,231,2965,44,3615,8220,9161,290,9247,833,6083,6240,3511,6131,1085,9340,5116,7610,3535,1048,2430,9443,6379,3636,6544,6032,6609,148,7775,8460,2517,7893,4720,545,539,2898,9605,354,4892,5715,9701,6257,9804,8098,5691,5648,9936,6282
1404,1865,4487,2129,8379,2095,4718,5916,4919,6130,5188,7832,6412,7432,7924,6074,5577,3576,1575,449,4053,2052,3732,1356,5338,4018,8392,8111,8596,5158,3031,6679,6367,7374,1868,2444,1623,8886,6719,8957,1797,6942,3983,9006,5381,3417,1726,6037,575,6399,4377,4367,5629,254,5170,36,1350,6760,9162,3260,7712,3147,5549,3523,1123,5366,2772,9341,2870,6265,5934,2626,2624,9444,4899,2932,5406,560,4251,166,8363,7694,3419,8369,5694,1358,249,4078,9606,93,3617,1805,9702,3758,9805,7129,7243,4565,9937,6999
2450,3893,2570,5046,8551,2473,4906,2759,2208,2242,4685,6004,4559,783,8033,4811,3369,2031,1328,1184,1394,1846,1625,3562,3668,3813,7200,4260,4934,2996,2849,3631,2557,4111,5485,2317,4542,8887,1451,4938,826,5603,1859,9007,3529,296,2287,8263,2636,3333,4797,2334,3343,3425,2266,1729,2537,5024,9163,1604,9248,4465,4967,3839,4954,3434,2901,9342,3367,2703,1500,3377,999,9445,3612,4249,2959,4418,2854,4423,1935,6262,2723,6630,5253,2186,1813,1814,8186,2918,2464,4847,9703,4202,9806,3776,4411,1312,9938,4190
2599,3126,4361,5723,8689,5063,3280,5255,4373,4818,7402,6747,6806,6560,6264,7152,4980,7559,3163,507,6355,2061,2653,1942,4991,3308,8585,7754,7987,1336,4255,3143,4142,4264,4120,2380,1161,8888,5250,6607,245,8123,1880,9008,3815,1644,1351,8170,1481,2017,3446,4329,956,144,3748,42,1921,7385,9164,353,8509,6943,5468,6990,2019,3841,3006,9343,8355,7481,2893,5286,732,9446,6822,3896,6954,7904,5512,1101,6658,6057,2880,8176,5898,1087,1258,1794,9607,102,3601,5356,9704,3923,9807,6676,5736,4081,9939,5996
5268,5274,3730,7045,8690,6474,5042,4978,4135,2457,7911,7403,6247,7923,5795,4894,6493,3283,712,547,5515,1396,2135,4075,6588,4294,8038,8112,6738,3897,4403,6816,6471,6409,609,4149,1709,8889,6874,8607,4,7168,3072,9009,1664,2116,1590,9084,192,2958,3337,5664,2185,125,5359,149,2506,7318,9165,1780,8350,3567,4604,6627,3223,2566,2814,9344,6751,7449,6629,3812,2589,9447,8302,4193,5202,4258,8361,462,6324,8085,1099,8463,5160,822,272,2420,9608,257,5233,3774,9705,4307,9808,8026,6868,5977,9940,6762
6290,4944,6435,5523,8380,3727,3581,7555,1894,2767,7997,8724,6710,5551,8384,8766,7546,8781,1551,1283,4126,2103,5391,8580,7122,8286,8096,8804,3016,643,8329,8257,8042,3309,8836,4243,7315,8890,8150,7650,206,6162,104,9010,786,1017,757,9085,3522,7306,2625,6876,774,359,6253,228,1875,8183,9166,510,8625,1026,5416,9291,746,5522,5873,9345,8630,8082,6335,2897,1366,9448,6877,549,8021,5618,1386,332,9517,9538,4589,7162,3596,615,8226,4037,9609,689,3266,7810,9706,9764,9809,8540,9882,5352,9941,7697
3891,4769,3866,4960,8691,5513,3995,7615,2223,2002,6016,8278,7224,8067,6737,7834,5457,8486,1692,835,6892,1208,5128,2106,6223,7405,8237,7225,4595,1667,5655,6476,7552,5972,7607,3091,4784,8891,7155,6863,209,7821,110,9011,3248,4511,588,9086,1189,5307,2695,5392,1514,295,5239,111,1198,8078,9167,1710,8015,5502,7480,7377,1124,2458,1656,9346,8516,7553,6453,2342,1304,9449,5067,1505,7612,4107,2834,202,9518,9539,2099,7662,5212,769,1985,4682,9610,63,2841,4447,9707,6243,9810,8541,9883,4471,9942,8667
2598,4083,3850,5535,8692,4526,3077,5082,4778,4498,5638,6770,6604,5847,6623,6118,5378,8069,1526,1851,2093,3103,4316,2243,3362,3764,7947,7853,5810,1448,3306,3572,4826,3289,6106,2413,669,8892,3869,6959,67,8342,1613,9012,1829,2711,1607,9087,1545,3990,5584,5077,3263,139,3963,11,2097,7416,9168,508,9249,6019,4466,6348,1390,4272,2983,9347,3914,7872,3205,2685,1665,9450,4354,1745,4830,1995,3272,1280,6992,6924,4194,7663,3094,872,4408,2659,9611,80,3257,4875,9708,3445,9811,6520,4313,4566,9943,6499
4378,4853,5074,4655,8475,2600,3171,6537,2073,4250,8560,7964,6554,5384,6260,7985,8106,6230,2010,693,3744,5476,4673,6598,6635,3921,7753,8805,4714,975,4208,5878,6674,4016,4837,2694,4047,8893,7363,7950,77,7564,1345,9013,17,5542,320,9088,679,3976,4544,2526,1718,191,4519,155,1509,9120,9169,182,7975,794,6400,7839,2350,4113,2821,9348,5605,3999,7611,4581,2533,9451,8223,1207,5529,4644,5550,196,9519,9540,3790,8420,3719,611,4515,2780,9612,2837,1732,6698,9709,5503,9812,9868,9884,6245,9944,8427
3749,5508,6396,4188,8201,3189,5318,6716,3602,3188,6827,8725,6788,7848,8094,8142,7515,4257,1231,498,2200,1293,4460,4277,5541,7751,8789,8806,5709,1398,7723,7266,7462,7649,6606,3818,4928,8894,8074,8958,186,8968,587,9014,1249,471,1400,9089,1194,8240,6906,2840,3717,157,3907,330,3040,8619,9170,892,9250,237,4622,8353,1354,6767,5164,9349,7059,6446,8357,4835,3530,9452,6163,772,6775,2734,1291,388,9520,9541,5124,7387,5399,382,2547,4844,9613,61,3632,4665,9710,7279,9813,9869,9885,4166,9945,8374
7476,7419,6955,6919,8693,2794,4508,7121,2412,6250,7847,8726,6061,4783,8746,8767,7722,5936,1039,2907,1020,2565,3492,881,8444,5989,7145,8807,3244,764,5755,6398,8334,2716,8837,6563,4624,8895,6107,6977,49,4751,333,9015,323,384,2751,9090,4941,7756,7493,3655,931,90,2198,100,3352,7900,9171,207,9251,959,3885,8454,506,7160,846,9350,9404,2402,6916,5252,5478,9453,8417,864,7115,7773,2661,1495,8364,9542,5393,4057,4375,1375,9562,1743,9614,5426,3870,6804,9711,8091,9814,7104,9886,6485,9946,7812
3304,6846,5269,5545,8552,3879,5389,6135,2528,3015,6293,8727,6391,7505,8747,7998,7506,8578,1050,1559,1333,1212,5483,7411,6102,7137,7516,8393,4358,1133,8397,7328,8825,3058,8838,5367,3534,8896,7491,8608,187,6436,447,9016,229,511,2758,7113,1706,7228,8076,2519,1971,307,3437,163,3172,8407,9172,1092,9252,756,3350,9292,592,4799,3474,9351,8081,4869,7840,3265,5247,9454,6423,957,7255,2141,1777,289,9521,8525,2710,5487,3645,355,6660,3525,9615,1549,3888,3385,9712,8157,9815,6834,9887,4703,9947,7793
6492,7297,6236,6596,7831,2721,3514,7700,2158,5833,8202,8728,6017,6835,8748,8768,6664,8070,1464,1070,1186,1563,3041,4247,8389,6718,8039,8594,4298,861,7573,7227,8212,3661,8602,5520,4211,8897,5220,7036,28,8124,887,9017,312,1586,1122,9091,2554,5373,7190,4090,954,337,1197,13,3092,9121,9173,131,8510,1004,4564,9293,759,6883,1232,9352,7365,3939,5739,4311,4319,9455,8418,1552,6803,6176,4282,431,9522,9543,3980,5021,4363,552,8530,2978,9616,3001,4161,7604,9713,7542,9816,7958,9888,6454,9948,6289
5823,5844,6002,4994,7682,3733,4144,7143,3759,5363,7420,8729,7355,5682,8440,8317,8777,7357,1134,485,4482,886,2725,7549,7763,7606,7302,8808,4693,799,8041,7507,7856,2985,8839,5415,6675,8898,7989,7239,240,6185,616,9018,357,584,3464,8406,4049,4464,6865,5646,935,91,2027,53,3762,8408,9174,748,9253,670,2426,8515,762,6713,3200,9353,8356,5221,5348,6809,2943,9456,7451,890,7188,6518,1730,580,9523,9544,6619,2735,5783,943,6690,4133,9617,362,2408,4266,9714,7719,9817,8372,8425,3904,9949,4462
7959,7512,6142,7095,7758,5140,3197,7353,4965,7477,7530,8730,6859,3931,8749,8570,7926,4574,807,2964,3460,1735,3628,3659,8165,7359,8072,8809,4996,1152,4731,8289,8007,1628,8043,4937,6843,8899,8399,8609,83,4218,519,9019,651,441,4165,9092,5811,5812,6009,6961,1295,239,3075,22,3583,8348,9175,342,9254,987,2174,9294,729,7726,3864,9354,8300,2976,6845,3042,2113,9457,7729,986,7842,5706,913,1616,9524,9545,6352,2263,2778,969,8304,1219,9618,534,1927,4939,9715,9765,9818,7130,8029,4321,9950,5686
3287,2591,3736,2728,7119,1239,3447,4535,4522,8710,6614,8562,6682,5708,8750,8034,6849,8236,2205,979,2213,5070,6269,7327,7035,4248,7969,8810,7460,2564,7251,8598,7784,1294,8497,3218,4432,8900,5660,8959,403,7785,2466,9020,199,2552,2336,9093,2578,8218,6875,1310,1872,626,2667,24,3298,8152,9176,428,9255,385,3249,8354,542,7292,2845,9355,2687,1376,4066,2850,2126,9458,7523,1489,3945,2341,2676,347,8522,8461,6490,7323,3642,840,7920,3477,9619,763,2700,5510,9716,4800,9819,8542,9889,5281,9951,6870
8178,8311,4035,8312,8694,4338,2990,6506,1810,6527,5010,8731,3837,4292,8751,8769,8576,1472,2712,3898,3138,1213,1925,3239,6920,6146,5703,6996,3857,373,3012,8116,4963,630,4117,4729,5737,8901,7884,3810,106,2378,791,9021,544,95,6655,7445,5849,3779,5965,5332,1475,3130,4956,3426,3589,3550,9177,530,9256,1425,1209,7222,564,5528,2323,9356,8018,3977,5980,1235,3600,9459,8359,1019,5177,7093,905,4507,7540,7695,5232,1298,3903,4852,5097,318,9620,2394,3224,4163,9717,5879,9820,7979,7567,4672,9952,2675
7698,7943,5861,7235,7921,4444,4051,6692,2484,4279,7912,7867,6043,7199,6586,8770,3795,5552,792,3068,1131,884,2867,5240,4636,3584,6902,8148,3093,569,4674,5894,7153,1440,8840,5918,5466,8902,3124,5451,1,7147,1855,9022,281,3925,4045,9094,3663,5100,7858,4399,1149,375,2639,3,2881,7838,9178,197,9257,1949,5398,9295,594,4514,1483,9357,7742,4850,4688,1989,3933,9460,8156,1668,5830,5756,2982,2525,5851,9546,1946,5448,3159,1120,5370,1650,9621,1074,4175,7334,9718,4713,9821,5974,7215,6364,9953,7438
8670,6595,5321,6307,7745,5157,3032,7746,3090,6741,8715,8563,7098,6005,8752,8483,7816,8782,2483,1165,5088,873,5848,3915,8071,5893,7442,8394,5017,924,8168,7594,7635,2743,8841,4762,6036,8903,6831,7316,185,8010,361,9023,688,2385,663,9095,2952,7384,4733,6515,1028,460,1994,142,1675,8620,9179,261,8409,780,2818,9296,595,6287,3194,9358,9405,2752,6226,3221,1466,9461,6761,1150,7730,8638,2674,621,8457,9547,7150,3315,7388,344,9563,3052,9622,434,1402,5776,9719,8535,9822,8027,9890,6263,9954,4878
7390,8274,6109,7430,8695,3279,4074,6805,1539,4635,7632,8383,5121,5189,6731,8179,6615,6207,1409,1606,1395,972,2447,4457,4601,7343,6463,8492,3443,392,4061,8450,6338,1063,8842,4908,6028,8904,3909,4896,5,6570,1437,9024,466,1029,7156,7888,3141,7425,6054,2594,1546,652,5970,636,2660,7889,9180,1499,8154,393,5291,9297,396,6459,1329,9359,7192,5343,5690,1100,6517,9462,6981,1530,5156,6504,904,3557,6249,6659,3061,5297,2442,2196,8305,2301,9623,532,3444,7380,9720,5180,9823,8177,8665,4836,9955,5975
7910,8275,7439,7440,8696,5514,3421,7701,2006,4814,8479,8732,6143,5365,8568,8771,8778,8388,1660,1407,945,1187,3966,4228,8285,8581,8146,8811,2082,470,5663,7931,8826,1502,8843,8213,8052,8905,6013,6053,27,5824,214,9025,721,1156,1787,9096,5299,6832,6149,6387,625,366,2502,644,3700,7901,9181,256,8511,537,4815,9298,416,8155,1910,9360,8517,4369,6321,3575,2272,9463,9508,1147,8636,7367,1822,853,8268,9548,4355,5223,5057,1191,9564,1638,9624,1826,3420,9665,9721,9766,9824,7939,9891,5678,9956,6879
7182,2585,6505,5707,8697,6201,3867,7556,3556,5358,8716,8733,6407,4421,8753,8104,7394,7547,1763,463,5069,3515,6651,3452,6749,7458,8109,8595,3322,578,7551,6862,7932,1420,8169,4503,2476,8906,6386,3396,136,7434,1423,9026,5656,5342,423,8614,2022,1524,1645,6151,871,435,6781,154,1572,5360,9182,1372,8016,4288,7600,8242,1432,6422,4860,9361,9406,7935,4726,4146,513,9464,5973,875,6720,8267,1728,294,4362,8645,3082,8649,6778,1052,848,1325,9625,315,2993,7873,9722,8092,9825,9870,9892,4176,9957,7941
2459,2387,4300,2808,8190,1419,3351,4659,5688,7529,5480,7532,6268,5595,5696,4992,6861,7144,1247,586,2241,3087,4949,2921,5732,3677,8320,7897,7226,5006,2825,4895,6216,5123,4561,1449,1821,8907,5628,8960,2249,8404,3624,9027,1046,4036,1592,8615,2362,6608,6048,2668,3328,152,5683,23,2060,7769,9183,1164,9258,608,3890,6303,2000,6581,2486,9362,2074,4085,3956,4291,1655,9465,4671,2218,3023,893,5382,161,8130,8086,3076,8421,3528,1139,1830,3895,9626,164,4201,3299,9723,2538,9826,7510,6869,5336,9958,7206
6888,5418,5237,5586,7528,2227,2331,6258,3334,6671,7196,8066,6555,7312,7208,7282,7927,5754,2779,242,5909,3324,6120,6901,6549,5246,6311,8113,4582,634,4650,6137,5643,2679,4719,1898,2294,8908,6111,5534,117,4625,2088,9028,365,3935,299,6186,971,1647,3225,5671,1033,88,2718,317,1352,8171,9184,198,6979,2572,5473,7496,3017,5469,4312,9363,7448,3410,6854,5026,1917,9466,8185,1368,7092,6410,7214,303,8640,9549,6425,7919,7696,801,4221,2489,9627,369,1804,7018,9724,6108,9827,8424,7829,6332,9959,6578
8137,8377,6936,6880,8698,4623,2498,8233,3603,5594,8433,8279,6566,4052,8754,8571,8318,8579,1246,1369,889,1332,4138,3108,8784,8786,6933,8812,1906,796,7091,8820,8827,2349,8844,6351,5308,8909,7519,7885,174,8011,283,9029,577,1342,395,9097,1772,6087,5838,5914,1058,310,2914,1016,2790,8153,9185,331,8626,556,3679,9299,653,7992,3150,9364,8631,3871,7417,4453,1955,9467,9509,831,7180,8022,1648,171,8458,9550,5607,5806,5579,778,9565,4253,9628,2307,3462,8024,9725,8308,9828,9871,9893,5871,9960,6365
1581,1874,4147,2087,7668,734,5905,3930,5479,8313,7008,6279,6144,7383,7734,6062,7090,3137,1881,929,5149,3946,4903,2887,5494,3271,8790,7219,7970,5954,2492,7373,4275,5766,1593,2603,5154,8910,5815,8121,501,8054,3570,9030,378,3232,1322,9098,1360,7823,6315,1001,5467,200,6094,78,6153,9122,9186,1223,9259,21,5460,3568,6300,5752,3918,9365,1399,2885,6934,6821,3569,9468,6823,5770,2298,1320,7731,234,8175,7482,5096,7181,3046,558,3148,1823,9629,1337,4913,5470,9726,1863,9829,7791,9894,5575,9961,7527
7486,1168,6440,2980,5907,1178,7401,5471,5846,6051,7455,7456,6567,6481,7849,7264,4427,7672,2445,502,3212,2810,3142,5289,6956,5099,3519,4972,7616,5055,2267,8821,6700,5496,2225,4590,5173,8911,5316,8961,489,8292,3775,9031,590,4082,487,8346,1920,1642,1603,3831,5019,260,4401,1847,5143,9123,9187,1517,9260,121,1458,4642,4200,2671,4805,9366,5405,1169,4904,6401,4429,9469,4305,2410,1578,5714,5383,525,7041,7386,6029,3765,3637,863,7809,302,9630,1459,571,4134,9727,2346,9830,7526,5930,3387,9962,4639
6277,6200,5845,4478,8699,3563,4656,3486,3722,7646,2937,1713,3805,1185,6417,6645,3506,4242,4031,1460,2540,2280,3647,3728,5290,4825,4484,5533,7592,348,3199,3975,5319,2059,6457,3313,3610,8912,3671,6333,415,6600,1142,9032,1983,1160,3585,3329,4454,3579,1513,1324,5946,2753,2321,1403,2310,7824,9188,3161,8627,749,6794,3088,1308,3554,1570,9367,4792,6839,3368,3314,3422,9470,3415,406,4558,6165,754,4977,4880,3504,3209,7827,3807,2419,1542,1816,9631,1478,1037,2220,8227,4776,7679,6275,7061,3198,9963,4006
7894,1307,7514,4690,8430,4430,3934,8234,3399,3540,4927,8564,7797,4765,8755,8772,6482,8487,1681,1562,7968,3773,7945,5627,5438,7360,8207,8813,6904,4001,8288,8117,7709,3430,8845,3020,7057,8913,8400,7886,246,6346,130,9033,3754,628,488,9099,2332,6744,1172,4780,1991,418,2866,1049,1611,7621,9189,1288,8410,1885,4746,9300,495,3542,1683,9368,8173,7240,6534,4353,1571,9471,4033,897,8637,6776,650,803,9525,9551,6577,3598,3698,210,8466,4013,9632,32,1254,2708,9728,8093,9831,8543,9895,3208,9964,7644
6000,5217,6662,5757,8138,5475,5601,6948,4396,5003,7913,8734,4174,7336,8756,8163,8143,8107,949,923,2078,1338,2736,7868,8002,7301,8321,8254,6648,2495,8073,8495,8398,2070,8846,6356,6497,8914,7329,8962,96,6970,1188,9034,640,1143,1260,9100,2512,8241,6592,3247,2971,409,4651,62,3684,7675,9190,350,9261,387,4449,7191,443,5412,2155,9369,4957,4495,5162,1926,1534,9472,6038,1663,3196,6583,1031,526,8641,8646,6020,5261,4346,612,4299,2156,9633,664,2392,3255,9729,8158,9832,9872,9896,4286,9965,8272
6579,3654,5570,5278,8700,3751,5245,6717,4422,4388,7281,6964,5218,7299,7914,7925,7055,5105,1883,226,4787,4297,4952,8051,7655,4864,7706,8814,7395,1767,5354,8005,7517,3230,4192,4803,3039,8915,7290,7112,37,8293,1389,9035,660,5051,659,9101,1127,4838,4562,3682,1528,279,4160,97,2303,7973,9191,439,8512,939,5259,7397,802,5507,983,9370,4605,4851,5636,1543,1222,9473,6255,1485,6096,5941,4296,429,8084,9552,5138,8089,6077,610,1285,4341,9634,813,1907,6404,9730,6594,9833,9873,8426,5614,9966,8375
4426,2612,3737,7054,7982,4056,4416,4010,4497,5235,6082,7502,4691,4431,6502,7591,4191,6294,2234,1267,2079,844,4182,3595,5787,5516,7370,4030,6958,2124,5572,3681,3347,2142,5938,3152,996,8916,5198,8610,162,7837,2258,9036,3234,3981,1244,9102,1866,2858,5207,3755,3210,561,3327,159,2683,7690,9192,445,9262,2487,5623,6241,1976,4828,4002,9371,4942,6195,2192,5147,486,9474,6123,3532,5344,3153,3527,1170,6414,7293,4125,8370,5420,397,521,793,9635,56,4127,5068,9731,3726,9834,7399,7980,4079,9967,6557
5652,5016,6473,5779,8553,6678,4119,6621,4155,7795,4862,8565,6574,3988,8757,7800,7064,2247,512,3089,3978,1582,1412,5011,5616,5634,8791,8325,6326,5043,5159,8258,6837,678,5631,5184,5497,8917,3297,8053,1237,4898,1986,9037,810,2149,4442,8503,5984,1265,5864,4855,3026,832,4807,64,3558,7537,9193,177,9263,2335,1966,4072,629,6991,2657,9372,2130,2792,2762,3780,1933,9475,5730,4735,5684,5062,1473,1515,5840,7483,5009,2279,2501,964,6974,1301,9636,79,1097,1747,9732,2936,9835,7105,7577,2033,9968,6460
7794,827,5428,2327,7896,1104,3961,4988,6507,8314,6663,8735,7671,2470,8758,8773,8485,8035,2745,926,8000,4940,8036,5968,8108,6569,5765,8815,7617,2583,8004,8259,8335,1022,8847,3184,6345,8918,8075,7990,828,6113,1771,9038,456,2606,1292,9103,5521,4812,2436,6433,1315,497,5940,212,3162,6708,9194,566,9264,453,3081,8414,843,4658,7714,9373,7716,1382,3858,5994,1215,9476,8020,614,3316,6618,1433,360,7905,8647,7497,3411,4024,1044,9566,5404,9637,576,618,5651,9733,6536,9836,5860,9897,4278,9969,4594
3911,6842,4679,6221,8139,901,4568,3404,2482,5182,4613,4867,3102,5740,6800,6063,5372,4039,3586,1646,1135,1334,3493,2391,2900,3801,7880,3341,7265,2469,2740,1669,2726,3035,6375,2998,4383,8919,995,5821,2162,7588,1278,9039,4387,960,3997,5225,3285,3902,2947,3662,4669,3507,2308,1374,3721,4712,9195,2693,7713,2822,3119,2989,2367,1553,2203,9374,5477,2127,2233,3027,4114,9477,4390,2020,4067,896,3578,2024,4055,5056,2595,4598,3648,2171,687,1800,9638,1622,1193,4271,6727,1608,9837,5139,3740,1064,9970,4612
1890,1109,6548,1511,7996,2168,805,1714,4276,1106,2112,4699,3862,5219,7966,8572,5465,5205,2468,3881,4534,3356,3296,4441,5339,3488,4788,5030,8040,2873,4527,6771,2475,1796,7186,3820,5964,8920,3074,4244,3370,6556,349,9040,4551,358,2847,7933,4476,1579,5622,3693,2389,3724,1447,2895,4520,3710,9196,1361,9265,2134,6838,7126,1781,4335,2579,9375,6369,4887,6576,2776,5817,9478,2064,797,4637,6825,736,2544,7937,6166,3587,1848,2973,701,5804,2782,9639,6,2744,5257,9734,6039,9838,7757,5137,1408,9971,5982
4982,633,4698,3618,8476,3912,6441,5863,3970,7076,7166,7878,4254,4516,6354,7488,3734,6222,7340,1719,966,4692,5540,1806,7423,5194,8586,6706,7562,5669,2386,8331,4666,2328,5546,2541,5988,8921,4926,7598,3932,6712,3739,9041,4370,1462,232,3633,5186,5920,718,3192,1415,1632,795,116,1496,5768,9197,2607,6962,5231,7269,3302,3065,2364,425,9376,4829,4702,1640,2507,47,9479,4162,6322,6886,5118,5858,599,6411,6669,2992,6856,2120,1594,4782,2440,9640,122,1915,5277,9735,1456,9839,6521,5413,3251,9972,6486
3920,410,4901,2293,8701,3158,2748,5504,4577,8711,3638,7421,5005,4365,7760,7392,6184,5037,3005,2085,1835,2437,1931,3383,2497,3336,8110,6430,7533,4925,3940,5855,5206,4579,2329,2044,2924,8922,4874,7951,1679,7275,4143,9042,1911,3025,2769,9104,3489,1722,3101,1785,1380,74,2212,92,6601,7470,9198,1984,9266,1682,2623,8415,3022,572,3045,9377,6234,3833,4722,5425,2028,9480,6657,3252,2139,2344,4344,1961,2995,8367,2012,4912,6564,1003,6229,2729,9641,124,2219,1970,9736,1255,9840,7044,5351,3822,9973,3319
4222,5288,5867,2632,8247,3924,3300,4660,4573,8099,1937,2879,1218,5500,6644,4023,2252,5054,3348,4334,830,1639,4629,705,4849,3691,6789,3062,7175,4686,5699,6251,451,6168,5912,2313,5018,8923,3185,7013,3513,7330,2236,9043,2115,2047,4822,2066,3376,2617,3573,2977,3484,3129,2884,1749,6285,4910,9199,1221,9267,4461,4920,5101,170,2889,1306,9378,3276,2161,5044,4571,3067,9481,1045,2256,4602,3127,1857,2454,5619,4179,2677,4374,4795,2091,1591,2178,8654,68,4168,2314,9737,3510,9841,6620,6415,856,9974,2560
3664,3667,4744,4073,8702,3128,1988,6468,4349,5315,5408,6259,5791,4549,6080,5626,7078,5615,990,390,7034,4728,7703,3240,4350,4156,7287,8816,7371,1842,3135,5430,7412,6169,2194,1769,854,8924,7899,7736,120,7415,1947,9044,2856,5553,1507,9105,517,5910,4448,6152,3652,138,4617,107,879,7291,9200,2916,7254,5249,4019,7991,1891,2549,3531,9379,7015,7977,7660,4905,2290,9482,6754,143,5345,1852,4707,112,8642,9553,4345,8371,5580,1275,672,2373,9642,141,2888,4821,9738,5819,9842,7906,6797,7005,9975,8471
5778,4619,4025,3626,5801,1686,4796,1938,2681,8712,7088,5681,4071,5745,8759,4323,6986,3947,6646,1480,1344,1845,5095,2114,3069,4981,5386,7881,5440,731,5403,8332,3180,3307,4552,4280,5130,8925,5932,7139,1107,7202,479,9045,719,591,1808,7609,5798,2713,5889,1364,2455,2439,3478,2029,6998,5214,9201,394,9268,292,3859,7565,371,5721,380,9380,4237,2584,5782,3344,4530,9483,4098,314,2046,6010,1695,1299,5573,7574,3564,3650,7485,1993,3295,4456,9643,3959,3985,3349,9739,3676,9843,3605,7019,3133,9976,6141
8196,2262,4434,6501,6691,2371,6175,5306,6526,7260,4512,4333,2933,4062,3884,6748,5362,6191,3873,2886,3699,655,790,3405,4560,4268,5803,5439,5902,947,2354,7595,4970,2050,7213,4232,4591,8926,3702,5271,262,4112,2949,9046,1577,2865,4360,6571,4979,5423,914,2467,766,3516,2152,1370,7407,2697,9202,313,9269,213,4104,7890,3640,4958,557,9381,6641,1313,862,5789,1467,9484,6134,3853,3379,1601,6089,2905,6362,8462,3156,6610,6631,2648,6097,1518,9644,1205,2535,5598,9740,5427,9844,5036,5215,1067,9977,2269
5305,1463,5983,2920,7170,3412,5922,7108,5450,5325,5004,7262,6622,7965,8760,8573,4115,7209,1155,98,6085,3375,5854,1339,3442,5548,7066,7764,7572,5720,3500,6940,7596,5710,7857,1371,3753,8927,4997,8401,2587,7347,771,9047,6065,819,490,9106,1596,7620,3905,4752,2622,607,3964,252,1637,8079,9203,3063,8411,1617,4330,7309,2007,6095,203,9382,7638,6266,6740,6907,1634,9485,4124,2366,5650,3551,372,265,8195,8087,3393,5304,4206,370,7603,3741,9645,9,3125,2684,9741,5417,9845,8229,7257,3011,9978,6729
8545,5943,3665,6267,8703,1900,7245,2801,5559,5744,7531,7684,1689,1631,8385,5978,5658,3723,7033,5876,878,4227,4557,761,7248,7946,6212,7314,3623,386,2803,8211,3678,2170,3692,5241,6103,8928,8949,8340,1759,2045,2379,9048,251,89,7463,9107,3066,2630,4488,1643,3653,6224,1867,5388,5445,1506,9204,285,6922,156,3167,6783,555,2805,99,9383,6075,509,4870,5066,5300,9486,8047,476,4866,7028,1658,6511,6785,6058,3713,3392,6274,5081,3118,2199,9646,2049,3651,6306,9742,4209,9846,5698,8373,4914,9979,4768
4008,5874,3703,6946,7568,3616,728,2975,2984,2144,6157,2561,3763,1252,7798,4876,2931,2649,2122,4215,1405,4029,3989,3098,5076,3320,3029,3971,7782,1755,5751,5495,2333,3521,2289,3114,5200,8929,2365,5251,708,6194,4745,9049,2666,2956,4621,7446,962,3406,5015,2775,1864,3439,2946,1809,1257,5966,9205,1073,6271,1159,4021,6150,4490,3345,1200,9384,6393,5459,4220,2306,2951,9487,5713,1612,1118,2055,2910,1492,3030,6359,2604,7408,7163,2449,1924,2136,8532,915,3018,2853,9743,3948,9847,4724,4169,1009,9980,3747
4109,4420,2300,3742,7107,2285,5718,1071,4287,6891,4873,5952,2312,4737,7326,1964,3229,2935,1006,2806,4164,2543,2319,3597,3546,3619,3814,4180,7593,1196,5151,5761,2011,6312,6181,3607,3164,8930,2650,6213,201,7203,3854,9050,3875,3388,1764,6319,2009,617,4097,3338,4616,1928,3204,208,6420,3238,9206,2619,9270,3967,5955,3366,5126,3293,1141,9385,4064,3574,3117,2415,5320,9488,3183,4764,216,3772,4606,550,1723,4761,4204,6925,3432,3206,2172,2348,9647,478,4014,4504,9744,1406,9848,5958,4725,4070,9981,3397
5700,7074,4627,5734,8554,5892,3136,2878,1717,1203,4842,4749,5481,5263,5493,3954,5960,6309,642,5238,2080,1319,3116,273,4513,3874,6429,7289,4317,2456,1491,3599,3084,4351,7805,2209,4472,8931,1734,7140,585,5589,632,9051,3625,2343,5330,4489,3673,1525,2004,2251,4953,1199,602,343,7447,7902,9207,870,9271,3467,5089,3968,4648,2368,2742,8628,2428,5509,5272,5302,6935,9489,1860,5375,1934,2701,5935,5818,5538,3949,1343,7566,4987,2761,1705,2421,9648,656,4710,3364,9745,3243,9849,2187,6183,3216,9982,5949
7381,2003,6523,5098,6072,4754,6416,7096,5724,5505,4315,8031,7133,8434,8280,8774,6758,8783,882,417,6711,402,2340,5796,4649,7687,8180,8395,6489,3246,7804,8599,5836,4885,7917,2510,3811,8932,7806,8963,72,7331,300,9052,4827,714,1565,8264,1869,4833,2229,2883,1908,190,4533,408,2948,7622,9208,898,9272,1990,2384,7725,1300,3509,2638,9386,7464,6656,7427,7320,2972,9490,5590,1697,7825,7693,641,973,9526,9554,6584,1670,6125,596,8467,3800,9649,29,2452,2615,9746,7664,9850,7792,7072,2643,9983,4473
4747,5967,5322,7001,7590,3843,3038,7369,5324,7171,7467,7198,4824,3835,8761,6732,3851,6385,1362,1979,2197,738,2894,6018,5666,4386,8167,7986,4684,917,6562,7508,7025,1965,8238,4197,4528,8933,4966,7952,39,5991,951,9053,340,1241,4310,9108,2892,6978,7267,4681,1034,601,2083,2,3106,9124,9209,280,9273,958,2398,7891,735,6543,2037,9387,7048,3311,5309,1871,2891,9491,7366,1426,6545,5569,3024,1227,7993,8245,4205,4273,3690,1040,9567,3176,9650,565,4028,5283,9747,7437,9851,7086,6878,5145,9984,6670
7720,7216,7194,6976,8704,3544,3451,7626,4469,5834,8717,7759,5456,3502,8482,8574,6052,7548,1349,1641,1302,1331,3441,5525,8095,6995,7560,8817,4771,903,7023,7648,8336,2278,8603,5645,5155,8934,6317,7767,16,6295,760,9054,491,976,2465,9109,2326,9118,8194,3926,1230,383,2915,10,2875,8621,9210,291,9274,538,2909,9301,648,7934,1878,9388,7727,2448,5799,2707,2864,9492,8360,868,6296,6323,1879,1043,9527,9555,5841,4808,6155,857,9568,3495,9651,1093,2755,7043,9748,9767,9852,7418,8666,5243,9985,7207
2356,6500,3317,4555,8705,2987,5419,4145,3716,7097,5050,2811,1210,3340,4641,7247,3536,5852,2324,1537,3892,31,2511,3270,4883,3134,6092,2926,7583,3155,5134,5835,2283,5945,5562,1121,3202,8935,3566,5726,2425,2917,3139,9055,821,940,140,3274,4859,697,4340,1303,4734,4968,3165,1047,7972,5295,9211,3241,9275,4198,3219,3120,4451,2820,4592,9389,6456,4706,1919,2514,7127,9493,6477,5640,2635,3797,4652,4328,5948,980,3491,7294,2431,965,8,3050,8655,2042,5673,3013,9749,3674,8660,6983,7118,1858,9986,6173
8472,5558,6206,7132,8555,6283,5753,7109,3508,3214,8277,8736,6073,5662,8762,8441,7761,8488,1081,2058,1609,505,3487,7433,8445,7656,7561,8818,4614,1411,4984,7783,7820,1630,8239,5969,3470,8936,6997,6725,325,5131,682,9056,2071,1899,1676,9110,2407,6008,2462,7037,1179,405,7038,103,2463,7253,9212,695,9276,1452,3955,9302,649,5813,4915,9390,8632,5052,4470,1981,1154,9494,7027,1162,8174,6867,1468,787,7843,8023,3784,6512,5492,407,2843,1077,9652,137,2422,4881,9750,8536,9853,7071,9898,4810,9987,7681
4645,6661,2835,7453,8706,3190,3646,1605,2813,3448,6211,1414,2719,5785,4381,1457,6685,5501,1138,3070,5059,4223,3901,5385,3796,1145,7459,6316,4585,1105,2069,3256,3403,6161,4772,461,3960,8937,5191,6128,35,1512,4283,9057,2800,675,2086,4084,422,1892,6208,4798,5543,604,4929,605,1079,1236,9213,2542,4563,1801,7276,8046,6542,1266,3803,9391,7049,6394,3059,6254,4935,9495,6982,2292,5617,7352,5677,531,6424,6963,3791,6203,3436,3994,3458,938,9653,5267,5697,5187,9751,6139,9854,7875,7164,4603,9988,3160
8197,1941,3384,7223,7075,2224,3253,7877,7354,7020,8203,8737,6034,4474,8386,8775,8779,8489,2238,516,1263,2529,7110,3825,8003,8582,5953,8493,6413,1316,6873,8822,4485,2173,8848,7138,7710,8938,7520,8964,114,6314,421,9058,3051,440,334,9111,3561,7689,2305,6214,1477,1274,6347,1889,3819,6735,9214,1015,9277,583,2222,9303,1086,6897,5260,9392,7426,4436,2654,1807,1470,9496,8635,775,3942,6535,278,175,8523,8526,7776,3450,6235,743,8653,4167,9654,219,3480,8533,9752,7665,9855,7576,9899,4900,9989,3906
3789,458,6390,2146,8707,134,2026,1030,2597,7627,7077,8250,2429,3675,8102,8282,6704,6814,5750,1725,504,3233,5760,6851,7550,3922,5410,8326,8255,6791,1523,6950,4101,3512,1969,1385,5829,8939,5498,8965,4048,7953,4739,9059,205,3743,814,8616,2727,6464,1793,5748,1084,493,1435,433,2692,8014,9215,2255,9278,899,4042,7521,6368,2347,5536,9393,7039,1367,6650,4245,2938,9497,6768,3008,2787,6228,8224,686,3836,6288,5866,7295,1770,1757,8531,1555,9655,3083,1733,6546,9753,2054,9856,7368,6826,4888,9990,5204
7062,2826,5013,6405,5692,3804,6098,4704,3236,4974,3798,7022,2644,4683,6910,6064,5293,3687,1137,2609,1614,885,2656,3844,5112,3720,4569,1662,4884,3672,2505,6298,3577,5355,1922,1674,1504,8940,4716,7768,326,7187,4044,9060,4536,2259,4304,5939,1013,3109,1531,1529,5865,135,1627,66,5230,7471,9216,2183,9279,4318,3427,3735,6774,3435,690,9394,5073,7522,3882,3794,3771,9498,3261,4572,3629,4455,6573,1918,5165,5981,2084,5211,4106,994,1072,2903,9656,726,3140,2164,9754,1884,9857,4841,6439,3929,9991,4274
7487,4238,5862,7614,8708,1950,2250,4599,3987,7501,7544,5437,5168,5463,6813,7801,4741,4263,1998,1373,3454,2724,2641,3372,5379,6281,4153,6392,7124,667,4848,7345,4609,6739,6701,984,3047,8941,3342,6233,338,6987,119,9061,4284,985,782,5870,1520,2647,1773,2288,1311,367,2237,1960,1487,7859,9217,859,7495,1736,3361,2157,2715,5998,2191,9395,2372,5276,858,5313,6377,9499,4322,523,4861,6330,1939,3043,5364,5280,4708,5432,6050,2628,2923,3250,9657,3428,4554,4943,8658,2056,9858,5086,2401,5262,9992,5826
3992,8062,5915,5196,8556,2051,2008,7236,1862,3846,8064,7503,3326,7833,7134,7581,7851,7835,1363,524,2043,2530,2941,5659,6882,6575,8792,8449,6136,496,7083,6449,5644,7201,4701,4646,4506,8942,6232,7737,250,8452,457,9062,645,1007,1547,9112,647,4443,5937,5368,1245,1181,2863,65,1887,8296,9218,768,9280,820,5374,8128,1557,6445,1387,9396,8518,8633,7231,3104,3105,9500,6551,788,6908,2896,3848,1025,6472,8419,6395,8650,5842,745,5435,5132,9658,622,6721,7242,9755,6105,9859,8028,6383,3346,9993,6372
6373,7335,2605,5717,8709,5002,4580,5719,1163,1696,7580,5794,5959,5028,8251,7283,7184,7582,2092,1519,1999,1833,1446,1750,2244,6374,8208,8192,6231,1130,4767,2496,6759,7026,2730,4203,1401,8943,1774,8341,346,6921,75,9063,852,1225,1903,7014,850,839,4839,5452,739,1727,3840,1347,1290,7332,9219,1837,9281,1493,3288,5933,3878,3145,4643,9397,5585,4285,6154,6694,4306,9501,7310,1066,5226,6066,4069,724,6973,7844,4546,7678,4540,379,3760,3054,9659,4791,4364,5090,9756,5213,7642,7865,5273,5657,9994,6040
5653,1560,5599,1416,8557,750,1005,1454,6603,6353,2939,7815,5027,1672,6508,8105,2859,7339,2154,927,5029,1620,5129,4385,6297,4950,6408,7056,7948,3144,6475,6605,6638,2432,1929,4463,2441,8944,5072,7711,1388,6591,1888,9064,2515,3845,5670,5110,4945,4130,6055,3838,1021,1119,4537,211,4004,6896,9220,3792,8297,1739,3941,5563,880,3466,4348,9398,3991,3291,3738,5554,2390,9502,7661,1176,3490,2352,1494,908,5060,8057,1951,6519,7042,1742,1659,3149,9660,223,4289,3849,9757,1488,9860,2545,3842,2504,9995,4611
3750,3112,2568,4356,7961,3245,2768,467,997,3358,6158,5400,5236,3353,6178,6428,3449,3019,5532,1128,1516,1849,3264,4696,3096,2771,7571,6301,3178,1096,5284,4962,3582,2119,4068,2747,3993,8945,3424,4897,2608,5178,2550,9065,1701,2381,2478,6988,5048,4675,4532,1766,3533,2981,1618,941,5371,5993,9221,1799,9282,1587,5369,6628,3899,4486,1905,9399,6818,6668,4998,4128,1798,9503,4092,1024,1580,4865,1202,1465,5279,5668,4452,7060,5539,2479,5831,730,9661,43,1902,5148,9758,4320,9861,5890,2809,2072,9996,2111
5337,1167,2857,2970,6177,3593,6947,6890,5377,8381,6559,7670,5602,7010,7032,7284,6119,4766,1768,412,4628,1136,4955,1778,5961,4933,8793,7673,6442,4806,5820,6270,4964,2416,8261,1945,6024,8946,2485,8966,282,7317,3613,9066,4240,2961,1226,9113,4886,6960,6666,3267,1600,153,3621,85,2979,6693,9222,798,9283,546,3284,5091,1573,5001,2706,9400,3787,5976,1818,4959,469,9504,5020,5705,5597,6342,2062,481,4337,8131,3423,7641,4695,808,2567,2041,9662,52,3060,2688,9759,6786,9862,6810,6909,2571,9997,7006
3548,4759,4034,4947,8558,4748,3201,5103,2539,7962,6514,6709,5901,7653,7984,5944,5560,7817,1056,883,3606,1812,2165,2908,4785,3908,8794,8114,5033,2417,5484,4570,6160,3560,6765,1651,2953,8947,4667,8499,374,8343,895,9067,1666,3408,804,9114,1953,5331,4233,4717,1273,55,2927,14,2471,7974,9223,26,9284,2851,4521,6923,1694,4252,3330,9401,6484,7728,4697,3634,1270,9505,6438,3228,4755,3731,6380,475,6363,8648,4380,7743,4214,811,3154,3453,9663,70,3928,3007,9760,5557,9863,7389,8133,4256,9998,6030
4477,6210,2919,6513,7876,2678,4640,1103,3868,6027,5576,5390,4863,5224,6871,2652,4159,2613,1268,4505,1779,1975,3211,1776,5071,2831,7344,4309,6913,2906,4538,3777,2201,4435,4687,3331,2286,8948,3952,6458,1654,7492,3861,9068,3594,1348,2670,3785,2109,942,2791,2036,3053,3292,2890,181,6686,5333,9224,3481,8412,2260,5163,5711,4670,3079,1532,9402,5282,4890,2453,316,3883,9506,2169,2704,1564,2500,2261,2848,3588,2962,1355,5394,5106,1450,3590,2518,9664,1652,1633,3151,9761,2793,8423,4058,2836,1982,9999,1173
