0.279887088164629	0.372093628492453
0.312766161133001	0.377122892410024
0.244810559089574	0.246115136097655
0.373513818317451	0.391643550919495
0.0919077084841086	0.13755761280874
0.142694512142076	0.169465885747397
0.00209778891757657	0.00684931919789681
0.178108666916655	0.159715560127278
-0.00118276861152984	0.00972119301496331
0.389635964059562	0.274755685153703
0.0549931746744653	0.0202956830350837
0.164081248408097	0.0936293608650391
0.417910194932269	0.394612121311845
0.177897782668587	0.202769505492129
0.00609524789749651	0.0312818560128127
0.0129249370194515	0.0451449444771583
0.249880648569374	0.302483870555064
0.289355395295921	0.373133790593541
0.29053693902564	0.33474410641147
0.298002512320128	0.383325014742151
0.0608129401417048	0.0758045266251246
0.383256293033607	0.347700117837201
0.0178979554369429	0.0343049390439732
0.330920809133608	0.324209133650325
0.299496312819389	0.349954937669974
0.386390806127333	0.394431822438036
0.242403243946349	0.335984142399934
0.0689042255284326	0.0791152563297291
0.275058579795763	0.367049128348009
0.0557063043883296	0.0760920934346934
0.360881764229682	0.354599567261502
0.0104407772947527	0.0211581192330982
0.342640037875753	0.376389641744821
0.0776727765511098	0.1553369216382
0.28436478465262	0.215228340648034
0.269994980597839	0.298233760352431
0.108100493403258	0.0765796217960073
0.348419826618327	0.388356906766962
0.370400578556893	0.371126513125748
0.415316420281518	0.384009617841102
0.231216594257874	0.272593021884445
0.0109145698146878	0.024389285046619
0.0330134959901629	0.0500097056163327
0.349766458620128	0.386193330936373
0.264262680206318	0.366818956918113
0.306209307679621	0.371064351118427
0.387638677204906	0.390612276817746
0.050449966016458	0.0322455515865313
0.0416592441353575	0.0330912346018317
0.0860496381955982	0.0740464651663631
0.345530614004789	0.355768222931456
0.411766728921354	0.391366143483595
0.376896029555176	0.390738537610467
0.0645601745056682	0.0707687131164415
0.360359640056591	0.38818481848792
0.365632782370863	0.380649938463379
0.0856532411359637	0.107332400185631
0.156149023651897	0.0888931412981263
0.242771142618653	0.285233802413537
0.284388161208676	0.36585551349087
0.215562272186293	0.205920637502079
0.18537682894914	0.212085836640028
0.00582403724935669	0.0134818457598002
0.0836187150303972	0.0781253219414483
0.202281195132286	0.179987529649298
0.387744762889024	0.392059251526356
0.0501950012730906	0.0834231636604332
0.0113144158011857	0.011994389414472
0.307178354328171	0.322318834238929
0.377403817449143	0.297885541130078
0.244790359642232	0.356562366684503
0.0380062936024236	0.0185546713019255
0.383916456187232	0.385203855455942
0.045094178268819	0.0823284200516112
0.0158133033665199	0.0247337918425404
0.26790034012289	0.253108980664088
0.0838439550887443	0.0318196171562232
0.339356473526098	0.362876049833525
0.248869953400321	0.370520893824863
0.199338944676312	0.343384167998949
0.00545757661187829	0.0128041228372451
0.0846751237095071	0.151792699473119
0.250758666328706	0.281028877375449
0.0441074904870522	0.0476540365066597
0.286041929571909	0.365402953771625
0.321878369395199	0.324915220451119
0.348167202989499	0.373460859105694
0.360340933804416	0.380959631203795
0.40009699309992	0.388364755131285
0.0126228154084984	0.0141903613438951
0.0190637123748213	0.035569904956664
0.0491102245913423	0.0466280698877257
0.326260971047951	0.305515415820754
0.0670996465588976	0.0710667579920553
0.294387740182407	0.239443695753674
0.297754618898525	0.301858414541484
0.28537936358302	0.364267436072827
0.0339417880216126	0.0326000895789049
0.00976391466226135	0.0300586874560265
0.00148882808753426	0.00601478325623624
