-0.962355752647663	1.2650851407334
-0.723251152980152	0.927906815358683
-1.93789394071585	2.38408270971065
-1.4696097854161	1.74779222089201
-0.364359981452182	0.532595456908316
-1.91798354103581	2.43626119379125
-1.56072757585188	1.94484069703625
-1.38290564674149	1.62285915435589
-2.21693866448113	2.65595396839851
-0.779117736755821	0.943093501631521
-1.21556187428088	1.39357046928205
-0.556264419803333	0.826166856920305
-0.758835166460492	1.05911211828367
-1.09187450156102	1.41797813170762
-0.707966019957277	0.811128400046891
-0.963402919376055	1.20439410221988
-1.77549324094294	2.23029589387968
-0.945358819151251	1.11348179268316
-1.1718037296834	1.39468196550455
-1.68903891200861	1.93258192427286
-0.695025980700044	0.939865728044432
-0.696706609370166	1.04389546733369
-1.5459836474163	1.84737170038785
-1.52158450241085	1.74085756775794
-2.01111640274943	2.4860173320801
-2.03009427903202	2.51509166966279
-0.968082338155077	1.27016509665982
-1.65690664858692	2.03235031431151
-0.39809639179287	0.560925310367739
-0.0513471494861931	0.222760430930288
-0.873451655777619	1.21350454688574
-1.23890376561354	1.54561984115132
-2.24972991473294	2.77668631476181
-0.890070555985382	1.19528158396418
-0.689393544981875	0.944604335821198
-0.819060915278253	1.11090007414124
-2.00722265406391	2.43117226592964
-0.139962203077153	0.150930330626749
-2.24384901572279	2.68220250479135
-0.907550580883733	1.08995983540044
-2.1623207804166	2.61694501359147
-0.311791546955121	0.376924730639697
-1.83055513487097	2.21584281488637
-0.163224496050211	0.188360769491204
-0.386114377453772	0.536029942928204
-2.09607669135263	2.41914580240116
-0.891493518661698	1.05930055421235
-0.731328275414148	0.829790563313487
-1.51249413599949	1.87090410429739
-1.54402117897982	1.95042331145706
-0.50535248016342	0.747688317963492
-1.96161279399336	2.3188236147179
-1.26237721387588	1.57113280822203
-1.33582729988739	1.71087541693399
-1.9664662512553	2.35152793658672
-1.79354606048312	2.23973538744936
-0.666285126071766	0.863175092041117
-0.172830635780659	0.291057752067913
-0.169422661464191	0.192563730140952
-2.17322879703444	2.63109417126685
-0.19389142263036	0.246088051355287
-0.390413811069782	0.582339561169087
-0.942915231748132	1.14520758100406
-1.50264669087715	1.88382418035874
-0.582289123010096	0.815466998143707
-1.88197249110769	2.19412511093867
-0.188786044036666	0.276220313088349
-0.265565026143649	0.277161507504033
-0.874060713199846	1.06977936795189
-0.188388281877856	0.262168274826904
-2.11347354374633	2.62218775404807
-0.961404298402046	1.20692370355313
-0.713551810003844	0.913559759748607
-0.169009755095764	0.194732307221076
-1.19327997266269	1.51073889098832
-0.177570837771779	0.255065782547987
-1.96899781707005	2.42744073321945
-1.51219330742175	1.91391669079121
-0.941346830282471	1.1250445651886
-1.39237963725534	1.62219849448342
-1.42504799621918	1.74949232487623
-0.895564865714674	1.15889442574516
-2.19931297452073	2.63801025531116
-0.198815930626698	0.302105922927919
-1.4625440194801	1.69191087852056
-1.45855501512144	1.76014431627003
-0.481290327488152	0.468148372927961
-1.87737132360562	2.28708745471157
-0.294331334578056	0.346148806632961
-2.06691728415436	2.56259998516982
-2.18251513668008	2.62993338908607
-2.1621393222072	2.57567577632146
-0.22225312359367	0.251688018709142
-1.63283473148914	2.00649052366766
-0.242926535910672	0.285785116597138
-1.69057861745197	2.13421795709513
-1.71191406494995	2.06531713548219
-2.11449862132067	2.55165190328707
-0.135015773824088	0.147963090835074
-1.84391863817079	2.30115245301445
