0.0794070170161793	0.0685360537361246
0.3528608794277	0.351987896263446
0.343687152437276	0.354725898017173
0.0573737472995273	0.0456173061690426
0.245514640375376	0.194178241329851
0.0375171152222057	0.133767141804277
0.213541084990588	0.268330393893012
0.38313274084278	0.282190008222669
0.413467727778451	0.368110223585921
0.211730086362652	0.259816322819392
0.000443998101954076	0.000481923539491095
0.322671407406487	0.293247713599855
0.369084763637119	0.365719018314873
0.414031619261055	0.329006720984793
0.452321447131327	0.368457651672623
0.021193530816569	0.0366155453261015
0.444275637480854	0.360684310628081
0.030886613297133	0.0251496712345519
0.421832330443529	0.370804260430796
0.299717361329472	0.255575907289325
0.426627291843321	0.363826284720233
-0.00569637874623237	0.0250999752835536
0.0827226103760612	0.0640955452327455
0.204454823250319	0.198254648330462
0.0196393458262902	0.019764436613645
0.458172948263415	0.365439431207618
0.354259377314578	0.315830786046307
0.0196283168512935	0.0300616563616234
0.27328735750313	0.24114426060625
0.328375771870654	0.341900923162078
0.353844313291418	0.345920608119654
0.0229298473244479	0.021254340794625
0.157883591447057	0.110931815035085
0.260917328229347	0.160578783295279
0.0724101149787779	0.145089900102233
0.38998452858378	0.313917138111312
0.0214759662191137	0.0167990973879486
0.284658526313125	0.261442563934108
0.345534648869033	0.330433231162168
0.335391298708184	0.364896293566877
0.109021128524989	0.114145563527003
0.372798115512958	0.363402969880019
0.379249221353821	0.364993125974719
0.0764872481301859	0.102675676011805
0.342018963278498	0.325708645199377
0.391328042441103	0.338459513435588
0.00894942779584681	0.00448670056837959
0.36018551411319	0.308737015096841
0.342414581950305	0.276981531515045
0.295797084510615	0.291607863512015
0.364527532291944	0.312434014142717
0.227255115356045	0.202464826236825
0.38261140861167	0.37180728910248
0.309870765578127	0.340537730731151
0.297315471825958	0.356082052308377
0.4215887035562	0.30770800303119
0.312560768626911	0.331683289349733
0.123143508720487	0.0760305308772512
0.297549044943177	0.24789381699514
0.329958895064926	0.3102656924516
0.0343109243655002	0.0218094202110481
0.207779141451268	0.15908460325021
0.24227264168792	0.258397432563404
0.0134722586898665	0.0243979498068971
0.304764325039757	0.33303404535639
0.342898460997282	0.318851455680502
0.313691142132341	0.323482436752468
0.0154536418606353	0.00906482610918406
0.378393148909646	0.346242491047015
0.0553210089305194	0.0533251801818542
0.0026403628373283	0.010824226616069
0.393195389230514	0.363028931456082
0.411364223643316	0.371552331166103
0.0375491387228013	0.0421331366803555
0.367107153250369	0.346410769589034
0.131003532543355	0.167255438040509
0.305556141105375	0.221452938984091
0.227415573338216	0.218441580200396
0.00996698845989841	0.00710285920641498
0.0375576489835802	0.101265330737534
0.0192709241195633	0.019962184710767
0.0358463874148465	0.124495579980067
0.470902587078038	0.30379294098525
0.368404935872417	0.32641557563782
0.43277764364966	0.33780579643707
0.188840099620506	0.161775053492968
0.427735574714168	0.339688861956911
0.171436935621227	0.0728939634765529
0.0138622881545878	0.0207677999877631
0.0215133857112965	0.0123691788426111
0.395971182548511	0.377942592149027
0.120143473161974	0.305377085451003
0.00544307390871019	0.00951831320582739
0.157837811204591	0.16778794674717
0.273574412663025	0.247504610125435
0.398535844571911	0.302815523079486
0.355130442102406	0.332967243899611
0.477021653486733	0.367401530251147
0.0110090681550037	0.0132372885186488
0.164390487701339	0.160362263773561
