-0.0018681623605095	0.00701148356874169
-0.00048344677554135	0.00169851661912417
-0.211902727199933	0.755815057378783
-0.00927256778626902	0.0246863582266393
-0.0215152471633578	0.0520214685196989
-0.165173712357364	0.620465632064829
-0.131437253455629	0.459937524278963
-0.0406970084140331	0.237044402262544
-0.00510320699966192	0.0173795756076556
-0.171055664641952	0.658812740250347
-0.205605362279416	0.723785777893901
-0.000243525863675557	0.000676963168515842
-0.194653624214567	0.717250456996404
-0.133511211113632	0.566310751530285
-0.208759059546789	0.748389650237522
-0.167451419876381	0.631417554038358
-0.169424542058136	0.610936648540855
-0.209901060913114	0.74353559867536
-0.173471809557889	0.665138167329676
-0.156080807401042	0.544116979655809
-0.167835922624907	0.594285596411222
-0.179888375243586	0.682652282607553
-0.149927440680434	0.610567240716865
-0.048331501355099	0.110117636969592
-0.0124113446726985	0.0352262274945528
-0.0358128748152715	0.158991722046575
-0.190475629967791	0.700406928783564
-0.0218150512129223	0.212233788757044
-0.0717372794021017	0.236740143144152
-0.158380128125971	0.619821507523865
-0.0251409964416758	0.108475797158733
-0.138665814487148	0.579170303721556
-0.0512126363443325	0.177302721062717
-0.201142992645459	0.70555463456349
-0.204234036183017	0.736303403545379
-0.186221014375275	0.687561900685394
-0.109572218818983	0.379817174004101
-0.169727208279153	0.610044112406813
-0.106306227632264	0.404655680634666
-0.0189058424977533	0.058468701345451
-0.0102124275548478	0.0329341617747193
-0.220702962467668	0.766111543121204
-0.0179915654942332	0.0454447039682905
-0.0236703476640476	0.138345726167415
-0.127839234522564	0.308974081111961
-0.136844655570133	0.459948230285169
-0.0739783451126651	0.258710787009138
-0.00171653757309521	0.00658151673122556
-0.191823898769948	0.672448608112042
-0.19671428214908	0.717120782736266
-0.191230729428105	0.512115149612078
-0.0369953588623818	0.0981069735886565
-0.18259812779499	0.69212221666582
-0.0306074319344379	0.352374560834982
-0.180239628986135	0.596410990408913
-0.0188274863338289	0.0428676478543486
-0.20125553344446	0.713999557334071
-0.195526603305196	0.714821533928335
-0.150776601271117	0.557935253775143
-0.202069668038505	0.722210930956122
-0.206352021580294	0.733628891989964
-0.16419583854567	0.558990091946395
-0.0261021312384209	0.0677635888880787
-0.067867032437971	0.261831978959455
-0.207396094592819	0.743261998139348
-0.145248377980887	0.594599657624759
-0.171930039214696	0.65262188156572
-0.209943749346822	0.752593126286859
-0.170403662571593	0.639408777005862
-0.103140953382196	0.380752759301181
-0.20440375495944	0.736714612546503
-0.0233190857769521	0.0601474227883995
-0.163532277384509	0.571295050411956
-0.154717626821879	0.555766228247035
-0.152837963074432	0.546837351405028
-0.0297143687127888	0.0935021203572251
-0.146876451314281	0.607476835443742
-0.0303249666212821	0.0803891803801932
-0.174466462989566	0.572509156029549
-0.0693693166047726	0.298974701009013
-0.138217287645394	0.338568851237558
-0.14668154007525	0.5359057096572
-0.208395574878311	0.744536652690658
-0.0458343869355191	0.174161270448941
-0.0849099537491789	0.337406911985113
-0.0153514438582507	0.122417471847642
-0.047572837067726	0.212066512593096
-0.0855114928103673	0.309376144997369
-0.147934770425388	0.571866932020777
-0.0753820301387831	0.249157913003862
-0.0515142710301979	0.151243534700869
-0.123821599117081	0.402460747202996
-0.207467296485496	0.748320944725765
-0.0887410118675875	0.3511448831389
-0.114999141542823	0.373727369649633
-0.21196494151944	0.743972839912703
-0.070869440544648	0.175599592969428
-0.0563829708158247	0.172135545134976
-0.0798892116316168	0.236426654806752
-0.0660974311685	0.250339605535476
