-1.11904620807322	1.07660462492004
-1.81897195779639	1.9001860253624
-3.49776841714196	3.57711675300127
-2.59810666901327	2.61388845702252
-3.37031524113781	3.52550359606225
-0.512978775657533	0.477719398385141
-3.35952903421014	3.58912169318536
-2.65429830075208	2.73429178903698
-0.529397523971273	0.516218235601113
-1.85187723114535	2.00450717104877
-0.478517304110565	0.425724719412496
-1.75763008215862	1.79876588230959
-0.506736612929419	0.453881030159074
-0.607408325838994	0.568757372199624
-0.595387291976671	0.513698305464667
-1.32552916613062	1.30544399247937
-3.00765023016424	3.02086267536538
-3.45237848729207	3.55004665665
-0.405792906826797	0.390642169028706
-0.198612993265457	0.168602835453674
-1.88151507663701	1.78367049283301
-1.56351297267354	1.55142510848299
-0.983125661509127	0.965586362902277
-1.29796815466962	1.24600267680272
-0.781317127228427	0.773102011394208
-4.00231694070324	4.11751968858121
-2.98824862943999	3.09975688550807
-2.49957166180728	2.50861350806739
-1.52812160965391	1.48667924143575
-3.09713013005547	3.19803966454876
-1.0918529518816	1.16248197039977
-0.114481732929746	0.115902473129702
-1.19370667416753	1.23890506747578
-0.714667586776544	0.735562772510731
-4.20076697099511	4.30319057016201
-3.50626262765333	3.6401488612446
-3.28512280413804	3.5318702964654
-0.807586558920318	0.792483803443725
-0.909902866343442	0.886933957540461
-4.03062875973549	4.16272139888949
-0.996654509684711	0.993532916955769
-3.94448276249443	4.06011948698224
-3.49935045784485	3.64805917898977
-2.95295589792369	3.0901495670363
-3.73828970744359	3.91104418611101
-3.58318644349034	3.71989657171223
-3.66851556580722	3.80263441081791
-3.60088353786393	3.74328759742369
-2.71706297304584	2.7559881963415
-1.45222419994002	1.46676076780318
-3.21782924972334	3.3669851225679
-3.90519725671228	4.05806896343075
-2.8965601163606	2.97906537508024
-1.42641043259775	1.50681927011345
-3.34662483844728	3.4543144409044
-2.27927217844406	2.28399822430273
-1.91017098610941	1.92643354624433
-1.79021946798269	1.85221366117946
-0.723188837799481	0.726374239550183
-1.79786284654946	1.82246559277373
-0.287542312403224	0.27449142701413
-1.95543558676376	1.97183813982864
-4.12447073596244	4.20135110050408
-2.60095475855136	2.72472703478823
-3.26212689875714	3.32504320438051
-1.97676164873097	2.04532959120157
-2.11152236967994	2.17418908821165
-2.72049704530968	2.79724318626392
-2.9605216903324	3.10394402603323
-0.102726220290822	0.102386936032082
-1.3679532055192	1.32551717206506
-0.403210235328664	0.358018543336702
-0.341467807839605	0.318186836870254
-1.0462567238791	0.94327239089747
-2.71255287824581	2.74152667898795
-3.04205405494872	3.2655781820088
-1.37470759489213	1.31304968520125
-0.515411784139265	0.54295287071028
-0.983171882914846	1.01553270740089
-0.120081090569261	0.124449704955254
-2.41643806173587	2.54541922732963
-0.661618330575518	0.66577095538947
-3.02070934350724	3.18995271560105
-1.81920168666328	1.80574643374878
-3.08085877445947	3.24758485228809
-0.919689888788816	0.960860458954711
-1.17714017700824	1.163145541872
-1.13336998839894	1.0940463589549
-0.943063245000115	0.893083684084404
-3.88785976403505	4.00729032400012
-3.42082963726713	3.56677362387624
-2.47890348601513	2.63656253743271
-3.37187805438878	3.52921579575955
-2.32209778841679	2.48116491890943
-2.89717239933276	3.03713756994484
-3.19333256939954	3.36440705428285
-1.82276257686058	1.81868828803671
-3.78388615264387	3.90314520789213
-3.54042844494578	3.67569206796117
-4.03336197121621	4.14210100589622
