632,7072,7353,5877,1743,3057,8701,6802,8791,3509,5739,1366,1172,1551,7660,4347,3436,2965,2651,3009,7797,5925,8930,5013,3329,5718,868,8090,1749,2356,1627,2166,6312,190,1914,3469,449,2821,1004,5707,3022,9043,9140,2043,1752,2727,6776,3255,3757,2121,5469,6940,4021,4243,6572,3385,7688,4102,2464,2560,3312,5161,9257,4644,2402,2658,6266,9383,6996,3006,2072,7185,7320,5972,9495,3408,4744,5482,1897,800,9599,2037,5731,4663,2019,3728,3027,1634,3692,9691,7112,8279,681,8604,750,4825,822,1851,5912,9901
1736,3918,6910,4826,642,715,8702,5492,8792,1202,6913,520,5513,917,8888,6713,3049,1961,3197,1767,2654,4547,8486,1354,2371,3613,1421,4375,2088,3856,1785,6364,4846,4625,3254,5938,5908,1518,4797,2610,4936,9044,9141,5021,3013,2993,2190,5249,6678,3808,5029,4950,2722,2815,2228,1378,3467,4718,855,2418,2526,5245,9258,4842,1147,3014,9362,9384,4221,3720,1992,7761,6430,4484,9496,2730,4983,866,1759,1222,9600,1601,5311,3486,1787,5184,2288,2068,3283,9692,9791,5871,5466,7804,2394,2904,1418,3204,4317,9902
2907,3034,6973,4689,2267,3989,8703,4980,8793,2884,7448,549,6854,1764,7411,1966,2370,1042,2633,1667,4407,2765,8931,5082,2602,2429,779,7771,1196,4213,2346,1197,4056,5778,3773,6138,5358,3250,5428,4257,584,9045,9142,1017,1724,2563,5370,1905,1899,518,2819,7175,7108,3725,3195,5232,8129,2417,1349,2851,6005,7790,9259,4590,1480,4642,8365,9385,6436,531,1484,6460,7321,8017,9497,2048,3721,5917,2909,1589,8642,2980,4569,3455,2572,5685,3429,1642,1881,9693,8271,8184,6398,8437,874,4218,553,4293,4208,9903
3848,2300,8205,1390,3054,2444,8704,6586,8794,440,7666,1997,6143,2053,8513,680,1427,1972,2284,2757,3827,2766,8156,6412,3130,4216,1250,6189,1444,3541,4047,3296,6214,2614,3501,4436,7029,892,2454,3310,3525,9046,9143,5878,2487,2184,4559,3094,4690,1442,3910,2506,2338,3388,6789,3230,6614,4151,2307,2023,3275,3561,9260,1887,2247,4586,8414,9386,5362,631,1620,5940,4915,7043,9498,4883,6693,4360,3082,2973,9601,1198,5523,4754,1347,4840,1180,898,4935,9694,9792,4992,7932,8419,877,379,2308,5988,4765,9904
3340,5658,5588,5786,2427,507,8705,5965,8795,2769,8020,678,6971,2091,8889,1926,1277,1274,2384,120,4888,890,8932,4762,2612,1818,1875,8268,3961,6938,1105,4028,6580,180,197,5594,7998,3854,6008,4969,4329,9047,9144,4556,3571,3095,3644,4638,5271,2250,7169,2806,6757,3476,6242,5856,8068,1323,2412,5160,4944,7495,9261,7938,3417,7425,8119,9387,1711,422,1705,7715,4405,1496,9499,5522,5006,5134,655,2468,9602,2457,4732,2910,3656,6100,2208,5022,6059,9695,8644,6895,6983,9861,622,5638,2650,4321,991,9905
3784,6719,8211,4079,2888,5549,8706,6941,8796,3610,6943,3151,4769,3897,8890,302,1368,2233,5054,395,8421,3394,8933,6542,3392,4518,3881,9010,1648,918,1346,4128,7888,175,286,7860,8140,5368,3530,5667,5427,9048,9145,5541,2241,3294,3366,5845,6849,2431,3010,7912,7331,5188,7480,5763,7309,1549,3565,5059,5157,7539,9262,7744,5839,6735,7778,9388,7054,366,1341,8229,6887,1982,9500,3024,813,6574,309,1332,9603,297,2772,3115,3997,7076,1960,4271,2245,9696,9793,7014,3587,8542,305,7275,4423,532,828,9906
37,22,4,1,5,23,38,58,937,3871,8882,8887,7146,8608,8891,8924,8298,7796,5202,5991,8926,6866,8934,5538,5052,8569,8553,9011,7833,9031,5192,9033,8595,9036,8263,9038,9040,4319,7676,6055,8503,9049,9146,8141,5484,6202,5759,9239,9241,9244,9246,7600,6270,9247,8295,7239,9248,9251,7973,8428,9253,9254,9263,9357,9361,7751,9363,9389,9482,7575,7945,9484,8208,9490,9501,9595,9596,8237,9598,8197,9604,9685,9687,9689,8270,7227,7083,4194,7031,9697,9794,9850,7822,9862,8231,8699,8217,9897,9899,9907
5815,3146,8346,7515,5714,4065,8707,6546,8797,239,8297,1195,1768,3569,7250,94,4421,1845,3888,3652,3621,6110,7886,4026,3868,6123,2404,8517,2576,1167,2820,6131,7084,511,1464,6963,6860,4981,4857,1600,4095,9050,9147,5274,3042,4929,2137,3617,4551,3551,6230,7555,3426,3660,7170,7225,7414,2842,3805,1193,5317,6833,9264,8409,5354,7128,8670,9390,6321,2009,533,8026,4187,1756,9502,5645,3495,2711,216,1292,8616,127,6233,5215,1055,6564,1987,5952,1947,9698,9795,7565,2804,9863,104,3555,4557,2692,864,9908
26,12,7,16,32,43,119,717,3580,5902,8584,4654,8354,7831,8892,3158,3734,4504,7619,5570,7262,8624,8935,7882,7446,7294,4231,9012,6904,2399,7588,9034,7503,5694,7075,9039,8597,7532,8401,4666,8248,9051,9148,7264,7818,8249,7793,9240,9242,6254,8118,7453,7538,8504,5143,8328,9249,8520,1913,5814,8350,7937,9265,9358,8304,7741,9364,9391,8196,6486,5600,9485,8488,8416,9503,7622,8352,4341,7956,7392,9605,1096,8182,6982,6498,6082,8058,7944,8372,9699,9796,9851,8632,9864,971,8700,6204,3733,5978,9909
7159,6259,7763,6063,1949,2041,8708,5681,8798,1798,7407,1692,5903,1229,7119,112,4503,2294,3801,2094,6720,7728,8493,5914,2667,7577,2163,8357,2748,342,5313,4169,7289,586,2392,5870,4406,4270,1857,1784,764,9052,9149,6326,988,6327,5719,7178,2915,3584,4909,7349,5944,3052,6568,5223,7951,4873,633,3323,5574,4011,9266,7171,2791,7701,7651,9392,7383,2061,1128,7546,7926,4855,9504,2797,2561,1738,1033,2424,8617,228,2564,6090,1839,2482,3500,4378,3904,9700,9797,7742,5552,8543,50,3243,683,2595,3445,9910
5773,7007,7486,7427,3823,6294,8709,7990,8799,372,2102,4746,3797,3817,8189,310,4885,3378,4860,2742,8550,6922,8936,2592,3234,1668,3401,8454,424,83,1701,7934,6132,435,500,7106,4968,2728,1398,3149,3860,9053,9150,4696,801,5097,7471,2944,3110,2485,4534,7003,7218,3335,5485,1801,6985,3889,1740,2680,7875,7909,9267,5632,5817,6462,7714,9393,5318,2934,2314,8192,6609,7110,9505,7148,519,5777,2783,950,8643,509,6932,7648,3421,5561,5447,2974,2586,9701,8557,8619,1933,8646,195,5710,301,1223,6206,9911
2808,7207,6846,6765,5841,4788,8710,8041,8800,1064,8468,808,4575,2505,7190,128,4195,595,5221,2478,8379,6747,8937,6020,5226,4302,2827,9013,3689,904,2177,739,7543,427,217,7964,3079,2430,3251,3771,6803,9054,9151,3314,2375,6935,6696,7916,6066,3324,5801,6139,6271,5954,7748,7034,5464,2733,4173,4633,5261,8173,9268,8462,5579,7332,8369,9394,7924,495,600,7707,6819,736,9506,5112,1183,8050,438,729,9606,146,6058,4031,5053,7509,4235,5240,2292,9702,9798,8394,3447,9865,62,6111,694,2699,2398,9912
508,5092,7015,6343,1702,3576,8711,3649,8801,1494,6411,1556,5774,2055,8633,1597,3307,1233,3153,608,7255,1477,8938,4802,2034,3606,1721,8636,1938,4158,1582,6714,3717,1723,1927,6423,2318,4861,6534,4398,3844,9055,9152,7160,704,2611,2132,4938,5680,3320,4771,6314,2118,4486,5742,4326,1825,1150,3147,3566,5647,6601,9269,6328,3631,3516,5512,9395,6668,460,1874,7696,6958,1490,9507,3184,1410,4916,1027,1548,9607,780,6362,5219,1516,5252,850,3021,1643,9703,8457,7976,3039,8605,887,6283,2521,5166,5453,9913
5656,6019,4739,7249,5489,6962,8712,7204,8802,536,6527,2621,4492,2469,5810,55,4881,627,5225,2623,8245,4228,8939,5930,5101,7487,2559,9014,1630,945,936,7017,6563,159,272,7865,8159,3015,1359,6151,6401,9056,9153,4286,1527,3055,7533,4572,5055,2011,5113,6167,7137,4712,7749,4708,8448,3738,4478,2310,5515,7812,9270,7996,4766,8015,5767,9396,6237,3032,793,6626,2366,3627,9508,4536,2173,6651,1034,219,9608,198,6018,5595,2552,7016,4382,5857,2616,9704,8679,8395,1238,8686,102,5922,686,5520,1653,9914
5897,6112,7769,6928,3982,5795,8713,7376,8803,1812,8239,1688,6331,1572,8893,108,1781,3090,2194,1322,4845,4775,8552,4729,1285,7193,1534,8411,3020,260,528,494,7745,121,491,6036,6543,3326,6227,2817,6837,9057,9154,6094,3832,4477,6489,4960,4191,3641,5276,6986,7460,2515,6716,5011,6758,7315,3718,3946,3702,7674,9271,6782,5580,3413,8195,9397,6282,990,2556,3139,7613,1742,9509,5840,3450,7432,775,1613,8675,326,1994,4682,2600,3278,2908,5067,4560,9705,8464,8260,7475,8433,213,4678,1612,1678,1467,9915
6893,8426,4687,7869,6859,1662,8714,4920,8804,270,5562,138,6176,1434,2085,2012,2889,99,3707,6763,8340,6995,8940,7610,3043,5111,1016,8588,2865,6631,3755,8193,7513,394,418,8499,5173,3762,2949,7191,7612,9058,9155,7802,2136,4837,5510,1876,4363,3514,4354,3879,4291,3531,5478,6297,8442,1414,2773,2311,4422,8435,9272,6446,4331,5875,8181,9398,3575,6901,777,4446,1367,6481,9510,1508,832,7639,2899,106,9609,961,8121,7686,3639,6164,2916,5168,4334,9706,8680,9852,1515,8477,192,4242,316,7418,4063,9916
816,6711,4658,5744,3800,5095,8715,7542,8805,846,6558,712,5563,3438,5690,143,4704,311,3826,1792,8438,5590,8941,6818,4889,4305,1730,8439,4165,6169,498,6444,7318,338,234,5230,6374,5231,7078,2846,6375,9059,9156,6600,1716,3084,6275,3053,4656,3849,6426,1457,7722,4685,7836,6667,7109,823,4635,3611,4465,8010,9273,7867,6097,6208,7633,9399,6883,406,597,6032,4955,2361,9511,4017,1832,6627,590,426,9610,673,8039,4858,4594,6873,3873,5407,3443,9707,7928,8108,3822,9866,162,6014,1935,7322,2327,9917
5587,6399,7104,4441,657,4918,8716,7386,8806,1594,8883,815,6400,900,8161,137,1269,473,1488,515,485,7182,6894,4435,336,7256,2574,7678,4256,3431,431,908,7902,328,1339,5207,8048,3780,6992,3814,6999,9060,9157,4171,2549,6336,1046,6872,7012,4529,5721,6428,5932,6309,7896,4934,8214,5853,4447,2719,5764,7574,9274,8264,3114,6302,8383,9400,8032,2694,827,7378,7357,1327,9512,7021,4974,6810,1289,1908,9611,397,3883,3936,4054,3647,4727,5401,6165,9708,9799,7485,6141,9867,142,4126,4884,4713,2306,9918
4777,7762,7410,7419,4801,6557,8717,6970,8807,357,5671,2357,4224,4664,8084,280,6060,420,3984,1264,7764,5333,8942,6105,3480,2145,3990,7887,1799,423,675,4865,7237,109,254,7718,7299,5966,2686,5916,7085,9061,9158,7046,913,4076,7069,4813,4566,1950,5736,7739,7760,3842,7788,4355,7560,923,2891,3630,7483,7431,9275,8278,5635,7961,5743,9401,7925,5201,943,8375,5264,3902,9513,5060,450,6852,985,126,9612,671,6335,5289,3772,6753,3174,5670,5500,9709,9800,6742,1137,8687,61,6376,1379,5093,2917,9919
5761,7327,6879,6691,352,1181,8718,2270,8808,2577,6953,299,6179,1998,8894,6671,2759,1157,2054,948,433,5438,6689,4442,247,4533,615,4162,2271,7147,790,3686,5062,2508,3756,1591,7589,2985,6844,770,3041,9062,9159,6095,3598,3708,171,5727,3599,1303,6829,7368,6186,2822,5442,4596,7301,5977,1176,4515,7936,2204,9276,7862,2005,5080,8539,9402,5108,1789,1458,8164,7129,8265,9514,6636,7384,5960,3420,2112,9613,2246,5882,6926,1741,3300,1782,2862,3001,9710,9801,5495,6624,8497,2350,4127,479,7261,6448,9920
3850,6307,6001,7059,487,5429,8719,700,8809,955,7991,4308,6652,5128,8895,7906,1794,623,1498,787,1343,2864,8043,4933,614,3111,2539,1314,3504,4323,111,5753,6863,7355,2323,3748,8473,1514,5163,569,3691,9063,9160,7151,2972,4352,1466,5449,5291,1156,2331,2490,2437,6190,3473,3899,6988,5613,199,2655,8074,5197,9277,8284,1083,7180,9365,9403,5919,652,1038,8331,7664,9491,9515,6821,3089,1430,2756,998,9614,2138,6076,7891,4781,6006,3102,2943,2472,9711,9802,7202,8202,8688,3994,4833,2825,3233,3753,9921
3679,1487,5027,5209,1298,3754,8720,4335,8810,2696,7847,1407,3880,1708,8634,1433,2780,2834,2322,517,2051,2792,8943,4245,1352,6304,1760,8091,2022,3119,3321,6840,4743,4359,2516,5716,6424,1813,5629,3650,1820,9064,9161,3787,3120,2961,3735,6108,5441,3186,4829,5827,3384,2639,5009,1559,6915,1918,1880,3126,4617,4783,9278,1497,1029,2989,8142,9404,3680,578,1623,7974,2139,7123,9516,3529,6791,5258,893,1522,9615,1188,4839,2211,295,4905,1283,3714,5229,9712,9803,6877,6264,8305,1511,3971,1831,2551,3556,9922
60,452,1095,2446,560,4887,8313,361,8811,208,7118,2739,4740,5199,8447,5316,1451,496,3819,1424,3031,4227,8944,5126,2558,6213,2450,4699,3831,1251,662,7915,6522,5825,3548,7880,6939,2874,5196,566,5811,9065,9162,6677,3008,1446,4877,5695,4891,5336,6185,7136,5564,5766,5828,3622,8302,5450,214,3155,6749,3619,9279,7890,5436,6356,9366,9405,6815,754,2317,7671,6267,8286,9517,6408,4275,993,3172,1070,9616,1869,6737,5910,2144,2691,3877,2416,4110,9713,9804,7703,6762,9868,2963,5821,2039,2912,5190,9923
3694,6686,7597,7065,462,4819,8721,2953,8812,1793,6903,273,6236,2353,8502,7060,4252,1670,3545,869,1230,5652,8945,1957,540,6917,1208,4898,2799,3086,390,1257,3400,6559,2448,2918,1962,2801,3265,101,3950,9066,9163,1412,3285,3080,4310,4217,2578,4089,3796,4154,3502,3830,5078,4710,4647,3804,1102,2833,5244,5150,9280,5374,3979,7080,9367,9406,6680,2159,1968,8430,2940,7116,9518,5983,3807,5360,1240,1365,9617,1485,3016,3960,2235,2983,3673,2984,3765,9714,9805,6628,7071,8534,1934,3018,2593,6205,5942,9924
5889,7293,7770,7451,3608,6743,8722,5627,8813,1308,7073,5765,6528,2809,8022,244,6040,181,3291,539,6937,1807,8946,5868,2645,1049,3655,6043,3355,573,430,5700,6841,350,617,7067,7873,4910,4166,5467,5518,9067,9164,6779,1543,2869,5704,2895,2395,1066,4961,4241,5980,3966,7663,6566,7079,968,2914,5755,6472,7540,9281,8329,2619,6814,8085,9407,7817,3398,2060,8269,3741,4505,9519,2873,656,4791,1461,289,8463,157,8110,6831,4574,4368,6405,4761,5756,9715,9806,8344,3752,8689,287,6717,965,4313,2272,9925
4123,4724,4078,4476,679,3975,8723,2155,8814,3148,6225,921,5789,2628,8484,1578,3142,1606,1835,1981,4695,1187,8947,4872,419,6067,1268,8288,2785,6474,3143,4645,4967,1258,3770,7611,6587,2158,5471,4210,3222,9068,9165,4495,554,2147,1635,3322,4132,4125,3471,4057,4181,1452,3375,4977,7700,3000,768,3407,4778,4496,9282,5329,2925,5272,8254,9408,4705,455,1439,8317,6469,8127,9520,3930,4821,2183,1383,1495,9618,687,5319,4249,2093,6193,2438,4391,4792,9716,8444,5642,5611,7736,340,1428,2467,5234,5655,9926
1244,7868,6969,5928,4907,5872,8724,8225,8815,2814,7832,722,6538,3907,5312,231,3896,958,5070,2200,8515,5995,8948,6675,4970,3162,1691,8661,2879,526,701,6159,8067,117,129,4854,3343,4220,6064,1532,6827,9069,9166,5625,3045,6152,7787,7841,6280,4751,6535,6978,7636,5975,4893,3330,5343,1139,3687,4041,3405,7219,9283,8342,3073,7235,6918,9409,7172,374,982,7231,3472,2530,9521,4811,1432,7681,281,434,9619,552,8011,6452,3788,5352,3878,5195,5556,9717,8681,8293,3299,9869,71,6033,883,6083,2426,9927
2837,7281,7775,7933,1758,5206,8725,8107,8816,672,7717,3519,7220,3715,8275,167,4342,3353,5085,2568,1304,6575,8949,4373,878,7979,2497,8637,2562,432,337,1891,7853,73,492,6766,5805,4953,3513,2924,7753,9070,9167,5200,1815,6086,4670,7642,6524,3196,7581,7765,7161,6605,6653,3235,8009,6709,2441,1870,5543,5955,9284,7545,3751,6455,6485,9410,7566,1282,1014,7115,7962,3589,9522,6530,4516,2885,516,667,9620,158,1882,5768,3214,3446,5075,5593,5068,9718,9807,7897,2859,8621,89,6384,824,4262,1854,9928
4870,5663,8137,4606,4040,6551,8726,8607,8817,732,2321,1311,6030,3563,8459,740,5770,3665,4817,2664,7738,2782,8950,4986,3287,1370,1631,8125,568,66,3270,8413,5971,521,241,7429,1633,4673,1280,2553,6495,9071,9168,3515,1053,5573,7397,6320,4862,2176,2269,6896,7252,5130,6361,1132,7082,4053,1728,3192,5896,7643,9285,4417,5357,6198,7303,9411,6330,2244,2867,8376,5806,7346,9523,6381,428,4733,1977,1671,9621,761,6579,6140,3358,6470,4618,3125,4244,9719,9808,8465,1700,9870,238,4473,132,2025,7088,9929
5797,7456,7830,8111,6684,5849,8727,6246,8818,414,1890,174,3859,5553,6531,1207,6300,1989,2826,3973,8356,5156,8951,4741,1909,4589,1082,8180,358,803,1681,8611,6215,183,927,7337,3189,5487,636,5536,3183,9072,9169,6552,1138,5577,7430,4982,3463,4353,1436,6355,4726,3552,7437,3614,8531,1154,3108,1576,7904,6957,9286,3416,5151,7913,7939,9412,5793,6429,3626,8191,6238,9492,9524,1844,345,6047,5465,165,9622,2169,7983,7557,1234,6848,5275,3440,7455,9720,9809,9853,1898,8622,166,1435,551,4679,6666,9930
5061,4671,8045,6136,4380,1163,8728,2768,8819,888,6700,279,7631,2571,6199,6145,1224,285,1084,2029,1746,2813,8586,4796,401,2484,999,6093,2637,2743,3913,5213,6646,7051,4882,8240,7698,4232,7033,3629,6649,9073,9170,1570,2585,4790,4525,1325,3178,3637,5350,332,977,2967,4207,6520,8228,1125,276,5551,6555,5780,9287,8132,2537,4996,9368,9413,5042,1513,1481,5132,7055,8405,9525,3240,4279,1725,4812,647,9623,2297,7044,6156,3435,901,4032,3313,5804,9721,9810,4542,4810,8647,4009,5676,1791,1525,5957,9931
1895,7623,3816,5141,3698,2024,8729,7864,8820,3002,8165,343,3104,2028,6295,1672,5498,388,3591,1659,7442,6494,8952,884,1860,5996,1191,8335,4903,4463,4523,812,7811,2280,1393,8596,2786,448,2096,6002,3051,9074,9171,2729,2737,4643,6780,7683,6951,3912,4020,5885,6183,6134,1253,7506,7042,3011,1059,1117,7305,7306,9288,8337,1858,6342,9369,9414,981,246,1334,8479,6487,4878,9526,2847,3163,7316,3507,639,9624,919,4073,7450,1023,6514,3657,1131,4027,9722,9811,9854,7640,9871,200,5063,992,7058,7529,9932
2161,5046,6410,6175,1859,3944,8730,3293,8821,3152,6477,1526,4755,1337,8492,5211,1190,2290,2465,2712,3161,2042,8953,2810,966,4091,1765,4120,1199,2714,347,6466,5366,4626,4143,5367,7290,2519,6615,3522,2580,9075,9172,5499,2216,562,4913,4651,5302,2652,1928,5310,4987,4428,5493,1028,7246,5086,788,2114,5091,3596,9289,1279,122,3582,8168,9415,6576,4022,1406,7063,5338,7968,9527,4853,4048,4848,2880,3264,9625,1660,6243,1925,439,4509,2695,3508,5103,9723,8645,4805,7312,8345,1584,4114,2258,896,5133,9933
3526,8582,8583,4787,3215,2266,8731,5064,8822,446,5745,52,7205,634,8896,2301,1838,4513,575,5706,8235,1837,8954,7879,1520,4261,164,8554,3974,399,8112,6508,7893,6251,6770,8566,8530,4856,4144,7824,7911,9076,9173,3100,6360,6273,7808,7894,8049,5041,5653,1809,1068,6688,2260,7572,8668,3764,261,776,7240,7234,9290,7684,2850,6162,9370,9416,6857,3705,753,8204,4238,8143,9528,606,2334,5961,4662,156,9626,114,8076,3858,646,3607,5137,7333,2893,9724,9812,4555,5390,8690,6553,952,4071,589,4952,9934
2451,7984,8498,8244,1577,3557,8732,8004,8823,1438,6784,88,2391,3983,8460,3602,5661,1363,559,4250,2835,1186,8955,5301,810,4085,628,9015,3325,6591,6070,7655,7994,733,747,7558,5572,4585,2056,5176,6871,9077,9174,7668,5283,5305,6976,7360,6510,4005,7917,5315,3351,3138,2647,7493,6521,847,909,6177,6642,8174,9291,8338,1539,7794,8671,9417,7472,910,441,8310,5654,8018,9529,1624,497,8148,860,53,9627,3491,8092,7963,654,3737,6053,6388,1669,9725,9813,8065,3380,8691,490,1502,665,4815,6590,9935
5295,2299,7587,1108,929,4581,8733,7659,8824,1118,7737,2978,1547,1276,8897,728,1710,4070,4886,4141,7687,5802,8956,6402,1330,6799,853,8518,1189,1044,1200,5217,4544,100,746,4309,1607,2182,6253,2896,6450,9078,9175,2108,576,3422,2083,7245,7559,4206,7398,2858,2770,4895,5114,4737,7848,5506,1037,4316,5178,5674,9292,7179,5386,6415,7881,9418,4137,1209,2500,7325,6794,6790,9530,6619,6052,5094,1550,2662,9628,249,7187,3924,1286,7037,3175,2710,6816,9726,9814,7814,7274,8606,403,1443,3047,3590,1205,9936
3425,6457,6990,5116,5589,3136,8734,6712,8825,1504,4370,1166,6582,1001,8898,2030,2567,4112,1973,3898,8027,2941,8957,1260,3724,6606,330,5844,1445,1086,1822,721,4480,240,2690,7167,895,1075,4174,5439,6037,9079,9176,1254,1786,3963,6640,6734,6387,1057,5646,5491,5622,499,7122,1766,4198,3697,794,2513,4814,2935,9293,3667,3585,6657,8494,9419,6011,905,1440,8149,4140,3072,9531,3141,4485,6504,3364,2090,9629,2674,5003,5012,1241,6077,2609,3454,5748,9727,8618,5969,4008,8466,2554,1192,2390,4897,8066,9937
1448,6927,6611,2598,3304,3241,8735,5210,8826,3778,8206,756,3181,1134,8899,4058,1425,2255,2946,2369,3393,6613,8958,3302,3669,2631,1316,8471,3604,6439,3594,365,7534,897,1842,7554,1382,565,603,3038,6427,9080,9177,4246,872,4545,2832,5446,4694,1849,7300,4963,3210,2968,6480,6656,6333,1045,3921,834,6347,5000,9294,7638,2373,6098,9371,9420,6447,1695,2312,8104,4720,4959,9532,4623,6431,1474,2077,1403,9630,131,4012,5641,3523,5444,1802,4640,7111,9728,9815,8287,2201,9872,139,6142,5124,2049,6787,9938
2463,5497,1621,3212,3478,1159,8736,7192,8827,2725,7074,300,3171,1828,8609,5621,2919,1956,792,3995,6721,5474,8625,5480,312,6332,1153,8407,2360,2113,2923,2107,6570,4730,4715,4376,6440,711,4209,2236,6571,8665,9178,4069,3316,2221,5406,5280,4997,1595,6421,3128,5416,3165,404,3107,7549,4835,2154,957,4734,1951,9295,6192,1333,6056,8285,9421,3683,3074,763,6621,4706,6322,9533,3794,6851,2643,2100,1231,9631,574,4139,3173,1892,5867,3028,3483,6622,9729,9816,4290,5956,8491,2413,3926,1103,2805,2860,9939
5020,3023,8294,7530,410,3305,8737,7571,8828,329,8154,3372,5628,854,8900,749,4066,692,4097,570,1639,1351,8385,3357,1567,6035,2243,8589,1263,2120,1091,2657,4487,865,480,6773,7531,4362,6383,3040,7452,9081,9179,7273,1312,3397,2133,7825,7183,4372,7819,5394,6868,5417,5505,6654,8250,1388,3736,4413,5452,7520,9296,7670,4340,6736,9372,9422,5496,1098,1008,7399,7596,1906,9534,7013,3453,6409,513,454,9632,86,7838,6834,3632,4785,5387,4721,6658,9730,9817,7144,3535,8301,189,5693,3895,4524,2762,9940
4179,6947,2289,3840,2777,1718,8738,3843,8829,322,5859,367,6788,2760,5399,769,4587,369,4267,4579,8203,4131,8959,6042,4251,7810,3427,8399,3159,2624,973,8321,6150,592,886,6483,8072,2784,7449,4803,5820,9082,9180,4367,1780,4064,6313,1115,2950,2408,1603,6984,7142,2512,5783,4880,7482,2348,3506,4222,5846,6980,9297,6643,2084,7258,6467,9423,3494,3145,1216,5963,3586,4798,9535,3370,481,5887,4430,269,8676,383,5984,4113,3383,4497,2052,3745,6725,9731,7780,8012,6768,8535,408,6473,1100,4236,835,9941
14,15,28,41,48,274,1295,3722,7524,1267,8884,1871,8060,4147,8901,8190,5833,4711,5445,6824,8927,8014,8960,7978,6438,5665,4268,9016,5191,2104,6311,7922,5544,3058,6786,8252,4282,5382,7229,6279,6740,9083,9181,6107,5973,1306,7152,4500,5643,4646,6663,8185,7291,5107,7481,5351,6344,7789,4553,6391,7705,7097,9298,6497,6071,8187,9373,9424,7114,6647,4312,9486,7311,8480,9536,7056,5537,7579,2951,1719,9633,619,8243,8489,3875,7689,6194,2345,8495,9732,9818,9855,5110,9873,984,3917,1984,7523,6118,9942
27,34,44,91,417,1204,4528,7049,8314,2462,7394,2082,7500,4506,8902,1491,2376,2075,3365,5836,7620,7921,8961,4318,3853,8023,2264,9017,2237,5596,6170,5293,3475,4562,4763,7091,7284,2452,8097,3542,4211,9084,9182,6346,2981,5050,7011,2720,1646,2717,6767,7107,7582,3991,2488,6979,7583,5754,3026,3967,4445,7365,9299,7856,4311,8194,9374,9425,8255,5337,2678,6783,4322,7465,9537,7130,5699,6997,5155,1596,9634,1030,7969,4945,3256,5066,407,6354,7658,9733,9819,8333,7725,9874,620,6635,1116,3568,4344,9943
2527,6244,6113,4019,613,2363,8739,5799,8830,2992,7691,360,5083,267,8903,6288,3779,2676,699,3524,4230,3562,8962,3036,612,2607,1558,8538,1930,1748,4922,1243,3292,4890,4450,6885,1301,3603,3131,471,3266,9085,9183,6319,2682,4297,2991,5039,3402,1056,7127,6153,4700,863,6698,4641,5934,1682,2329,4629,4265,7377,9300,6248,1063,7404,9375,9426,3404,2378,2263,7734,4784,8318,9538,5906,4940,3803,1151,2798,9635,1114,5043,4794,2529,5290,1107,3225,5389,9734,9820,8476,1774,8511,658,5208,1486,3601,5725,9944
4345,6223,4683,5892,5822,4462,8740,6154,8831,2344,5425,4570,4722,3451,7304,321,1955,1528,3719,2750,8034,6942,8963,5377,3044,857,2881,8519,1795,341,1160,7050,5535,252,2214,7238,7605,809,3349,4396,3223,9086,9184,5490,1592,2638,6697,1297,1227,819,5142,6235,6581,3638,3362,5057,5905,1586,2268,5040,6161,7982,9301,7199,2734,7184,8236,9427,7200,4541,2128,7644,3409,2774,9539,5662,766,6811,2304,906,9636,178,7516,4605,1985,4795,4192,3456,2735,9735,8176,8261,1863,8512,380,6541,1590,1788,2407,9945
2231,4130,7282,6443,3863,5851,8741,7214,8832,3289,7150,3890,4599,3060,8564,209,1629,561,4074,1658,8152,1544,8658,5117,3767,4620,3744,8570,1530,2882,1355,4263,6289,160,458,6445,7854,2445,6864,2642,6029,9087,9185,5521,1827,1617,6692,1853,2520,468,5967,2687,5650,3845,6128,5921,5874,928,1810,6088,6618,7706,9302,8450,1797,7439,8044,9428,7391,1047,1747,7602,7379,3947,9540,5675,4448,5341,933,767,8436,149,8040,6595,2442,3968,6306,4401,3075,9736,8216,8199,4357,9875,291,5829,2123,2226,1104,9946
4124,7125,8080,4024,319,512,8742,3226,8833,1090,7428,3919,3659,2894,8904,6478,4948,298,1995,442,3911,1025,8282,1313,2026,1602,2504,7009,2685,4510,323,4719,5345,2590,645,2202,8139,4470,5826,2931,2740,9088,9186,7024,1686,1353,4205,4851,5412,4681,7038,6741,6965,4809,7257,3862,7952,1523,1228,4156,6496,7370,9303,7966,2153,6732,7795,9429,5047,1475,1402,8153,7445,7563,9541,5818,1953,5585,716,396,9637,894,4653,6437,2852,7271,3368,5204,3203,9737,9821,5376,2103,8256,609,5379,2764,7347,6890,9947
1213,5461,2863,5269,4425,6728,8743,1680,8834,610,4630,4223,4517,2962,6144,105,3695,557,4046,1689,8656,6146,8964,2921,4364,5323,4956,8412,720,6453,741,6891,3747,1737,5431,8167,7319,2460,6260,1829,1429,9089,9187,3905,502,1236,6523,796,1226,141,3123,4388,7895,3144,4325,6664,6114,1896,1754,5673,5785,8429,9304,7230,873,6882,7999,9430,4259,4280,1318,3922,6182,6610,9542,7942,5437,6303,5023,1315,8343,232,5218,6723,2724,1404,4804,2148,4786,9738,6506,8093,5769,8536,1417,5004,2337,5953,4424,9948
3549,5265,5100,4745,2162,6157,8744,1919,8835,362,3972,1162,3271,4806,2617,804,4892,353,2507,3646,8035,5752,8965,3933,880,6948,3412,8062,839,4716,785,8441,4219,6352,6949,8063,8024,2141,6806,3298,1420,9090,9188,2771,315,1783,4172,602,1281,377,2987,2220,5899,1850,6592,6046,7424,1220,4303,2996,6459,7594,9305,7828,974,5927,8404,9431,3624,2887,2119,2501,7366,8533,9543,7857,6057,5907,4394,648,8629,1148,2295,7692,5533,351,4514,1185,6121,9739,8393,8312,4410,8692,3847,6027,2536,7211,7615,9949
3954,4461,2557,6390,6801,3993,8745,7149,8836,695,4760,547,5005,2622,7552,713,5267,2059,3201,723,8551,5834,8966,7008,858,2726,4337,8400,1032,477,4467,4273,5462,3925,4876,6479,3927,1983,3048,2309,2328,9091,9189,2168,783,2142,3547,938,3423,2203,2332,5619,4568,1753,6004,4455,7157,5010,2414,6291,8025,5145,9306,7551,3403,7562,8641,9432,2193,413,2634,7266,8064,8133,9544,4460,826,5347,4178,690,8677,954,5609,8292,2608,2316,3931,2382,3390,9740,9822,8418,7634,9876,875,7517,400,664,7892,9950
1293,4276,7576,6550,1479,802,8746,6739,8837,3295,8002,1604,2511,1003,8373,758,1542,3459,5147,734,7298,1867,8967,3377,2979,2868,2010,7295,3763,1422,7155,1074,6022,4101,1039,7372,7348,2906,5630,1990,6702,9092,9190,5813,1010,3861,5440,4237,5803,2238,6087,4086,1852,4472,5203,3914,5604,3395,1640,5031,3901,7279,9307,5982,4951,4563,8672,9433,5087,258,2449,7343,6861,2146,9545,5649,6761,6644,278,1565,9638,237,4062,3382,2663,5525,2675,3648,5233,9741,9823,7645,6228,9877,248,5402,3433,475,4738,9951
4636,5762,5751,3701,4307,320,8747,5749,8838,3092,7395,2008,3336,861,8905,4747,2315,2776,1062,472,5158,2212,8968,5051,3534,5824,1922,7980,1889,2379,1395,1605,2579,2573,644,6420,3109,1673,5335,3517,4971,9093,9191,2913,3573,3369,4457,6977,7323,3096,6096,4535,1342,5174,4106,1085,6900,3464,1272,2688,5282,5539,9308,4285,2866,4142,7723,9434,6475,202,2788,7680,1489,5854,9546,4526,6545,2493,186,2626,9639,585,5288,6315,2197,4650,3887,4538,2227,9742,9824,7203,7267,9878,1291,5657,3098,2302,6500,9952
2305,4010,7758,3458,2380,4639,8748,3103,8839,1247,7721,1521,4493,1093,8906,2065,3414,2262,2947,2704,2522,4688,8969,3261,456,3308,1651,8126,2117,4709,1731,3194,6324,3793,5603,6733,6795,1645,1371,3177,5378,8666,9192,354,1806,1656,5122,5306,6529,1677,2420,4616,3750,2656,6084,4674,7089,3396,3134,1266,3193,4598,9309,3700,334,5384,8374,9435,5002,2928,1717,7461,4614,7914,9547,4043,4315,3815,2540,2439,9640,1144,6249,3929,707,3496,2217,2017,1099,9743,9825,4931,6117,9879,867,1437,4320,4133,4932,9953
829,2278,2635,3284,4351,4941,8749,3955,8840,1024,6998,4655,4780,3460,8179,1073,3276,1894,621,1072,6933,6422,8970,2458,1991,6092,1399,8222,1697,3965,2975,7476,3348,2109,2298,5331,3690,2588,6217,1492,2064,8613,9193,1450,956,1588,4684,825,2466,963,2698,4657,7133,899,3937,5949,8253,4356,3389,4859,5373,5486,9310,2816,588,5696,8627,9436,4677,902,1409,4327,8296,8100,9548,4697,6488,4083,5036,1614,9641,1361,3466,5348,4395,203,4537,1201,4985,9744,8234,7949,7233,8577,3410,3527,2339,6200,5026,9954
3247,4816,6681,4539,4277,666,8750,5405,8841,3810,6396,820,5750,534,8355,3267,653,3470,2150,1006,7667,1704,8971,838,3783,6433,1573,8662,530,5993,4770,525,1512,947,2591,7113,7477,1478,4928,3538,5691,9094,9194,4452,344,3894,3740,5862,6124,3661,6632,3987,1923,5730,5644,5139,6241,4278,1149,3012,4093,4163,9311,2532,3160,5790,7918,9437,5516,735,2401,8259,6403,7400,9549,4979,5850,5747,2641,2673,9642,349,2531,3651,2074,6991,1965,3129,2406,9745,9826,7920,6798,8106,1823,6710,1384,1036,6525,9955
4879,4735,5687,3795,4045,4990,8751,6125,8842,3729,3948,789,6561,1419,7635,4025,4115,2824,1872,4294,5711,4301,8972,4994,2589,3592,604,6966,1915,814,2459,4942,845,503,5679,7783,798,3866,727,1931,2751,9095,9195,5946,2514,1536,6661,4924,4451,4167,1465,5392,5255,5015,6796,1372,8308,5414,1284,1305,5998,4998,9312,483,3726,6809,1554,9438,8038,1143,2195,7070,6820,8019,9550,5876,1735,5424,3834,1288,9643,1974,2020,5560,2878,1396,2684,2794,5782,9746,8682,8458,1482,7210,1048,4199,705,4491,6897,9956
2606,4896,7441,3528,4281,3940,8752,5659,8843,1821,7164,2503,5800,2498,8514,1625,364,3118,2930,3359,3512,4068,8973,6007,2544,2261,2251,8590,1077,714,674,6855,5816,2736,378,2116,7423,2252,4660,5838,4949,9096,9196,3749,841,3101,1026,1336,3190,1217,5722,5251,4852,3191,1948,3688,959,5717,2257,3252,5277,6127,9313,5224,942,4483,7694,9439,2546,2929,1929,7186,7242,8443,9551,6517,964,2957,3117,2597,9644,3217,5171,4304,1727,5172,1392,1476,3339,9747,9827,4993,7393,8578,1579,5941,3600,773,7846,9957
3238,6936,2336,5380,3280,4081,8753,6612,8844,719,7329,1469,5688,1803,8526,2872,2683,3168,387,1776,5278,4111,8974,5948,3730,3674,275,8325,3229,643,3653,3654,5153,5242,4029,3309,4632,1413,3851,4627,3492,9097,9197,3941,1917,2932,2781,3150,1215,2838,4458,6078,5578,2938,5997,1219,6370,4389,1259,3239,6414,4330,9314,6881,3199,587,8506,9440,6608,4415,124,5481,6277,5266,9552,4823,6694,6258,1221,1386,9645,725,5951,4419,2548,4930,1364,1566,5807,9748,6234,2461,6394,8648,2525,5863,2069,4431,1127,9958
2693,7334,7708,7181,2362,6028,8754,7272,8845,457,7673,3932,3248,4456,8907,421,6137,684,3891,1194,3798,2761,8587,4927,2046,4023,3716,8226,3207,1663,371,4092,7871,81,191,6964,6685,6369,6065,5038,6975,9098,9198,5576,2545,3338,4774,5504,6454,1790,5557,7649,6281,5607,7995,6197,7494,2106,3262,3465,7061,7468,9315,7004,4608,7153,6679,9441,7755,1936,1129,8359,5781,3166,9553,5637,1249,7652,283,67,9646,144,6286,6299,3777,6738,5404,5986,4366,9749,8603,7766,2425,8693,77,6637,782,5686,1772,9959
5890,6853,8396,4672,5457,6730,8755,8232,8846,2073,5262,4519,5241,3999,8908,68,2455,4196,5532,4184,7852,5732,8975,2273,4136,4200,2746,9018,1174,212,940,2534,7132,56,571,7100,5227,1385,979,1707,6218,9099,9199,7459,1175,4180,3837,5298,3182,1952,6830,7344,7784,5388,7616,1493,8258,3574,2665,1878,3786,5864,9316,7352,5733,7416,4377,9442,6163,3828,2324,8230,7232,6285,9554,3992,3872,2629,1762,204,8678,535,5517,7006,1081,5701,4365,5019,4350,9750,8683,8446,1884,8694,107,2702,781,4868,2839,9960
4595,6845,7447,4602,1471,4550,8756,5843,8847,1051,7885,1275,5567,1015,1593,3682,1324,1834,2325,2569,2050,2340,8659,4603,2409,5677,1415,8387,2285,7421,3137,4631,5771,5159,4584,1252,7296,3704,5939,2802,6655,9100,9200,2870,548,2994,3835,3782,7052,2230,1097,5968,3209,4772,6337,5640,7019,3553,2000,4474,1155,4437,9317,3791,147,4409,8532,9443,2828,5363,523,3865,3236,4164,9555,2755,4253,4661,1619,1456,9647,1888,7047,4489,2187,2205,670,2898,7094,9751,9828,4490,6038,8353,255,5501,4749,2330,3813,9961
3156,7385,7954,6102,510,3099,8757,2071,8848,398,7401,3609,6817,4807,8469,3623,3035,605,3354,2281,1856,6368,8276,2170,2198,2731,1357,6048,3062,743,93,5715,7208,556,386,6173,1499,4176,6616,4834,6262,9101,9201,7874,1317,5779,1830,7536,5879,2599,7505,6807,6284,4991,5254,1946,8056,3333,1808,2225,6085,4481,9318,2499,2706,4702,5181,9444,7409,5608,2210,8599,7367,6772,9556,6690,2477,4289,1246,290,9648,626,3577,6724,4260,2495,4527,4414,6623,9752,8558,7022,2002,8547,582,6878,550,7124,6919,9962
11,17,31,42,72,467,2181,4346,8005,5935,8885,2175,7045,1256,8909,538,4190,6532,2179,6464,8928,6914,8976,8146,5881,8082,6073,9019,4583,3220,7023,6308,7598,1771,1161,8246,7986,4050,6774,5503,6588,9102,9202,4288,6828,7216,8388,6972,7492,5349,8326,8103,7454,6049,8289,7096,8303,6109,4155,7198,7837,9255,9319,8573,7247,7955,9376,9445,7959,4604,2779,8474,7363,3253,9557,7800,8481,6393,4849,5918,9649,205,7943,1883,5220,7440,3481,7162,6589,9753,9829,8490,8482,9880,558,8525,4965,3699,2636,9963
2745,7375,6755,3998,3085,3681,8758,8177,8849,4183,5819,2367,2541,2354,7901,1358,1751,1237,2124,5651,8089,5105,8977,5554,932,6547,591,8274,1089,233,5248,6365,1005,1426,2470,5979,5098,3595,4707,3643,5668,9103,9203,7527,3663,4258,5008,6981,7889,4037,3572,7269,1622,1699,3709,70,8098,3441,506,640,4692,1470,9320,1665,1245,7607,2403,8628,7405,2389,2151,7702,6062,7466,9558,4044,5135,6620,3758,1021,9650,1462,4686,2481,2326,2708,2524,2381,6129,9754,8183,8114,7768,8403,2397,1675,702,6229,2861,9964
465,2174,2021,2618,3959,2661,8759,6994,8850,2843,7900,2351,4160,2926,8910,5724,4161,2901,1121,1310,1848,2342,8978,5089,1041,5936,1638,7752,2165,2134,3097,2422,1119,1778,3672,5334,4427,583,6687,1980,5597,9104,9204,3505,3693,650,4385,3811,5119,3543,7436,5852,6805,3344,3852,2076,7843,3419,3633,3288,2646,6750,9321,7438,123,6371,9377,9446,1959,196,879,7756,4822,7657,9559,4600,5886,6404,1376,1796,9651,1035,6695,5866,1654,4917,1319,2679,5459,9755,9830,8033,7799,8548,2215,4397,3007,3761,3279,9965
1763,1123,7469,3625,1975,1067,8760,5757,8851,2959,7732,1750,1296,1726,8911,3554,4532,2365,3391,443,7120,3228,8979,4371,2854,6584,996,8591,3678,1212,5072,2721,4894,486,572,2620,2135,2480,4499,2677,4937,9105,9205,6516,2405,3350,3550,6800,5737,2986,6024,2471,2763,4717,3379,599,7569,4978,3277,4038,2905,6089,9322,6301,3953,3457,8415,9447,6298,1164,2286,8360,5760,6577,9560,4384,6317,2277,537,2126,9652,504,5985,5136,2419,5616,970,2433,5888,9756,9831,6797,4757,8695,1261,4902,1411,1533,4565,9966
4665,6224,4871,3964,4300,5601,8761,7776,8852,3306,7066,1833,5689,1571,8420,161,1609,3315,3061,3066,7859,4659,8980,5869,2474,6785,1071,7646,2716,1007,1903,1855,5575,370,1904,8158,8053,2697,7209,4185,2189,9106,9206,4186,1993,3037,4900,2475,2969,676,6196,4580,4298,4392,3311,1278,3386,6191,1232,2006,7086,4759,9323,926,5154,6050,7417,9448,7730,1941,2550,7526,3050,1210,9561,3532,4418,7339,2160,3033,9653,110,6888,1779,2058,5519,4591,3411,5297,9757,8210,6596,6366,9881,373,2421,3077,1568,1356,9967
20,30,40,45,172,842,3071,6041,8262,4152,4750,1505,8061,577,8912,2131,6211,5065,1320,5970,3978,8657,8981,8115,1271,6502,1978,9020,1804,1886,6870,5605,6378,5393,7835,8612,6101,4121,1910,7981,6775,9107,9207,6425,4338,5391,6955,8423,8544,6899,7710,8358,4521,8381,7699,4911,8391,8449,724,2689,8323,3127,9324,774,3710,8478,8169,9449,9483,5848,3367,8487,7967,7851,9562,7948,8332,8144,2303,5273,9654,593,8122,7580,3070,7064,7628,5205,7163,9758,9832,9856,5987,9882,6670,2911,2565,4077,6416,9968
4676,5894,6704,5320,2479,4582,8762,1685,8853,2900,7726,1877,811,1145,8549,288,1585,2191,3442,1847,7929,6458,8982,4007,1912,6825,1133,9021,3781,4975,5740,381,4668,611,5030,6676,6126,466,691,2897,2486,9108,9208,6548,1302,3684,5847,3205,5236,1002,6650,5734,5788,1932,6187,4830,6160,7053,4212,4122,4554,4964,9325,7821,1811,5421,8523,9450,5476,706,1893,8147,7462,6357,9563,4488,7057,4084,488,3237,9655,392,2871,3544,907,7087,1732,3025,4610,9759,8684,8475,7682,8696,184,5623,4399,3376,3331,9969
411,6363,7154,6268,4088,5058,8763,7654,8854,685,7971,2335,1401,1031,8427,625,2601,1043,2933,931,2415,6533,8398,1836,2229,7627,1865,8663,2582,2016,545,2836,7479,663,1472,8529,5426,2523,7402,2125,6386,9109,9209,6865,3841,4099,3208,5511,2857,3746,2758,6781,4943,5873,7350,5432,6573,4107,3833,5256,5131,7693,9326,7785,47,4546,7940,9451,1459,3088,1265,8105,7158,4946,9564,4693,2180,4828,1177,1900,9656,187,6925,6318,2829,5610,3942,4393,6505,9760,8402,7878,7629,7965,221,6203,3122,4266,1455,9970
2164,7499,7630,6662,4912,6000,8764,7690,8855,1394,7839,1637,5180,4314,6562,335,3564,772,5071,4764,8212,4622,8983,6034,3540,4295,2533,8592,4117,4403,1054,5328,7599,153,87,6639,7458,5837,6701,2892,7535,9110,9210,5633,2435,6316,7489,7946,7504,5148,5606,3206,7039,5959,6617,6181,6025,939,4381,5723,3231,7541,9327,8242,4096,7226,7591,9452,8113,856,226,7280,3218,436,9565,2936,1463,7473,308,543,9657,306,6222,3188,4332,6080,3232,4014,2349,9761,8630,7618,1615,9883,54,6874,1657,5913,580,9971
4033,7406,2738,7098,5411,7340,8765,6756,8856,616,8059,1944,4793,2749,1203,95,3272,220,4204,4255,8470,6232,8984,7165,4361,5898,1503,8664,2491,3670,922,4637,4004,393,751,7068,7308,2347,4052,1124,4274,9111,9211,6338,1693,4349,6296,2057,3274,976,7544,3116,7809,3499,7883,5479,7270,2603,2400,3951,2666,8218,9328,8521,5865,6015,8324,9453,7884,1373,660,3187,4254,2659,9566,6499,5729,7803,983,637,8602,135,8366,6673,3634,6116,4531,2387,4867,9762,8417,8272,2209,8649,103,5507,1684,4619,4146,9972
5284,6492,6501,5858,1650,5624,8766,7276,8857,313,4612,629,5664,2594,8913,7609,4543,784,1360,844,7380,541,8985,7105,1170,6536,703,8162,1755,669,5741,7578,4571,1920,3521,7743,2942,830,1958,3005,2045,9112,9212,6705,1698,3666,3303,5720,7478,4957,6009,6641,5149,5682,6010,677,8336,953,3180,2566,1564,7561,9329,6221,2517,6353,8031,9454,4502,3081,594,7254,2800,8311,9567,2489,1569,1664,2396,235,9658,3135,5146,5193,1262,4925,4239,5259,5127,9763,9833,8496,4723,8697,1019,5353,821,5330,6875,9973
7603,8094,4049,6245,4159,2483,8767,6603,8858,463,6287,256,4412,2079,3520,2937,3347,155,2410,4954,6898,6329,8986,6465,3731,6792,911,8571,3578,7222,3361,7907,7206,268,225,7387,4507,6247,1963,6413,7030,9113,9213,7747,969,6706,7314,6133,7842,5369,3360,4748,7025,5090,6929,5494,8277,333,1868,2341,3812,8186,9330,7403,3170,4042,7719,9455,5396,4593,90,6257,1988,3874,9568,1094,1560,8083,493,284,9659,1120,7779,4984,4818,7297,4051,4420,5398,9764,9834,7774,1954,8171,85,4874,4135,6718,3869,9974
19,9,13,29,35,49,327,1519,5164,6122,8079,2368,8339,6210,8914,2279,7341,4875,3341,3766,1696,2703,8987,7805,4229,6351,5531,9022,3487,6744,6417,7661,8307,8349,6216,8408,8030,7396,6660,7102,6954,9114,9214,8363,5448,5926,7815,6607,7197,3488,8283,8201,5599,3809,8327,7855,8598,7632,2218,7040,7827,7711,9331,8451,3317,8669,9378,9456,8556,6759,5344,9487,7930,7941,9569,8151,6016,8291,7263,6079,9660,4118,9688,5524,3903,8546,6909,7358,8251,9765,9835,8510,7858,9884,5880,6072,6560,1840,5989,9975
2700,6598,8077,6385,3712,4512,8768,7145,8859,4015,8021,1553,7463,3112,8537,168,1715,1885,3245,3723,8200,2473,8988,4649,2778,5430,2122,8593,3546,630,1574,4869,6382,76,840,2185,8007,1331,6826,3273,6923,9115,9215,3588,4387,2741,7223,6407,5992,817,7140,1350,1540,5584,6708,5395,7606,1449,2510,4831,2333,6292,9332,6699,3334,6293,6672,9457,6468,1182,1546,7735,6858,2223,9570,1943,6135,7317,748,697,9661,437,5239,4466,2081,5056,4779,3387,4611,9766,7720,7117,3593,9885,193,4767,1661,3019,876,9976
4168,6625,8384,7138,2087,5534,8769,8267,8860,745,6250,4240,4248,3227,8915,451,2848,3065,3444,1500,4059,6674,8660,4369,1537,4072,3567,8594,1171,97,1940,3824,7330,163,245,7277,8096,5508,6171,5118,6867,9116,9216,5514,1575,6707,6847,7754,6174,2753,5355,7987,7143,6240,5895,5144,5400,5024,2830,4299,7464,7844,9333,7899,5684,6456,7910,9458,6907,522,2265,7975,6491,1841,9571,7243,425,6432,805,997,9662,229,3282,2528,3428,6839,3477,3792,1335,9767,9836,7614,3943,8579,134,6889,1009,524,1687,9977
3091,5228,7791,4080,2222,4035,8770,5924,8861,1345,6884,1655,6880,1757,8916,3703,3706,2063,1562,2287,3169,4592,8527,3269,2188,405,1703,7792,1967,709,738,3768,4449,4214,3776,5698,5860,1158,4923,3597,5555,9117,9217,1921,2649,2171,3711,5263,4386,2038,5546,4728,4468,3373,6418,2853,1824,4100,1529,601,1618,6334,9334,6808,1087,4343,8392,9459,3179,3286,1911,7570,3374,6569,9572,4901,2320,3977,3281,2234,9663,607,6278,4621,2709,5900,2705,1270,4800,9768,7877,7697,5076,7781,314,3484,1122,2374,6597,9978
1769,3418,8378,4439,2186,4850,8771,5321,8862,2604,8319,2952,5702,3216,8917,1729,2939,1712,2955,4588,8485,5726,8989,4576,3342,1369,2587,8320,4055,4003,925,7251,7872,211,57,4464,7960,3164,7135,4233,3258,9118,9218,2157,3581,3820,7121,7826,5669,1800,5974,5253,4552,5099,5784,5246,5238,1255,3664,4479,4832,7362,9335,6764,3490,5120,7390,9460,3867,4061,980,8370,5920,693,9573,5397,2105,6219,416,546,9664,464,8198,1608,3224,6822,2958,5472,2018,9769,7801,7288,859,8483,185,4039,2033,4558,303,9979
1709,5798,8123,5257,4272,6166,8772,7189,8863,2436,7567,4328,6746,3157,8207,84,3677,1649,3003,4075,8003,5415,8990,5958,4148,2219,2434,8610,3113,542,415,4742,5309,115,307,7435,5758,2291,5325,1720,5861,9119,9219,4976,3461,2583,6549,2966,2172,668,7141,8073,7260,4201,7601,6511,6512,2432,2393,4995,5558,6490,9336,7876,2995,6435,4988,9461,7307,3263,2248,8070,4675,3434,9574,3468,2767,7484,935,265,8238,263,7685,5565,2364,4404,4182,5296,2047,9770,4926,7586,4247,8410,74,5566,1065,5808,1561,9980
1052,3244,5152,5473,7048,4189,8773,3981,8864,429,5037,140,3029,3511,1626,1340,4336,173,3945,6727,8635,3892,8991,7625,2613,5571,1348,9023,2707,8166,1101,8528,7834,505,1362,8172,6226,2948,1501,5612,7972,9120,9220,7488,1011,2990,6565,1214,4453,3518,5346,1598,5214,3658,5842,7287,8300,737,1326,2319,3605,8290,9337,9359,4939,6633,8540,9462,5016,6924,915,3371,5017,3938,9575,2130,1816,8233,2960,75,9665,806,7201,8371,3064,5371,3775,3790,3839,9771,9837,9857,903,9886,445,5324,2004,8001,6349,9981
5891,8224,8467,7283,3579,6158,8774,5381,8865,218,5831,293,5568,5121,8653,6604,6912,799,4433,730,8247,1666,8992,6748,4116,5937,1374,8116,1165,3969,1242,8029,8047,98,152,7444,5915,4836,3154,5483,8054,9121,9221,7002,833,3908,6441,8087,8037,5542,4904,7373,4429,3489,5470,3846,8382,635,649,3618,7035,4863,9338,8640,1942,7829,7335,9463,7656,3636,478,9488,5102,8223,9576,4018,325,6843,598,65,9666,3332,7371,7564,1510,7336,5194,6634,5705,9772,9838,4508,1557,9887,92,1587,2140,6629,6645,9982
3078,6961,7997,5945,1135,1300,8775,7099,8866,3352,7215,778,7221,1939,8918,6599,3337,1225,2242,3996,7195,6554,8993,3497,4036,5212,444,7806,1866,447,4443,2035,4899,363,987,5270,6220,871,5545,3132,4197,9122,9222,5169,688,2927,5222,6269,6379,3685,4016,6771,5981,5776,5738,469,7947,3133,1018,2453,2492,3439,9339,6556,4701,5994,7374,9464,1679,4082,1453,8016,7345,7927,9577,3906,6463,4999,3121,1080,9667,544,3825,3886,2001,1078,4013,2672,6209,9773,9839,7724,1013,9888,476,4383,1141,2383,6526,9983
4150,7547,7491,7434,2110,3537,8776,6103,8867,2232,8051,412,2502,2127,8406,2999,3696,296,2518,5186,8516,5791,8994,5096,3200,3498,1969,8472,3985,7131,843,7992,4000,253,262,7381,4838,6017,4284,7359,6950,9123,9223,5044,4669,4348,8055,7224,7713,5931,3105,2954,5933,6484,7356,7342,8241,641,4522,3952,3988,6886,9340,5356,5303,6703,7585,9465,3363,2877,243,8452,6540,1088,9578,889,1109,7716,402,389,9668,2206,8266,3829,4390,7326,1060,4841,3046,9774,8541,8432,762,8434,257,5502,972,7641,304,9984
6960,4919,8563,7328,5548,6367,8777,8178,8868,718,5069,3249,4615,3430,8654,188,5583,3864,4234,2040,7624,1178,8995,3668,3319,2596,2971,9024,967,80,3087,2359,3067,130,356,7268,3949,3962,1805,3570,7746,9124,9224,6934,1416,5509,7174,7217,5014,2644,6967,7669,6461,5307,7253,3246,7415,5672,2875,3675,7816,7777,9341,8102,5167,7236,7027,9466,5332,4269,2790,8562,5456,7773,9579,3789,995,5179,960,271,9669,207,5615,7041,1391,6515,5683,5185,1599,9775,9840,8620,1652,8650,154,1674,223,4411,5032,9985
346,7433,8078,6493,3056,2167,8778,7665,8869,355,5883,474,5990,744,6813,5304,3297,852,1338,3976,8042,2256,8996,5268,2630,6068,1142,7497,2388,567,682,2156,7553,7077,934,6201,7351,3059,5812,2811,6180,9125,9225,5787,2803,3928,5468,4789,2253,2747,1307,1535,6081,2411,7176,818,7573,3802,882,2849,2625,4145,9342,4613,1583,6397,8351,9467,6669,4564,726,6120,7248,5796,9580,2555,2494,5007,2207,3076,9670,1777,5592,2003,2844,1405,4333,2964,4597,9776,9841,7474,7905,9889,2015,5385,1636,1397,5713,9986
6039,7032,8013,4094,2660,5923,8779,6911,8870,482,8138,2032,1273,5049,8919,1819,2945,618,4374,5081,6377,1000,8997,6778,4134,6106,2841,9025,4432,2282,3662,6149,7709,851,242,5285,7514,2876,5904,5420,7001,9126,8667,4847,1168,3462,3640,5735,5294,2385,6013,5435,5712,2440,6993,5292,7861,1126,3821,4400,4578,6026,9343,5375,4444,7733,8555,9468,6751,4292,277,8175,6537,514,9581,6760,4090,1879,236,453,9671,78,7093,2343,3676,7593,1112,4226,2997,9777,9842,7898,2575,8580,133,6823,3437,2744,807,9987
2196,6902,8453,2823,2496,4908,8780,8367,8871,1641,5001,3957,5832,941,8920,1113,1294,4494,4105,5434,7457,2956,8998,1408,3739,5422,1916,8380,986,59,6155,760,7010,317,563,6731,7568,3063,3732,4607,7286,9127,9226,5314,1211,5235,7908,4520,5413,2254,4736,7650,5410,2903,6769,3882,7026,5247,2143,4958,7036,8075,9344,7595,3980,7020,8507,9469,3838,1184,3399,8215,6476,5250,9582,6075,596,3857,2605,1179,9672,148,3503,2671,2097,5911,2856,1610,1329,9778,9843,8568,5045,8651,230,5460,2199,564,2977,9988
376,4567,6869,6682,1996,6835,8781,6130,8872,3485,7518,885,5569,1581,8348,1387,2920,624,5088,989,5823,7126,8999,6272,3198,1020,2372,9026,2027,2089,916,8071,7422,375,1580,3030,5884,4866,2283,1971,5475,9128,9227,3493,3259,5073,2787,5586,4820,3242,2386,4540,3760,3916,6593,6946,8221,1106,3900,3069,5286,7820,9345,7590,3356,3620,7521,9470,3328,5648,914,8219,6729,5835,9583,2044,1517,4703,920,125,9673,145,4609,7194,2922,5488,5901,3818,3290,9779,8685,8134,4434,9890,179,6754,1022,6518,5104,9989
18,8,10,24,33,46,331,1541,5526,5077,8347,5033,8273,4756,8921,2358,5372,6583,2355,6104,5028,8155,9000,7604,1734,8362,3185,9027,6148,2095,3004,2732,8565,4175,6539,7840,8500,6252,8163,7712,8130,9129,9228,8117,6793,8008,7139,7679,7265,2718,8390,8614,8341,7292,8213,7389,8572,8364,5175,6594,7923,9256,9346,8574,8088,8330,9379,9471,7592,8069,6263,8575,8600,9493,9584,8120,8576,8674,5339,5626,9674,862,7957,9690,3645,7510,7798,7750,7931,9780,9844,9858,7977,9891,1683,8377,7490,6952,6968,9990
771,2115,4379,5340,1924,1714,8782,3939,8873,4287,6255,579,6659,1999,8281,1468,1146,1380,1473,4067,7081,6638,9001,4972,2793,1706,946,7470,1945,1328,2648,1545,4561,5943,6373,5165,7101,2067,5279,4808,5383,9130,9229,5359,3769,786,5909,1507,4731,2668,7361,4454,696,3448,6987,3510,8131,638,409,4752,3124,7729,9347,2213,3915,3806,8424,9472,6168,944,1447,5582,7731,8209,9585,1647,4469,6752,3934,759,9675,3560,3318,3345,3213,6012,2886,3221,4601,9781,9845,7767,3671,8334,1770,1979,978,1344,4667,9991
2883,4549,8652,5550,1235,4827,8783,6207,8874,1079,8257,4782,7512,4225,8922,6323,6212,1069,1846,1321,1817,5591,8386,5455,1552,3935,2713,7759,4714,5419,382,8157,7413,82,224,6044,8322,5639,6944,4408,5300,9131,9230,7807,1423,3219,1775,6777,5035,2754,7000,7388,2807,1431,7369,5079,7550,710,1136,3799,7062,5728,9348,7528,4530,6513,7310,9473,1524,2178,1130,7849,4548,5364,9586,6602,1377,6099,359,113,9676,170,6916,5947,3211,6184,5361,5581,4844,9782,9846,2547,1460,8698,292,6389,2632,6395,1644,9992
222,3474,4947,3759,4203,4634,8784,5660,8875,1111,7496,912,6345,2092,8655,3836,3301,1745,384,975,5527,4402,9002,6147,3628,6449,1611,7985,2276,1976,4628,5678,5666,4108,6419,6715,7382,1012,4725,2192,3970,9132,9231,1902,698,4324,5463,5106,2970,3743,4962,951,3327,3713,6434,5074,6856,4034,831,4103,1690,4060,9349,6442,797,6348,9380,9474,2149,3642,708,4030,6838,3727,9587,870,5443,3742,3870,2982,9677,3176,5189,1290,2796,5451,2099,3432,2293,9783,8188,5299,5697,8220,3017,4104,2070,1206,689,9993
4906,6195,7608,6683,4989,6178,8785,8081,8876,930,7786,2031,4624,3920,6359,79,4459,2013,5703,4921,7443,7095,9003,7501,4296,4680,2111,9028,1531,368,1483,5602,7498,116,150,6836,5477,4264,5260,2086,7621,9133,9232,6074,1744,6045,5034,7168,5287,1739,6956,7740,7278,5326,6930,2509,5809,2275,4753,4177,4652,7302,9350,8309,2723,7103,7241,9475,7626,1389,891,7338,5794,1058,9588,6850,1826,4087,318,250,9678,210,7953,2789,3876,5433,2715,5237,3885,9784,8631,8145,1309,8524,136,6745,765,4648,1843,9994
6726,8135,7863,7653,4824,1152,8786,6471,8877,264,4119,63,3855,2101,8397,6261,5125,282,1375,4153,7823,5418,9004,7354,924,5182,651,8046,2296,6274,2535,5528,5187,2855,527,8052,6290,4577,5855,7285,7408,9134,9233,5423,3785,2902,7662,7704,7156,4691,1287,837,5281,6276,6503,7134,8461,881,555,752,6115,6256,9351,3612,5636,8099,9381,9476,4157,5620,484,8150,7426,7508,9589,755,391,5999,949,194,9679,3539,7845,4283,659,2274,3260,3893,1733,9785,9847,9859,3615,9892,3257,4202,1555,6665,6350,9995
3536,501,7511,4482,2812,3479,8787,4864,8878,2845,8006,2428,3884,2249,5084,2988,2653,1563,3083,1040,4193,5530,9005,3482,2581,6054,1299,8440,2447,1092,2542,3635,1061,4170,2890,3616,6265,2098,3268,3140,2570,9135,9234,2627,2752,1110,2014,4339,2423,3068,5792,1538,6003,2476,6585,4773,7507,2640,2377,2080,2795,6061,9352,1970,1964,6172,8501,9477,6372,1441,1050,5708,7556,7672,9590,3202,6578,4001,731,2313,9680,339,5559,4149,849,1381,1862,4188,5216,9786,8559,4475,5692,9893,1454,3167,3533,2239,5618,9996
5962,4799,4471,7212,3449,5048,8788,6920,8879,1239,5322,2840,6974,3106,8585,64,4698,4416,4758,1173,7028,6188,9006,6021,1628,5162,2259,9029,1400,206,1616,2152,4098,169,459,6519,6325,2831,1861,3923,5342,9136,9235,4511,2036,4215,7677,3452,3986,1713,6567,7537,7467,3424,7903,1218,7637,5950,962,1873,5772,5614,9353,7772,4973,5893,5198,9478,4776,836,1761,7919,7757,6908,9591,4573,4138,6231,2007,661,9681,581,5709,5115,2078,5308,4438,4002,1676,9787,8445,8280,5025,9894,176,6051,324,2538,5454,9997
6507,7950,8160,7213,5830,2775,8789,6921,8880,385,5529,529,4843,4426,8136,757,6876,1248,4358,3381,7228,6630,9007,7166,3774,5138,2681,8028,2240,294,1140,7993,6544,151,182,7958,5409,5243,3956,6239,6341,9137,9236,6305,2224,2998,6945,7935,6804,4006,1907,7525,5634,6380,5631,5976,6931,2066,1694,4306,7617,7988,9354,8128,3558,7090,8101,9479,7695,3583,1506,8431,5746,5540,9592,2443,251,7005,994,177,9682,266,6989,6339,1814,7173,3909,2669,2818,9788,9848,8086,2129,9895,96,2976,470,2062,2670,9998
6091,6482,5964,7364,4966,4768,8790,1864,8881,215,6340,489,2352,3093,7548,5598,3406,69,2543,2584,7782,5929,9008,6832,3559,5327,1901,7420,6069,7196,227,8316,6031,348,791,6648,7018,6119,5018,6509,6023,9138,9237,6842,2701,1169,4129,2615,5775,5177,5547,3415,5183,4501,7866,7177,8505,201,742,1773,6905,7584,9355,6906,2456,7324,8000,9480,4914,6722,259,7989,5123,5403,9593,1509,1076,7813,848,118,9683,3958,8057,1632,4109,3346,1937,6959,5170,9789,8509,7850,461,8581,1722,7970,1986,7188,4498,9999
39,25,6,2,3,21,36,51,795,6812,8886,8368,7244,7727,8923,8925,5365,8124,7259,7412,8929,8095,9009,8315,8306,7870,5408,9030,7502,9032,8422,9035,8299,9037,8560,8567,9041,4440,8036,7313,9042,9139,9238,8227,6451,5458,8389,8638,9243,9245,8626,7519,5129,8561,8455,7647,9250,9252,6892,6392,8615,8639,9356,9360,8522,7092,9382,9481,8673,8508,5109,9489,8456,9494,9594,8545,9597,8601,7522,6862,9684,9686,8361,8425,5140,7675,6406,5617,8170,9790,9849,9860,6358,9896,6310,8623,8109,9898,9900,10000
