0.121814667792462	0.385837591975404
0.0345902806411688	0.0934916107946984
0.0195990079459809	0.0789216131874171
0.00694898077313582	0.151773906933865
0.0622365815685818	0.244658711358672
0.138832420124749	0.497506322072232
0.0839827969753382	0.326328306005959
0.0114969677735283	0.134040309390087
0.0967348667183576	0.390607610998584
0.0553599715636313	0.194944693917622
0.124193340401725	0.396895441248074
0.169245591239901	0.566094815564547
0.0850264627036832	0.347195421462549
0.03528524830678	0.28401140624969
0.137631679327886	0.40251392067093
0.183822869969646	0.683464245203351
0.0274080786586915	0.0694210804744906
0.165760319401302	0.524468445509865
0.0987348700793664	0.454470052291433
0.160002678393065	0.62581790974688
0.027153781242019	0.176932401864395
0.100253762065925	0.473792699639538
0.0505571293753462	0.296379213310801
0.113037128871032	0.427373087946003
0.0816095105210001	0.242406138352032
0.0428304422719386	0.145386196505029
0.0873683534254107	0.452734692348709
0.0776224286118743	0.185594491872508
0.090947676274456	0.261819935110637
0.138728063580608	0.571536862480782
0.0761874443761681	0.382307431504379
0.178382950608296	0.653132613528624
0.117582366065948	0.477470591510533
0.161045193325918	0.538374293869255
0.182694092099664	0.624197745959542
0.0709268240416213	0.244045232589113
0.126459311309628	0.602004445383948
0.179807994167841	0.590119842677107
0.0984559699022593	0.406357026987046
0.112556658185867	0.485132144871232
0.0605923046573255	0.286282438775088
0.141932083142539	0.572441443932594
0.117391920863761	0.45626463406124
0.154156453560421	0.523120871620723
0.14036650378989	0.385364969764004
0.0554521113441565	0.151065175497312
0.0968213614997778	0.340283821546541
0.0148279788263183	0.120710522691043
0.186534339782927	0.431017930494554
0.0962548283155752	0.272446255042661
0.177290563612207	0.663230271974802
0.0772823424958383	0.279754415355248
0.0309182252619089	0.096241454985365
0.0909021860530056	0.527112977488458
0.0892955620826409	0.266717779422477
0.0754104385131612	0.326176665821985
0.0852136927856137	0.214422234418215
0.00283613253259589	0.0138548543276786
0.0557237870139734	0.418175874056306
0.0254723792057473	0.29727413007813
0.0924538084904195	0.225090784169576
0.136084865862523	0.357967864300346
0.156420371454416	0.573528697269595
0.14355525214439	0.517970806911944
0.0505969334844772	0.13750300892057
0.169881269357131	0.565672364352648
0.0941342281013564	0.284756198326149
0.141548009537387	0.449451419756005
0.094351129965376	0.439306204364886
0.0896304236359189	0.311210407863285
0.0794791186983472	0.391837572633259
0.0670734723880855	0.45812161331887
0.134042237214448	0.570037431523772
0.0152782677957579	0.0958729339261224
0.0475420667458611	0.362867284545633
0.15621202105212	0.621156942247215
0.0191732810806852	0.068429285498544
0.0857703545733582	0.248750348378871
0.0683339091954871	0.185922128114451
0.182401774325713	0.671678515114829
0.0511104783509388	0.188708339335219
0.0860016354491538	0.341142044554714
0.00615104477126312	0.155499818068631
0.0492456969259074	0.375480686235542
0.173919977706714	0.617824800653708
0.183102461262188	0.675573438264161
0.0764252192457342	0.195918926168661
0.0643254562265815	0.240217304733758
0.127100077044604	0.493579481236475
0.0308645769272523	0.208310668679323
0.175010656525486	0.682930650934142
0.183566937525744	0.536748117333606
0.159107689327258	0.614848167332988
0.182483449835868	0.538570273190543
0.0659136766738372	0.367393179996826
0.180886343900927	0.464324200102762
0.181078745053746	0.67160344719783
0.0275832188283956	0.0993714212404502
0.182548267297363	0.537863285136179
0.182334669711884	0.629184376162389
