130.25522109276	-129.913752179971
15.1277180767042	-15.097846057088
82.5616680054911	-82.3583067309662
87.1210465666021	-86.8645002155685
49.7455708322422	-49.6051853524076
103.82946130101	-103.653622146206
87.6308489127765	-87.3935136138649
54.1624841890527	-54.1551466387785
114.426577797465	-114.088373538253
39.17719344059	-39.0784060709625
109.477145272833	-109.200602917292
69.1567323744925	-68.8500115058716
91.2055710249298	-90.9328347808998
51.2995099113237	-51.0977007032774
110.480030100989	-110.134077816497
36.8259747313155	-36.7283637894797
66.3120397810175	-66.1358111124391
92.3523550434459	-92.1273663279199
46.1091268716239	-45.9883510893671
138.081864606525	-137.750682323863
34.4149705569712	-34.3124087903128
37.3757905483381	-37.3460590104115
86.1927835942242	-85.7883005822982
68.1748572364846	-67.9087777543603
41.1154376608297	-41.0798073378578
24.985056790774	-25.0288417387315
18.0458770711853	-17.9831324274334
107.788487020361	-107.439054305094
96.2767630290951	-95.9540304458255
121.208584280815	-120.88376340943
88.9487742604003	-88.7239444940305
133.497499399592	-133.174894796327
17.0765800671538	-17.0204567497468
129.866541377076	-129.540080515685
93.8611737830054	-93.5397439513681
81.0740958684186	-80.8518850480802
91.7684569181472	-91.5457255955272
97.9760559566688	-97.7227295148718
76.4201445111474	-76.1865866746284
53.8683865380934	-53.6907803114065
4.36857201164926	-4.35673600650163
45.4005137328442	-45.3033635513531
68.8029599493099	-68.68215265374
134.456462819949	-134.100244732382
136.25212124592	-135.922238712193
7.21240047395296	-7.22198508691875
25.7766683785486	-25.7233374756864
86.7433391897028	-86.5140135815157
76.7417183136318	-76.545420607776
83.6476757404318	-83.3955191134522
48.205058008204	-48.0959993258556
119.586965208503	-119.260999989281
34.2743792545661	-34.2701377219036
83.2941468051034	-83.0425199773976
111.110303950433	-110.813810146817
26.5426302207044	-26.4725861764087
88.0267640987239	-87.8570737413332
106.55936886858	-106.304520326923
126.573170030156	-126.214934246767
121.444798065461	-121.152487750174
118.907871792153	-118.652156218284
134.154029050922	-133.802430598199
75.1654551739095	-74.9838940722547
46.5877411053852	-46.4641341506564
46.9304050784142	-46.7771760541309
106.845756826816	-106.561172749428
62.6350020746763	-62.531059030564
41.4659212437063	-41.3863265029656
134.115780933118	-133.77617250475
33.0762540845732	-32.9807483912941
37.4385912773238	-37.3953993678005
36.6805791168095	-36.6692912473313
35.8141771086351	-35.7993986712232
67.8405541059719	-67.674981089311
78.9738323849732	-78.7756848095799
43.7307752389217	-43.6905418079522
19.9886935963209	-19.9558984873064
109.612940202911	-109.369676192747
86.6046336575247	-86.3150285838854
55.3753039689525	-55.3257690696664
62.467636354129	-62.2941096687251
54.6059757222106	-54.499957147721
118.102904158029	-117.799442633512
36.2878093777827	-36.2003103300868
43.908307923701	-43.7199854960618
111.831463346181	-111.462994530209
38.451500990616	-38.345128146281
103.753937196149	-103.459636230123
80.9633793382899	-80.6661918980662
105.822530844047	-105.538834344047
75.3217970381507	-75.1502401505799
93.3163471842632	-93.1035176297427
93.3261652016471	-92.9928372157122
122.146406328747	-121.8257559941
125.869811308628	-125.51491491712
104.137341412254	-103.824574847356
50.6489797452078	-50.4975670515119
104.698089381702	-104.346548375233
126.264125781055	-125.952599858881
132.072903540817	-131.710670751029
