0.0635676689387609	-0.00246482933137884
0.674557189327291	-0.295378768729534
0.878610227383066	-0.490776458113423
0.890747341026926	-0.499479583659729
0.0599310482505683	0.0575435515739258
0.940787273572657	-0.369642455195382
0.948873106285352	-0.337646620236352
0.833133521068798	-0.264295634873858
0.394139904967066	-0.0559405224481116
0.399405683855425	-0.203297652243051
0.0890050448662176	-0.0273537007934995
0.0618668907530612	-0.0232393930561691
0.916850266331744	-0.326971940689076
0.943822824144121	-0.319947312633974
0.117004890091771	-0.0543332784962878
0.103988604243021	-0.0403824985364144
0.94608187340842	-0.325755851387225
0.0840919447470628	-0.0313296102953873
0.935454159301477	-0.305846842007988
0.0259867913402536	-0.0139513786340869
0.939557264366409	-0.320301307700554
0.173868931212044	-0.0949804400943112
0.0300055789918176	-0.0132208185784291
0.948918944393742	-0.331653233811366
0.969952915286713	-0.35780852443489
0.93247032012167	-0.302804635157227
0.0704386885969166	-0.0408000311342522
0.940022711213166	-0.32906089101161
0.811797311310777	-0.22961602967516
0.261343502699828	-0.145633863913569
0.945152220723894	-0.331366034261298
0.0917593848185162	-0.0502815804838159
0.935194636057209	-0.308265455129536
0.940466255842484	-0.346024653985342
0.0481053100815477	-0.0236400309935581
0.851886016369484	-0.281752460357721
0.91448382904735	-0.318286646362108
0.540438011875833	-0.138622188506703
0.78152157684489	-0.357813287090988
0.919300243813479	-0.333785760930314
0.108133203105428	0.0607514277139621
0.021124865161459	-0.00108855872774569
0.200572559612609	-0.0605597007780813
0.783725202895156	-0.28552215952007
0.934217038596838	-0.318381280526945
0.862297865228527	-0.24704967586464
0.952195340351795	-0.491167946537469
0.940748128512187	-0.414891811876725
0.938719793846851	-0.327487530765726
0.927461660633752	-0.446540553601326
0.944636862373256	-0.4754987054101
0.117421355610795	-0.0676928467236795
0.777255705464076	-0.278207471128333
0.909829164675822	-0.317612107589418
0.559646444608	-0.158247992556351
0.866643859631475	-0.290381731086785
0.0578033591211399	-0.0152866175829461
0.957930555196543	-0.348910021399949
0.963837833889332	-0.352920036458742
0.0654507167890134	0.09067028026656
0.920079516933649	-0.616256556763956
0.643591087984909	-0.312522643241394
0.861609771024094	-0.292166854971642
0.942253372458795	-0.450979876946753
0.10982692621454	0.0247584047833617
0.923077764747028	-0.309587169936515
0.748721677523536	-0.255066835706979
0.0199888458874912	-0.0121302558300219
0.932330421509811	-0.312783167515089
0.875863638464459	-0.305298469914963
0.0764273123599679	-0.00874138909209615
0.925072496137545	-0.357612272927171
0.474872408758658	-0.0981491244324502
0.968001384229122	-0.503988025170843
0.922855488522644	-0.322346002814621
0.925299452381795	-0.317414092209868
0.0918875586676723	-0.0138689115714431
0.107212642135665	-0.0490889841184044
0.0258421845985292	-0.0130589693775672
0.921525269914452	-0.295120227978879
0.942701263043071	-0.432192011188473
0.874141720499815	-0.537335469163292
0.926295060545474	-0.324091528343519
0.0340777148696043	0.0903453358401241
0.331543533727048	-0.114348774690988
0.919914518638585	-0.295508469065298
0.940344790221989	-0.414219081831742
0.199999329821053	-0.0963480216001269
0.930942964601517	-0.297686029083141
0.0758773246244163	-0.0349372406861564
0.122087074822097	-0.0475818945760673
0.932334765230944	-0.308825653349589
0.0263330577130876	-0.0168814856602357
0.130680661440362	-0.0871263509432731
0.0531516673973512	-0.028250529361077
0.531554679601843	-0.180148187253718
0.934672656770644	-0.313685586452288
0.0540807508274764	-0.0369645132080331
0.913195330831082	-0.295636406619295
0.928557195448321	-0.297382681000179
