-0.882948018609896	0.869093688410662
-5.32333337786281	5.67172256082427
-10.7753912302846	11.1661792644868
-9.5322319864675	9.9646315045971
-0.94058221753395	0.917583309578341
-9.79744045750357	10.1862258939647
-11.0365481152831	11.433487416639
-9.91972300157578	10.3541813649612
-7.06005464474006	7.16101101213297
-2.47934187832141	2.6949384552115
-1.46343049922282	1.47513799206257
-1.03683840071745	1.04963356647879
-10.8185382267415	11.1532982150901
-11.3116181052279	11.721918908525
-1.33578651747527	1.37216404831677
-2.09753116609159	2.10315299330085
-11.4160325788918	11.7810562363476
-1.18747907821379	1.21216422737021
-11.3992479853558	11.7888383913713
-0.997883499420028	0.980268800825105
-11.3872610396505	11.786135379225
-1.55780057906728	1.65948717752837
-0.50287024999058	0.502743763521801
-10.4625874189875	10.9456103562145
-11.4574104841564	11.7979051436979
-11.5925705096326	11.9716950125409
-0.900078382778124	0.928663826365434
-10.4137050683661	10.8708926351921
-9.55516482114497	9.99563362715748
-2.48434632514998	2.57387722227851
-11.3587298275552	11.7049475218068
-0.920208702841669	0.938442763470191
-10.885879555929	11.24416697709
-10.9854501577603	11.4037994628508
-0.295517676495394	0.31558362836274
-10.3668535017023	10.7227107275161
-11.1500979603594	11.5097911825307
-6.74751993156495	6.98621542345016
-8.90755304744293	9.2239224725175
-11.0191605642333	11.3780583500619
-3.83051260939563	3.83805728129957
-0.0396673540042779	0.040912350659336
-2.05641756026412	2.10215251909598
-9.84536677163887	10.1586769856261
-11.3874413138116	11.7818814931972
-11.0465282724984	11.390038914336
-11.2273328447389	11.5827706376336
-10.4615763627808	10.8549122076295
-11.5527620356499	11.8912909526498
-9.98294663385792	10.4016190966782
-9.4355563319329	9.81982720503809
-1.00510032095493	1.04925628245716
-9.89395798477511	10.1983192397804
-11.1339744428775	11.4931739576391
-6.39060884087007	6.63753234225415
-11.1830550576704	11.5510181530537
-0.297238544525214	0.305928678228317
-9.64292993636849	10.0626329642376
-11.113304593112	11.5421912554563
-5.00922325175067	4.96574967469031
-9.88740640548133	10.2903996012593
-4.14851347258779	4.48531147741604
-8.67696990396295	9.14171383709708
-8.58454699599493	8.9500368972101
-0.207959208227141	0.239975772730144
-11.3900563717752	11.774260610758
-8.74021229782815	9.11069173017752
-0.237120091439837	0.239258307499967
-10.8954190943081	11.2909385086457
-10.8530092824015	11.2062398616101
-0.820361239019832	0.819295307886421
-10.5661819878444	10.960009977325
-7.3924157033419	7.57435959224708
-9.4854775932917	9.8555791102019
-10.9659399904533	11.3544214876438
-9.99130796968368	10.3888623040422
-1.30768907063276	1.31651534298513
-1.83152908186184	1.85771597371297
-1.33491948620551	1.314628269328
-10.726242513552	11.1056414203405
-7.94978081925658	8.29859122550792
-7.64579205636506	8.0437212512525
-9.01698048179449	9.46014980731381
-1.12222763332804	1.12336562590181
-2.95539509775944	3.1084230529225
-10.8349865984557	11.230437781507
-10.998504059119	11.3716575990422
-1.51953902582232	1.59529454904433
-11.1423623658247	11.5526377420728
-0.453722448319497	0.499858390852492
-0.702156091361509	0.758367467755685
-11.2904183978657	11.6892191888015
-0.304398448049189	0.319237094330312
-1.32223301509575	1.36858679936798
-1.37108373980852	1.36063843098249
-5.86045221274669	6.04711236187801
-11.6074035445851	11.9679487369912
-0.263959976653691	0.301244250395285
-11.2953410246504	11.6652108376899
-10.9364448100838	11.3494819772175
