0.835560160578777	-0.7307309070415
0.150172960748184	-0.0894053946184934
1.52247609085402	-1.14915402908166
0.752816052331637	-0.547279522613759
0.541871973010573	-0.470224871280475
1.08128892576358	-0.83231589924509
0.273340751761536	-0.235167400919577
0.622812594094569	-0.459644350010579
0.762796088781247	-0.658737444081711
1.1680010929334	-0.899629389124294
1.08249021017019	-0.783113086725555
1.06745677723744	-0.804421834226349
1.01218526711616	-0.773655629689785
0.904560571158547	-0.706232542202873
0.807502341051164	-0.596683353286224
0.216048461572848	-0.220444793902366
1.12110196164992	-0.83455349590333
0.847111148706908	-0.600297437087929
1.27501603946413	-1.07435510013446
0.514490921681442	-0.356870789354188
1.34390467939775	-1.0321443967612
1.41838016075057	-1.15122200229623
1.48988982992006	-1.16658360700266
0.909389203231064	-0.709005956018941
0.825746365288228	-0.620536809218009
0.96866256577517	-0.749237228090204
0.786826795227035	-0.582438525063229
1.54786159670701	-1.19152121556445
1.42596986655718	-1.11908459861347
0.856515415282713	-0.650260313684473
0.46399249236954	-0.263943871489121
0.0931872706664257	-0.0867083077653052
0.423546188843395	-0.377416600554174
0.29854175588115	-0.234132959454976
0.01833072209576	-0.0184221275269328
0.616945028116462	-0.346503896516792
0.565356808125405	-0.489230525183781
0.414240408345993	-0.292608149070305
1.22005107112712	-0.884081388312439
1.03035706542072	-0.893502423000993
1.50044455248434	-1.12729223513867
1.45489768420829	-1.17294448281304
0.623255807138727	-0.45805863899895
0.147693376775851	-0.12614022598613
0.911374766117646	-0.661942342436287
1.10848372850423	-0.744300957179353
1.4968862041072	-1.17005530056856
0.201645593870279	-0.192124516561932
0.595683505337791	-0.43156665189946
0.969402304526886	-0.802709324227608
1.19076505954562	-0.839627428157878
0.967464112484688	-0.740796402535556
1.28525697051921	-1.07104894247004
1.46355588789478	-1.18417976927907
0.262238926621158	-0.259645235463364
1.21697371315925	-0.934562212394384
1.13643125743243	-0.868580042929611
1.37321578061486	-1.06607464352845
0.806186906183951	-0.639468358681662
0.3368346218349	-0.245523537754692
0.145939849657002	-0.129498289477139
0.428417886758754	-0.314120591336992
1.49715012264391	-1.13577040737183
0.226119016284761	-0.194635139774186
1.44417386188688	-1.13168582233169
1.26655158571339	-0.960919247409453
1.50511821986043	-1.13628983787442
1.2512864987905	-0.901249602288674
1.38696032176284	-1.11898260363181
1.5551672237227	-1.22519575503473
0.0937575288584557	-0.0700223478440274
0.318127144614623	-0.258249348455985
1.46715883743925	-1.19909489407343
1.39444013162188	-1.11882673994161
0.37071133580762	-0.2249828934468
1.4785180559366	-1.10503049829577
1.477988419654	-1.1323479889301
0.044254632136925	-0.0429500114308152
1.45414379239131	-1.19352096055164
0.498396042542172	-0.399857394986722
1.51104725480988	-1.16803893675898
0.0216816669411409	-0.0123187386241171
0.938269246971312	-0.790793072000443
1.51284832311466	-1.17345445100376
0.121053322388179	-0.0700867231146927
0.432289779762909	-0.344689357096827
0.788304863033632	-0.616507037416725
0.682092781763343	-0.56878198356117
1.21288855157506	-0.857870736305816
0.336296811188942	-0.316532206965661
1.05236239612049	-0.620842446941701
1.28121480844966	-1.09261449910649
0.127466584302127	-0.0960248675181791
0.0637576798144955	-0.0537478271582345
0.298121038141579	-0.154540166175337
1.33340693494513	-1.1242358930136
1.45094560352548	-1.16054970392212
0.403868676599927	-0.255125766896815
1.38549666082506	-1.05301519750235
0.4774935065874	-0.387621863389394
