135.506429282576	-134.855498079704
12.7179080975173	-12.6400358982193
68.351588429731	-67.8625800620839
91.6863725401535	-91.1928662786842
42.4221502823057	-42.1541415250594
91.1986441155191	-90.749229953366
103.034508177404	-102.515577596734
42.5073440420699	-42.4196235252895
101.37820333973	-100.774579796918
28.7975190257817	-28.5136250154276
90.1933428242583	-89.6462595898024
53.8323129632812	-53.2048047282327
80.9650497153429	-80.387248481277
32.2077754746	-31.8219666253282
114.823088421369	-114.154246145953
35.0949886772274	-34.9339156679647
40.027803889353	-39.6485351023237
98.3903822720176	-97.971002791902
75.3658077220645	-75.1397686465579
135.833600033275	-135.1007901809
26.4610049210535	-26.2045213758682
6.98664797781641	-6.95500946724892
120.733887403009	-120.064208946724
89.8162827399108	-89.4499800901839
39.8943283488458	-39.8656398291089
12.9293314411392	-12.8805170785183
21.8782855870328	-21.7375289554369
125.237266093095	-124.565260519464
117.287470793706	-116.734098442033
103.395964570741	-102.756700323319
98.5899866824477	-98.1416642128089
100.96620524365	-100.283530209075
19.5216631568832	-19.4416349574911
109.684406110094	-108.990266104942
89.3101330418934	-88.7321914287973
91.7366516138875	-91.4140817232489
109.900300871926	-109.488360946941
92.8004076129295	-92.2952671756992
94.5410392184533	-94.1118913848402
46.7605434568259	-46.4039480875173
28.8781574415718	-28.8446545094008
44.0262291617356	-43.7599835429071
61.0753929957777	-60.8249897459953
144.851403011961	-144.213719399534
143.368757172016	-142.689826894918
12.3480538133962	-12.3304759896291
36.7463866357456	-36.6145581432345
106.067542149869	-105.603901786246
71.4361119716682	-70.9714698626613
98.804950493544	-98.334630434776
67.4253443359583	-67.2107436846725
92.1760739743042	-91.4865917038396
26.9319313305752	-26.8756004337197
72.071507912023	-71.6222234174407
113.62565196837	-113.062432555015
28.4826394450719	-28.337056970136
89.3438877492769	-88.9769413628998
103.066538657255	-102.497803946528
144.500997459827	-143.927386381091
115.268914194794	-114.649510767464
114.641374685934	-114.066271101931
134.080331879602	-133.377505758672
87.2266062075539	-86.8221351304555
52.3391149596338	-52.1158509145679
75.7984677683089	-75.5557232527547
112.996027281899	-112.454878491989
59.8185194928596	-59.5435023438831
30.2418235116528	-30.016651376708
130.646808888261	-129.932250285079
14.213713243104	-14.0201341026993
37.1668457329115	-36.9866664197855
19.9801676458996	-19.8210748065018
20.6660121548514	-20.527897914318
52.6719181092547	-52.2460278501467
80.0828632103618	-79.7261566278258
50.1434744159013	-49.9962432533181
32.3589102702246	-32.3569578256761
127.611139241426	-127.111040212448
54.4000538774237	-53.8296838638499
74.2098170227585	-74.0277544006978
83.4090795771772	-83.0839331501225
64.7754555759398	-64.5290509933615
110.699946431624	-110.170674936959
40.4347670626986	-40.2993786497401
47.675314801023	-47.3119733032646
109.688359730948	-109.009796999064
28.5966044000007	-28.3651641783151
110.005708722609	-109.456288568119
70.9616544011323	-70.4717729218923
94.1975421008581	-93.5923630117066
81.4573904949304	-81.0731779139268
90.5422497962995	-90.1368251310132
116.920621894646	-116.406099844165
112.149733886775	-111.423182103511
127.205250026905	-126.571252698667
122.285040235227	-121.610858365468
86.7692696632153	-86.5080422694907
99.03934164013	-98.3974709316998
135.37838341559	-134.759726383555
97.4804640906145	-96.8193499609158
