0.00318192150258862	0.00416089937855757
0.000677191792194508	0.0014511520543814
0.309362178805006	0.612595905298316
0.00658346254529812	0.0265163656343075
0.0229349617428669	0.116481729733494
0.278986988954393	0.536366728917684
0.188611314198679	0.405625644159843
0.166460953969485	0.328479671671746
0.00620048473230671	0.0087440251501468
0.305337354139067	0.609483062016624
0.29975192371497	0.579049948017973
0.0183432448922947	0.148225015052753
0.284733120391353	0.473596709556386
0.273320732893457	0.37103765566331
0.306443412065051	0.591832041351492
0.27447556703177	0.513352044963941
0.239981803766597	0.479845311444627
0.306565196927382	0.6180751123424
0.293123580211302	0.449256167929077
0.211084818408027	0.391262200182661
0.261945089732612	0.509079669223978
0.311402937991031	0.603101840059414
0.292795315325036	0.456847363330974
0.0184306640174586	0.108170173148729
0.0130846380439903	0.0348828560713787
0.0722409478347342	0.152313862016582
0.309127339025007	0.633258196764022
0.157845093675117	0.186300376157556
0.0876381446687675	0.192557930312139
0.280608075230295	0.39239322182862
0.0438606574928219	0.0391965424157602
0.306909853406771	0.621954241789439
0.0849742518641672	0.19897845127302
0.285421807332108	0.576489861362312
0.315036367377144	0.623496383165274
0.311193992831796	0.6141010697043
0.163597232878448	0.280159811677003
0.258419006048986	0.522100775515358
0.190023363389397	0.410150610122558
0.0214153344293638	0.0459043936986172
0.00970246796900381	0.0116550526584202
0.30903547407263	0.597943344476319
0.0112525327572282	0.0507517028687019
0.0944370324702094	0.191734797819809
0.0475908323469438	0.183020417174032
0.172057571509264	0.352127889585214
0.127820679251809	0.363243092824683
0.0025832962114828	0.00322557050094949
0.264611844886196	0.552129280772312
0.29761795796919	0.528128584971049
0.126622054845488	0.419969695110683
0.0269124794976708	0.0895665467183055
0.307824843221065	0.580620046438653
0.303437027023489	0.513360780376104
0.212280000585096	0.465091705418257
0.011836363837239	0.0507439721939462
0.293233947097942	0.59002256587446
0.309651520231741	0.613243837118641
0.257165928334506	0.544688111131749
0.298765880230207	0.571649220523706
0.293719478992118	0.570218030265324
0.221250971224291	0.52222723558272
0.00698272154413199	0.0118112104126818
0.124159205905667	0.26457005174491
0.28768480070024	0.487705509370978
0.302420989715537	0.627851586192021
0.30110455537181	0.596544106283398
0.300180792364905	0.619973845258107
0.284132635084806	0.652441876863855
0.178377745743544	0.295674494608805
0.31432656907255	0.596308284936553
0.00534615180643186	-0.00386650904908806
0.238009027866022	0.514604336278977
0.238456603845801	0.462989250311391
0.228922436177263	0.447506309892136
0.0341592993813426	0.0552885759786758
0.303434526397852	0.552366406926798
0.0220453998834195	0.021416532175205
0.200307714619731	0.375928905291081
0.159184878204626	0.336154206245786
0.0550911100008139	0.231239688204552
0.248667834089861	0.528288869158418
0.314432834687349	0.610593190310066
0.0789052803496174	0.155844953713484
0.129920232098055	0.236901085326744
0.0929656703541872	0.166138081090027
0.109377349109496	0.181744538427047
0.121496668204998	0.178917868070125
0.268114607572822	0.577399113202182
0.093096700673302	0.1871514287988
0.0447323898024136	0.12112380471465
0.149127141031202	0.27731635927327
0.310885969690106	0.621095762797912
0.158928384807862	0.395770924751757
0.146050360652046	0.205126944299471
0.311006136936817	0.616829257031603
0.0252936846625551	0.0852993636649885
0.0950839562527479	0.159966477480573
0.0714891302676637	0.101213060362126
0.111663595333754	0.224704048427358
