-4.16477953107053	4.1610915271203
-5.67574889474852	5.721548842839
-11.033780911063	11.1572367977706
-7.6657871561295	7.72018356350747
-12.7154117183285	12.8632032458973
-0.624467003665014	0.639990682715493
-9.43551040310851	9.81420847310232
-7.76587558158368	7.87933708628127
-1.57251160582272	1.56201052486968
-8.20651013323915	8.33381862416743
-0.396381996274511	0.397794153413994
-5.12227611952276	5.25321575429193
-0.407360665655941	0.427441785260404
-0.374225868295309	0.384441591124211
-0.234502068719109	0.234618990909113
-4.13697649192565	4.19345598872445
-7.69415868844797	7.80440772907101
-10.2756271993455	10.4822223696757
-1.15013998919347	1.16458494715917
-0.122852166398985	0.124315714757781
-6.40594933564492	6.24433082281706
-7.17184804433321	7.09502993226822
-3.31138494226156	3.31501423881023
-4.04643359481253	4.01604601512397
-2.27900018358347	2.29478460402723
-12.8094892334284	13.0000012915069
-10.2292601900393	10.3615245622275
-6.15040753031197	6.23076698126411
-4.51102752055539	4.55552019618224
-9.47508964010193	9.60814855452707
-4.19686039589537	4.26838246435635
-0.345879075231925	0.349253513573486
-3.22025119438371	3.28430116599508
-2.12864312433322	2.15692212696292
-12.4747790749561	12.7035356387673
-11.2657339625577	11.4277146082597
-11.0422125665694	11.3046655401643
-1.62709208264471	1.64350840147029
-3.84782585127831	3.85142704225126
-12.0355588448085	12.2235676448283
-3.48833095571527	3.46985926722486
-10.404486997487	10.6406323781576
-11.3521340406816	11.5453348990918
-9.13402525217475	9.32817967750061
-12.2908648871538	12.4683253574275
-8.71944087454489	8.92980826174737
-10.7297569084907	10.9671683321228
-9.46206093225064	9.7045432249608
-6.71683619938565	6.8685014219309
-5.10134935347351	5.10663278398208
-9.52481780314764	9.78597645332882
-11.0942046271169	11.3596267795953
-5.68236274620983	5.92289734766137
-4.06383991526297	4.13454086670579
-12.0235950388794	12.1334285724159
-9.01286923653243	9.01198162164363
-8.50878594576073	8.46979853319277
-6.6583808862202	6.65556252869455
-1.82768283348293	1.85607420552873
-3.66736716408245	3.80083930098257
-1.43378937962607	1.43058343457098
-4.93110110696696	5.01805191490337
-12.4326866149678	12.6279503151655
-8.3490963172878	8.55092439379533
-8.13475805690861	8.29057096821099
-7.21671325699717	7.26268183497449
-6.97231702285612	7.06227314745678
-8.60864001030781	8.71802983305002
-10.2088160818581	10.3223438419077
-0.271455504892807	0.279467306385681
-3.23255724929685	3.26476382099532
-0.880162542662238	0.854852975300934
-1.05456614677093	1.05694270038023
-2.38504191095914	2.34951352159215
-8.34147103373401	8.41943677093549
-11.632892965362	11.8803379695396
-2.38213618511328	2.34540634031459
-1.72614357890065	1.76864335764388
-2.6880159797574	2.73699396657807
-0.493081789185654	0.498360321242066
-8.06928834660284	8.22208763662749
-2.78446549459372	2.79981395987322
-11.119080664957	11.314475664145
-5.2051802048485	5.22642423355162
-10.8466316218697	11.0467637055564
-3.87730998911171	3.93713002469794
-2.1727846743848	2.21246690941025
-4.17982921200049	4.16871291876084
-3.93470243350538	3.87528977837968
-10.8397626844768	11.0549653148928
-10.4786736650627	10.6863674367028
-7.90792014303905	8.08677143695395
-10.4466518468478	10.6598643026839
-7.74088162998605	7.90791826189002
-8.85827942520984	9.04211973043342
-8.86613174737233	9.05694043313352
-5.9187492011532	5.95785615639553
-10.7560942218833	10.9261905689736
-9.60142583492696	9.82937057102003
-12.6922744576761	12.8820128996657
