0.0477403228021157	0.022354297250628
0.013118567332763	0.00914263175402562
0.281138312247899	0.276334760946357
0.0747588719367129	0.0474785607519731
0.392840896692291	0.373125398719141
0.00671694444029214	0.00281041582206364
0.415831707950116	0.443959426118917
0.414783623914221	0.448381250150697
0.011406517022666	0.010129337082667
0.412943237821567	0.462212220182834
0.0199913822881925	0.0111961969000631
0.357455574234981	0.38098779817113
0.407421020209017	0.445764500947634
0.395664321168503	0.416429462293542
0.070614072675048	0.0817457932575947
0.415128106653226	0.456175327441504
0.383123635878785	0.256383337281868
0.414333903875872	0.434503519667503
0.0146677162713942	0.00959578484659283
0.393311953981126	0.332242872744032
0.368561499644939	0.411073189190339
0.0413633582644857	0.0307200895686057
0.3841164463387	0.285688014402243
0.414775349147666	0.437003486846297
0.026662270859476	0.01561474584073
0.00552467353612962	-0.00156642551261972
0.285847993923287	0.31353716040978
0.40827501389897	0.470807437796934
0.0204848774478785	0.00348388427549429
0.0495508289769869	0.00564261331736477
0.397303094224626	0.395831567850654
0.397449272057288	0.354701707901302
0.0321330858753643	0.0285999081974414
0.413506382291451	0.445365331395518
0.39361209545252	0.443345618329332
0.0504986480409193	0.0202436197374378
0.0181541149969918	0.0406213195730422
0.398296528677078	0.368267029431062
0.414979477032913	0.424390472434188
0.412475765335618	0.469589410902213
0.379979851322847	0.289431574622375
0.409499331108415	0.45726400629519
0.388360145388971	0.376172907674713
0.268796050680537	0.265472950326759
0.414195461886231	0.432475788040346
0.40631318309175	0.438700718945396
0.411642268714119	0.424502660689725
0.410793136449392	0.450194529958923
0.40664083903767	0.415120815253898
0.417099406480553	0.429613285301676
0.0436136986152704	0.0599820160770094
0.0126368342310184	0.00867328018206552
0.415205761456241	0.455412730361894
0.416017569288909	0.419236958390396
0.0743283366741539	0.148377572372912
0.139510701878309	0.0502154830319635
0.176749733004454	0.323776726529568
0.245907729256674	0.079159775273954
0.231342207070487	0.068129215152884
0.0798663780597372	0.101763972814011
0.0685799844497142	0.0999578050964131
0.231660684870415	0.281368941151991
0.270139437335212	0.291324940176348
0.358966471471276	0.351902721182203
0.193007902297974	0.121719660019291
0.204415635385397	0.138722841308376
0.0484159900693083	0.0439872413222374
0.184085347987399	0.244994398956297
0.415222434727297	0.438118021950463
0.286778534818355	0.40777679853859
0.0108157539607231	0.0070792522237174
0.0179272785134996	0.0182951015946217
0.013319571970718	0.00606230829835791
0.415620103763946	0.432065117147096
0.411897462237358	0.444047992174366
0.414426088991643	0.445395756869312
0.0875933562310437	0.186117966824239
0.0258688062236733	0.0209686241239924
0.388697875786133	0.288793550979842
0.41579112594444	0.43374088130146
0.00571127527090881	0.00274858516061305
0.0368121365464368	0.0245668882722345
0.337890869275082	0.401083258459571
0.0244242733859414	0.0224174373295884
0.34772989986761	0.16656694130136
0.403184088266795	0.394711050197282
0.388197212563565	0.410517756699553
0.390346434147345	0.401443742052627
0.351615800404461	0.343821494711994
0.00723920227697211	0.00419991863093667
0.0590267354096297	0.0524568299290373
0.326660384961623	0.295146212540247
0.395397585500934	0.325293215199416
0.145789723728904	0.109569999404466
0.419773592247214	0.454066959109184
0.416661368447223	0.441340960467415
0.0337416285952596	0.0187859540818817
0.388222170699385	0.414223498707951
0.394377003675014	0.324360499964335
0.068770616401801	0.068663910234387
