-0.154631355389035	0.179610285795804
0.168738596411288	-0.0714386920864131
-0.416808231267142	0.771878187965175
-0.14072025644181	0.28862461671788
-0.576717504113414	1.15310532874691
-0.312484055114494	0.499250557521217
-0.588415059925564	1.10108147130572
-0.0221398229685127	0.135047644493761
0.284263699140241	-0.191999859931677
-0.368518005434699	0.762635432123435
-0.000403669426883408	0.00269503404516837
-0.104652492354829	0.227112216604598
-0.319469767013515	0.453887624930099
0.127662030721145	0.104963149735163
-0.10025866213994	0.309597238954029
-0.747205361277428	1.13714161533916
-0.765585390090445	1.22542780867146
-0.562696543415871	1.10870870620811
-0.191281229781089	0.479428958877948
-0.178366837341224	0.309146176764457
0.657619040681122	-0.447080187844594
0.277869533548929	-0.107666428925783
-0.261110479695728	0.373375064232996
0.159432157806131	-0.0581236034984307
-0.374013813971979	0.628506065114107
-0.4937765616246	1.07460822261557
-0.241319913865603	0.764964438711749
0.0805989219027772	0.00611721260930888
-0.463173820032928	0.898560103898577
-0.351312241138191	0.984396664530664
0.00425035112370329	0.295166385639107
-0.293444237515043	0.540144725416697
-0.111423024691379	0.152282269346607
-0.0832170497316048	0.279087616622654
-0.33879765402488	0.889248840982097
-0.643993145124634	1.16975796030537
-0.2813955412412	0.739557493384836
-0.043205937360035	0.0847687697630576
-0.193820581412329	0.331238330308546
-0.320853678206129	0.945585912731943
-0.272854274931748	0.35789009427057
-0.553665652032149	1.11628794478225
-0.665632936049746	1.18501016158123
0.133003516422458	0.126196116364956
-0.404480313635933	0.801313501595387
-1.04167933156735	1.4683644368035
-0.361045485457711	0.832002406142263
-0.421386660259364	1.03362648898567
-0.449970972066131	0.814093038934825
-1.13979080510508	1.51836428519903
-0.612212992101903	0.998305500286628
-0.347681501119576	0.826008436657145
-0.418820570958495	0.86808216439198
-0.0970038158736243	0.486465710329085
0.105415025706512	0.219694444943958
-0.0247725016372123	0.0334611045797504
0.207310595210063	-0.0228580741839268
0.00668613128756245	0.170327599162195
-0.47940537974645	1.05682875606767
-0.152090095301877	0.448185827391815
-0.59794608989316	0.874349978584264
-0.0218122092603071	0.109989780299886
-0.0649742874453756	0.262553732255562
0.00033559134444925	0.0322135266337302
-0.104204343424637	0.155535294436124
-0.289377026589174	0.820510919365483
-0.208337538298754	0.743671482673424
-0.0852946160018075	0.361898761954433
-0.235906485729653	0.795974734079139
-0.0518687310548495	0.113808966637061
-0.342646978842049	0.8351106131582
-0.349620422919431	0.566167796958267
-0.152779311233073	0.179290624115156
-0.27155109195646	0.377909507276006
-0.117952006689413	0.272493474439167
-0.246488053755033	0.67415409766632
-0.11643391086905	0.19801358481167
-0.610180110854839	1.00736104007184
-0.0341736385802458	0.0551335188746638
-0.325510712525083	0.784847831396169
0.205466074605855	0.143179210475646
-0.115274855660019	0.179407650314517
-0.475829239140143	1.07163560664813
-0.145480057805392	0.52739714156829
-0.185087362321407	0.752183809434875
-0.339651868935088	0.498247921026816
-0.245270526891055	0.483601694585237
-0.351154789341792	0.848504117613163
0.445112526684782	-0.280414823380554
-0.650500901350084	1.20911126790485
-0.777092727164985	1.29061246293976
-0.237126617552725	0.669530714566646
-0.927278715970273	1.39598461535176
-0.275168115339439	0.745638246556739
0.458566369930836	-0.223883971658328
-0.9844336683524	1.4264245815027
-0.0960648579043372	0.277693988800451
-0.570490917883043	1.13007932550578
-0.317904600180764	0.93323987261141
-0.958609007493851	1.40905143289772
