5.41993679892176	-5.10515333525117
0.933538508993423	-0.913730679435983
4.06952990944727	-3.9083387657372
2.99822632236808	-2.82158287100257
2.0444458503259	-1.96189718781146
4.83066958247028	-4.70130006650778
4.79968457493269	-4.64875363850307
1.38392030098602	-1.42605299402253
4.96117347893037	-4.71181937995693
2.60052800853159	-2.61022974827083
5.70846028431354	-5.53078876835028
3.95756911024107	-3.7304056773901
4.43950174488593	-4.25632205024389
3.22054247271317	-3.07892721631325
6.11066402060334	-5.88191010526829
1.72529748561428	-1.67670482066152
3.00115957401793	-2.88880948754423
3.95534933920801	-3.78927387811086
2.41463054436628	-2.32728595796254
6.47408456542999	-6.21480171039762
1.79151076281848	-1.74870794128726
1.85379065616256	-1.8610689638674
6.31348300235202	-6.08081926441327
4.0010669523305	-3.86647529401063
1.76280781187512	-1.76296830685302
0.757674544787416	-0.782304942135343
1.18115076279998	-1.16106022269505
5.77167349437379	-5.49837665657983
5.22902783539299	-5.04867737250572
5.69321182254007	-5.43428663420803
4.45787243163448	-4.29989804122067
5.67203278564296	-5.42846490611931
0.881475077982065	-0.845607192207784
5.80437499821181	-5.54972671042129
4.51279055038714	-4.29442868265353
3.31656139265398	-3.17007655655665
4.74580105826002	-4.64015406835516
4.90278313692907	-4.75526820424876
3.59817324006062	-3.41755329022185
2.73745812856521	-2.6270756963294
1.35930907946406	-1.37237530208465
2.73741145672295	-2.71271861226165
3.0945382580929	-3.02481657153436
6.44549577418885	-6.22853465709127
6.46246780009432	-6.23928152607261
0.114856456243748	-0.114925214510702
1.31002613597379	-1.28695856090817
4.86178220995851	-4.75677780658475
3.60955383258191	-3.44799198075955
3.69123554509131	-3.48261714265027
2.53014425678173	-2.47584270869929
6.34610114846721	-6.14865152993315
1.69702290606148	-1.74484688094872
3.5624517644252	-3.32672854970559
5.32265693633568	-5.13284776400213
1.59273967690277	-1.58250406306988
3.71780707272709	-3.58362398229023
4.82445147134148	-4.60400898084947
5.89821375495809	-5.64607164761354
5.64049308428973	-5.46425623178327
5.44632179610912	-5.27079547344069
6.50296648492916	-6.28918611960805
3.62437536421811	-3.52003576299032
2.65760837628992	-2.59672827072299
3.1163294505743	-3.07259745904225
5.4827936745047	-5.29817916245312
2.59715155175812	-2.44749298822114
1.91179583257052	-1.83051543623789
6.34945357206559	-6.09174135816563
1.71022737281442	-1.65174898936992
1.83250174004323	-1.79153303136368
1.43405150497651	-1.40762392424872
1.348158013613	-1.31945819025527
2.72764466436106	-2.5367877966409
3.22492725610209	-3.10241617782943
1.94963457248595	-1.93424598503168
1.02656466470292	-1.02746690781419
5.14405882226601	-5.03356944652857
3.96287666462166	-3.77297824958399
3.03161786207331	-3.08886149988301
3.34786410690638	-3.2191801450101
3.14256346621845	-3.08204733721995
4.98672686864975	-4.8023845769817
1.97181053244692	-1.88228398149702
2.24845198259162	-2.11200265109299
5.34299244393597	-5.05052640861731
2.05960415829436	-2.00345463779969
4.36351736998622	-4.13064617092525
3.08065395421372	-2.808441341411
3.88996760114181	-3.63884781458406
4.39007533429967	-4.32195420872315
5.15290351151689	-5.06890980230772
4.77587454055052	-4.59522384157162
5.13243460863146	-4.87729772243208
6.36072176060503	-6.1434011357076
5.76548528339966	-5.52174498005816
3.61860771949775	-3.53890083533042
6.05761070547734	-5.85598648135525
6.42453971917021	-6.2143546331926
4.4868741286689	-4.21354859035317
