-0.0428947415501515	0.0857058095686276
-0.00898365884360926	0.0315862002093021
0.00627138710048864	0.359078839558877
0.0074147030248314	0.100923841211781
0.19219597757149	0.500581601324501
-7.90949348293959e-05	0.020544753554558
0.22752718997168	0.524234349061315
0.226703276227073	0.528097862051873
0.00270185628570458	0.0156353486048244
0.232040415152688	0.513109162674993
0.00078211140783496	0.0313607540750578
0.19974612076879	0.452384269475449
0.23602748276112	0.521544827931246
0.274073399944086	0.493974143643479
-0.0608257589668744	0.0909391617280419
0.287199129116482	0.520058380533691
0.123271620270455	0.508588652833061
0.229676923498468	0.530983708688381
0.0010079590315457	0.0174932162545337
0.16353955702062	0.478703651731434
0.216600910725343	0.47084917269498
0.0327944318455642	0.0552427853652211
0.224648016025413	0.50554548408175
0.22899366709414	0.530160487758629
0.00530777433929485	0.0327902252105762
0.000925618829686326	0.00776750621888419
0.227938050695029	0.346607977666012
0.226382132591847	0.53626558895353
-0.000829082939429216	0.0260510270765964
0.0218417779540803	0.0510884147891754
0.236496055392626	0.517668015509344
0.109502527425574	0.472526283904969
0.0209360018077241	0.0703735038022085
0.265142270033422	0.530151975289461
0.226785778308788	0.517673932169984
0.012458986748164	0.0554566562314409
0.0178725696254293	0.0207266335841974
0.221992177662669	0.483648013303031
0.214470204729886	0.486014055941876
0.265862838465157	0.520060162123684
0.199365430829803	0.463479258134555
0.238245807053329	0.5189084986974
0.202672384215199	0.490688169812563
0.151348017808779	0.329600338589779
0.21616258593469	0.527305935795461
0.264534077112444	0.507011291444129
0.231019237414649	0.472163461398682
0.228087135557947	0.483294900332893
0.224651622305847	0.527501403451546
0.224786699345692	0.498096695789105
0.0560342261793245	0.0649392114838097
0.00781466509054471	0.0250515165329836
0.247568613099252	0.52465086548216
0.255849051503575	0.522220042862841
0.106464925333522	0.114681379744536
-0.0455986678862382	0.203139453636276
0.166694658834858	0.218979599889589
0.0238585778380618	0.313635076490216
-0.0675989467349494	0.340391139101666
0.0276968490383108	0.12420480312371
0.0450872380561794	0.0915181202615624
0.177087043615008	0.310237765740537
0.176831216292128	0.354828015219305
0.209079746069821	0.411877075495463
0.0415849007287951	0.251931630888082
0.0022615235873949	0.234508295878485
0.00340937804920626	0.0663576985102694
0.131069596116269	0.22397966169983
0.251537396718186	0.520167993285799
0.24773824519335	0.359721757758743
0.010252452174037	0.0130239792470728
0.0149579802273483	0.0246070168112357
0.004949317035575	0.0201796593898318
0.257837225664899	0.526627876893365
0.237763394216976	0.521892687621785
0.274210695493827	0.522729896264338
0.0771245465822192	0.0964652677625934
0.0164809864269552	0.0328813396920167
0.24422777046814	0.505903384685266
0.266391947683909	0.531281829059246
0.00263177914961595	0.00675248119965323
0.00780211923236234	0.0422703662282561
0.211263335106131	0.466064094877287
0.00581776640870619	0.0250687661177993
0.25031870435845	0.501155596433227
0.0845902969654101	0.469615605848048
0.273368136702782	0.471041622968988
0.115557754071586	0.466631393340126
0.105612459297374	0.428843365004025
0.00136154941251019	0.00145051905427971
0.0391374599334258	0.0648535648624833
0.139228872801064	0.425285803406016
0.260367656834239	0.52075326902848
0.0673437284730957	0.1749115557439
0.256327723991331	0.520753874743362
0.251241526106137	0.523619237682039
0.0260810961854202	0.0390057240874192
0.270763209090658	0.494386470413197
0.244595640347072	0.508840435333737
0.0219359907918918	0.0631470555531787
