0.481672496984857	-0.215090717513462
0.140722133795584	-0.0415852148876353
0.0914462701326294	-0.031862812047387
0.0957509871908194	-0.0540689276039643
0.345199142619467	-0.0475096922767474
0.616635224575862	-0.153029321828439
0.363108696461732	-0.0469889012847578
0.0829470744698021	-0.0455975068816442
0.438759221291398	-0.155394873984904
0.238689232110508	-0.0582224802734919
0.502175608718193	-0.128868653515114
0.710703538977688	-0.19736511029949
0.377992090853677	-0.119553515074944
0.179326899351605	-0.0925599573367826
0.522135235351614	-0.124185301166567
0.760181927467223	-0.124794177761936
0.158579006376458	-0.065610633915577
0.692569414015466	-0.0772625910978672
0.501366874001608	-0.183772792960148
0.747416882492548	-0.115143837252691
0.200669537704391	-0.119954679540656
0.457416272321514	-0.110044661145336
0.290751955140056	-0.130063267220523
0.506171332609031	-0.181384795987681
0.35973968052408	-0.122948849856348
0.212803640380064	-0.0818908941441315
0.438287025004382	-0.172547737661134
0.266820845865261	-0.0612245763020963
0.409088590374678	-0.095529908253728
0.56554958576549	-0.149680758362167
0.326534352240721	-0.086400924840761
0.717583639119838	-0.109526725049634
0.559759230616342	-0.157354127869996
0.701025429657148	-0.169765503315606
0.741107972178992	-0.190555009874468
0.323173122121521	-0.148757511611886
0.53497239874305	-0.126468318937066
0.720865901040135	-0.194673097987503
0.417535532903622	-0.0712643562133132
0.461256250034689	-0.102202706764174
0.296610113319666	-0.0643623267222751
0.589720909892144	-0.075924170351223
0.5044102902574	-0.104125377214956
0.621672129192023	-0.0960512885791762
0.607569349791595	-0.155719662407778
0.234282912191785	-0.149319818771896
0.422885272068254	-0.0795291159488332
0.108163184735506	-0.037987169304422
0.723349962483681	-0.161726130360575
0.389238159055903	-0.145995872774209
0.732145674202044	-0.114104982894641
0.336246800888499	-0.112098462599103
0.196082287014533	-0.10718201888789
0.379944138388751	-0.0156646125490816
0.36025999388819	-0.133554241216235
0.369789341976789	-0.161668266551759
0.403434927381437	-0.182247441636034
0.0526756949162132	-0.02706250965004
0.221119333133749	0.0128423742124017
0.193772134494855	-0.0487583952973872
0.39298756998404	-0.139368708829126
0.567231395953875	-0.152956929761143
0.602463596501169	-0.11140766643053
0.584957106431182	-0.135989235665926
0.212912269634078	-0.0749289088224157
0.698312864302127	-0.164863975251295
0.384726832465397	-0.0601275911173855
0.479430056418734	-0.0429367065994498
0.419896076189797	-0.101752748936519
0.345619671999834	-0.0657030786350422
0.348728528574331	-0.122760477977959
0.316141895880305	-0.0791558243016514
0.624053219001286	-0.109813291853196
0.0855427620677915	-0.0172197389833252
0.243839503134077	-0.0663937936626288
0.713601648226069	-0.221696102492237
0.0711945853692326	-0.0302899266495608
0.357239555839383	-0.0376778778182364
0.291100257574396	-0.045742494575116
0.741183535312618	-0.234505457594453
0.240366639708622	-0.0471774439239057
0.414508813392582	-0.06877728799662
0.0733679863268591	-0.0279400944696654
0.247875391460278	0.0388939299110333
0.738950332725182	-0.156137480797751
0.766771188812648	-0.19803228894382
0.359389294121716	-0.109933294259416
0.267465645818135	-0.0149407308324048
0.5107921963826	-0.134272174370748
0.125099986396803	-0.0336255371724069
0.791298341503777	-0.204660283543939
0.712707367068143	-0.177939978160427
0.699446336349785	-0.106240210919742
0.790707547036595	-0.157777698798765
0.418696056471307	-0.0293436676801561
0.776149883658821	-0.174271104433007
0.780548465687759	-0.217364679588772
0.121895640359874	-0.0201514449145978
0.724636042254195	-0.0906920461912323
0.767615653952443	-0.172326553103235
