-4.789912827655	5.22767201137702
-0.502699113635848	0.552363286542733
-2.89277078686364	3.19836285824439
-3.20346542468518	3.54749878596784
-1.73528416148237	1.90269533595661
-3.29387281071576	3.59228795652805
-3.42151915226375	3.79430362853648
-1.22137613254737	1.2981078888677
-3.61519326635146	4.02917473543653
-1.19998323985102	1.39036048804557
-3.61349221029129	3.95648382065996
-2.89689332409627	3.27084153764714
-3.18085424300963	3.5612624811689
-1.6596026710167	1.89852791071225
-4.18133605643115	4.62882238251196
-1.22567160324495	1.33242969756558
-1.80134139595213	2.0413883652283
-3.10929727594423	3.41754303155298
-2.00933351528794	2.20335747137646
-4.54679412182341	5.06963668387723
-1.21343151164927	1.37432991830913
-0.196299995579755	0.221489883803267
-4.63233580849379	5.06476470324733
-2.94757339397776	3.20634913339047
-0.777040562220021	0.833872606019184
-0.452138037772782	0.486113172451448
-0.881741418031621	0.971220609637725
-4.47761772000072	4.93386970562215
-3.86650366195413	4.26347224683204
-4.23275778311572	4.62615457060216
-3.4261565602024	3.73104356163512
-4.06440196141084	4.50068628230995
-0.8191629448088	0.861341246168611
-4.38994578805104	4.83039882521635
-3.3028898045114	3.69387726084864
-2.74434602871214	2.99061471780075
-3.68102265463917	3.96517711372419
-3.36436393644037	3.70476953520194
-3.33688386410123	3.62392043178675
-1.89732543953876	2.13125523552558
-0.513124319367999	0.567444470037065
-1.27558629248321	1.48312499211924
-2.44460745801522	2.58572814544212
-4.89148527116215	5.33448097863546
-4.95111879957807	5.41857564679772
-0.324052278643822	0.342907977974639
-1.07973956661493	1.18460942188317
-3.31421528644323	3.65645202314756
-2.69648017807047	3.00682233856126
-3.68109791744091	3.9822065196459
-2.15182228655396	2.30715325666066
-3.75615010828319	4.20364532342747
-0.840590232727596	0.880574468627247
-2.54442264516429	2.85359116247549
-4.0816099346899	4.45680626413637
-0.910954023445135	1.0184038001693
-3.01173345459531	3.26462388638756
-3.74218889502307	4.12742572820997
-5.03266743236738	5.41345593207298
-3.88300859478734	4.32383503436143
-3.91969930676812	4.32024807257629
-4.87259754084558	5.34288991884471
-2.83025957843072	3.12511169901748
-1.84040030229957	1.98904154911013
-2.22457158669801	2.41305783969363
-3.91321421226559	4.28605140275602
-1.85348461625998	2.06057758292134
-1.33017063466238	1.4682544427017
-4.5663963173848	5.06077201259324
-0.872438152956522	0.984485318163128
-1.25732104474124	1.38486862884122
-0.804960022410081	0.90972131320038
-0.796134046580676	0.887621267978338
-2.07419189952209	2.35893158369546
-2.85612211633462	3.09154062204648
-1.34162762657573	1.46924892369373
-0.568653387962409	0.602719284028743
-4.06928768768698	4.43356280642098
-2.38999441216583	2.76471092814198
-2.91402777324128	2.99934034157348
-2.78313829422546	3.01331004536304
-2.45144699954642	2.59906962267841
-3.98460912124129	4.33818485782099
-1.19585554558385	1.30312617838308
-1.67063193925282	1.92984312544555
-3.92649872243187	4.39310646384577
-1.20513028568024	1.35231403331321
-3.45845528351758	3.86826138657912
-1.84979163849873	2.24799142177454
-3.10944082629073	3.54799009714153
-3.28459677121922	3.51010298975308
-3.25371061049368	3.52444348256892
-3.84312001721308	4.20922147010529
-4.20189096908929	4.68982150456711
-4.48763770575089	4.91495813141542
-4.47751319452846	4.92468996365243
-2.45834694042839	2.66777544960353
-3.99856503677416	4.40468327990862
-4.9122333936703	5.31716594244598
-3.98523451472724	4.40132735502386
