-0.706363700479802	0.733646303422024
-1.05018125464501	1.25540677331527
-1.92085960060771	2.24775954171502
-1.43086001401203	1.54256445151036
-2.19213410029351	2.46448238002095
-0.331705954443009	0.329814084173705
-2.11740525756366	2.51451213793828
-1.51211567280279	1.71006712959389
-0.110813364045342	0.13048470208472
-1.51794899106302	1.77389475683596
-0.144803969018321	0.150921945670675
-1.40137795370061	1.57052551304172
-0.257792595661181	0.249526680927217
-0.25373661975421	0.257385321531302
-0.245246214258303	0.236698765032249
-0.456054309480864	0.532020326054789
-1.49435146569278	1.73508868038032
-1.8034788959677	2.09053232639148
-0.314169502495163	0.324337878132313
-0.0971931283706838	0.0906329194282721
-0.658153541477709	0.74852526606036
-0.870232411537129	1.01972127816858
-0.78339689237772	0.797399414714171
-1.05220640745226	1.05722783460282
-0.677466191074711	0.713297016152689
-2.19866158284392	2.47669424492235
-1.47846610139887	1.7795532230077
-1.251144597644	1.38145219509665
-0.85220990610642	0.897880553323287
-1.54134551004553	1.8366413746155
-0.734886673611858	0.889279445749513
-0.143437224420294	0.145094249454531
-0.87262865666137	0.966701326450214
-0.572884543939062	0.628737912189609
-2.31211111495057	2.67747125501231
-2.12875165265231	2.39186296400554
-1.87964079091847	2.25860489298799
-0.370265135319411	0.408443046160881
-0.28436750955209	0.328474615581078
-2.15339935921578	2.44591090228039
-0.24528993987891	0.308733534550681
-2.27869124550645	2.58794742485844
-2.29553416884368	2.6248100100579
-1.74976318265893	2.08837616881634
-2.31154516963867	2.6279971273338
-2.02860511935538	2.22973153028702
-1.89100512437497	2.25364442464899
-1.74624223656881	2.09120928775828
-1.51416356961932	1.68062431964162
-0.807509502606445	0.945923134767079
-1.80119430881174	2.12588768035038
-2.14866454727381	2.50238060931464
-0.946417968971298	1.15794225584
-0.83873563784682	0.915531263626395
-1.97201043549669	2.28394831863552
-1.4466081391334	1.66866081857625
-1.41235262515633	1.62049070545071
-0.973213031647464	1.16195433944567
-0.395040237982087	0.433506743231695
-0.858866655432512	0.982483086377365
-0.0982227023619357	0.0960227587842906
-1.19499163702837	1.28113042357379
-2.26870732925196	2.63353037189401
-1.63157403058149	1.88326604585819
-1.59158960288126	1.90146758219643
-1.34974344651235	1.4281154246089
-1.39360528755595	1.62146259774023
-1.6087172887521	1.83592034687498
-1.54582244997868	1.8462956376743
-0.196383467800697	0.180284054615012
-0.816843520272607	0.848214764228532
-0.40268112694723	0.363959917583188
-0.372373366524671	0.350009924301169
-0.720515744006949	0.688720171082098
-1.47318709365726	1.6702630950265
-1.76513786328981	2.14576225539126
-0.43632650681375	0.423904598217684
-0.332337098811537	0.374322650874487
-0.537803940206004	0.581055795703788
-0.101246127870825	0.107614693118961
-1.21702483949662	1.42413948344281
-0.590461924812788	0.659842068798142
-2.17591028007969	2.42460858627018
-0.750188782829516	0.893753089806911
-1.88475633790585	2.20466612773024
-0.557808209466283	0.627449329650826
-0.507860070179351	0.552368290826127
-0.42952018291974	0.526497697554554
-0.531594343531474	0.498454924542608
-2.1613075921111	2.46074602240398
-2.158426736953	2.4886105491941
-1.46766630088235	1.72363420078832
-2.01790533261289	2.318240057707
-1.32426948843399	1.55631048078815
-1.59856901760842	1.90846215723028
-2.1526326317922	2.39008432807183
-0.976170858121475	1.06239941119352
-2.21082678421144	2.45342183370987
-1.80509198552371	2.14615939895694
-2.07978891832615	2.37719710772302
