-2.91795726752589	3.017400064679
-1.42213757172767	1.54002995524496
-5.11077699367103	5.27506076368411
-2.61395611275543	2.74633617064603
-1.85872767881912	1.82580185260123
-5.27236568419538	5.42751301870771
-4.14811649956195	4.30582673942227
-2.7887617113536	2.97819199391882
-4.90441166037789	5.08674273187138
-1.19749470303738	1.28039394708644
-2.06303925119057	2.19192449778719
-2.10209871427385	2.05752351983341
-2.28948933303869	2.27099711836838
-3.52650869278178	3.5486828363506
-2.03914375352956	1.99679239078099
-2.67133909771481	2.71990868207166
-4.66335676364184	4.83792717593414
-1.43912706654529	1.61692332775191
-2.02591895810817	2.31819824722726
-2.55091820478001	2.71462448717918
-1.98201505189825	1.99372477918574
-3.21385285815106	3.16071992367876
-3.82104343293242	4.0359120310605
-2.19358449411746	2.37704903097983
-4.52486627081847	4.63593997365187
-4.9022991895378	5.05418356376357
-2.92644499705141	2.96583841796807
-3.92961363839636	4.05916800863875
-1.06703686005174	1.04804494941662
-1.45199003789253	1.39414237059617
-3.19958960461814	3.169220826225
-3.02775222338772	3.16265134357617
-5.39335287283569	5.59099818473001
-2.57498100938577	2.63919814060725
-2.70095113044685	2.67463100219833
-3.20799114764241	3.07111395957067
-3.93445675250855	4.21472812042342
-0.220977580748321	0.229057750286769
-4.5363095804393	4.79609161077219
-1.8982281775019	1.9564039516287
-3.69333296836282	3.9084501531227
-0.822039868866168	0.816104697440518
-3.88048905030761	4.06199958679319
-0.211449055673205	0.240647775016295
-0.988577755783254	0.951411007271801
-4.57564308587891	4.83566759307457
-2.5702804869137	2.74297696992695
-1.50840496433107	1.62085353386572
-3.35038017382987	3.61429903665274
-4.12932077818325	4.34531515623777
-2.59265606245368	2.51779663129667
-4.11464089616359	4.39035007864982
-2.92967483242883	3.14637874067354
-3.43015730218927	3.60119773159181
-3.71423528383052	4.01674017207326
-4.59521989793998	4.7366346806362
-2.3001645482582	2.26984765173221
-1.5426116096653	1.48248875063205
-0.399954080322157	0.426487896940949
-4.18714641326451	4.43365236426492
-0.752251300933584	0.719084196406845
-1.58504355772222	1.60599249673136
-2.18240242536392	2.27494987513151
-3.90862661251595	4.03128873897838
-2.14121263395003	2.18868930258308
-3.69897497371256	3.93011297968171
-1.02155710213857	1.00125605062668
-0.371823028250967	0.384177255482935
-2.18839746094012	2.24714737993652
-1.20219653528376	1.15980914525361
-5.4047918223432	5.60886869542405
-2.86632258175414	2.93616331123462
-2.64966066116949	2.70309224062895
-0.238223268739618	0.244149082681077
-2.56566977554064	2.73362003529898
-1.03352189352882	1.02962469234722
-3.96534148790601	4.20926167849871
-3.70953631686273	3.88949156383145
-2.33414979633197	2.4226207911166
-2.41596423397863	2.48611153975035
-4.34725322889363	4.42938269985177
-1.83045243445361	1.95003266069141
-3.59440246421777	3.83222702126073
-1.36564689806297	1.30875657274007
-1.84314198056379	2.19536243781016
-3.04357443058449	3.41933205972121
-0.303328905529798	0.37995908284082
-3.20622583808686	3.55147961280636
-1.21893024702029	1.2154663234687
-5.45224436836753	5.65597554226334
-3.85589561488261	4.0529078532206
-4.1153140193149	4.36332903632251
-0.359779958152911	0.39983742918688
-4.43446204538726	4.51322595047624
-0.49448230774464	0.531606216452753
-4.34959292057246	4.48477073029455
-3.29107184717554	3.46599961529325
-3.59335253379867	3.84597062793293
-0.148108419729132	0.160919705112309
-4.86194126450595	5.0609976215098
