2822,5558,6230,2367,5541,7054,2038,6382,9008,7232,9100,7185,7776,4491,5059,8377,1672,4948,9220,9280,864,514,5313,6065,6879,4781,4803,7858,5927,3882,5873,4882,5633,650,3395,256,390,9440,8865,3183,7682,4531,6373,6540,7052,4944,3643,7059,5228,2126,4122,7343,812,8870,2952,689,271,3821,8708,8965,9632,7169,4292,2621,2797,4505,5166,5352,863,7490,7060,909,1364,6131,5204,44,2473,9744,9840,9862,3256,5971,1491,6141,7437,8230,8547,5464,49,923,2606,8788,4051,4099,2811,3084,6309,954,1718,4950
7554,2037,3937,3445,5090,2217,2482,7803,9009,8658,9101,7350,4574,2314,847,5036,5543,7084,8024,8748,1306,7085,3419,487,5460,1056,379,2324,4995,1592,6054,7055,5721,2444,3930,136,595,9441,9518,2773,7241,2593,6406,721,7759,208,5388,4566,6990,6870,3652,7798,523,7065,6981,4588,633,7532,8485,9617,9633,8415,7679,5242,5776,933,8255,8539,7534,3919,2460,3685,4265,1058,7693,2242,4442,9745,8710,9863,1242,8778,364,7741,6831,8815,7942,8620,4318,4745,4919,8306,2311,3440,1018,4740,8478,1430,826,3100
7914,4189,754,2321,109,889,88,4240,9010,6152,9102,4674,604,2054,3030,5810,4556,1264,8015,8387,1977,3281,5573,3971,4564,665,5798,4376,3798,5250,7441,9374,7007,5580,2539,2674,746,9442,9519,1796,4687,1425,4898,6350,2096,3231,5067,5916,2681,6261,2824,5878,4839,7862,3872,2301,3116,5444,8808,8297,9634,4610,5701,3331,1768,1283,4298,1485,1110,4663,5714,5074,5562,5968,4433,1759,6030,9746,8183,9864,5552,8563,4813,4625,4987,4081,6284,3728,6089,2948,4326,6671,2950,3490,7173,2231,1616,292,5023,1881
773,3540,4788,3695,4671,2299,3457,7334,9011,8149,8553,6017,4182,2125,1386,7300,5180,5408,8309,9281,588,2056,4069,2563,7409,3275,2680,6960,2100,3783,6470,9375,6677,5102,4594,3562,141,9443,8627,4078,8650,3060,6056,5210,1372,2094,948,6005,4079,3933,2187,5761,290,8522,2659,2370,360,6555,9577,8285,9635,6482,2941,5934,4208,353,2457,7580,5126,1528,3308,3682,6918,1097,4541,3651,6522,9747,9841,9865,3772,5702,3240,5949,6387,7964,8245,2380,4310,1708,4447,7230,2969,1500,744,1244,1688,3015,1488,4656
6015,687,1039,355,41,904,906,2423,9012,6288,8261,6624,2219,947,1369,6922,5455,6473,6225,8571,2896,5360,6435,2393,7786,4581,3637,3103,5990,1695,7141,9376,7385,2168,7037,4705,2250,9444,9520,2766,8694,4037,7196,1233,6659,296,219,2055,5610,6705,918,5386,1331,6575,6466,5897,3052,6618,8670,8034,9636,6112,6782,2998,4156,222,6058,5994,2846,4957,4131,7106,8380,5678,6971,492,6849,9748,8890,9866,5370,8732,5375,6185,7107,7824,9984,7851,4806,2904,3516,6642,4194,2196,829,3122,3437,3529,1889,2239
8564,967,146,1068,1,1405,2010,6818,9013,3605,8343,3441,1336,2514,2724,8198,1677,2813,4732,8663,358,1691,5563,4337,7529,5364,3820,3063,8055,3381,7665,9377,8468,8667,6578,3911,5195,9445,8754,4834,9560,4070,7260,700,1815,207,1298,1973,4439,2519,3817,7089,5410,8071,2571,490,2660,8168,6755,8727,9637,6122,4411,761,4611,990,6834,7849,6231,9727,1898,8644,9740,6982,7991,3522,8590,9749,8834,9867,6548,8049,5226,7443,7070,7674,8548,8698,7354,2669,3444,5673,2880,3319,6972,603,2658,4345,5442,131
8077,982,377,78,56,999,2605,7136,9014,6044,9103,4932,985,1390,3931,8384,3093,6080,3790,9282,1318,2873,1712,765,8925,3997,1867,7468,7996,527,4823,9378,8079,7688,6183,1357,2944,9446,8944,5758,8601,2778,5782,2570,4275,128,678,3373,5490,5912,860,7291,3570,6222,3244,2447,2620,7763,9578,7521,9638,7988,4057,1465,2727,57,7485,7652,6743,8163,3327,8355,8729,4503,6600,4923,6863,9750,8048,9868,8038,8983,3549,7180,5604,7922,8195,3151,3112,2905,3880,6279,5498,6445,3211,4489,7158,3427,3548,2149
1870,2548,6825,3799,265,1095,1991,5842,9015,6910,8795,3201,1698,2375,3209,7982,5318,4799,8347,9283,2418,5346,4664,4495,6911,4285,4104,5989,4128,3989,8388,9379,7620,2502,4835,639,74,9447,8945,3206,8033,4269,2221,4322,5162,1926,1030,1569,2025,7391,3542,3626,585,8422,6780,5642,4243,7657,8253,7630,9639,1945,5536,1260,3827,482,6458,6964,4124,8461,4852,2954,7920,4800,3518,67,3702,9751,8542,9869,7392,8681,3536,6003,4926,5666,8990,7131,1285,2280,4621,7022,2635,5787,2020,3176,437,3628,2611,534
8088,4766,8291,7513,3432,9004,6312,7663,8531,7495,9104,7598,8594,8798,7617,7555,4686,5306,9221,9284,1130,6085,4988,798,6932,26,157,2357,7842,1596,1800,5017,1975,2175,2071,27,3650,9448,9521,5012,7078,5087,5470,3677,8046,563,4036,1290,6660,8143,2381,6019,1351,5521,7820,6634,2959,4769,8575,2297,9640,7479,4469,6871,4472,4289,4913,7593,7710,5638,6521,6485,4612,964,6722,1434,2907,9752,6525,9870,2559,9962,1223,5008,2874,7081,7954,3351,349,3855,3388,7023,849,3580,856,2651,7878,672,1046,573
7907,1937,3264,6285,1729,4297,3623,6589,9016,3572,9105,5483,5768,6336,5974,7506,2693,4125,8820,9285,81,1412,5508,3001,6657,632,2991,5775,6166,4339,7137,2115,5040,4692,1300,3409,1968,9449,9522,3321,2814,5279,7197,4466,4492,1989,5202,4544,980,216,1629,5581,4336,8807,6569,567,763,6159,7359,7611,9641,3466,5744,3484,2698,3254,1375,7567,3229,7536,5392,4058,6137,3482,4357,2325,2135,9753,8229,9871,7130,4421,5104,8340,6318,7393,5972,6856,3587,580,4535,6444,2386,1976,3508,340,5809,303,2730,470
7323,554,1279,858,103,775,218,7535,9017,4431,9106,4739,297,3556,4511,8385,305,7125,7606,8802,21,356,7545,6584,8103,3691,6155,8500,8190,2389,8117,9380,8750,7411,4991,5314,6882,9450,8946,1094,8520,5526,7118,2627,4109,362,1045,888,7379,3348,5844,7666,5891,7684,2337,777,998,2977,8576,9618,9642,7143,5649,915,2270,181,6068,8474,4584,8425,2472,8164,8772,5551,8095,5169,8541,9754,9842,9872,8980,8268,4796,7756,8218,6428,8491,8137,6891,3187,6795,8901,2918,7827,8307,3198,6593,1918,7093,299
2976,6173,6724,7396,2181,4808,2201,5567,9018,7597,9107,3307,4228,7224,7672,7317,993,5531,9222,9286,77,318,5813,1338,8533,4143,369,5625,7811,5748,6826,9381,8005,3154,6653,3454,2503,9451,8947,2134,8411,5700,7142,1079,346,1943,2530,6956,3139,1328,2547,3399,1172,7560,2742,473,581,4524,9579,8298,9643,5829,5502,3136,3873,2353,3835,8257,432,8353,5411,7442,9741,6998,3178,2088,6518,9755,8731,9873,4892,4557,5514,9979,7147,6938,8062,6889,7424,905,5441,8087,2516,2261,289,3453,2216,2329,145,2614
8308,2841,244,1892,2,1685,1831,7068,9019,3993,7349,3378,1769,1583,2863,6566,3025,1476,3495,8199,247,2183,2979,2765,8499,4582,2805,2369,8349,3932,6923,9382,8722,9439,6840,4146,4925,9452,7427,4303,8953,3320,6339,1902,1270,575,1121,1835,3833,2318,5587,5224,6190,8604,2538,1610,1929,7075,8366,8447,9644,3603,3733,1395,2576,2610,4676,7692,5730,8886,1024,6038,8265,6668,6385,4826,7685,9756,7669,9874,7809,7524,5623,6557,6551,5292,8896,8837,7053,1342,2327,5861,4759,2845,5272,365,1660,4245,4707,602
6583,435,439,176,17,1955,2034,7525,9020,5492,8796,4998,2404,4154,3055,8800,2144,4033,4736,9287,884,2799,2721,640,9369,4374,1354,7673,8178,1155,6402,9383,8556,7608,8069,3074,3145,9453,9523,5167,8602,5069,7276,499,5938,116,548,2468,6170,3954,5439,7834,6561,8121,2818,612,2177,3631,8391,8880,9645,8213,4400,876,2879,40,7887,8970,7623,9728,1236,7061,8973,3210,8582,5056,7602,9757,9843,9875,8679,8711,5142,8654,7461,9981,7631,8900,4807,2491,4467,7957,4248,6582,4906,4755,7604,2218,4302,410
8657,245,320,625,9,794,404,6355,9021,5384,8566,5530,1226,1249,3582,8570,1550,5620,6717,9288,224,2041,6002,4614,8534,5889,4570,9373,8803,1106,6371,9384,8458,7898,5869,5000,4380,9454,8948,4840,8954,4608,7719,2506,1293,119,626,618,5835,3730,4956,8070,5902,8707,2786,421,3312,6541,8082,8435,9646,7780,4858,415,3058,505,7080,7977,5584,9729,2018,8771,9742,5697,7462,3947,8214,9758,8637,9876,8981,6830,5299,8242,7517,8782,8438,8359,7686,2333,4361,8063,2714,7795,6877,1999,6734,5079,7749,237
7404,69,1464,5465,312,1841,978,6909,9022,6352,9108,5145,6362,6326,4571,2732,5582,4962,9223,9289,1593,3153,5585,1615,7951,2169,5240,2391,6195,2720,7302,9385,5172,7558,6596,4173,1749,9455,6902,901,5617,4347,2110,7028,5658,1440,3469,4722,4749,1235,3606,1628,4084,3673,5024,2860,1083,6451,9580,8632,9647,3571,3261,2770,1123,252,3779,5857,6906,6721,5644,4150,7421,3559,5982,4902,2967,9759,7735,9877,5348,7537,4029,6412,7624,3029,9985,4358,5287,2507,2345,6776,3263,1599,989,504,68,3881,6199,1763
1643,1199,4756,606,387,1330,895,8053,9023,7968,9109,4743,2695,2223,1646,8141,4606,5970,8918,9290,3575,5443,6090,1258,9370,2182,1263,2707,7161,1706,7288,9386,6538,5011,6913,5093,2315,9456,8597,5405,6675,1679,5602,1450,5328,202,446,4561,6092,8558,3447,5304,600,5712,8018,4266,2613,6738,9581,8728,9648,4035,7472,832,3841,45,7309,7533,6114,8971,6855,7581,8730,3945,7435,4967,7808,9760,8543,9878,6715,8304,2801,5817,5232,3976,8991,5245,8011,6641,4844,8699,2050,1154,287,629,1149,2675,3425,1040
7405,4930,1725,5780,958,5557,601,6325,9024,5080,9110,4038,4618,8247,5335,8407,2422,2854,9224,8857,2856,2130,1512,6348,2796,334,107,4280,5437,5212,4733,9387,8572,7279,2855,231,2542,8751,7973,5236,8295,4871,6903,7129,4184,3208,4715,4214,6057,5614,3786,5214,4894,8511,2622,1438,3091,2319,8963,6502,9649,6943,6564,3860,2898,3255,1234,3717,485,4935,1818,1017,1514,1665,6919,1262,3828,8047,8301,9879,5791,8893,561,3257,2121,3541,5965,1047,919,2372,5155,6347,2647,5726,3926,2893,6098,3212,4232,3920
5199,965,489,1727,104,2513,2211,7653,9025,8479,8739,5686,2875,4389,3056,9195,3021,5888,8279,8924,542,4223,4917,1326,8749,5009,4607,7566,7301,2017,2146,9388,7818,7609,3812,225,5821,9457,8598,5597,9561,5153,6322,779,5349,47,2946,1519,7380,1613,3969,7760,6340,6333,2292,2483,2641,6028,8871,8577,9650,4757,6961,2442,3756,411,2975,4758,3762,1518,1739,4067,828,6689,8240,1821,3758,9761,9844,9880,7670,5283,1744,8305,4330,8638,7943,5667,359,1243,6192,8451,3228,7172,6262,3874,7315,2259,4059,2827
8466,877,125,975,14,1059,1540,7869,9026,4255,8344,4961,693,1656,3450,8621,1548,3524,4229,9291,212,896,3970,3081,8926,5601,4117,7556,8363,2097,4818,9389,8934,8648,6612,3788,6218,9458,8599,4908,8955,4698,7854,1532,1373,275,870,986,5568,3073,4630,7520,5750,8191,3317,568,2633,8153,8446,8830,9651,7105,5481,619,4475,436,7729,8527,7040,8329,1392,7002,8266,5858,8020,4632,8287,9762,8678,9881,8611,7415,5924,8655,7464,8185,8619,8713,5519,1259,4580,8138,4690,5127,8173,1271,4416,4530,6172,195
2499,825,1501,894,5479,1043,269,8817,9027,5685,8846,4270,2240,2723,970,8595,6774,7983,8919,9292,3896,3780,4256,871,7767,7266,963,1752,2949,1624,6900,9390,9436,8483,6865,1114,3334,9459,8432,6907,9562,7290,7267,1349,8365,28,1654,1384,6799,8264,5277,4316,2383,4152,5848,7079,6510,5148,8872,9619,9652,5993,7938,6867,3868,121,8968,8884,6283,1561,1978,2441,2476,1468,8205,716,3121,9763,9845,9882,5983,9963,1112,7381,8288,7890,9986,7596,2047,4499,7329,5808,4652,2677,1163,1006,2488,1420,2536,6153
1931,6334,7627,3530,5235,4888,2093,7829,9028,8715,8907,6977,5645,6374,3031,9196,7149,3696,9225,9293,4172,3907,2368,1649,4977,311,335,1220,4012,3177,3189,9391,7446,8249,7412,228,1690,9460,9524,7697,5946,4231,4964,4325,8311,170,462,851,7199,6399,3011,3946,776,4254,5724,4868,6746,6781,8825,6503,9653,4283,7038,7903,4459,1273,7746,6472,6621,8887,2718,1998,3309,560,7613,592,2922,9764,6850,9883,6277,8358,230,3539,4600,2312,9987,339,1588,5300,6811,8275,3636,4375,690,1609,7717,1923,3401,3903
5407,2524,4893,8452,3616,7494,6577,8014,9029,8792,9111,3341,7926,7816,6337,9197,7785,5194,9226,9294,1108,1854,4718,3246,7496,5239,1272,8409,3701,3864,790,9392,8862,6702,1470,60,98,9461,9525,6219,8760,2138,7910,7986,2080,1109,2892,7306,1054,3573,3879,7219,5636,8504,3591,4940,494,1201,9582,7847,9654,797,1607,7836,1915,6709,1634,7178,5456,6836,6937,6323,5793,4198,2533,80,2320,9765,8891,9884,6386,5517,210,3547,8207,7190,7801,1496,96,2355,5860,7373,1732,7716,6341,2432,4981,2222,3924,969
7395,1382,2164,7212,5482,8494,3303,8233,9030,8140,9112,5043,8909,6838,7738,9198,1994,3438,9227,9295,764,1527,4075,6669,8348,5571,495,6187,2440,2908,756,9393,8935,6455,2157,37,768,9462,7953,8032,8503,3202,6681,3152,4550,749,7789,6393,2520,3301,5823,2051,7313,5542,1482,3794,730,1427,9583,4628,9655,4113,2342,8145,1275,4238,3088,4723,6673,3079,2500,2306,7573,4370,4388,357,7310,9766,8835,9885,8982,6610,314,1788,8989,5450,8816,1197,1255,1517,6177,8686,3510,2066,3042,4793,8330,519,7493,1875
3777,1766,4712,7024,2878,8515,2322,8443,9031,8647,9113,7569,9183,8852,6954,9199,3389,5273,9228,9296,1573,1553,7628,5431,7425,4344,646,7995,3372,5720,1136,9394,7045,2679,1153,133,430,9463,9526,6970,9563,4137,7281,8161,1513,734,6517,6832,1134,6777,3087,6996,7689,7507,1374,1967,683,1013,9584,8058,8171,3357,2737,8254,1778,5947,2344,3488,5116,4453,5506,4342,3552,6050,4434,75,1495,9767,9846,9886,8680,3810,257,1804,8111,6939,5953,2262,33,3538,7501,7568,1288,6042,1953,5524,7139,1687,3851,5954
7416,5837,6801,7605,6344,8030,6016,7098,9032,7831,9114,7339,9184,7726,6526,7538,3248,4102,9229,9297,1941,4233,3080,804,2842,61,260,1156,5425,862,2384,3406,976,707,4186,394,1188,9464,9527,4307,7181,4496,5168,2159,4577,2990,1158,1906,5213,7471,1758,6253,309,4814,7151,5397,544,7177,8765,4710,9656,8326,7227,7214,6294,2436,7874,6565,7822,9730,5353,4088,4598,373,7730,3032,5640,9768,7850,9887,3249,5316,925,8039,3770,8476,8992,5309,3977,4340,5435,7582,2869,2847,1276,2919,8013,460,1565,641
7048,1807,6844,7502,3742,5553,4362,6514,7231,5451,9115,5815,5847,8741,6750,9200,2599,4714,9230,9298,545,378,4805,6174,3760,120,3834,6560,5525,2643,6741,3774,7770,6290,1023,3161,5545,9465,9528,326,1754,6055,7264,2790,4042,1038,6329,4332,5130,2107,528,6416,5203,8072,1580,1032,524,483,8826,8525,9657,4645,5546,3412,941,1765,1358,5976,8227,8677,6588,2260,1237,6506,7021,4170,375,9769,8215,9888,6800,6087,3635,6843,8075,3918,7191,5453,834,3221,6143,8187,3793,7156,6719,3397,5908,273,6920,382
8269,1520,4623,6857,5538,5454,859,5031,9033,6100,9116,4199,4631,9191,7958,6544,3051,5091,9231,9299,54,3679,3225,1823,1920,3059,855,2395,4132,6258,3345,9395,7928,4419,4817,2709,2717,9466,8755,371,5728,5263,7027,6703,5705,3294,3778,5911,5967,1812,2042,4750,4934,8433,5765,416,924,3047,9585,8073,9658,3306,6649,2861,1416,3883,3126,7799,4488,7711,6094,1311,659,5421,7321,1584,869,9770,8814,9889,4946,5187,3646,8126,4465,8096,8374,4373,772,2789,5969,4771,282,4025,8552,3014,1885,3738,3067,6
1645,4019,6073,7035,3914,8516,4510,7981,9034,8510,9117,7100,8847,8043,6233,9201,2989,5363,9232,9300,174,366,7150,5819,7915,5072,3674,8282,3680,7086,977,9396,4479,1719,2484,333,85,9467,8322,6770,8956,2302,6803,8120,1757,3465,5111,7531,368,4415,3479,6000,3716,9574,3769,1463,172,3326,9586,8881,9659,3142,5234,8770,1194,6287,1820,7948,5131,1753,7320,5537,1210,3784,2119,23,1070,9771,9847,9890,6710,4391,1087,4875,8156,8040,7764,2804,32,1717,6236,8996,3038,5882,8714,4008,2137,2640,7333,5913
4449,984,7250,6655,5207,4144,4471,2420,8843,7160,9118,6079,5048,3369,2293,8429,2665,5468,9233,9301,1603,4952,4044,4971,7365,30,4438,6423,6257,2582,3936,1590,4236,5749,272,2577,5854,8212,8824,781,1208,5358,6613,5251,6404,2471,4851,2757,628,2397,2755,4776,3744,7844,2779,1212,652,1543,8652,8448,9660,6248,943,3711,1411,2365,880,7489,7237,2939,7491,4010,1879,3304,5177,2456,3996,9772,8506,9891,6976,8339,1429,2702,5238,2122,7423,6790,5535,4545,4073,7355,3072,5193,4548,4281,4430,66,5038,3485
6807,1334,7211,7388,1965,6249,1076,3563,9035,6968,9119,7287,5500,3975,2113,7777,3949,5687,9234,9302,1816,4877,2598,4634,994,2866,2670,1612,4974,2313,1505,7769,7859,5820,6815,86,2748,9468,8628,2575,3775,5196,6291,4721,7470,4637,3749,3909,4062,2735,957,3703,4702,9575,6376,3474,1493,5119,6563,6887,9661,4685,5713,1421,2839,2581,4286,5361,6542,2668,4212,759,391,6059,4187,203,669,9773,9848,9892,6662,5656,1418,7680,6316,7511,8316,5219,1604,2084,5802,7934,1022,4994,7661,2251,3807,3363,3751,51
1811,1332,3336,6611,4162,8565,3260,5740,8903,7356,9120,6995,8848,7895,8855,8801,2305,2067,9235,9303,1169,4889,5693,5988,8248,19,3107,3675,6289,3601,6158,1844,4161,679,1117,1115,5892,7732,9529,3196,837,3379,4819,6779,4061,1932,582,3862,4260,3267,3253,1393,5105,7200,1127,1750,306,6449,4306,9620,9662,7283,1827,2060,5463,5248,5323,6592,5875,7179,3426,7076,7346,114,7255,3560,5800,9774,7889,9893,8356,5894,1921,3299,7071,3165,7216,5004,5886,1950,3462,7626,3999,5423,1666,2263,5596,25,4074,3314
7750,4691,5887,6124,1877,7077,4500,5657,9036,7376,9121,4160,8497,5796,4855,7908,5181,5208,9236,9304,3593,3086,3724,5376,7994,322,2887,4462,4418,4110,3878,3418,5613,2152,3826,115,5285,9469,7304,4040,4323,1716,5942,3797,1143,4382,4197,2077,5252,5225,1376,4301,2406,7959,3006,529,467,2426,7821,8641,9663,7090,5416,5825,4408,946,4762,7500,3117,4990,1187,1731,4655,251,7208,1813,2734,9775,9849,9894,6729,3023,1486,7215,4480,4514,8492,7992,1673,1957,4004,5898,506,5703,1446,671,2022,835,5430,2555
7210,1878,7589,6324,5958,7133,4742,5344,8844,8276,9122,6101,7340,7444,6381,9202,1458,5769,9237,9305,1992,2295,5267,4178,6037,102,2943,4867,6768,2601,926,1200,5282,4486,742,338,4734,8938,9530,3998,2528,4129,6858,5028,2490,1400,3186,431,5991,3155,1090,5315,7344,8725,1267,922,259,1348,8726,9621,9664,7989,2294,2461,4386,5879,2207,7550,3313,8972,2174,2834,5159,83,5679,979,5359,9776,8774,9895,7229,6567,882,4719,5850,3410,7481,7923,2277,4534,5784,8465,2583,5459,8051,2584,8130,556,6053,3156
1703,2612,4205,4653,1073,5918,2983,4943,9037,2962,9123,3302,6837,6431,5164,7477,4468,3632,9238,9306,1381,932,4822,2632,7706,381,2914,2429,5816,3927,6121,2411,3305,2445,3898,281,3149,8649,6934,2701,3917,3950,3146,5274,2205,3203,509,3077,4366,6683,2190,2453,3532,8284,4860,3069,3007,5569,7527,7579,8286,4678,1987,5140,2777,2199,3869,6493,5347,1075,4942,5337,3258,682,2083,2654,6864,9777,7574,9896,5593,8614,2925,6580,4120,4567,4515,6952,5566,2871,3214,4300,1439,1490,5704,2156,6043,321,2589,1694
9001,6302,5987,6479,2288,8840,2591,7664,9038,8905,9124,8496,9185,9192,6986,8498,5852,7126,9239,9307,486,6820,2722,865,2116,2920,301,2626,3505,1655,2690,9397,7526,6947,6678,5,818,9470,9531,3639,9564,7975,7119,3197,8669,1224,4683,3600,7866,8706,2997,7030,564,7845,8651,5884,3028,7540,8671,6760,9665,8607,8526,6268,4304,3503,8969,8338,5516,1774,3119,921,594,843,6639,466,1657,9778,8489,9897,1836,8712,302,8616,2719,8546,8993,5478,1368,5377,6851,8012,824,4251,2759,4970,8736,673,694,79
9002,2189,4542,8100,5149,9005,1014,8842,9039,8222,9125,8345,8849,8799,8659,9203,3096,6775,9240,9308,5278,1365,4341,4563,5165,2540,710,4596,6508,2145,711,9398,9437,7015,844,18,6500,9471,9532,7366,9565,3458,7884,6091,1962,841,6134,2309,3374,8006,7634,4836,8390,7806,1770,1577,294,1089,9587,9622,9666,8561,3940,8537,1944,5751,2650,8074,1128,2931,2531,810,565,1751,5639,199,1797,9779,9850,9898,6440,8779,101,5311,5132,7999,8417,4249,748,4151,6784,6813,643,5910,6223,4443,7924,1317,4979,1876
4775,5707,4966,6603,2608,7935,4938,7083,9040,6335,9126,4398,8568,8853,7476,6892,6959,2560,8920,9309,149,2158,5366,2285,5336,4091,2009,2241,1653,631,7014,5915,6471,1137,782,2194,1067,6372,6027,2749,7974,4996,6885,1305,6916,453,5695,520,4997,1839,2439,6886,3065,7243,5340,4006,1168,7457,8367,6615,9667,6556,1423,7154,4191,596,6936,6888,6107,110,5295,2549,2945,2167,6507,2617,5952,8709,8544,9899,1598,6694,1410,7463,5144,6984,4968,3693,6051,1481,3657,7382,2408,4773,5457,1333,5170,2678,2820,392
2382,5383,4642,920,3124,5670,4931,6745,9041,5175,9127,1556,5083,5129,5589,7778,6450,4658,9241,9310,35,5033,6929,3710,8555,3150,2237,2023,3195,1295,7971,9399,6338,7952,4629,3318,660,9472,907,5270,8296,3863,2478,5176,5480,722,4329,3782,1378,6764,2808,952,2151,699,2567,4529,4597,5237,8486,8642,9668,7734,4464,5814,2780,94,4985,6212,5466,2265,5034,4230,6505,7163,4915,3886,4633,9780,9851,9900,4385,8984,4697,3460,1887,3721,8549,3596,1546,4402,5188,4082,1810,1151,1850,1104,1214,2179,4861,900
4328,3324,6928,4797,5301,4116,4089,7278,9042,6630,8362,1868,8209,5747,2828,4973,3468,5853,9242,9311,586,7445,5628,638,2209,2849,173,151,3885,4092,5986,9400,8665,6893,7206,833,1642,9473,9533,3640,9566,6196,7584,2385,4675,1403,3492,5555,6833,3649,5603,7220,450,8144,5923,6109,2906,4428,8695,9623,9669,8239,7612,4804,3847,1178,7314,8202,5591,613,5599,1734,1286,2118,7296,1963,2965,9781,8974,9901,5068,9964,789,8513,8528,6872,7449,9998,2286,3370,5574,3380,739,1735,502,2604,1910,188,478,3284
1449,3948,6138,7223,6099,6897,5690,7418,8332,7466,9128,8114,8702,7364,6726,9204,5385,7025,9243,9312,4680,4744,5143,1011,9371,62,153,1185,8283,887,5338,1880,971,1065,1171,1911,1681,8939,9534,4028,1124,2005,3966,1280,7860,285,2304,770,5433,8961,2578,6737,87,5790,7282,6067,2934,7189,8105,8472,9670,5684,4984,4220,4476,857,7814,6241,5846,9731,7144,8258,9743,1102,6739,3417,7221,9782,5362,9902,3804,9965,2791,5098,2371,2191,8994,4106,7361,5961,4673,8418,5371,4153,350,3148,5054,472,2150,2045
488,5099,5771,2637,3819,5803,3602,7503,9043,8270,9129,6162,5041,5755,2518,8158,3938,5843,8481,9313,2865,3362,3128,1568,7817,808,138,1601,4451,5253,7676,9401,6048,3899,5634,3311,1981,9474,7400,5781,1781,893,2282,1327,2888,388,2771,4207,3238,7515,1340,5293,191,4516,7420,1162,1772,5956,7585,8312,9671,4922,6883,6029,3431,445,5025,2210,2359,9732,8203,7003,5957,5095,6829,1803,6706,9783,7473,9903,6150,5534,3182,3567,5449,3857,8897,1686,5151,4730,4679,7332,3663,2399,144,1241,4591,2663,1972,1675
7766,5754,5932,6496,2652,5107,70,6819,9044,6180,9130,3131,4583,5066,5049,8003,3135,5985,8921,9314,7,1510,4575,5174,5719,1307,4829,6313,4045,4138,5086,9402,8056,6133,7056,4121,2782,8519,7727,3584,7057,3831,1574,4155,5367,2615,3071,642,4215,5139,1002,1177,651,8081,5101,4196,4703,3292,8827,7621,9672,5522,4831,5885,697,2672,3902,5053,1507,7360,2238,434,621,2912,3340,936,4157,9784,8302,9904,6145,8371,2438,6232,6543,2378,8148,3722,2646,2112,2691,3887,1966,6144,5429,3475,7092,1539,1865,903
8646,3361,6332,3323,4747,2068,4276,1140,9045,7408,9131,1454,4021,2392,3825,8660,2498,4167,8745,9315,456,1525,3660,4767,8721,1228,3985,7583,6274,4335,3220,7677,7843,5609,3242,3618,2360,9475,8949,1082,5708,4609,6292,2628,4695,4909,6023,4356,2063,799,927,940,1897,7601,5737,1004,180,4641,8559,8423,9673,3268,2101,2511,3848,3956,1074,6908,4235,8061,6330,4003,6410,3686,5859,3243,6783,9785,8775,9905,4485,2725,2885,4649,5549,735,8898,5503,3884,4056,2474,4779,1118,2220,5406,1554,7135,928,3404,419
6814,5390,4700,3009,3046,6220,1239,3414,9046,5032,9132,1733,2715,7757,2739,7324,6433,1566,9244,9316,3424,4559,2479,5518,6899,316,1667,4203,5928,1935,7289,9403,7687,7945,4218,1801,1299,9476,8364,2940,7046,1037,5896,5229,3171,374,2987,4501,4005,6957,3752,3095,232,5660,1819,4377,3459,1952,8169,6467,9674,5108,5797,5495,3512,620,4299,5752,5621,4278,5807,4624,4426,2597,6597,3809,4857,9786,6646,9906,3991,8733,1313,7963,481,2913,4317,2347,5689,3236,2729,5124,3094,4429,2148,171,1492,589,3520,3222
7662,6509,5404,2551,5834,2525,1469,8220,9047,8592,9133,8376,5157,2279,879,9205,5615,6713,8746,9317,1387,5867,3448,1012,3557,1504,1063,2595,2667,1028,5092,9404,6604,3781,8937,258,2352,9477,9535,4565,8806,5520,8250,3098,7900,95,717,899,8521,7819,2142,4482,155,3287,8484,2806,898,7488,9588,4951,9675,7721,8122,8194,4824,1787,8634,8540,8643,8888,3017,2249,1443,1041,8228,1206,2787,9787,8545,9907,4547,8507,440,8490,5473,6063,9988,4016,1281,6077,7877,9999,3935,2477,1471,1884,5652,2290,2081,1582
8587,1204,4601,2894,6035,7840,3700,6429,9048,8845,9134,7857,8718,8569,7702,9206,3876,6414,9245,9318,5016,3915,5189,2269,8025,1152,278,8026,5544,3511,2172,9405,8936,7167,3761,36,6679,9478,9536,7632,7997,5746,8200,4560,8201,117,1871,688,7911,5792,5147,6203,6620,4142,949,1630,1148,1447,9589,8351,9676,8181,1538,7691,1742,1025,3269,8394,2414,9733,3494,4474,2449,953,8583,498,2415,9788,6880,9908,8146,9966,126,2364,1922,3875,8530,1389,239,6243,7701,7868,4327,6117,1414,4786,6744,280,3041,3523
8591,5006,7383,6725,3974,4709,5258,2413,9049,8689,9135,5742,6931,4101,3891,9207,464,7397,9246,9319,1738,1352,5201,5476,8004,2127,1862,7927,7390,3908,1633,8929,8666,3477,1222,179,1852,8940,8756,3735,7930,3515,8166,8762,2587,1287,5663,5055,6251,4878,2469,7226,4097,5641,914,1579,48,1057,9590,8831,9677,7835,2039,7837,2104,1741,1433,7939,1362,8028,7001,5013,2929,2040,6640,38,1111,9789,9852,9909,6278,8086,496,2153,8157,3375,7249,1939,46,1864,5801,8360,4192,7157,8064,5467,9000,2021,7743,4397
3747,5269,4590,4201,503,1218,5718,7159,9050,2526,8717,6797,5332,3252,4181,8045,2942,6375,8720,9320,3683,3535,2245,5840,4394,1424,4754,7166,5438,4354,7064,9406,6861,1487,5050,50,5046,9479,6979,2657,8459,5241,5877,1961,2090,3792,3226,5929,3893,6474,2493,2405,2902,7402,6862,2830,1182,3627,8873,9624,9678,7886,6531,2052,3251,1720,6184,7792,747,3470,4470,955,1180,2102,2517,474,1523,9790,9853,9910,7138,7010,1042,8895,4558,8315,7299,8127,740,2961,6301,8113,1195,3727,3514,1078,211,3588,4493,1207
3472,447,852,518,853,644,715,6606,9051,2029,9136,4903,2193,1366,1637,6958,6802,7101,7036,9321,3310,5391,2141,736,8272,3765,1052,2069,5826,1021,5937,9407,6785,4422,7655,2529,5334,9480,9537,5395,9567,6403,8263,1141,6202,29,911,706,7656,6240,4546,1715,4257,4314,7762,5594,5118,7807,8766,9625,9679,4123,5766,2203,4437,319,8107,8424,7863,9734,2008,3120,7823,675,8369,1581,6533,9791,8206,9911,7327,9967,2061,9980,8508,9982,9989,8274,4528,4890,6627,7000,3723,3843,2031,2916,3230,1467,5710,2431
2831,4980,3785,1055,6523,3265,2000,7744,9052,7713,9137,5682,6636,6119,1866,7950,6434,6062,8747,9322,1960,7140,3502,517,4163,3531,175,1435,2184,1526,4367,9408,6358,6167,8091,1100,4644,8941,7917,6281,8761,5289,6786,2224,7797,406,1159,1916,7182,7176,3004,2394,692,1948,8192,3057,3645,7790,8964,6792,9680,5824,6670,8337,5583,209,8352,8379,8512,9735,5326,1909,2862,816,6772,2634,2788,9792,7123,9912,4287,8985,546,5303,8147,3773,9990,1845,846,5047,7475,8700,3498,2362,469,1225,2455,1033,1562,3286
5863,2917,6535,2200,5305,3277,1167,6088,9053,7514,9138,3916,2609,6368,3963,8398,4537,5764,8856,9323,1639,3434,1060,4543,4802,433,169,2596,5735,3526,2653,9409,8482,7865,7275,315,6022,9481,9538,5743,8080,4958,6530,6448,7330,213,204,1498,6905,5427,4978,3558,6228,2273,3757,4965,3987,3672,9591,6935,9681,5286,5320,6532,3439,1817,6271,7594,5880,7800,4982,3387,1096,2458,6354,1949,4140,9793,3108,9913,7712,6140,448,5018,5523,1240,7856,1625,337,3147,5745,7011,3166,3815,165,1192,5368,1337,3658,3647
1312,992,2937,647,7067,2129,695,8292,9054,5914,9139,5851,6154,4613,1858,8622,8234,6656,9247,9324,3888,5688,4364,574,8430,2716,283,3787,4224,1780,5786,9410,8159,8501,8160,178,2832,9482,8950,6728,8603,7484,7772,1745,7591,13,1391,1350,8401,7918,2743,4427,1356,2868,6788,7508,6511,4046,9592,8560,9682,6442,6267,7253,4562,399,8813,8368,6012,9736,2764,4812,7888,264,7978,1135,3763,9794,6983,9914,4502,8986,553,5950,7465,6331,8784,2574,1426,6816,6927,5899,4018,1990,193,2955,3740,1213,2049,4760
7049,5106,4175,3913,4735,4490,2933,7967,9055,8022,9140,7251,7017,3501,3796,6263,4284,4103,8922,9325,578,5357,3442,403,2417,2204,912,1339,3405,1564,5158,9411,5586,5501,7758,332,1536,9483,9539,2694,9568,5415,7401,5960,3141,666,696,2835,7931,5683,2546,6298,343,5308,8414,1483,752,3964,9593,3928,9683,7622,8378,7284,5365,1229,5856,7940,7913,9737,2923,3111,1833,819,6650,3003,2708,9795,8416,9915,2007,4770,714,7124,7202,7876,9991,4969,1515,7016,6711,8735,2143,1186,1699,2619,6377,1016,3237,584
4689,3759,3597,6244,3598,4159,2336,5741,9056,6796,9141,890,2403,4200,4444,7205,417,5266,9248,9326,2671,1777,5962,4027,5401,1912,1689,2572,6269,2794,3247,7497,5339,6280,407,3376,4381,7678,8132,1969,6680,4538,1320,3870,4874,182,3709,1472,4226,4053,1913,4446,2616,8523,1448,4308,3621,4879,9594,8633,9684,4258,7115,5380,1938,468,7509,6616,6095,2213,6075,4262,1631,3967,6617,2176,4821,9796,9854,9916,6663,8894,791,4881,4555,1762,7825,7660,5085,1053,2233,7042,1755,3617,2073,2132,4076,709,1479,2993
4148,2712,6495,2754,5128,1664,459,6130,9057,5507,9142,3346,3173,3659,1934,8334,6631,7234,9249,9327,3690,2795,4483,3525,8104,1790,189,1113,4907,1814,2170,8930,6132,6586,4883,420,3430,9484,9540,6082,8412,7297,7871,393,3689,130,452,168,7029,6991,4617,3576,3415,3604,3106,5114,5062,2639,8874,8193,9685,7184,8327,6806,5485,2339,8675,8136,3270,4351,1322,4054,7551,250,6488,720,5422,9797,8608,9917,4554,9968,616,6146,7311,5753,7980,5075,3497,3140,6965,6296,3656,3654,1576,2927,6992,550,1903,5627
4731,1173,4063,2335,5739,2509,463,8221,9058,7245,9143,4764,6536,4246,2850,9208,5866,5489,9250,9328,4816,3290,4263,2109,8067,2980,583,1489,4119,1049,2425,9412,8336,8502,3216,184,2772,9485,9541,5662,8036,7718,6914,1586,3961,91,668,284,7456,8225,4912,3550,1857,3910,2230,6400,4848,2985,9595,7848,9686,7873,5904,5830,6086,803,7247,8579,3568,8889,2287,6191,6411,266,8008,254,3315,9798,8313,9918,6635,9969,361,4334,5057,3955,8246,2451,1379,5973,7671,7155,4900,2512,784,3383,6111,2437,2744,6731
7512,7082,6847,7050,7012,8189,6497,6732,9059,7925,9144,6898,9186,8455,8690,8554,4720,3350,9251,9329,2075,4461,1925,4795,2086,135,166,968,6652,1183,2821,9413,7019,3158,8350,307,3633,9486,9542,4268,8460,6306,6188,5572,4139,878,108,543,2964,5494,4983,2676,1370,1605,7447,5671,1101,3906,8875,5021,9687,7855,6742,3239,3285,2510,3127,7875,6252,8007,5447,2999,1399,988,6547,1863,3335,9799,8836,9919,8370,7700,729,8683,6723,1570,8000,2026,753,2557,5160,7826,1861,5779,2687,3235,5246,1680,535,1890
7063,376,627,3555,1051,429,3192,6391,8375,6469,9145,6194,3110,1958,1251,8408,6061,6234,7044,8858,380,5579,2705,2568,2464,956,4782,6625,4034,4267,6969,1397,1462,3423,1678,4204,3008,9487,8951,4183,4108,3478,3104,5161,3109,372,5955,4910,5561,3125,2645,6787,6475,4507,6024,4603,3859,6581,5738,8170,9688,6684,4098,1635,4133,820,5471,3951,7228,3204,7430,1064,703,6366,6626,1552,1670,8636,5831,9920,3493,8314,3289,6123,4774,8586,8785,7347,2564,4593,2935,7603,3507,6989,3517,2229,4279,516,6708,1422
704,4135,7417,1535,3157,836,5419,6430,9060,6752,8278,1029,4478,2001,1250,8532,6422,2891,8151,8640,802,5400,7607,5647,7377,3446,477,2323,5936,2958,6930,8859,5173,2968,4206,2120,677,9488,8668,4136,8957,5037,6074,2644,6011,562,1826,3035,3064,3486,3288,6436,4785,6476,4986,6720,2003,7629,8876,6266,9689,5343,6608,551,3163,610,6747,6794,5773,2228,4309,3813,1341,2046,6129,291,3622,9800,9855,9921,3842,8381,5265,7066,7293,7286,7553,3199,913,3768,1982,5872,2028,2470,3519,3861,1567,2741,5141,795
2215,4920,7222,1132,3130,8052,5559,6462,9061,3420,9146,6084,8850,6712,6590,9209,4798,4086,9252,9330,1619,1484,3664,5261,1782,4450,875,1838,5133,1477,2363,6200,6182,2810,1015,3027,3400,9489,9543,5061,5940,6126,6215,6753,6591,3215,2074,1198,4602,5999,3800,5827,1184,7919,2988,566,344,2825,8672,7453,9690,2390,2953,7638,917,3904,6300,3022,3569,92,5486,2243,386,4296,6395,2900,4395,9801,7009,9922,1888,8241,2970,6142,2792,7272,7097,3734,2859,2048,3894,5595,1930,3349,5475,2214,6060,2833,3629,408
4331,5669,7406,6418,2254,9006,5841,7483,9062,8428,9147,3566,8383,7194,6432,7274,5333,2686,9253,9331,962,461,8456,6327,7984,4999,4171,4830,7557,4549,7751,9414,8118,2070,5789,766,1050,9490,9544,6692,9569,3986,7715,2848,3704,5618,1166,4768,1623,5255,2255,5696,511,7188,6110,1377,395,6437,9596,8299,9691,2995,5930,2496,5109,1150,6700,6765,1980,1451,7998,4227,1147,7459,1856,242,831,9802,9856,9923,6295,6389,2268,7328,7203,8010,8439,6707,248,599,5097,8838,1407,1700,1099,902,342,2829,2400,1834
6791,3992,2402,1964,3010,7482,4595,4520,9063,3754,9148,5812,8023,7544,6383,5413,4647,4552,8821,9332,105,4169,4237,741,6447,2648,897,5590,2688,4519,6912,9415,6632,5244,2844,2310,2936,8804,5920,1406,7259,1452,2986,2446,3390,1597,4277,617,4077,6520,3005,5539,1453,5420,5832,910,4517,4513,8809,5836,9692,6041,4048,5321,1608,198,6093,5276,5260,167,5650,6069,5369,4455,4825,1459,5763,9803,5729,9924,5022,6115,2057,4065,3455,3958,8232,1641,2638,3802,3662,4753,2683,5076,1402,3099,4068,2253,2407,194
8021,1764,5909,5833,3612,1126,4657,3364,8904,6319,9149,3193,4648,2248,1638,6250,4030,3217,8262,9333,2361,4845,3959,5190,3610,2527,1614,4312,2802,4452,4403,9416,5222,2696,4387,3332,418,9491,8693,1907,6501,3545,6822,2816,3402,4001,5598,4684,854,1176,4291,4706,2763,8252,6072,267,100,3295,7846,8589,9693,2072,5917,2661,2655,2876,3039,2826,1221,235,3943,1840,2147,2592,6860,2550,6622,9804,8562,9925,4729,8450,3801,6413,5215,7454,6915,6256,6572,3137,4378,7505,2706,3687,5125,1886,1419,363,6214,2883
317,5811,1959,5399,1737,5312,4636,5661,9064,7519,9150,1417,5183,7384,4177,7578,4713,3698,8661,9334,206,4393,6701,891,7970,1842,1245,4949,1893,5770,6595,7985,8320,4669,5461,4783,4701,9492,1230,2035,2996,1361,3464,4933,5655,1905,3090,4536,2198,3692,1355,4672,389,3836,5256,154,2489,3655,6667,8393,9694,6805,5548,5665,587,1761,4508,5211,4638,7644,6484,6486,8832,5529,4899,569,6226,9805,5777,9926,6097,5178,3391,2257,3339,6654,5838,4349,5941,4589,4853,6165,2711,3789,1702,512,6740,1776,3771,597
7094,4862,6594,6852,3483,1674,3403,1626,9065,5945,8797,2864,3599,1088,2171,6398,1671,2334,8662,9335,2004,2111,5216,728,5094,4518,2938,7832,8236,3179,4989,9417,7707,5284,4052,5387,2435,9493,3729,751,370,663,6189,4127,2836,2013,821,5088,6379,4737,3715,3068,1371,8152,576,5294,1466,1988,8134,8449,9695,6483,786,3978,3219,2374,3889,3712,2867,9738,7572,3168,4976,4115,4551,996,6951,9806,7422,9927,5948,9970,4752,3162,7864,4784,7148,6161,6823,4791,2966,8128,838,840,4792,58,7839,4166,5757,3280
5233,1995,4409,2298,1394,6361,3167,5788,9066,5137,9151,4717,4854,6953,5692,2812,2343,2289,9254,9336,2921,5146,4928,2851,3097,813,177,2133,5078,2974,1848,9418,5064,1709,5635,2030,1478,8752,8323,2308,8724,4250,6103,655,323,3619,341,4945,2562,5890,3102,2139,3026,6204,6427,4219,2117,3791,7885,6481,9696,4975,3489,6113,3118,2443,3408,4941,3543,1859,5330,3965,4372,2890,2882,2760,5434,8463,6014,9928,5331,9971,4693,8050,6647,6558,6390,4210,5325,3272,2853,5005,2858,5296,1853,3615,5020,89,1600,1071
158,4158,6736,3941,3585,7117,3980,7841,9067,5876,9152,6356,8740,7013,6552,7195,2284,4569,9255,9337,139,1511,4576,1985,7590,2452,1951,2685,2713,4041,6845,9419,7883,3271,4032,4355,577,9494,8866,4526,8119,1849,5979,3184,2089,3224,1164,3832,3396,3407,634,5648,331,7246,6973,3461,630,5527,9597,7387,9697,3298,4704,6699,3040,454,3358,4080,4677,8354,4222,6477,5163,1516,3499,2800,3923,9807,6096,9929,2623,3846,4646,6047,5218,7552,8786,6076,351,2192,4626,8001,3897,6308,1321,493,2602,1809,2398,1771
513,6716,7363,2303,2065,7006,4650,6342,9068,7487,9153,1882,6978,8102,6798,7893,5906,5345,9256,9338,3578,1589,7225,3720,6559,3589,2232,7618,3892,4141,805,9420,8723,7026,1409,59,422,9495,8757,1254,8389,3527,6456,5772,2208,2326,3594,4790,522,5980,5845,6841,5002,9576,7386,5112,507,7008,8767,6282,9698,2012,5762,4842,3061,3262,8578,6645,6205,6766,7595,6487,3129,5217,2226,614,653,9808,8975,9930,8216,8987,148,3750,5624,7562,9992,3200,8,2889,4746,4668,624,7091,6052,2783,987,3960,6310,215
6178,2387,3829,7389,1647,7134,3368,7775,9069,8101,9154,5484,8318,7648,5578,9210,4090,4445,8280,9339,124,3719,5389,2852,3866,4525,5205,7654,951,2569,2745,9421,7410,3684,780,226,217,8823,8867,5297,8868,4654,6033,6524,1808,1640,4847,5675,1266,4696,5100,4865,6384,8180,2348,5643,1828,2410,8877,6607,5528,916,7039,7541,1993,5063,6875,5637,4651,1551,5533,4352,3075,4927,3546,11,1008,9809,8976,9931,7170,8403,684,8656,4876,8289,5382,6761,246,1086,3241,6896,1760,7646,8188,4288,2011,262,4417,1851
868,6208,6993,6013,3743,2807,6453,7174,9070,8716,9155,6224,5184,2625,1896,9211,1648,6036,8335,9340,1144,1142,6527,5477,8224,4031,6286,7909,3942,7127,3630,8931,2636,930,3741,1269,118,9496,9545,4809,8869,658,6545,4939,2501,4616,2915,5922,572,3823,2775,7271,1444,8962,4404,538,190,3554,9598,9626,9699,3611,5231,7867,1895,5565,3355,7753,4002,5806,6235,6609,3133,2225,2901,52,667,9810,8977,9932,2884,3653,2523,5691,6459,8514,8426,6346,10,2085,5497,8902,3024,6878,4725,2016,2487,4011,5925,5198
3092,2664,4670,7116,3929,7121,3853,8054,9071,8406,9156,6749,8115,7616,5711,9212,3213,6674,9257,9341,1145,1077,6108,5432,7852,5394,1231,8420,2227,4850,732,9422,6528,3385,1563,140,111,9497,9546,7367,9570,1693,7434,7899,1408,1347,6804,6924,412,3746,4458,6465,7268,7946,2006,1508,491,2058,9599,7152,8967,1711,2840,7773,1632,6419,3592,5472,6128,6944,5935,5606,3365,3433,3180,72,972,9811,9857,9933,8437,4778,579,2710,8112,7033,8341,3188,20,3045,6894,7518,883,7336,7004,2699,5030,2769,4640,4473
3561,3085,5249,7736,2740,6946,4363,7870,9072,8444,9157,7165,8197,7175,5839,9213,3043,5900,9258,9342,861,1942,6874,6491,5611,5039,807,8319,1069,2704,959,9423,6637,3638,1009,122,113,9498,9547,7368,8958,3282,7342,7683,1455,731,6568,6648,1020,4423,3925,6275,7345,7419,1252,3608,823,1019,9600,6771,7635,1785,3443,8059,1611,6401,3822,3436,5805,5417,3905,2656,5341,4209,4579,22,1547,9812,9858,9934,8612,5355,637,3134,6925,7256,5767,2870,39,3113,6751,8098,1436,7244,5019,6020,6824,2580,3849,4343
6207,2186,5717,8331,3579,8495,2838,8208,9073,8793,9158,6353,9187,7570,6553,9214,1627,6273,9259,9343,1308,848,7896,4665,8281,4145,2649,8691,6881,6370,1431,9424,7426,1710,2909,76,106,9499,9548,7788,8017,2767,7369,8400,1036,1824,7451,7592,591,3250,5865,7120,5629,8631,1869,1509,236,1323,9601,8768,9700,4886,1872,8123,1133,5783,2448,8108,2930,7238,7793,6842,3259,6359,2803,12,1534,9813,9859,9935,8653,3666,304,3020,8464,6999,8684,1291,4,1936,6812,7949,2328,8551,8129,3089,4604,1714,8099,4568
5984,4185,4573,6762,4217,6303,2594,5681,9074,5220,9159,3688,3174,7783,6148,8386,5378,2202,9260,9344,1617,2271,2276,3293,7096,1292,4406,7235,6156,5426,5509,9425,7929,7752,7020,99,3223,9500,4463,5209,6658,4274,6317,5230,1165,1120,2733,5070,6297,2480,1940,1282,5264,4810,4333,413,2485,2897,9602,8106,9701,6512,4371,5871,3384,774,3731,3416,1385,2585,1346,2427,2256,5448,674,55,1767,9814,7041,9936,7285,7209,3329,7436,3366,7731,7933,7542,1157,3609,4724,6229,762,2379,4126,1085,2059,944,6478,2972
4456,1284,2543,7432,6078,3764,532,6598,9075,8593,9160,8042,4321,7804,4694,9215,4399,6446,9261,9345,159,1246,6727,4615,6125,809,657,7318,702,1131,402,6585,6691,7378,82,243,1359,9501,9549,5616,6980,6246,6697,6010,5694,234,7198,7187,6365,2762,3736,6307,6828,6714,4527,6299,2631,3661,9603,4921,9702,5505,3714,6160,2173,2662,1786,1668,8084,2768,2957,681,5931,5510,6676,1883,7747,9815,7781,9937,5513,8615,288,2131,6571,7248,8342,2128,1970,1319,6408,7802,3115,5646,4202,4929,8174,814,7005,5247
5487,2388,4020,7815,3394,8841,3463,6759,9076,7440,9161,7450,9188,8854,8518,9216,3382,6320,9262,9346,1066,2692,6665,4833,4794,1261,127,6454,827,3325,185,8860,8588,7498,822,71,186,9502,9550,7478,8324,5901,7740,2750,6034,881,6409,6859,3330,5307,4572,5626,7720,5396,5096,4407,1669,2212,9604,4420,9703,3296,2607,5446,2494,5588,3172,3353,8060,4457,1360,539,6494,3944,4959,327,6601,9816,8303,9938,8357,6873,279,1442,8244,8372,8550,2015,229,2697,6628,8997,3300,3745,866,6696,7316,1003,4259,4066
5156,1606,974,2340,1676,934,1794,5785,9077,3845,8567,7204,2267,547,1578,6651,2266,6941,7399,8223,2459,3939,7263,598,7398,2307,3837,3564,5550,3808,6933,2244,1445,608,6573,1591,2910,8942,8057,3276,7812,5733,6270,1555,6457,277,4047,1324,6666,6104,1325,7667,2332,8764,4728,4662,558,7733,9605,4838,9704,6276,3957,5981,3708,1618,2747,7326,3266,5592,1743,5774,8833,648,6809,4384,5975,9817,7448,9939,2246,8734,3359,8009,6489,8076,9993,7742,7192,5474,3577,7362,723,2450,2079,4107,5818,1756,2140,1661
6186,6735,8078,5136,2774,8517,2731,7294,9078,7575,9162,5881,7647,8419,4039,4282,767,3613,9263,9347,1572,1274,3476,950,2815,1026,570,1475,6869,4659,3066,7882,4553,1404,7351,873,3138,8864,8600,5182,7739,5734,7610,1713,6239,5081,2341,2206,5512,2881,611,2600,1503,3681,3595,845,405,4190,8325,4914,9705,6789,7280,5462,4087,4024,6438,3900,4071,5084,5402,2978,3012,623,4639,4667,3338,9818,5302,9940,4055,7748,1396,8617,7171,7322,8685,3824,1497,4954,4787,6623,2684,4937,348,4477,5206,691,384,2700
3,93,645,1401,2064,4405,2421,7439,9079,5659,9163,3033,7577,9193,6227,8399,2981,3034,9264,9348,712,771,2703,2082,3392,2495,1460,7650,6537,2475,5197,7897,2781,4369,4643,1268,4410,9503,9551,2351,8037,4846,5073,7270,6904,4856,4820,2545,6424,6315,1253,3451,2373,6948,3867,817,1914,4539,9606,5963,9706,5570,5113,4244,1146,2558,5381,7414,8300,3164,6254,5354,3962,708,6083,1294,4324,9819,9860,9941,2911,8584,4599,7146,3574,6171,7474,5709,2178,4293,5001,6116,1544,6602,7965,2761,6021,1650,4305,137
7828,2556,6690,5488,2434,4827,1211,7312,9080,4780,9164,2154,4319,7565,6026,8916,1265,7269,9265,9349,427,325,3002,5756,8235,1309,5547,1602,4619,3190,3018,9426,8321,6687,5736,2586,5895,7833,8535,2412,7102,5372,4017,2264,1522,769,793,1971,5275,7901,4174,2161,5268,3123,400,1398,1559,2076,9607,9627,9707,5121,7549,4023,3973,1209,4751,7254,2124,5995,471,796,6198,1480,6176,4095,7113,9820,8609,9942,6031,7372,480,6360,7403,1723,8899,2541,5499,1899,4111,8701,2160,6550,7564,3806,6817,806,6758,981
7675,1799,6008,4738,5997,5356,622,7114,9081,8150,9165,4424,3994,6940,2492,8917,3537,3544,8923,9350,1793,1103,4484,3816,6081,1832,670,1314,5150,3435,2091,8625,6259,7168,3990,268,7236,9504,8705,5227,7853,6848,7813,1473,6169,160,397,183,6519,7745,5799,997,7207,685,3521,4885,6040,4093,9608,8154,9708,7325,5428,7904,4412,1829,3726,8676,6997,5977,2433,1696,3227,615,7516,800,3528,9821,8978,9943,7298,9972,205,5445,8618,1933,9994,3283,738,1644,6461,7794,2756,2092,4007,4801,7348,1542,4225,5045
8737,6767,9003,8090,3070,9007,2366,7737,9082,8906,9166,8333,9189,9194,7273,9217,7252,6304,9266,9351,1098,6643,3449,2535,2258,1072,328,2537,4379,1353,1179,8457,6492,5327,4014,15,725,9505,9552,3170,8959,6763,6846,3648,8251,1203,5291,1345,7932,8630,4432,5564,654,7539,8027,7499,4863,5504,9609,5870,9709,8769,7947,6605,3019,4338,8538,8885,3082,2108,3245,1035,609,1081,7201,336,2534,9822,8892,9944,2123,8682,241,8217,750,8529,8787,5089,1697,5398,7034,8687,960,4013,4828,5243,8839,664,300,367
2872,7193,7891,6179,6209,8397,5259,8131,9083,7969,9167,6367,7265,8911,8065,8210,5864,5319,9267,9352,4884,3877,4748,1119,4726,398,1549,1773,7018,1005,1974,8932,4622,4487,5262,65,4509,9506,8092,6619,4000,2951,4435,3509,4918,743,1947,330,3279,7976,1007,4578,444,7936,6211,5152,4049,6949,8828,6265,9710,8083,6394,7659,2162,4114,7960,2504,7906,5496,1238,1062,2166,1413,5725,263,938,9823,7961,9945,7460,7755,414,3343,3044,2275,7955,635,1219,3480,5732,8789,1116,7724,3953,3952,5674,2886,2197,2283
8089,1704,7966,6147,1571,8441,842,7695,9084,7051,9168,7576,8818,8742,8031,7703,2331,5393,9268,9353,1682,2235,4586,3795,6157,2419,885,3076,4904,2087,2928,8933,8557,6672,686,42,4242,8470,9553,5493,9571,2463,7779,3132,2837,533,4295,1707,1415,8413,3487,5622,6562,7292,3377,2532,1954,737,9610,8811,9711,7642,6443,6685,3233,3818,6876,8182,2666,6046,3322,2401,2924,310,7754,778,1380,9824,8776,9946,5715,8585,192,6242,7492,6549,4585,6890,449,2044,5903,7431,552,1779,3676,3481,6490,2354,4682,1189
6421,4180,7993,6397,5065,7615,5281,7543,9085,8260,9169,5959,8851,8293,5288,7704,3371,3456,9269,9354,3053,4436,4494,161,2497,636,223,497,6009,2430,3766,7619,4716,1027,6102,132,1367,9507,9554,5271,6164,4064,6345,4365,4587,1277,3972,2316,6866,6425,2014,4105,152,6135,7902,2274,2409,7308,9611,5350,9712,7658,7429,5672,4460,2043,7774,5452,6351,8580,3699,1456,1730,1533,7277,3144,5418,9825,4620,9947,1874,7145,1502,5698,4497,4179,8395,1919,2971,6070,5575,8477,1181,3333,792,3054,6118,197,1034,1160
2281,6311,8175,1894,1521,2973,4096,6504,9086,7467,8908,4955,5560,2505,1531,8743,6369,4043,8639,9355,1908,4425,1847,5469,2024,442,662,2561,1806,3421,7796,8822,7132,3036,1860,4273,719,9508,8445,4481,8574,4022,7058,3105,2629,788,156,1979,4901,4661,3732,2752,1363,3776,7104,2300,123,4837,8810,7690,9713,7668,6808,5322,530,1594,7261,6007,4843,7941,3890,2618,1432,2817,5186,5440,6748,9826,8184,9948,8267,7614,5664,8243,3422,2163,8273,6025,3413,4811,4916,7838,2895,2247,676,2136,1301,4026,4083,2356
8196,6460,7892,8002,4176,8442,5653,7257,9087,7258,9170,7782,8629,8912,8346,8744,6686,1388,9270,9356,4311,3830,1684,2603,1093,1256,2165,3160,6221,4772,733,9427,8142,7787,2553,34,1946,9509,8952,5731,8093,2793,4390,8238,3995,1651,424,983,3159,6587,3278,2776,475,6754,3644,6293,5828,6247,8536,2857,9714,7791,4765,5351,4015,4666,8256,7371,6468,6405,3988,1724,966,850,7510,345,995,9827,8610,9949,8613,8382,830,4165,2809,5135,8427,255,500,3586,5014,7588,425,4887,3344,3360,5862,2819,1658,1830
3921,3048,4147,6966,2758,8791,5577,8177,9088,7880,9171,7233,9190,8116,7649,8704,3895,5424,9271,9357,942,2428,6106,4264,2984,1248,201,7469,935,3175,785,9428,8421,6827,929,73,656,9510,9555,7295,7103,7242,7319,6314,5120,238,3342,6006,4605,2798,3169,6987,6599,6426,4130,5874,1335,1107,9612,5409,9715,3049,3856,8019,1461,5185,2903,1901,7522,3865,1202,308,4763,3452,4777,760,6534,9828,8402,9950,6407,5310,484,2027,6255,8097,6513,2053,783,1784,6396,8998,3706,5680,2095,3705,7438,1191,4522,2590
8259,3297,8440,3354,3316,6967,295,7217,9089,8794,9172,6163,6237,7571,3194,8719,7894,4353,9272,9358,1343,4360,1636,872,2554,1296,324,5003,3748,3411,5010,9429,8863,8211,6149,90,423,9511,9556,5822,9572,6480,7128,2544,8763,590,5760,6854,7358,7987,3207,7640,2726,8524,7307,8162,4532,2338,8226,9628,9716,7561,8135,7651,991,428,8473,6733,4216,352,5280,1190,713,2728,5192,163,2346,9829,9861,9951,5257,8780,187,8110,6926,8509,7563,6064,1837,3694,5794,6757,1575,4211,1304,4396,10000,401,1315,2932
6963,3185,7528,2234,3668,8688,3016,7830,9090,8041,9173,7504,8703,8913,7095,7705,7433,6217,9273,9359,129,7213,2956,142,3274,2899,347,1303,3839,1437,5632,9430,8016,6769,6633,84,755,9512,9557,5933,8471,4271,7305,1783,6638,1728,6139,5052,7452,7698,2579,7428,1494,8094,7111,7728,4866,4891,8878,9629,9717,7937,6974,7905,705,233,7458,6439,7523,286,4880,2019,1996,1855,4711,1175,3642,9830,8436,9952,3665,8988,757,5317,6962,9983,7625,7765,1541,4072,5412,4252,939,1997,1529,2508,8790,557,607,1659
8493,931,3840,3205,5630,5077,571,7407,9091,5795,9174,5926,3534,8914,6272,8480,5436,6516,9274,9360,3583,2624,4849,724,6181,3473,1652,1383,4699,2114,4523,8861,8469,7559,3713,147,1986,9513,7341,6245,7708,5051,6201,396,3641,1161,5883,6682,6614,5676,5027,5855,3607,5605,5921,2736,5115,2486,8829,8505,9718,6197,7153,6127,426,200,4506,6835,3838,1139,6661,4134,3234,3669,6417,313,3982,9831,7722,9953,7109,9973,661,6464,4498,8783,7956,4413,1297,1441,2062,7374,3697,2103,1621,214,5122,253,2349,3232
1474,1620,3968,801,1846,1721,1891,6151,9092,4504,9175,1843,4789,2738,1105,8271,7218,6942,8165,9361,2350,6821,7186,1216,9372,2982,680,727,6499,4241,5919,9431,7240,7073,7088,3767,6539,8753,6529,6349,9573,3000,4383,1802,6066,293,937,3625,6704,4960,3614,2573,718,758,5373,3504,1524,7641,8879,8812,9719,4815,7643,3620,3551,16,6136,4533,3979,7990,8155,7352,8487,5035,2877,5600,7639,9832,8125,9954,5110,8781,1705,6420,7480,6206,9995,5651,7681,5619,4290,8999,1499,945,143,1092,1595,1289,2481,3678
1010,908,3500,1428,3707,1560,508,8453,9093,5631,9176,438,1193,4320,3429,9218,2462,7455,9275,9362,3671,3624,5458,2963,8927,5171,1227,3491,3852,6328,7546,9432,9438,7805,6955,3858,1302,8626,6305,2522,7600,6574,4094,555,6260,63,1746,2106,7108,5154,5134,5907,4688,3291,839,6049,3981,2377,9613,8966,9720,2033,6045,1927,2682,53,7586,5374,5677,9739,4239,8204,8773,1558,5324,4441,7062,9833,7164,9955,5778,9974,2291,4936,6810,5716,8995,3753,7262,6664,6773,6985,220,5944,476,1174,3356,1983,3670,2180
2330,549,2036,510,4708,2466,593,7099,9094,3352,9177,2751,3901,6884,5727,8623,2630,6321,8596,9363,4118,1701,6357,2032,8068,4247,701,7768,7916,5612,8410,9433,7087,6901,7547,2188,1084,9514,9558,1917,4221,4897,7872,1662,4512,112,6210,4761,4454,5992,5044,3533,6688,8605,4315,4841,1683,1061,8673,8606,9721,196,2515,5706,1000,134,5868,7699,1873,8172,3634,7331,7921,2753,5964,2454,4348,9834,4635,9956,3078,9975,3814,5849,6452,8231,6004,4213,6730,5515,4188,2960,1316,5254,1775,261,4905,441,5058,2296
5699,2673,3811,2588,5951,8361,3428,7944,9095,8738,9178,6853,8910,8044,6498,7714,6839,4832,9276,9364,31,5221,2947,1344,3393,5414,526,1138,1736,2994,8035,9434,8692,8237,7303,525,5060,9515,6644,4168,8960,6264,5298,4540,5893,150,3871,4953,5329,7183,2272,4350,815,4313,7032,5042,4195,7709,9614,9630,9722,6778,6793,7912,2376,221,6868,8124,8328,698,7645,4100,1205,2396,7112,973,2785,9835,8777,9957,7723,9976,2843,8697,7979,8373,9996,8029,1031,5668,6895,2424,2642,605,383,274,787,1585,1537,354
7486,4872,4359,6994,1726,8176,2317,3581,9096,7043,9179,2926,7881,8915,7784,4149,886,3718,9277,9365,1091,1805,1956,3983,8624,2784,4112,4963,3467,4864,7599,8664,8179,1984,6718,515,1791,8943,8758,1904,5026,4521,5191,6392,2195,1215,1622,5722,4972,5723,1747,443,537,7031,1129,1329,1557,2099,9615,7548,9723,4741,6975,5532,3337,3143,6546,5905,276,1125,2105,5607,5996,4440,3062,270,4992,9836,8979,9958,6579,9977,3506,6039,5179,8290,5966,8396,3471,3328,4993,6213,559,2185,3755,1798,1217,3181,1928,3803
6576,4414,7879,6378,4911,7375,3854,7337,9097,8277,9180,5200,8819,7810,6515,8066,3513,6441,9278,9366,162,6238,4627,457,5654,874,164,1663,4681,2467,2823,3725,2358,3013,3101,540,455,9516,9559,5379,7771,6364,5290,1822,5554,1825,7370,3590,3850,8133,3984,7761,1170,8434,4727,5540,1545,6175,8392,8882,9724,8674,7636,6988,2236,1748,7047,8109,7162,385,4050,3083,2992,745,5939,1795,5342,9837,7694,9959,1080,6343,451,8404,4272,8405,6945,8645,4392,5071,4660,7394,3273,4368,1587,4869,4592,64,227,649
2689,298,3844,409,5576,5491,521,7696,9098,7725,9181,3739,8454,8467,3553,9219,4859,6120,9279,9367,4895,4253,6032,1506,8928,2278,811,4896,6071,2002,6363,8294,5998,8310,5978,458,1792,8805,8573,3386,3398,6168,5103,2416,7861,43,2552,867,7069,3347,5082,8167,3934,6554,6105,4261,5123,1232,9616,9631,9725,3050,3114,6380,2746,249,6388,8635,3565,8581,5403,8475,8488,1278,5556,501,7335,9838,6001,9960,3037,7962,1247,5117,5511,4193,8186,7072,3805,2565,6695,8317,3912,2098,465,961,2252,97,5138,2566
1257,1692,4346,1001,5007,1044,4009,6921,9099,7338,9182,3667,2521,2155,726,7110,5608,7239,7357,9368,3922,4873,4870,329,8431,1740,240,1048,7530,3496,4924,9435,7972,5015,7122,1722,4294,9517,8759,5759,7633,1924,6018,536,6415,541,479,5029,7413,5223,3218,5943,1122,4164,7074,1900,1310,6698,8696,8883,9726,5804,7637,4060,4234,24,6693,6917,3367,8085,6463,7353,8462,3191,6950,4401,6570,9839,7587,9961,6193,9978,1196,6756,8219,4947,9997,3737,6629,2465,4448,8139,4085,2078,531,1530,6216,892,1789,1457
