-0.0567608272618094	0.167039513334162
0.00286749683995307	0.013235581637726
-0.140890732397938	0.623122112142367
-0.117044500497914	0.295659529630484
0.206321619093008	0.298946366743629
-0.115886871739461	0.200841724395653
-0.0643647393084816	0.739340418193246
-0.0891060767383135	0.768894189428732
-0.0728178853851092	0.138704983747607
0.0149869136092103	0.611923191667828
-0.0554580019048396	0.12261892479713
-0.00157756164452176	0.553239416068011
-0.0297187244815055	0.671069059615648
0.0850312689915493	0.48223071096497
-0.0569814321762568	0.111323171867203
0.123071196830336	0.445722967543332
0.0668961865704429	0.530349431824431
-0.059707684154955	0.728131563056454
0.00276972350098664	0.0211675327033295
-0.0921584412062872	0.77372890926983
-0.106009306883925	0.719722504915137
0.0130160547573975	0.0437252567743281
0.062435936525318	0.53665697400366
-0.0504476462351671	0.714317750404264
0.0144415657945786	0.0188477473150877
0.00189342687056644	0.00786310056123406
-0.0385263471621672	0.515877726041821
-0.0574504395139868	0.72512361314588
0.0135349737887226	0.0141890320908401
-0.0603981795098278	0.157434763411562
-0.0374490780358102	0.698699723689382
0.0400596206970678	0.581506875263174
0.00549936387830598	0.0440725039341586
-0.00979645119949024	0.653825517622983
-0.0837163218823307	0.753586948347133
0.0219148313104095	0.0360398694246857
-0.0704510292361579	0.127181051243431
0.247808544453823	0.247933356307731
0.0730516526526302	0.520428832717162
-0.0270045551108207	0.667528760977361
-0.0231081001662089	0.668819904626662
-0.103071830268154	0.781169102733588
0.0166245590533201	0.614564267024394
-0.0116624501513374	0.435177205557745
-0.0583596857321353	0.723500095924842
0.034016048987073	0.570577866282792
0.307146789330551	0.151096508526131
0.0636787292832721	0.503600424899757
0.116770329699938	0.443001048872489
0.146373077355399	0.385799758910029
-0.184198233107988	0.359511453609105
-0.041228642729786	0.0925917660267764
0.00257450296779697	0.620324664288217
0.015443563029026	0.59524862110927
0.044001772038114	0.0998215733230534
-0.0768334085844332	0.250122246688813
0.130033037999104	0.115355726195798
-0.0156010519641006	0.387323489313711
0.157550024518536	0.104519396569824
-0.291544169250606	0.523081185635618
0.11176982961643	-0.0432991607624457
-0.193206492373043	0.626510762899422
0.331666612141378	0.00602746172513733
-0.231738738908803	0.860462784579231
-0.34543267827865	0.7667218518251
-0.392339724243244	0.782928090759885
0.0560300078036509	-0.00231117620724058
0.190635025206338	0.0580164131210883
-0.0406338198680091	0.706463808374204
-0.303365121071917	0.898228555174254
-0.00216706760559738	0.0202521814280746
0.0079456909307157	0.0174260828162588
-0.00390858130849302	0.0328522522179061
-0.054499601105032	0.726025989461241
-0.075036030153879	0.754770706955345
-0.0544869606979631	0.727409456926049
-0.169574498404927	0.358842074997295
0.0205539232973447	0.0122320487766955
0.230555888326997	0.280474978365194
0.0535943384210273	0.54273624524679
-0.0772152563830022	0.138771985675998
-0.0805785892274282	0.186561607865982
0.0775808481199914	0.425639884854309
-0.120594109294483	0.22846010200788
0.0885450368376683	0.502354021680407
0.473393846631688	-0.0933003482540933
0.0706636432382493	0.471039009447728
0.209130121328997	0.28787274778999
0.341994591982382	0.016994242886796
-0.130137133167421	0.211745060909924
-0.0299197488857684	0.142399139664833
-0.0493039852912715	0.574521375062724
0.374995761066111	0.0459411210793989
0.0516409531416899	0.163393205833186
-0.0839370536918131	0.764719100579171
0.0197545858825078	0.596618146011711
-0.208349151204015	0.391061234708863
0.0395193905738101	0.52512984939796
0.0456281893740499	0.568535445235805
0.0625379021120478	0.000923192478713233
