0.0304316407477079	0.166597753711066
0.152264261383902	0.609500399414055
0.153823678890487	0.655013142238859
0.0167297130590227	0.0679104972724108
0.0887336358012742	0.476920657043017
0.0714376348730826	0.254082200583132
0.125191702000125	0.414114313415557
0.117172778834022	0.400794905632761
0.150862547684514	0.644736428910533
0.118214659879375	0.468831097982021
0.000204555540905144	0.00109728750041671
0.127173569537629	0.6000713074155
0.153812287919826	0.711905502358831
0.136608467272919	0.66493721968131
0.151734011782516	0.728651025836894
0.0154661626094873	0.0479790066656639
0.154887362204671	0.768532334888582
0.00966613928703087	0.0241665144636098
0.155659034323126	0.740524287407337
0.1091992536816	0.517551762408427
0.15455179851272	0.718602895606414
0.0135579212056946	0.0755774745237376
0.0127837501811993	0.101893582241782
0.0887103159774008	0.447076985383446
0.0110512954406962	0.0350491392494642
0.147060582741723	0.689808463887932
0.136091340283242	0.634138539902528
0.0146082898865083	0.120467947811279
0.0977249033120128	0.478906306673325
0.146322552971698	0.438489857702601
0.14941753538685	0.699384392138779
0.00866689989834959	0.0321145299291457
0.04344373100046	0.204262261991336
0.064774604862794	0.309510888477523
0.0660336236369936	0.267721486459624
0.125408520061726	0.436476678807164
0.00416685813167819	0.046029762184572
0.117931876792583	0.550816967413033
0.141626150508477	0.707975905626697
0.155747260725537	0.723955588774799
0.03039450880937	0.258929657363181
0.15595387124106	0.732902454754565
0.15494021829151	0.721699051184314
0.0248474089031641	0.127636653677406
0.147462716349998	0.70401352299453
0.151892855502411	0.612957408154762
0.00232949374030962	0.0345851215360066
0.130594900385841	0.611312145218877
0.120607590429892	0.540439512171456
0.134476292406081	0.455851100734159
0.129913725700357	0.651007812398025
0.0809180292885008	0.30181250841926
0.153539953341666	0.686137242334044
0.149970752588232	0.650034709795361
0.155256997163929	0.653967353048977
0.132558325717177	0.595124397890175
0.135394506717471	0.621952666000046
0.0280228279845793	0.262504654455152
0.107640649078936	0.57929910766255
0.125310128465374	0.689967043368764
0.00815267244493157	0.0734069479048544
0.0693149920379197	0.385052242396291
0.097732339225142	0.479255998362042
0.00903758290868872	0.0285663751595216
0.144557971412733	0.683708743092004
0.125744004247732	0.687396855399849
0.140543377921424	0.639053539811451
0.000481232208424438	0.0105635584874658
0.148172677802939	0.44250176223767
0.0181962291982432	0.0953515682699076
0.000619679837978328	0.00512031274929182
0.154055258006653	0.570955037676508
0.152015234790326	0.704449373506987
0.0205172546027361	0.273753787972843
0.157860721362356	0.687534795630083
0.0653324928062796	0.387413627969467
0.0909542049934369	0.508405168237082
0.0867878392864438	0.461680137457624
0.00347673362842425	0.0858528964736292
0.0304301863738765	0.305757498676537
0.00487756922838181	0.0246084671677087
0.0595584016956834	0.158181984398839
0.129034082403882	0.540895153349695
0.139450414212464	0.647654380838401
0.146084129111275	0.711942708077614
0.062140987866124	0.222472483037044
0.148369539730243	0.64657928132613
0.0307020404966277	0.140656727164837
0.0103977019306392	0.0273694447824886
0.00208717296294133	0.0129438639192582
0.153915472265134	0.777582838007869
0.136893812751487	0.347449799248693
0.00405735243636653	0.0176226884348236
0.0750207610383875	0.275342056680989
0.0985447202766294	0.529079321097749
0.133254752652687	0.606508241759654
0.140615658214447	0.670000297806161
0.158374835043377	0.733865231125082
0.00495919035220333	0.0165318385528971
0.0648852633120537	0.326601306773823
