0.20923753700249	0.231359893129756
0.158456375769144	0.162149263422788
0.386510329596888	0.419104577752402
0.260790503582976	0.152472040791919
0.0828925598807295	0.10678598826562
0.395966044616757	0.449088500077091
0.338186773213025	0.374883436467964
0.256547711716423	0.264743475214945
0.412029824953274	0.336700674944396
0.15707800750371	0.108267741023275
0.229336054587808	0.199294990684264
0.131992227991903	0.135714733891334
0.160585052004229	0.136127781350854
0.223128274782665	0.168651955984453
0.136966896506439	0.0962688802881008
0.178480700585347	0.139540546408362
0.367927617242149	0.363542077710293
0.196384086338197	0.220166898728193
0.267876629050787	0.323552651198729
0.281029828695815	0.185748649306624
0.15666249948304	0.171722019158925
0.171856210736937	0.0845184074469243
0.291089831094025	0.224893677922913
0.286423483643626	0.292336216341932
0.38866766487941	0.302568389682323
0.381348448503511	0.422451005606427
0.214702952678758	0.215106259862737
0.33164221285704	0.323345750874875
0.0814412498911882	0.0711292790404752
0.0216865387835733	0.057714331188248
0.203443220292573	0.240185936572352
0.250958120006732	0.262214415584729
0.442736141729583	0.466342158630095
0.206461921662865	0.216728205244889
0.139377283997799	0.120287592346237
0.177789371571132	0.052863023537673
0.401753215437836	0.440667997930353
0.0282004808176728	0.00316827192731666
0.434174833027759	0.451812576880869
0.161311290597796	0.137409196239049
0.429659775232934	0.360447896924171
0.058801371498039	0.0526228855762564
0.348246863420664	0.286997493849583
0.0311964759053544	0.0263646714679762
0.0826387415851395	0.0839296984157186
0.427868165332829	0.436351222745771
0.196895989091169	0.274608033452408
0.136468666501042	0.123214470518377
0.302857207037398	0.350239040650975
0.327762399305854	0.428718916055323
0.106321820079984	0.0825124788792325
0.396639664560577	0.419083995878069
0.270698933601301	0.338055757862449
0.279660967137439	0.272277370728785
0.393188133101742	0.388641793756874
0.342120427692925	0.275122587040959
0.128811040408326	0.137867620672499
0.0544414503660029	0.098929080509224
0.0314747149698979	0.0345438311530434
0.398640511367126	0.360090497839482
0.057594482808907	0.0905202979144284
0.0888125827543782	0.136912862186631
0.19460137122669	0.165457200283298
0.309155606530772	0.305618107998472
0.133469435276455	0.136850412975321
0.338147659987046	0.321479526225705
0.0501869820264974	0.0917366515080477
0.0687099980451194	-0.00980380072472674
0.171944035788706	0.17025444120501
0.0595351605575318	0.0721730512818992
0.405307701187205	0.53940240107624
0.182687568504569	0.136452874603773
0.14176548726052	0.204800723439765
0.040932736943218	0.00261012105185225
0.253820462756682	0.249065768897333
0.0650436182383877	0.10194250133999
0.377250369204749	0.396029377177352
0.305485693301433	0.372283370512402
0.170311717316762	0.106138653900661
0.240546364149363	0.151781487757283
0.25302178201403	0.293451457963034
0.168163889648701	0.244326827172778
0.431100842489689	0.410171487409209
0.075294019294435	0.11262454854468
0.289336523113276	0.455014528696467
0.319779550418977	0.436651135055345
0.0654591960231245	0.318364691224752
0.338891687995151	0.285320455542982
0.0873148033618223	0.0981220562652986
0.402393547299175	0.532636835285721
0.387120592036727	0.269230310089715
0.421912816685164	0.369176270051485
0.0369222095135654	0.0372896833590767
0.337571701584755	0.326942941584426
0.0485418280409121	0.0314106698960578
0.345630372272813	0.3425806567872
0.328587932283016	0.284739707539081
0.387010818769328	0.242627082934428
0.0342539945090404	-0.00960573679623604
0.370663381986241	0.421349211905427
