1.27873567182763	-0.984806256188408
0.509772472425946	-0.431608135737399
0.363897449437665	-0.308117471518553
0.388153720695642	-0.333643509729628
0.973086580136855	-0.764429055814579
1.8095243970133	-1.43896164349681
1.08976580097353	-0.831400511799863
0.351131018370968	-0.319395209888402
1.26063608660347	-1.02189565821251
0.564448640099485	-0.482129071856956
1.46009003234566	-1.10918363761999
2.17336969643969	-1.77790547121619
1.14371638274462	-0.899082660359315
0.561308186547874	-0.378994410037537
1.68207944112683	-1.36098332356252
2.23622233525576	-1.72554397996147
0.462139196827106	-0.400223351831813
1.98834386061504	-1.66471145969259
1.32254756091214	-1.05411243944801
2.18528775047156	-1.70746954939493
0.305510402999591	-0.279372983558018
1.33814070791225	-1.03710360561243
0.537392671050916	-0.377734560593927
1.37438081709627	-1.11163197866669
0.909918392221581	-0.724714920034344
0.609051453580464	-0.495666877198767
1.32520519556818	-1.06702475936059
1.14981507201859	-0.962661045983043
1.12783960252057	-0.837161032770514
1.72242192904682	-1.34421299855782
1.09351859660759	-0.805084233614454
2.16035148422311	-1.67360238238168
1.31997045380531	-1.00114038028916
1.87863032914931	-1.51564292004939
2.22672750972262	-1.82948257688423
0.905379042234362	-0.750875638018241
1.48740245011357	-1.08786248528343
2.27759605213449	-1.79728879610898
1.26449126574	-0.961379281791459
1.4393295664094	-1.12937250005967
0.900641508818905	-0.606644312099168
1.84201786423297	-1.42185852611039
1.52191730813429	-1.17833217653287
2.03238574985567	-1.58523085740414
1.89291430733447	-1.55030265143527
0.636650430369694	-0.525735398686018
1.26630360096094	-0.967716643960706
0.20172932392141	-0.155226638136087
2.26242293649058	-1.77976786983284
1.24847831421316	-1.04257662958648
2.22322065071044	-1.73787879479184
1.05864160554536	-0.9024535607609
0.491127744820789	-0.386459423544204
1.25105744468067	-0.915501566613994
1.09879352023791	-0.935278689798639
0.95539321600596	-0.785366799347424
1.10342331043693	-0.921166219828274
0.0978833462832413	-0.0273897390909527
0.69972005489798	-0.536401955786254
0.392893330833401	-0.262284730552852
1.22182904315183	-0.98155847209615
1.69622002618554	-1.36148669401052
2.01201777163562	-1.56180301961009
1.84736066170297	-1.40878699149091
0.666307678549773	-0.546797666275182
2.10517173003676	-1.68114310442329
1.1929493949089	-0.892774660941498
1.65833807744662	-1.36220584768186
1.28445237442149	-1.03784418670548
1.13719015841149	-0.877105513259914
1.1235267130407	-0.820859836843386
0.95255247022836	-0.722634113911974
1.58030116462271	-1.24352521749859
0.288207545768674	-0.227903573571198
0.617102596750356	-0.356688599526106
1.98002503262989	-1.56582906317623
0.352417177654904	-0.296042089662648
1.15100901681453	-0.944354252801478
1.03206634366063	-0.893854280932336
2.33325394203424	-1.82005685666151
0.664908528849223	-0.501968528781149
1.16853916834234	-0.900483767817497
0.268750270465311	-0.210861007803966
1.04279185531053	-0.871059517461999
2.22482384225812	-1.76055745330234
2.19134305276012	-1.74229900941618
0.936396498104237	-0.790974035534143
0.864721519870722	-0.564115103845699
1.74008995174035	-1.40800259598717
0.273952030911733	-0.219965866986743
2.33064681951817	-1.83069152621968
2.31859558511444	-1.85519107655559
2.08839949407934	-1.62646054971361
2.23897828826448	-1.78954940972862
1.09214617272666	-0.77171392208831
2.24600251570251	-1.76254790755685
2.3833333063871	-1.8960050441499
0.334109825397133	-0.24395296050032
2.31083883307493	-1.84532299044047
2.30428750408905	-1.82970773132109
