0.0995138288482651	0.406205118267939
0.0935467945444187	0.31905829765846
0.193767189956042	0.718197696201539
0.144714047196809	0.481528891044288
0.0353699587689148	0.158202433720357
0.195602058668514	0.77035484812797
0.157141957753732	0.587421146650162
0.121786684038212	0.367906478728783
0.209431167012196	0.680274544350802
0.0728417967309075	0.219571185379399
0.114380915013838	0.390557898101376
0.0645199961300611	0.283718469127859
0.089252430375924	0.442558707808134
0.111988642806801	0.488077305451293
0.0643890996084651	0.225352386416842
0.084314177671244	0.305209364236608
0.186440480645612	0.716989275440206
0.0859281108124823	0.333441063094118
0.108855398586255	0.413289447743735
0.143184878291709	0.402814532304843
0.0805625976049182	0.420107520479956
0.0986564464274547	0.539077197878773
0.145116953855598	0.40746053541376
0.128566727906147	0.444567740764574
0.196700380539423	0.744729673130079
0.200140032122601	0.733414700896637
0.0994523885152611	0.391715897389134
0.160314935249397	0.585151178785167
0.0393343061822632	0.217815446901524
0.0201509338173897	0.248652855008481
0.0895357317755117	0.389857576639558
0.125699698424678	0.426024700938368
0.218574338635955	0.793204717929998
0.100815630323402	0.451403323887528
0.0735907740658143	0.303344060094666
0.0991446942996174	0.429708789481851
0.194822778678433	0.713054111174815
0.00805532544999121	0.0175034677489571
0.213462533664613	0.806613767163922
0.0789017893459282	0.22979973866792
0.201768755569842	0.490041228937199
0.0353462583765886	0.194739575173839
0.166184673987673	0.469800748869436
0.0141274772162084	0.0389457625155919
0.044497173920908	0.331085479285316
0.187693435005047	0.498555334654853
0.0929973084423027	0.359941604234877
0.0659360933069389	0.189948165389267
0.154715264452266	0.567265870613156
0.157556483868797	0.51827016176335
0.0795316662925595	0.32526875582071
0.177670941707889	0.56914185756671
0.132041127517149	0.55912252045648
0.137573596301518	0.631275169950406
0.184549941501314	0.577810618071453
0.184218304821225	0.545576249247928
0.0546350481853981	0.156091836335513
0.0194401246355387	0.117829371310443
0.0154583700085516	0.0445636564715109
0.194361142539091	0.531510059102394
0.0170244892508281	0.0738117838915372
0.0488285180616148	0.310399258356927
0.0969297887195409	0.426377414973011
0.152020958037103	0.558418421168564
0.0865527953803087	0.459091478705796
0.161345825299857	0.54113739363623
0.0405691928567773	0.307245927348413
0.0185603105754343	0.0459747836555013
0.0995354834895192	0.396988876968388
0.0313880887339819	0.176625815717298
0.217872119686904	0.811593276550315
0.114027934218365	0.497126860128308
0.0766835267526207	0.334634015512549
0.0125649470994156	0.0335092089552259
0.133318167882754	0.443081542892697
0.0319626636247655	0.286528284275257
0.187756904507846	0.684976717424276
0.154441880163773	0.613783498111254
0.0862847354551743	0.207281004417998
0.134678840550204	0.403725752064525
0.140803992769103	0.520125131450085
0.0938829807526445	0.345291712803212
0.217123390285978	0.730538054061429
0.0259629322941984	0.166756842134579
0.130261684837916	0.482816140929589
0.137347023080256	0.513563003983764
0.015197700905556	-0.0152217701554035
0.172380648394302	0.483091262916013
0.019405144305177	0.0794203087696197
0.197490955808189	0.789740151916653
0.213695139496644	0.725530913713038
0.218796546714104	0.760792498174691
0.0182268813907869	0.0549827423788033
0.163805186240263	0.629555674394309
0.0262774406927963	0.0850029239285581
0.172877246805387	0.652234864758323
0.171413161411022	0.622886594095401
0.208868480747865	0.718035113958384
0.00790996586315267	0.0158002785058021
0.19206742200524	0.732386062938461
