0.113900745474542	0.0394589425846097
0.513789287636388	0.202083838671475
0.578937467380266	0.195178885452556
0.158568111056701	0.019668136862429
0.319579945431848	0.0910438710565463
-0.00808698571483987	0.096048377032308
0.222127227645974	0.149452145386212
0.452809230892141	0.142493445089605
0.392704873587311	0.211893371190094
0.137805579373924	0.155949541587516
0.0298619162875644	0.00154297512676237
0.344787647576564	0.149474203266297
0.548543079127937	0.192221530538548
0.50962147516773	0.171004078919285
0.541882428836801	0.191258567718653
0.0298337376364726	0.0237996403259222
0.550002532622648	0.199500148436589
0.0164120960508051	0.0126888940962674
0.575741531744573	0.197735391248409
0.402389456613857	0.133338011446519
0.5694866572231	0.195355466745643
0.0145475205394762	0.01102897648671
0.10760051596808	0.0142546856583946
0.298109792040288	0.112270724117033
0.0228541776104906	0.0156036626695162
0.562421242518682	0.193298308154101
0.506437664167543	0.163149293022957
0.0653365440572941	0.0132850938460139
0.338628515006269	0.113791837536448
0.414730852425157	0.203976449857118
0.553662476787699	0.188400174336181
0.020985829533595	0.012070077090132
0.125545110796324	0.0538501968374311
0.251714109856616	0.0748514282752732
0.127884424917474	0.0864304614664416
0.415675012747918	0.171656240110171
0.0430689206741099	0.00344489057095077
0.342399173060106	0.15079324937061
0.516285197308779	0.178219807790608
0.401788658489923	0.210493939007043
0.224601998986503	0.0276578124987154
0.570593696037581	0.194140946934732
0.549530020203023	0.195324693770564
0.118906979643457	0.0310281199817693
0.469647851113473	0.181396123557789
0.536358710227082	0.184993201225851
0.0580471859049707	-0.00124908763375157
0.300384396514007	0.168598603957849
0.442836139974357	0.147648680183145
0.342448448526939	0.183716985960321
0.512908535808551	0.156711641071748
0.190866503496197	0.110149154859325
0.516551343869025	0.200058182494478
0.451957185566968	0.206836032759202
0.492212139985307	0.206318378453334
0.444336312184826	0.172312218953303
0.511546562824074	0.171037417959113
0.20062488603214	0.0284658386849472
0.407165636395063	0.122141149260835
0.530167873810443	0.153383804809285
0.1159121155591	0.00319325598693874
0.21305503941558	0.0800650450656619
0.373682606811029	0.125087714509997
0.0139020941150027	0.0108227647871399
0.507053886118228	0.181550641910046
0.470213378381152	0.175916719650856
0.509502646131168	0.171254205816963
0.0303126314513235	-0.00135928186587119
0.46908987554974	0.204190197491885
0.046183753230747	0.0364475838825909
0.0622195906259795	-0.00139995626328558
0.480213790606962	0.199171008668209
0.569544581359898	0.198204120467924
0.0758877699598425	0.0268581771530718
0.471366580751537	0.20259025407588
0.372718351957706	0.0819762816099199
0.348708849419607	0.123503219690139
0.357594262552275	0.101908015656089
0.0578859230348824	-0.00237069075244496
0.354568286131707	0.0189428538601653
0.13831585890112	9.04069465712717e-06
0.132160550865094	0.0743483463082918
0.393475312774454	0.175070008060952
0.479805798410419	0.179045404725114
0.521955685151726	0.183961596952095
0.205613678951846	0.0851849888454149
0.488551397923076	0.196053022614465
0.111854476404753	0.0368587656753021
0.019265903377995	0.0148140624944545
0.0286633162066956	0.00038795708999994
0.520070279928509	0.196918059105919
0.392451097033137	0.166446182841292
0.0130104670741122	0.00585856150356955
0.209387686351372	0.0976380208642387
0.38929745956745	0.121936860442033
0.492264830455573	0.177910314165293
0.480024080099803	0.177496271264996
0.554764853792744	0.200597788841556
0.0253063597946541	0.013853291744433
0.290332428479917	0.0835286496389289
