-1.89316353228054	2.1679472704343
-2.02451923639767	2.27128033352458
-3.63384066922524	4.15010333816127
-1.92821729408323	2.23752106663795
-1.20468259806966	1.34415254817114
-3.79102956710978	4.32511960822067
-3.35529361420685	3.81892586325594
-1.6288271008184	1.91917084182269
-3.36482820684638	3.87774842420084
-1.68253985977804	1.9039060360155
-2.23978130312674	2.54998586703811
-2.1352249608952	2.37049867319021
-2.49722915591756	2.77584726913322
-2.60725298417937	2.93657810456181
-1.48873450532562	1.6832180261428
-1.93352905038821	2.18707021574523
-3.87330123654992	4.39100023234714
-2.47030373119417	2.77419763360508
-2.15521797574287	2.48999796451112
-2.19575078417293	2.53756294421279
-2.72932817697001	3.0218226696851
-2.79278477049105	3.0968619139469
-1.53435223309896	1.84047638742298
-2.83816324373777	3.22978388227879
-4.07400932753335	4.61699618992667
-3.73370751681532	4.25322403797171
-2.86709777510952	3.2094432391515
-3.25997702245005	3.7110981814647
-1.59299717437019	1.75599428639752
-0.738060719805291	0.803545961639621
-3.59005774146463	3.97351237447316
-2.5894079684995	2.93953669262553
-4.64013909673572	5.26273180967122
-2.64933698807431	2.97180737626283
-1.69704236743029	1.90778733469326
-2.91363262411472	3.22868232277521
-4.11158619650991	4.67058176523615
-0.149032845010565	0.178040306381758
-4.42577976039674	5.02788861104117
-1.3218900507838	1.5232040844084
-3.80674213449312	4.36166171770779
-1.17596935220601	1.29540185127006
-2.74003209820118	3.16677058081444
-0.211934503581118	0.247969464670155
-1.78702636654041	1.96412073661407
-4.13262047853106	4.71050802009245
-1.2014693758105	1.42350633054592
-0.852517603783241	1.00541928147862
-1.99837125616822	2.34742198958593
-3.00672583248071	3.44198150600563
-1.54622239858414	1.7233809514999
-3.53321157654144	4.04966732557668
-2.52328284950311	2.884897542646
-2.48874584287666	2.85186019811018
-3.04596275567371	3.52679653513344
-3.98143098460216	4.48595141822714
-2.56751160029837	2.82936993463925
-1.45722220762359	1.59389222624945
-0.239235957488561	0.27755426483996
-3.11537754087263	3.60351483694919
-1.65743852741445	1.80922688174369
-1.17776138675503	1.32046561905241
-1.70715322114344	1.9574210241372
-3.44864081278813	3.89648949602417
-1.58767006419763	1.78768663476839
-2.49669033821039	2.90168248957177
-1.12248554534641	1.23387753166155
-0.700568081477144	0.7931433186756
-1.53408811452925	1.75774953839118
-1.37073185381604	1.50420822753204
-4.32409361064127	4.9028577002477
-1.45186244437815	1.67616719124957
-1.50808919411999	1.71077791410279
-0.321838716932715	0.370971261380199
-2.52439209744947	2.87164917042219
-1.34358514712313	1.47998854952639
-3.36390706308398	3.85522855224761
-3.3268700491181	3.7664005916218
-0.966908607615233	1.14977793250702
-2.42415004753744	2.75261146788508
-2.79228325803679	3.15828058748893
-1.88381563297078	2.13059994970436
-4.13322000412113	4.71247963658687
-1.8162809918311	1.9912752621354
-2.22808784288839	2.58675054511524
-2.03007912927608	2.39555636796912
-0.621189381296786	0.717319122449239
-1.24591224336395	1.56740695134325
-1.33041870339188	1.48083556233512
-3.55263596740918	4.07813175785806
-2.35344123487859	2.78027262388159
-3.69040353310931	4.23266970031223
-0.268077529732254	0.312066189770437
-3.84984378832085	4.34419398304755
-0.228896794710323	0.277950218408645
-3.62334766587424	4.10872481290399
-2.580322946701	2.98309250506653
-2.31163942025217	2.73475469756965
-0.162628734171194	0.196309142607769
-3.98271489776528	4.51144841856
