0.639459600591948	-0.625129092621982
1.14653038270171	-0.974757116549945
2.00685159023756	-1.71412648653502
1.34477993363835	-1.25181131605664
2.15081605008287	-1.89503249559535
0.290802344076506	-0.303090768016348
2.22894162020109	-1.85370999144786
1.50179028917536	-1.32046366429501
0.121126027507971	-0.106565354345953
1.571164257698	-1.33375624911219
0.136688745332068	-0.136749574512739
1.38385360414194	-1.23507852922504
0.218304340819946	-0.234312267600615
0.233491023001299	-0.241735045815858
0.214837041452185	-0.236317581096255
0.478863002349827	-0.413879876370565
1.56108093978284	-1.3570748018641
1.85187062400775	-1.58905481709981
0.285082927263856	-0.282633019532831
0.0816520772933715	-0.0932478665858865
0.717728693774472	-0.676386259178852
0.939496958594986	-0.825723000437679
0.694744693015457	-0.697048106455209
0.928994270353092	-0.953380130749032
0.627156221345233	-0.606193869141692
2.15801923388873	-1.89342418034471
1.58575072245247	-1.30280193526956
1.20457585557334	-1.08640469077985
0.785161364926639	-0.755061411787485
1.63508953932724	-1.35987956251709
0.805208906839441	-0.668199665245718
0.128444418467804	-0.131327135454536
0.855062835760579	-0.777537061210749
0.561965461075237	-0.521789296690217
2.37619412410106	-2.04535651532867
2.07493022023274	-1.81930935373477
1.98705205427629	-1.61372613461729
0.353926246197367	-0.317811228918055
0.298585501176801	-0.263786466111764
2.14246107579899	-1.8682828613198
0.290911235371227	-0.239881929361652
2.2749789683158	-1.99090892388148
2.3177724292776	-2.0189471308719
1.86439133437114	-1.55188705782009
2.32741232641624	-2.0483080191748
1.90637062084616	-1.69971655434677
1.98838888405705	-1.63783210859809
1.85169652379354	-1.52135131052625
1.47030239163091	-1.32074113373744
0.868387171601704	-0.760886002309886
1.84850626968378	-1.51876766488718
2.21180241872169	-1.88219254694033
0.987659425383453	-0.754370585614934
0.785760333806902	-0.709727325674696
2.04073939185696	-1.76782875683151
1.51311827906934	-1.3361004719104
1.48501908472898	-1.33269023884186
1.05332869016089	-0.890222729866817
0.385580208182328	-0.35660281798567
0.862733177488907	-0.746950835102363
0.0814913952520268	-0.0847619728276196
1.11727067330294	-1.04801914100717
2.33723891709962	-2.00547092481984
1.67215891413932	-1.44622966273163
1.69182540836751	-1.40129681252104
1.23445951389375	-1.17014161050434
1.45139262475112	-1.25205607885833
1.61979817125785	-1.41317501029176
1.64458785112945	-1.36444945227528
0.153918434956428	-0.174500230974908
0.732808753707787	-0.711739240697463
0.315837656187787	-0.368207230878222
0.300101884062651	-0.330698591561238
0.600449640644281	-0.653566680759833
1.47682656328745	-1.30231768183683
1.8992535234828	-1.52891362843374
0.37418383663364	-0.401769388873884
0.325576881344094	-0.285230504993886
0.500092136261391	-0.459215053575425
0.0928145933533203	-0.0872953074726781
1.24852254207671	-1.04698911453033
0.59707333367888	-0.547586650444898
2.10418493797975	-1.86656698397628
0.814198422233314	-0.693382192766432
1.94793753367399	-1.64734577714283
0.537120368560629	-0.464265688801399
0.474208685242204	-0.430523817401323
0.488387052122561	-0.408900034401399
0.427993917478321	-0.473554758384255
2.15342916591016	-1.87021617385779
2.18598077764986	-1.87351888725745
1.52366994703906	-1.28236633091185
2.01890837558052	-1.72395476572344
1.36592643301697	-1.14001014233663
1.69873457825655	-1.4089344908178
2.07212597681768	-1.84541393539307
0.925005317580968	-0.849477234997356
2.12784713135053	-1.89698149280033
1.90043325363783	-1.57626450524559
2.06779380622086	-1.77588779539652
