-2.04682887716663	2.00386268445797
-10.5685099794129	10.7298001652166
-14.8607795745237	15.0547181248149
-13.8100527928167	13.949830929375
-4.88069145707927	4.86190601811493
-15.5566652421805	15.6697789096291
-17.373270364972	17.5413739030534
-12.9443724028446	13.2481916535928
-10.0639564398814	10.0973351594974
-5.79350665474343	5.89798040255932
-2.90806792695293	2.87952717863126
-2.0588249318863	2.02915767806784
-15.7183202366127	15.8665345310171
-17.7963107014636	17.9279268104827
-2.66257527746694	2.64849135141552
-3.99257003921173	3.92992610611883
-17.7172005806678	17.8449689692899
-1.945948948924	1.92748389279312
-17.4897577759176	17.608563041373
-2.59828337152646	2.5273975892008
-17.2043226544049	17.3497985309769
-2.29942705700448	2.33128982663117
-1.0334578464096	1.01537409029928
-17.2242203687709	17.3879150770692
-17.8659043916686	17.9969239924292
-17.7048377103618	17.8277286670222
-2.24759498965644	2.22575011983771
-16.8238760849796	16.975463823592
-14.5906699685338	14.8003342155243
-3.82764587977259	3.85275677323948
-17.8493574291742	17.976045463575
-1.21397278109809	1.22801115721211
-17.5982577280638	17.7188659794185
-17.3745378075473	17.5036396990537
-0.673368408020851	0.676999990574643
-15.9695142326923	16.1023454639342
-16.7945268993684	16.9480451844676
-11.8954092428096	11.9640168783715
-13.2259212476042	13.3556113361317
-17.5350674835165	17.6690203432928
-3.81801808455229	3.85166168519884
-0.203617764380595	0.197924957432639
-3.86554180246484	3.85464168799351
-14.6862094438227	14.8345731641195
-17.6615660916384	17.795301219928
-16.45425281459	16.5802645809375
-14.1621774505415	14.2806179907296
-16.4334573743089	16.5413506549905
-17.7086236927945	17.8215197121961
-15.0141208453602	15.1437850473138
-14.8959666286849	14.9660872208299
-1.81213728569405	1.80049549913809
-14.0824862675066	14.236480643996
-16.258344266552	16.4048204613433
-8.92301944825262	9.04109280561777
-16.8596564345429	17.0081119841537
-0.836534279181936	0.824898825929819
-13.869403606239	13.987435299606
-16.3476850677833	16.5186858526349
-2.85925771654518	2.8474601191857
-16.9451747188806	17.0913499945552
-11.6226336165543	11.7289951975104
-14.6533969227126	14.8402319232798
-14.561533508065	14.6668242861879
-0.7575360633513	0.768725839449983
-17.748951959022	17.875155426433
-14.0215233290512	14.1415750361467
-0.429606669149938	0.424940858340365
-17.1452588211619	17.2945944737405
-16.045786372285	16.1786259935077
-2.3924092055682	2.35200365551402
-16.7232123519665	16.874750427279
-11.670851479967	11.7812086884711
-15.7679863467583	15.8783170770789
-17.5905460774241	17.7286806705402
-17.0057129702285	17.1295680148113
-2.35440476225093	2.33338074820813
-1.54619407070051	1.54921747812291
-0.533314397385931	0.53206812631042
-17.6678508414133	17.7921493110274
-16.4661878745479	16.5967081433268
-14.0468158324371	14.1079017709968
-17.5014010328215	17.606634614302
-4.03002678830164	4.07055960575321
-6.20548684958975	6.25279677862514
-17.3244819901336	17.4703735524389
-16.5408776112016	16.6893452537587
-3.0531955427942	3.05443932138751
-17.3371288521527	17.4700494432873
-1.5868333728691	1.58017330795235
-3.06747395186553	3.05215999576791
-17.6989967871826	17.8281111477598
-0.498665142748181	0.497546146852569
-2.19943261068201	2.20777071151937
-0.745593592620056	0.747139879622128
-9.44757318523098	9.50722325644358
-17.5145282163976	17.6445614315295
-1.11922293430169	1.11080974802615
-16.3729812029772	16.5359356210378
-16.5405558581976	16.7001801157391
