3.19517874378947	-3.00347758513761
0.913743765603731	-0.891859494161505
0.642283616598358	-0.622913059218074
1.13442870286521	-1.20167039157238
1.97215159013813	-1.90029653674309
4.13573357716907	-3.97172881743084
2.68856019119449	-2.60382678312872
0.976529450233805	-1.00067067191025
3.0038718601774	-2.84969194991757
1.7040159876945	-1.66711469204979
3.47365903271693	-3.35160221338092
4.77249751067726	-4.55542345782579
2.77266187980212	-2.67011048236384
2.04606523610654	-2.03993768243952
3.51768237960496	-3.33294906551807
5.59831096389987	-5.3791830612467
0.627343433047667	-0.586876670339751
4.4827140952974	-4.2646624360065
3.60247682020979	-3.51372868288263
4.68123097923216	-4.35239640765963
1.51362554403513	-1.57631501655498
3.57672202370924	-3.44383046989713
2.27290427629414	-2.25856778231821
3.54751203454135	-3.43669366518838
2.0377670780469	-1.90353971819523
1.27169951618059	-1.24128054237637
3.55425849276177	-3.50685368138253
1.74414180966383	-1.63842499187209
2.27397259798781	-2.14543419090734
4.61073655626721	-4.46857513297892
2.95028187653925	-2.87312465313498
5.18883006041693	-4.90928654616729
3.97228147812068	-3.89212241075832
4.62875038157546	-4.45919644264215
5.17197174299575	-4.92497218745417
2.12475592351241	-2.06984099489323
4.60439740137006	-4.4530035415751
4.823375637676	-4.53994497752141
3.09971563040399	-2.93236802594146
3.76519674191694	-3.60839512126425
2.27615605579695	-2.23367518680018
4.52643841752716	-4.3355480557786
3.56354424382934	-3.37680291601359
4.17906605229332	-3.91072152479194
3.40969213915246	-3.20920825876465
1.81438597004064	-1.90767037408678
2.805051773574	-2.67940350765569
1.03818321708534	-1.09694412998513
4.15405738799585	-3.919028217598
2.61935309443107	-2.56568338780593
5.36149284368862	-5.11825651689928
2.21492160355637	-2.09106925353887
0.820362074747545	-0.783742796986621
4.06190175633091	-4.02795461003513
2.29038566581336	-2.16708083256294
2.85222566017154	-2.87079083209749
1.92227363433306	-1.79433847939844
0.124239758164507	-0.128111643187271
2.91446895606326	-2.8539299862947
1.9779612222471	-1.96488856551704
2.15950588018422	-2.05943643677672
3.13112551320473	-2.90835425739629
4.55999690818477	-4.31218461593406
4.3032428116018	-4.13301664543245
1.17627490833845	-1.09003115071459
4.84809308891699	-4.66211974022771
2.39998193029951	-2.24915403477985
3.89521241979262	-3.73036988259879
3.41523029423753	-3.31279211955771
2.74336174288941	-2.69268605920531
3.12154314332454	-3.07651562914896
3.36340375887342	-3.32804342659866
4.41302383141515	-4.22298683513142
0.660784544075593	-0.636224696961602
2.56359364634902	-2.52700908113398
5.02838795534462	-4.85559352260382
0.524479760359345	-0.486395502621636
2.03274619088011	-1.86257350430707
1.48266226356543	-1.32707322141122
5.52767565963254	-5.31114546140596
1.51975525833683	-1.44885713530944
2.45382021040713	-2.24732269988345
1.0498015487975	-1.08213765888113
2.61781292309107	-2.56778566288251
4.95553429330563	-4.68305956722143
5.54705669282575	-5.32556899763762
1.93989396967985	-1.89684887505625
1.83330741816657	-1.70123663642995
4.21331086062216	-4.13900957587443
1.89470376967808	-2.01364370656884
5.27446047744523	-4.9749083138855
4.76112507014072	-4.53525724536075
4.95198987775503	-4.74754326591664
4.75151535809037	-4.52551531349625
2.40623357605015	-2.22217888638267
4.16065294553887	-3.8850134006225
5.45698790800663	-5.22314672119214
0.869220382984333	-0.850110668670089
4.69260896180173	-4.44895825243096
5.15082159328777	-4.8905328967728
