0.106217024866829	0.00488565260693345
0.546415304713708	0.0486317789744032
0.552987877777509	0.0381933097992908
0.0662444483449499	0.0383997933461208
0.294339109498582	0.0947406175752534
0.225868805922958	-0.109587061987349
0.428620155474415	-0.0540579962346114
0.428631395134888	0.130107797430755
0.562448528250004	0.127856744004997
0.411732751977574	-0.0255923317225766
0.00075332855831057	2.3025926963661e-05
0.450470960814376	0.0809276267838165
0.559341269935501	0.113943144293024
0.495773481643284	0.171991255883746
0.558444788913552	0.164057131405739
0.0588152130198471	-0.0118481413982102
0.548158282106223	0.151267753285591
0.0386365370046928	0.00761689002569689
0.56325332079898	0.154896649117127
0.38696317473898	0.117554956547106
0.552182587918395	0.156164331639272
0.0412950583816881	-0.0177883833608023
0.0883577635739069	0.0940859271574049
0.307273031161128	0.0368569077836181
0.0316827417862875	-0.0049620501139123
0.552083702480229	0.180352565281898
0.477206883503979	0.148759717276205
0.0453124669386802	0.0172470993706575
0.364222371309686	0.110011399477855
0.535615875506897	0.00847787783085512
0.529271825962256	0.106182795230128
0.033433823060612	0.00235818837483823
0.1663318274789	0.0638747225571626
0.235496495177797	0.131982291375713
0.231232089253519	-0.0303586197037287
0.478502723253998	0.106012984635385
0.0234823579125837	0.0223854006160103
0.403487099637204	0.0607650540945062
0.50361418324317	0.118996331488109
0.566041975159663	0.0541993504267272
0.161867436216746	0.139511482324419
0.555115291638652	0.115786464745246
0.560039840630433	0.105607901962509
0.152343606156956	0.0734213072525945
0.503609424902321	0.0535727819679971
0.516684604811516	0.115905167590618
0.00646822427430299	0.00673978020103046
0.470932812610563	0.109071803469888
0.418004831927414	0.142979552997638
0.458916061909382	0.00037751526845919
0.472154636831338	0.15043268085681
0.311431795380856	0.0512322710281541
0.570999924010112	0.104660854329234
0.533979309636657	0.00125227947530229
0.556203939438191	0.0156520391465429
0.461506188083852	0.177289886059611
0.510872037356148	0.0682457247348717
0.10883478564094	0.0913242755268444
0.372263097010491	0.131393045046253
0.471104737643405	0.127853424827724
0.030792406071174	0.0309906628636106
0.236917558831334	0.102559874162724
0.395191962393669	0.0808549524772304
0.0390149189639597	-0.00135754205206945
0.516012026071577	0.048251570913248
0.48860088726366	0.0964476974454634
0.496856514510961	0.0800960548178523
0.011149817872721	0.0241921565133552
0.53625553460038	0.0676525067059729
0.0810816040361087	0.0198402402151241
0.0160549205267711	0.00874674302507066
0.558160956520348	0.0947415642389135
0.567733807370157	0.127187821999464
0.064093805445532	0.0167286823546026
0.534270836647239	0.074742289214958
0.258304950123436	0.0389484275602235
0.33484854041354	0.112810253791879
0.3302744035873	0.0964259865511389
0.00934727009801709	0.0141206415578283
0.152629272309421	0.0541261288996566
0.0290739409991518	0.0189870780068299
0.201831579433707	-0.0533356218135282
0.453301517421162	0.196531053935251
0.497233146431541	0.118588625335323
0.511760594951396	0.152557445306708
0.248156113878013	0.0493427193956123
0.515111813707979	0.152215795421685
0.10217450278418	0.111201145412514
0.0341646394106993	-0.00956884235182587
0.0151936803803319	0.0330403163298607
0.578117568729993	0.121165407333831
0.488349510616482	-0.0915046820890867
0.0150332745761122	-0.00081180482035583
0.262663493758746	0.0064956597300271
0.375068725957912	0.114357122299703
0.461749961111192	0.125784531720109
0.512291653689815	0.0922762178928174
0.553364812843359	0.196765263643259
0.0209597826310173	-0.00161005860140154
0.246548545883303	0.0434804703134378
