0.31343838801559	0.160110507508977
0.0958443509456804	0.0643785978055569
0.077696912216342	0.0410493263110692
0.0382758176824508	0.0298452531360993
0.217657044046096	0.108531304879203
0.449622207127159	0.211092676069175
0.355183741572045	0.135866934702661
0.0383380943843618	0.0349235286094147
0.243535994126345	0.147523349838097
0.0991723043063331	0.0764610500497525
0.396240939270231	0.181376804340487
0.331758036148853	0.248227390382163
0.259688661235833	0.131715352451308
0.107343739795645	0.058878796864642
0.403631105365458	0.200553290057797
0.626816011012256	0.265668211898875
0.0581538999640018	0.0515518601515437
0.429592778655134	0.234979966298685
0.297003516655233	0.157201648831216
0.629557469508038	0.253800556204271
0.109824706815088	0.0447106801699352
0.380445733565061	0.148696246026771
0.230513958309455	0.0763158681999423
0.405265059619087	0.179451435729097
0.306291275193791	0.129517138797728
0.128423614425652	0.0921052977255112
0.354791401703094	0.158201441113386
0.196233508144624	0.119518748400083
0.292554876055219	0.139095542157454
0.542337361519085	0.223891574453433
0.370370966853621	0.127852062058809
0.574536765607858	0.278657504721945
0.378429541055292	0.172205877878835
0.427937230931602	0.232920893346439
0.59643687219772	0.282450927007882
0.17945962904813	0.130374840581873
0.472328591438692	0.198798771373801
0.452077816036227	0.262590090764555
0.361024150456889	0.146239724830647
0.317237509532716	0.154650063612176
0.273797637693111	0.105329724349412
0.479519486737577	0.219840812036358
0.395927420758964	0.173543217133541
0.45256028176234	0.22034705081167
0.427978993526199	0.219202796033789
0.120103915308538	0.0963590707214936
0.342904964680309	0.145229917113985
0.0813039450570953	0.0322307657342453
0.444919137677476	0.268313140530992
0.2702465847123	0.149178739671823
0.637980760052421	0.240410926855945
0.148449614360183	0.124987566086112
0.141292235044586	0.0743393608247604
0.418788244752096	0.130287447856953
0.242847637643748	0.147801928716899
0.241524586181793	0.133868713056613
0.184244603242007	0.140033287411406
0.0520154045838266	0.00790850744951696
0.303536766211377	0.0872997775851445
0.110732577915729	0.034499711211894
0.261919778578672	0.15600738138455
0.430816820053568	0.186460952128772
0.542065184880598	0.232263829521286
0.540296023315476	0.224517222252215
0.0845878361047192	0.0662550256572676
0.411301725104646	0.246195100060345
0.286162846624289	0.126267987542555
0.467499359976383	0.205996768884359
0.408094508583525	0.158176289678185
0.336000044399312	0.146278881058627
0.296384912313951	0.1259331374017
0.356070484788928	0.11573109755109
0.475233270157997	0.200542503782771
0.0737571175843382	0.0172616865357471
0.230963347899309	0.0798865903198819
0.531853717874659	0.239558348358275
0.0355539254596405	0.0300068488880202
0.228568813673626	0.117540080785978
0.173378819603517	0.105135003764155
0.45598020637926	0.262669059476844
0.135268405122077	0.0737608637742589
0.32472606377717	0.126824703818174
0.0669431358537149	0.0277876388173815
0.236461837068244	0.0954424844318278
0.578597974717527	0.262850508725736
0.558075262057846	0.275242018430176
0.15976984120669	0.129265759937104
0.308730757520712	0.0886636715256071
0.439295154260663	0.187416207356609
0.06418265825436	0.0340622775901669
0.598346224750464	0.269759868775228
0.444853773418985	0.266697056060424
0.568371339297121	0.249569033601443
0.588145626491978	0.282181562750264
0.38152948839773	0.104121873435712
0.575757101517863	0.269185047255007
0.400648076990144	0.257110676747352
0.110198679211691	0.0556718858546996
0.530083914640765	0.268937176071872
0.510423974269734	0.269356349789148
