0.0197347256081957	-0.0166429995517885
0.0173519324133468	-0.0179480601198437
1.77873058972396	-1.20665711148329
0.0841462619905023	-0.0536111419263954
0.080369375764766	-0.0226491316683553
1.46390306061566	-1.01220903564134
1.04121263108993	-0.614962656446994
0.963704322459865	-0.688005501944564
0.0623509405054697	-0.0561785290388138
1.74209194187702	-1.22973575035419
1.65521076251282	-1.12192614715556
0.0207275517706766	0.0368709591933797
1.71651993646343	-1.23972526816648
1.59654925202188	-1.1807868937417
1.78220367998768	-1.25787342017119
1.53708310351825	-1.13292207767028
1.41280095044583	-0.985485093568877
1.74092731345921	-1.17388446387732
1.71214273859034	-1.28470087409645
1.15761085665732	-0.734687651488808
1.41182035346663	-0.965048303817177
1.7474966786826	-1.27538069910484
1.64590840893074	-1.43599986601114
0.151046150440732	-0.106087506199751
0.053749862173158	-0.0265401508153147
0.434620315287963	-0.309339922557969
1.72163258884727	-1.17316917466674
1.03577801212474	-0.719556470318577
0.472056098424155	-0.346525654046416
1.72388189138595	-1.39069272714836
0.317134381438626	-0.274708555914419
1.77116861317882	-1.20008896866386
0.558366715462045	-0.373403511803258
1.560948339735	-1.02693540981335
1.78714269221596	-1.22368182425925
1.76915496500528	-1.18466673130389
0.942201095590288	-0.594179879657954
1.45122304182662	-0.979831092167671
1.0548416881514	-0.602023418115491
0.102927552734208	-0.0621689158998428
0.0686984026045151	-0.0478205552160594
1.74156430578536	-1.23475810779735
0.0754946695048939	0.0141890789528944
0.532790683403461	-0.398344886394189
0.175823700690084	-0.0394043081095772
0.941201830507005	-0.618424996274202
0.604654046130717	-0.401480456268592
0.0754847168929561	-0.0580892925408179
1.46420334000575	-0.957635687764648
1.71244697953393	-1.28798997750175
0.585696831060718	-0.196271129156281
0.155689127113021	0.0368007251141133
1.76394270711871	-1.34396167181523
1.78636017341122	-1.34535853441581
1.23607787616206	-0.829524823168834
0.0084587701403343	0.00142592861216573
1.63934682675263	-1.08578058206224
1.65692853852059	-1.1088835821105
1.43312496437594	-0.986389654145883
1.69218619180525	-1.17283138242158
1.58924405950093	-1.04714193427401
1.24067659209827	-0.789131734935074
0.0456550951176972	-0.0336309820847933
0.66691999432782	-0.408472260611079
1.60842140281712	-1.3296517305544
1.81269550704686	-1.262342412194
1.6777476900679	-1.14560088350066
1.66597599376358	-1.16942618573047
1.64594018089542	-1.08534021328367
0.993974152842556	-0.724871446649197
1.78894703772344	-1.2108616856768
0.0100748702635771	-0.00793952953480954
1.27925311975704	-0.873500831307615
1.35381843266087	-0.950034230569717
1.30491941602639	-0.934585469692077
0.166140571003472	-0.157307715573142
1.73837303242982	-1.30246331169318
0.188776573352172	-0.159982075294485
1.14077139107726	-0.758365856162686
0.904304524664729	-0.614871103768926
0.289216707277223	-0.120835481790792
1.36256264130613	-0.888809973179582
1.77770527544792	-1.20883628248399
0.461795040847239	-0.268348896533618
0.861360477644884	-0.594168907167884
0.537310310359055	-0.363620205614015
0.665598900420494	-0.445524300921284
0.744697483405917	-0.535138887748459
1.52942841498922	-1.03787806373206
0.473009837653732	-0.369408009338781
0.265844226442516	-0.170223383574181
0.868957267287633	-0.571105364955948
1.77198256506845	-1.17941530383416
0.923790153619005	-0.588022370670081
0.826487100158385	-0.584800899473809
1.74571099712693	-1.17859107423902
0.163643462757665	-0.0843877946118153
0.601590843949109	-0.38157298928947
0.412821188212595	-0.340002674947871
0.742662837487542	-0.522159959534037
