0.0569501256165369	0.278991870945024
-0.0130126589921344	0.0693405105842516
0.0408245147261337	0.603940743821936
0.0325451574293652	0.27996438718043
-0.00960979092304555	0.259011037024242
0.02795245852533	0.308788863287088
0.0156201849009125	0.115754473765301
-0.0277791525068094	0.314161442818748
0.0199432401847584	0.33481926595876
0.0282317616145169	0.485666330258187
0.0501561810339822	0.409036785846735
0.0298131688368873	0.401201282990506
0.0636141484413428	0.233904891242494
0.0562108834314463	0.189637620618205
0.0241739954189179	0.312508147971777
-0.00537620851470909	0.148554421845813
0.0337766218257965	0.481624818513473
0.0284732258956887	0.254279004888098
0.0939252729954384	0.349414734146527
-0.0252998383073526	0.334916617673852
0.0419622732941899	0.512394417598816
0.0982872423813248	0.375349763323781
0.121057260753391	0.268780131521967
0.0593025857461323	0.337013490609824
0.0245738675206196	0.327506382624595
0.0158609236350815	0.326765178270759
-0.00276308412199728	0.404876051279071
0.0430386354885159	0.535669987690061
0.129738113088854	0.233872865056254
-0.00396127638595096	0.418588997103707
0.0077520541374082	0.211111701734527
-0.0294881178385257	0.19620769058691
-0.0258972430495574	0.324020708827403
-0.0495059565694628	0.317666877848656
-0.00304924655998769	0.0206042606207895
0.0306721904911134	0.149982550362851
-0.00748760617190519	0.257783822257007
-0.0316980845048683	0.20120165612544
0.0528245157630797	0.46227794896147
0.0360084117882748	0.36706341986156
0.0492983235757407	0.57292235757341
0.0759932932227688	0.468448006481518
0.0372764301044511	0.170554995996726
-0.000745480906644305	0.0756250603617824
0.0302322906798015	0.282882472034735
0.0430085983781501	0.428802124904931
0.065220046655997	0.515521033324639
0.000473142712447748	0.0613933932138781
0.039019249532921	0.168462549230207
0.00126503912292179	0.422816657116656
0.0389313036754581	0.443958606681513
0.00468912884701612	0.477578566662819
0.129654847341961	0.200304004523426
0.0720296226310854	0.462265045971585
-0.0567253027758037	0.345648729237383
0.0597053654790716	0.403950827761967
0.103014045080329	0.28278386559603
0.0386392055578268	0.505993816167163
-0.00548873179904254	0.418061329438551
0.0150266777830898	0.121860252038156
0.0006372910467411	0.0699030544707144
0.00704183981656075	0.22621453291104
0.043882878156112	0.569169778994792
0.0148328990382099	0.0556330879167183
0.0634278521156721	0.50432721295155
0.0230723525708028	0.471051448462303
0.0402927273632879	0.563270009539915
0.0471864652671904	0.45036771559497
0.0875693021761824	0.423898372631359
0.0373969374069301	0.603249717863932
0.00043737133975609	0.0503946675026472
-0.000970975514994393	0.169464353099251
0.0857679359266265	0.434046445283543
0.0646166078713794	0.514677413742864
-0.0298463953820891	0.259913640381749
0.0493780831038449	0.560792289044863
0.042164974890104	0.553877572474645
0.00114624803201917	0.0214911850762589
0.0729630116569529	0.476183216674078
-0.00286721673017162	0.291885713770418
0.0616488392822637	0.493595463334451
-0.0116697627631779	0.0544664189256921
0.0645176162557249	0.268535950890836
0.0457015043168428	0.579953341676892
-0.00970213603729355	0.0558895006708945
-0.00188522725721738	0.192970531629271
0.01188715823107	0.31779000551408
0.0180754033670135	0.347680255802221
-0.0179333861437069	0.461313907038625
-0.0334302948657724	0.200077643775773
0.111292990917078	0.214370388911937
0.0881150090698043	0.427106846333235
-0.0120287256610591	0.0947064278194654
-0.0191498657791732	0.106793590528894
-0.0335375864681997	0.15115736049799
0.0804081425651223	0.446458524284453
0.0576244305792882	0.533928811924356
-0.0175380000240469	0.167130717273895
0.0412160217823408	0.536348145206563
0.0200436973272741	0.200047544664233
