-3.24760548992769	3.57777788696065
-0.262099292641161	0.301541380186093
-2.00106256864185	2.18385552783106
-2.22481962891802	2.54307718581811
-1.25410181928838	1.41457663505287
-1.85925121325925	2.10669285259525
-2.22719235580166	2.46379746266223
-0.622542447517857	0.685427971680357
-2.19557975355806	2.54967931136985
-0.765770337957928	0.886817634991038
-2.93465510052238	3.16758511198739
-2.23052213207667	2.51043107540424
-2.17116500944686	2.41531576707955
-1.46092522604115	1.62085383384021
-3.02302768966882	3.31507429995604
-0.645731750937964	0.729155792678422
-1.59675749944463	1.79073580162514
-2.14633507638711	2.37828085347451
-1.30843491862816	1.3917415264051
-3.20109094041355	3.54308847249358
-0.527198467677451	0.664178676403345
-0.339261220033575	0.369637806012551
-2.89207922709915	3.2383440899371
-1.82339315032298	2.03836713136307
-0.409358573502196	0.443142415158368
-0.337614473727108	0.343549974534484
-0.592445797362771	0.624431717451962
-2.97645077134631	3.27404796345586
-2.51794186801228	2.76423176129897
-2.56414961056027	2.8715653537112
-2.65588141363241	2.85482499941514
-2.85910407241539	3.15628175216746
-0.661816319047708	0.674544195374883
-2.84467435025084	3.16023903721
-2.40040512792593	2.65290493007833
-1.31905574868401	1.50236943406969
-2.43580083977885	2.66240720357579
-2.30643972970173	2.55371727120686
-2.15340815002348	2.42843597137259
-1.29732170047729	1.4180102040295
-0.399381899107689	0.43062655223808
-0.829394510172657	0.94723461538933
-1.53213328524792	1.63500636259934
-3.1971809013516	3.54309347915758
-3.24181674357692	3.55305480787818
-0.0998639467584393	0.103086928781416
-0.78452695403096	0.844110076050256
-2.21430999793857	2.43420407840211
-1.72405592435931	1.95017548918504
-2.33405367290102	2.56724558404672
-1.11387464043162	1.21928313264014
-2.54071845347718	2.86436991960938
-0.469447757458352	0.512197481646455
-2.08560373553252	2.39860503679438
-2.52873432748258	2.81851473046009
-0.43639702390052	0.477523695708093
-1.89703561217961	2.10752841557015
-2.41948669513935	2.72166959537416
-2.95185067131485	3.27884082187353
-2.73361405462091	3.01690413292443
-2.49551240290038	2.79837447347009
-3.06538610401458	3.42584431900212
-1.83370404167525	2.02203873097971
-1.19434380006239	1.32000449419762
-1.37170703849872	1.49614529420981
-2.49985165282718	2.76225225353992
-1.5252446018496	1.66714615666036
-1.04483124863502	1.1512625320867
-3.10089792361692	3.46694755428576
-0.86522324747695	0.940384133737648
-0.946913976417683	1.00526839525056
-0.81809652541895	0.861307173674535
-0.780484674358741	0.799695767445279
-1.99024135207236	2.1653588268522
-2.27431797306555	2.39807017185463
-0.980844869243275	1.04251795336622
-0.688984630103273	0.748693463353362
-2.59624463692338	2.73464538327441
-1.45044967987981	1.6650021773258
-1.99632465374933	2.0107475055983
-1.61407302913949	1.75959602258077
-1.97158789341108	2.07994860489802
-2.38915687888492	2.66905418863633
-0.686991036171742	0.753990008452033
-1.13507343697205	1.27416384394768
-1.89284346334351	2.19742421407187
-1.14118917709242	1.23210652375289
-2.27376714471888	2.55184311183036
-1.24270601418465	1.52316884950698
-2.22148947579264	2.52625395924192
-2.01878841419436	2.21934912173792
-2.22025200390273	2.40912294812128
-2.23341942182741	2.51326384011003
-2.87151199031776	3.15016107441034
-2.95387979025404	3.26571318319208
-3.05756187096119	3.36762722154928
-1.56508834659322	1.7144728123118
-2.62394414031368	2.92875629979336
-2.50368594268234	2.77962659970039
-2.96057411838279	3.3261045752668
