0.0344766470082237	-0.0287965478301944
0.00771360065360419	-0.00564862903230184
4.31905654876888	-3.82758326416301
0.294762700897135	-0.297269505733553
0.357551327804837	-0.357126881059254
3.5620678629725	-3.00162875577037
2.56754807663208	-2.2238926079717
1.9308279302269	-1.58898253357969
0.104469500201562	-0.0987176126286877
3.8712810685164	-3.33234551433926
4.01502766949859	-3.49408084239066
0.232266035387493	-0.23421424149348
4.32288284929279	-3.85971414507434
3.54611533633502	-2.94506018445562
4.13856845770589	-3.58017494036335
3.80494318552922	-3.20812025865187
2.75929416465332	-2.23778364240729
4.10736361785934	-3.5791625639229
4.22930581474606	-3.73506902239837
2.20856380504501	-1.76778053740797
3.23122407889551	-2.7250981569855
3.5144874488783	-2.9708520655016
3.74633654687473	-3.12660510487287
1.15552793659766	-1.17730362144375
0.249023549729672	-0.24588738074581
0.719761935206243	-0.575098001260115
3.78435447130906	-3.24175603507728
2.45826096677089	-2.15028046652447
1.40949206883958	-1.27278987367064
2.69599421317524	-2.15512731351448
0.325406867438877	-0.214513594995309
3.95344285170109	-3.33122469391677
1.53162935910635	-1.43409724903306
4.04513047634061	-3.47873052732549
4.28470986709616	-3.72421008466426
4.18835004132817	-3.66976641936647
2.79744619467523	-2.54881610490849
3.54048952838155	-3.10127024740233
2.89455275599149	-2.52748314112163
0.313487911916312	-0.279915199294082
0.229645496512426	-0.215647270727236
3.89393438656284	-3.3956477645415
0.192095359316905	-0.17954405963628
1.09535738378914	-0.90368481131556
0.923451077802696	-0.887582498321278
2.44151488971716	-2.18632844663495
1.63696883392037	-1.44407858340146
0.169840736027089	-0.170681343459068
3.84799202075054	-3.37171279695353
3.48530164318507	-2.92395004120395
2.6827882318494	-2.56234646439322
0.808102884777479	-0.794425011549984
2.6279842545947	-2.04907361333999
2.99097526677526	-2.38623527237284
2.90385123613721	-2.54617876123528
0.106082533955849	-0.108833861753677
4.09055562124105	-3.5156270703126
4.27062779864602	-3.78848716184263
2.84440845330478	-2.41360439963227
3.94486978618385	-3.4256798948268
3.61169666663933	-3.08306698098923
2.97292212265541	-2.60934463949841
0.128981225677984	-0.114858048585284
1.49898810545437	-1.29030728351638
3.61982159243336	-2.98519714287556
4.30988550966644	-3.76602359922827
4.09920279537107	-3.57114921808121
4.14257194086848	-3.59775285944934
3.33892358361834	-2.74419398303116
2.99097448724113	-2.72308288523344
4.30892486104598	-3.74355585062637
0.0202601979279576	-0.0191840710502892
2.53408157928595	-2.08189059351001
2.60001358933172	-2.16727112924129
3.02248270977456	-2.61248648110468
0.257131024351573	-0.199516765465511
3.63955984264216	-3.11597299026698
0.219891775212678	-0.189878695866738
2.65768968826159	-2.22604947770076
1.99649859294336	-1.72644407672909
1.03688686867608	-0.991605667595908
3.55514837488003	-3.17710611678847
4.27648964900562	-3.74707373071609
1.21664270769749	-1.08117018842455
1.36887443973569	-0.979013951019794
1.15122078283156	-0.95846150856153
1.38943144120849	-1.19078939207141
2.10578951198402	-1.83866652911808
3.5255204271895	-3.09117298394286
0.937129258437005	-0.755335760258279
0.690959375303576	-0.626856679227965
2.50111472090991	-2.33013613848491
4.2702696722228	-3.8032599736528
1.78674023167386	-1.42979025510423
2.00286679322069	-1.81872777865782
4.21228663792865	-3.7302105372563
0.629882120255765	-0.617664070680526
1.47705851415377	-1.23100715454384
1.25376274310897	-1.18729187632305
1.53188014579581	-1.27432812141362
