0.291287477081741	-0.297933578356425
0.0968242279076875	-0.103240417627305
1.96089259175029	-1.96501271239979
0.486002188349587	-0.497397550223663
2.2961502130688	-2.11341212040761
0.0398659544923671	-0.0406353884125694
2.59662292547607	-2.4287715024245
2.61222807436405	-2.4493647579406
0.0690429623961844	-0.065490787101377
2.56997719301017	-2.37766408899806
0.126425523453948	-0.129408805564111
2.21234742223311	-2.05977260139389
2.5335913497572	-2.3535509297411
2.41003818005711	-2.22894429453702
0.700724843296457	-0.78335036322232
2.58989930398195	-2.40792269675168
2.15295105617643	-2.04508472467431
2.61526974958704	-2.46884152076077
0.0736076188067343	-0.0657046321236937
2.31948213855757	-2.18799169555593
2.29519326297201	-2.12574648011073
0.260435376352487	-0.258368807262167
2.17607289739035	-2.04681888072753
2.60693242826501	-2.45319027785476
0.162479876444032	-0.162899079622679
0.0194403861855822	-0.0179662223005524
1.74660331165356	-1.60533999225201
2.5684435556173	-2.37666138662929
0.102655911562831	-0.101650289933183
0.349606981513717	-0.395596995158002
2.38920757723071	-2.21610518243804
2.37113575922836	-2.23123862014936
0.18441448304524	-0.169899924203053
2.578775792287	-2.4065449480477
2.43649641166018	-2.24504917000923
0.331073886007608	-0.351827630649546
0.164954947123067	-0.159391973328993
2.35909736832183	-2.19815323547611
2.57309213573394	-2.41634602628313
2.53945540056002	-2.32677157698998
2.14149779073341	-2.00129933273212
2.51728143855294	-2.31343745324396
2.25155803988072	-2.05516508823823
1.64717730210677	-1.5465197916099
2.58209224537014	-2.42284006097169
2.51964006058031	-2.3427976049154
2.54632674881722	-2.3845822698268
2.5822344887095	-2.41231247564759
2.53165639652326	-2.38348295609325
2.60674156998822	-2.45557912415503
0.317909734894883	-0.307299952541302
0.0699697145177598	-0.0656877246690028
2.60794185477308	-2.43498518572056
2.60829389914179	-2.47071545686942
0.389859578386195	-0.255816628522215
1.02768950209536	-1.14243689067317
1.10938814533622	-0.903697851163653
1.42553417276392	-1.46279885685949
1.46448428105992	-1.5620551140647
0.694597906764619	-0.734275507339594
0.417773840383631	-0.358417446385149
1.54536887754882	-1.46223499148781
1.36889862325042	-1.11308070773161
2.36539079924489	-2.30851857858416
1.33827674666233	-1.40627677934143
1.63232631653869	-1.79169330621908
0.269437961144941	-0.242833196891432
1.00611534626663	-0.81779073452431
2.60539552094751	-2.44904019774312
1.91245102224993	-1.74868461336327
0.0617280198204261	-0.0592680323733286
0.0967786423199716	-0.0834939920498184
0.0611753929360292	-0.0540988791973468
2.62067328214966	-2.47634676343609
2.57959835645265	-2.41244806563255
2.58879432218824	-2.41893695450545
0.778108434729797	-0.753432065855321
0.140616415588171	-0.127425339156327
2.20429636344636	-2.07457717339055
2.597000103706	-2.4398769881518
0.0281384066393045	-0.0258000586544144
0.245274795597668	-0.252353085953353
1.99176888594048	-1.76107328471432
0.185087586012845	-0.193680174941953
1.64513471491334	-1.47428691263789
2.45869031281608	-2.30558374315661
2.43702362721227	-2.29050679416292
2.37843519837349	-2.20968062172529
2.08663253487948	-1.9277375434808
0.0858647357985099	-0.104955897026572
0.399053574906854	-0.399757949463952
1.87863785921997	-1.72835419360083
2.30214012116313	-2.16527374257466
0.816304606953307	-0.761574174926482
2.61691474318452	-2.43953647680804
2.58524555478747	-2.41322166757591
0.21916920614448	-0.2267746083533
2.36612282612147	-2.18357624295177
2.31240876329219	-2.1834252339501
0.442165734255285	-0.424980969950452
