1.24250814898497	-1.14672400563822
2.10564181684419	-1.94821603731421
4.0287664104254	-3.66109051416853
2.59843588571499	-2.29115249643821
4.45683939179822	-3.97549372186303
0.318343033292712	-0.28719185127547
4.44455133462161	-3.98114664366901
3.17804163770659	-2.87697396188654
0.500325027967421	-0.465865465342395
2.75889713515445	-2.42635752500906
0.125078702293143	-0.117257874278476
2.57202919223677	-2.32406793539511
0.208369798953807	-0.191008303067389
0.501317684318194	-0.475343674422296
0.178172036244245	-0.175403433373619
1.2978824359667	-1.18063307579883
3.46123984477039	-3.16607282646259
4.09168819741663	-3.7012801572365
0.517302179513961	-0.469223281070836
0.233305370505068	-0.247889303560413
1.14056871532187	-1.07475242882259
1.59980935034031	-1.45780708815659
0.84032869436673	-0.798140180134111
1.16312849012202	-1.12131605040755
0.957690264365509	-0.88035296389723
4.44342533520347	-4.01445736246941
3.44444990715437	-3.13308956720409
2.39367798705436	-2.18228931026381
1.36719153440446	-1.22332923809833
3.33552546196853	-2.9682922022713
1.54014704680459	-1.38053910052501
0.139916426153335	-0.121258363933227
1.33019445408496	-1.16521280497093
0.923540105226747	-0.85258789179617
4.58044116732441	-4.05412853726668
4.40848680671019	-3.8869116791332
4.31346610550827	-3.7198468320881
0.702203567002686	-0.63141236018136
1.16870220954756	-1.0862927065844
3.79568881509331	-3.36216435972932
1.45494265607595	-1.39517003085202
3.96294074400312	-3.59536836955911
3.66926965630078	-3.20932309519673
3.30193933925389	-2.91912826883314
4.06226621916153	-3.59631509858644
4.36128993509918	-3.91040580530806
4.2149015583362	-3.7347631383493
4.36205792663527	-3.92525372294821
2.70740885480234	-2.41782472723327
1.31801599979332	-1.17645724896773
4.01988145697852	-3.60397253228716
4.52651431850058	-4.05625216976794
2.90951771523755	-2.61806936796307
1.56554445899137	-1.36673292995995
3.90398342128268	-3.50813456308586
2.42734741621215	-2.22912421942769
2.00338709116384	-1.79296482073128
2.11198197375201	-1.93059121568383
0.872125620852971	-0.821888583242346
1.80090038720208	-1.63682273230016
0.259671756070995	-0.263455021639589
2.01728098495031	-1.82111306653206
3.93416322949472	-3.38149388796496
2.81248518515093	-2.402658837365
2.99191528278361	-2.57737824124371
2.61649885882025	-2.40995587718662
2.90744309238661	-2.63870569623954
3.13395175355384	-2.80106400357192
3.38946198317951	-3.04227820702648
0.124120325627608	-0.10732044360704
1.12121354139743	-0.978575582953454
0.144006819818195	-0.126429896890361
0.265755379708906	-0.23213783297978
0.709640523187845	-0.682904265952928
2.28024797657777	-1.97149901499314
4.0698477939295	-3.65920813411957
0.835988460941136	-0.803136400466613
0.890101835773185	-0.827329288624954
1.53770381475495	-1.48776181957705
0.423664749563254	-0.419801278162649
2.99117040613952	-2.72593229352358
0.890599612113243	-0.820488892591652
4.20199704522075	-3.74801636162692
1.31204386595872	-1.20641041324091
3.90213537203136	-3.52160976867126
1.181184359876	-1.07639268317269
1.0386125142851	-0.923148133651217
1.04302804264316	-0.959306992527961
0.770524299407694	-0.715141955036626
4.00072112201251	-3.55954999667032
4.47592777932608	-3.99592968147819
3.30064401680634	-2.93828626703907
4.06914439113189	-3.65290555986119
2.47741258877481	-2.10485479999778
2.87692715687881	-2.50827031362023
4.15343224229913	-3.73172113900514
1.83743697704758	-1.64940824049556
4.49825493297802	-4.07308307244005
3.95038262575197	-3.53790877510881
4.06392998637032	-3.6155942935691
