-0.0269962236109494	0.105325686923536
0.0754271462492981	0.522373713434586
0.0468718348999595	0.532366696897703
0.00351591265058238	0.0573938169876737
0.180055588060115	0.250606001083886
-0.0835783871045184	0.279515836798107
0.0163778557609394	0.426682455044274
0.0620415298565269	0.408087911625811
0.13778195035969	0.509568078387633
0.051571625856725	0.405240187080957
0.000277533417623207	0.000768708655139527
0.137193692771809	0.416610702656678
0.186918312006356	0.502775315562363
0.217018002082845	0.442244477166884
0.194395291812461	0.494611127529784
-0.0171899655892828	0.0588721062418511
0.214651042496885	0.503903253503557
-0.00928713677291683	0.0331696160897894
0.195625771608352	0.514152652345749
0.1949831161218	0.340114395767798
0.220572330903289	0.499563220474231
0.00215001737456824	0.0300194992325841
0.138197789955641	0.0268653863042992
0.155684239451777	0.280220383322393
0.00582500683746104	0.0374577532919244
0.193810081601514	0.503292972629265
0.210503555589688	0.433051215221339
0.0363536886244648	0.0437761914218311
0.13722625707305	0.297550831198238
0.0930676910506889	0.516605340052531
0.167411723869294	0.491410725954174
-0.0128099635336138	0.0319463441664146
0.0999480185717839	0.115034663996501
0.147124219882115	0.186546892658183
0.0396492634178582	0.193504095190842
-0.0227273529401555	0.45594113631706
0.0578906405349822	0.00601448735156357
0.0594869801161452	0.378277293954633
0.17975717160038	0.463070893824685
0.057508580749333	0.534187212273246
0.192922056520116	0.0831173583121539
0.204444208373156	0.50868455659508
0.206506838496057	0.502778113193917
0.14272363228771	0.0861050124431528
0.10656064092609	0.487914246066079
0.184265527120891	0.469809132773564
0.12528512258121	-0.00987823721498121
0.132449610016906	0.432527016482053
0.242178381291968	0.374868878281628
-0.0315204556528519	0.476400341535808
0.171054572230403	0.421034231456665
-0.000702220864039674	0.288821766127854
0.153502632647105	0.512210892203722
0.048376105120609	0.527565598930439
0.164292213178772	0.521819795887068
0.163976136958478	0.429857326602587
0.0993237018417533	0.466068838912541
0.201161754497151	0.0463068085192478
0.209736214488273	0.324937718084308
0.211519560039536	0.413026910796131
0.194561561258284	-0.0166078732887366
0.0549495393963034	0.206275874000052
0.0260821032643041	0.330704696055244
-0.0101578076714724	0.0294050960522908
0.179573047002045	0.460807247650673
0.189335335351884	0.424013464078206
0.144669111245424	0.460930201248107
0.078514728164648	-0.00789985014678512
0.0121303546349697	0.531493505410596
0.0435466436354424	0.0765059989528356
0.0553047969939376	-0.00304138681425176
0.14240589159512	0.520662115761414
0.194745855691107	0.512642529521526
0.130695929517435	0.0367859100629129
0.103435987578272	0.525823510987213
0.215600184163461	0.206785493245038
-0.00490093351110196	0.345166629874202
0.242353943782872	0.239955952040306
0.0294179448487327	-0.000739121165549119
0.296757995744547	0.0619517772890736
0.0525859234764386	0.0174176475755543
-0.1364494642402	0.268376995738663
0.147675673989317	0.413200416771902
0.198170676421764	0.45782585823807
0.181139422624419	0.459141213148517
0.00743019578760439	0.225906561006732
0.0278878761714471	0.523544674177709
0.0231070950863271	0.115891700721365
-0.019674246872194	0.0405506786056548
0.00416782359414874	0.00480987462797914
0.139824067663303	0.51994581046498
-0.23168371005506	0.574130548614333
-0.00277845697956511	0.0175561214760268
0.00340355407872605	0.260992732168677
0.241452940921625	0.310123542591631
0.0824903970315599	0.47767591278041
0.186113778076258	0.458867881976702
0.201275559286554	0.508784900233003
-0.005792767389801	0.0211399463421612
0.0600780359536634	0.235748609810447
