-8.94192736246914	9.27708948456643
-9.71585280038467	10.0398871540364
-6.49682981929738	6.73770933312954
-10.1588422284318	10.5384989991915
-4.09326646063101	4.15247915951078
-5.59435466432874	5.65905086821313
-0.184194327831903	0.186044015159702
-5.0761276805701	5.1932602225558
-0.154341003705952	0.160124955906871
-8.50047890753687	8.79933755216562
-1.58549568233532	1.56853413525403
-4.93043094070396	4.92551399659832
-10.2751102272063	10.6957263889937
-3.19873551638271	3.5192447832816
-0.188074642894927	0.237315668963848
-2.34830249929034	2.28312580779897
-5.87767480533416	6.26607090929553
-8.37752708781151	8.76188677161642
-6.45592640224309	6.90267546124647
-9.63236935411535	9.9586518679647
-2.04645084668147	2.10333302855659
-9.15550353320421	9.53408923179923
-0.913823567921412	0.930957033383963
-8.4592506695759	8.7915128613991
-7.33579964747716	7.75927989859432
-10.1991676699618	10.5937110702846
-6.20527800706575	6.6239697942009
-1.49909341651719	1.60672259228507
-8.14206559394905	8.5174923604182
-3.01294736354501	3.00003546627666
-9.01387630202384	9.39233501244299
-1.08867053392752	1.06315220784048
-9.95719529906631	10.2928854228899
-4.04541578152551	4.12590471103567
-5.27982931605255	5.58651006950386
-7.45224024348185	7.74642185276163
-2.18384219493965	2.27905358982127
-9.60625192477125	9.99281127294129
-9.74185462115056	10.1099847964061
-9.12740801352976	9.6042256762851
-6.37144141799385	6.65460885889764
-0.515595583367753	0.53504632143602
-1.17610046373126	1.21836056332434
-10.1074457660645	10.4575674730482
-8.11010127372096	8.47666082725162
-8.18696981855363	8.59722639953464
-9.62513459735902	10.0529064104591
-1.60287863839492	1.60161624310929
-1.4136146608916	1.41807663658677
-3.11584643533163	3.1218805633738
-9.79545467324599	10.1080248184592
-10.1766742954916	10.5922177860489
-10.4572794029214	10.8184443841912
-2.21937473772128	2.25905765697454
-10.316914579294	10.6666772745016
-9.74923606583713	10.1290307436122
-2.7378540963739	2.82853527864992
-2.70435589039133	2.83355332078971
-4.64730052354546	5.0809903742109
-7.73141233725126	8.14172449771859
-5.31645030134559	5.5365571646009
-4.93140916684335	5.15883637043459
-0.220262913433612	0.235185747704891
-2.51486241548068	2.56658396937543
-4.81650037145723	5.01100265941946
-9.9470746369655	10.3558114750194
-1.74981014007156	1.82987274180994
-0.280552938719353	0.294162920784411
-8.87011314570591	9.1478855136818
-7.43281288353779	7.83306990477229
-6.92419141346312	7.33333205509201
-1.2501080185681	1.23606515913342
-9.79860753859225	10.2013510091041
-2.50859844039849	2.53051106823085
-0.558797638606582	0.580758315547289
-7.37941747344085	7.5957066661588
-2.26458726191491	2.25068190466994
-9.41348150124058	9.75863197824027
-8.37117318850364	8.71150117703898
-6.49096353204125	6.86153562911694
-0.599293166766562	0.587044901818308
-5.48938703120817	5.47285399858099
-7.16899600509817	7.43258056915941
-2.11838898269028	2.10363516703777
-7.68247213757663	8.09697124564614
-8.72479655538664	9.03150742514845
-8.94615752592681	9.35028201828277
-9.08464716981038	9.50498091908742
-9.86575194493894	10.2854226436074
-0.273394700408245	0.292675852306811
-0.845437611627118	0.870570082959611
-1.71039753275047	1.72634076812946
-8.23688940695066	8.54620884244836
-1.20989184497998	1.32089812317927
-5.2170071205406	5.58105911275944
-7.83648031170908	8.13833796086618
-7.76736333952244	8.17340215894959
-2.22695931435808	2.16809140761707
-1.63543409648001	1.58820950920569
-0.142823147106459	0.145371338156757
