6.6707628904663	-6.17722220099859
7.85674223000082	-7.31827572153019
6.02908717632227	-5.64153603922744
8.4761722339226	-7.90864082438995
3.22741793258235	-3.00819566858875
5.01052344021738	-4.70454059770828
0.132675204342772	-0.123110136576068
2.85815365375354	-2.6616754825735
0.247023737345279	-0.229710490613461
6.50434445257058	-6.10121026705367
2.97671353648668	-2.84854133241904
3.76039737373891	-3.57261464800617
9.09067101206091	-8.48802364548402
6.21356304848711	-5.82285677382902
0.354075754638997	-0.3181601690041
1.03247226360078	-0.982439084595073
8.0099785732059	-7.48602742982491
5.3380562339336	-4.8988173490526
7.37711011298718	-6.86498278096789
6.61598652923225	-6.121843204524
2.2283568670855	-2.09568065484485
7.16092953320998	-6.67003460493051
1.82501906884348	-1.7269208443528
6.47179384014737	-6.01576160006571
3.51976004065043	-3.16520364450034
8.25075089081116	-7.68896430039934
6.16549121869566	-5.68837512174234
2.23382684267376	-2.08603588908236
7.8009729416897	-7.25714012507172
2.88184215349443	-2.73051368964107
6.24755352792455	-5.7938183038371
1.69454263981036	-1.61597938924724
7.90261736379884	-7.35898818106231
3.06519635827845	-2.86910539110346
5.87021485322242	-5.49788995017721
6.97581948491678	-6.52803563429785
2.97753356637411	-2.80141452379074
6.47306155704405	-5.98412677839106
7.38047954964411	-6.86145008353469
8.63581505141956	-8.05707800994069
4.01271274839082	-3.68363648832754
0.350630655356357	-0.320443205809264
0.566432564401795	-0.515256664813005
8.53137146570059	-7.96043413332795
5.53142657700104	-5.08007087963947
7.41783681644441	-6.88521021216196
8.08188764418277	-7.53065261639129
3.61157563422483	-3.44673220931005
3.43451077083673	-3.27386178351626
4.13386394960961	-3.92472152506193
8.23153312357137	-7.68174879297817
9.07082812700068	-8.47382602359991
9.16051252896015	-8.55649568011735
5.59879733144555	-5.31301017647318
8.85223826119174	-8.26366749171291
9.06269523131997	-8.46670780927948
2.4476221535778	-2.28238036991016
3.51300825686379	-3.30706154851598
2.93298969004186	-2.62828940457754
7.89700316187085	-7.34973789247534
4.31081160998378	-4.01141678936921
4.59713427748474	-4.27674821213636
0.37982408896856	-0.355210879778977
1.67675858767303	-1.57374376541566
4.2171997071495	-3.94214679279267
8.06550851210994	-7.50797748600344
1.06834981036337	-0.973882829788466
0.31382044388213	-0.294874201725948
7.02913240432217	-6.56272877484835
7.18958034620709	-6.74169023950263
7.52149797482005	-6.98315328416479
2.00503018283687	-1.91672628750813
8.59639759185224	-8.01898759340307
1.02937589051883	-0.94722950265563
0.364428218847318	-0.33526460635812
6.32622304220402	-5.9248777524329
1.34505551146591	-1.28316226202189
8.95960610670341	-8.38166542477048
7.6901152668992	-7.14804312032477
6.90157210961983	-6.39465872770744
0.764957793683517	-0.727897904896393
4.1258401063284	-3.88579556978053
6.50179291462568	-6.06949572387549
3.02860711230931	-2.88572165472225
6.36231156835741	-5.87630175047571
8.71846613068083	-8.18070234106173
8.74024902499743	-8.15795197092006
7.5298003399691	-6.99473568233851
8.8005493823023	-8.20838222098929
0.470135030323154	-0.439748872580559
0.299711669869474	-0.269597874880499
0.639838029775065	-0.597604344601012
7.59338005371275	-7.108150784445
1.55793747049638	-1.44546696350929
1.93890419584079	-1.71162508946006
5.1392793039299	-4.7567955597375
4.52719665957571	-4.11708661764988
1.21771499679771	-1.16403464467555
2.5041116917754	-2.39229998803229
0.176755831152847	-0.165911823369375
