5.09235089552956	-4.86554002572268
0.581947621865974	-0.546404877309615
7.99929683660058	-7.51450968072197
4.48808558530521	-4.2394862437347
2.12514119064786	-2.0158971821521
4.5063509259749	-4.25806880700303
1.77677970928246	-1.67247986306621
2.82474022313457	-2.64149453453825
3.896461917723	-3.66698625420995
6.5521860016048	-6.17241103399208
5.54279989526038	-5.09882182477151
5.70470288552503	-5.32008357548955
4.90822676339643	-4.58418394874333
4.41943139894376	-4.12545280410835
4.01655508633394	-3.76781716379567
2.04380823906367	-2.005989808547
5.81289503999898	-5.40898601430754
3.8138915179273	-3.54491887905189
8.01270757243816	-7.62406760608063
3.01818072111775	-2.80486589928811
7.14911031462416	-6.79591588180954
8.21664919300007	-7.77449395317823
6.82829814519264	-6.45834750800361
4.88099797529343	-4.60296256172538
4.38604842675416	-4.11912808917145
4.88396442449365	-4.62055998891725
3.87155003404647	-3.57335465677259
7.36534646559964	-6.88396648818075
7.52748912235035	-7.08333809791124
4.51155750336731	-4.23182326637429
2.03753003939075	-1.84223706347406
0.732691394097577	-0.714346752838774
2.2290683648275	-2.13359335349651
2.03854292212048	-1.95608945338752
0.222470311722921	-0.222856583803784
2.81692245497456	-2.55238557381146
2.88922309644005	-2.77088098807495
1.11487515171543	-1.07091364328176
6.53219373401149	-6.1055559506206
5.64068701789333	-5.47078799582776
6.75393528401287	-6.3053679274978
8.42818206096916	-8.00940385496048
3.06178226594991	-2.91284439243354
0.585867711863046	-0.548611227139006
3.99608829502501	-3.73490317190628
5.49287327230484	-4.95799731213039
7.82928603750093	-7.33289166101825
0.681272210525021	-0.664474224272728
3.13202249755515	-2.90975393506515
4.07401640979265	-3.81823991586792
7.03865461695046	-6.62057551595964
5.1463911423607	-4.8274546571646
7.02857434081215	-6.60559862173418
7.49769140752007	-7.11237516349885
2.46750949759174	-2.37293173366884
6.53268539719558	-6.10160571786859
6.06368359910347	-5.65940735071717
6.88157929042317	-6.48518205001135
4.58595609417322	-4.28724082348656
1.78990953516894	-1.6631540214262
0.987171704746183	-0.960791038727798
2.50339945087652	-2.30082130284636
7.96466390526144	-7.52986078466264
0.918214977955017	-0.88173903717308
7.10374657660854	-6.64882535092881
6.25185700898096	-5.846239748913
7.10322086027907	-6.58930971914706
6.57672036740503	-6.0757067023595
7.70406929237596	-7.26037038387912
8.05981970416153	-7.59030073099253
0.502085552075527	-0.481265576122409
1.60609931088822	-1.47857596932577
7.84840986811849	-7.41312494803605
7.51192177274346	-7.08178910187116
1.92945787779789	-1.80432556571305
7.85516925037421	-7.40944823751032
7.05616810257379	-6.57191331096426
0.698576167892608	-0.687966989519805
7.38423538307416	-6.99956648137371
3.67575545247191	-3.50189577322385
7.74317813368506	-7.27624583915193
0.6602043298981	-0.619059693360804
4.99744852069623	-4.72462997009814
8.04251733513929	-7.54507593934814
1.71295518428385	-1.61363913797613
2.34033093378278	-2.20594121011925
4.31272655926916	-4.07145400477896
3.88317063894271	-3.67757034815052
4.68342736315786	-4.36005123395861
1.48123317611145	-1.41175904688056
5.81593779843686	-5.43007882337109
7.81672726844427	-7.36744684470053
1.80323854677284	-1.72984137257797
1.56778287256302	-1.5009310692991
0.914383890928322	-0.86103912112958
7.58930819423137	-7.10938612813086
8.01379856408039	-7.52212535222819
2.49881849247175	-2.35444035511995
7.39320198232235	-6.94451316100574
3.03974407362837	-2.89309612389489
