-0.216302736590814	0.774707544543187
-0.0472914096226359	0.123625987803366
-0.183157554914847	0.559403033231014
-0.213988733933378	0.483350689318172
-0.179903722855077	0.331903717375406
-0.146809960944803	0.595267687951572
-0.124353842421809	0.589278706385149
-0.053603956686291	0.141115441610081
-0.194077465206589	0.689219851579244
-0.16208850643162	0.331855374524968
-0.188534930212425	0.723371454048918
-0.251731934976621	0.617991545724564
-0.196459270383864	0.61158529348987
-0.0889862595933137	0.417178501770856
-0.206643165878208	0.794682463196128
-0.0826717144749536	0.231054883582029
-0.16402989829195	0.426043425984023
-0.114919202017092	0.511807116667545
-0.0106877367407343	0.272107108203318
-0.186819521248013	0.831300596295448
-0.187618981897274	0.294468028508092
0.0916778847417443	0.117900595201833
-0.24461278594723	0.83717531120592
-0.0951718125874169	0.49050416924231
0.103499447360743	0.105962626469843
-0.018780798714347	0.0705258760046339
-0.0990583575490864	0.176460256147514
-0.230681212764262	0.796972627029804
-0.144195664563357	0.654362283867875
-0.289410927641312	0.81661070246053
-0.139709790156576	0.569436043633547
-0.280132949191284	0.802257769721378
-0.0466305264943904	0.12558956866547
-0.247405669793206	0.801034290824612
-0.189017041612473	0.630195580683487
-0.0642551332712464	0.414193259725422
-0.132318055364357	0.568181182227929
-0.15253892027624	0.613590976217402
-0.182058465892898	0.523298133359381
-0.140596905502029	0.387070578459998
0.0608621644612709	0.0865571406974652
-0.0998626837192276	0.324819906445721
-0.110187017508535	0.384582510987525
-0.235236565741294	0.836955849479189
-0.220245493643434	0.832880448034081
-0.00359992769325353	0.0127912520925908
-0.0596806506978874	0.16730134334355
-0.17716075232224	0.604333146776952
-0.171140197313875	0.50950202266016
-0.221744239212077	0.567568347685631
-0.0781984520787819	0.306319721966538
-0.213614453828339	0.806435308400095
-0.0614856648894224	0.172329104663061
-0.137116593814956	0.519428785289848
-0.2324694450417	0.717809443778789
-0.0388276600780959	0.176081655636475
-0.155666238377985	0.498279639731128
-0.173241987136327	0.651368060633716
-0.227444986785089	0.797361275007045
-0.161862338686946	0.701148575808244
-0.196589214089313	0.70245342317005
-0.22933563567193	0.837544122281608
-0.124484030666178	0.458101043732568
-0.0659354140921726	0.314317982782573
-0.0752904626182494	0.35478056054698
-0.122454676401939	0.66765755709834
-0.0263884215378867	0.326493438912899
-0.0985862640453886	0.272464607490606
-0.212783991640824	0.833822702378492
-0.0742744155197643	0.229269559878994
-0.0655762183230069	0.227871570235091
-0.11559383698294	0.212427774412334
-0.0964920825058642	0.194480183906767
-0.163664842815758	0.436022273320367
-0.160504144340401	0.44962162622434
-0.0454538078794393	0.215630006962693
0.0775905402257273	0.0514198906300198
-0.175199641107537	0.632313851473871
-0.216498903326107	0.581431533663773
-0.16858528936638	0.354165080774286
-0.0850554915707951	0.420895664715078
-0.106963503027384	0.383125342893557
-0.172467188301376	0.649615064495591
0.0475013693847567	0.198431670487295
-0.146458880045144	0.356469003016039
-0.210428289807249	0.753997660995242
-0.104261840497756	0.278050975391172
-0.134402928275522	0.591693660093474
-0.0361797671692949	0.433326421341579
-0.232781767196443	0.611872902361579
-0.206298463866129	0.560101448226664
-0.0952988233881189	0.575363423514296
-0.156942505060986	0.619180296996037
-0.287854956659992	0.761422815996794
-0.217009813189347	0.818747080257269
-0.261212579435532	0.800387454410467
-0.0429138738769501	0.399789669731444
-0.27748604082497	0.817702470519483
-0.231794208823713	0.829902080733583
-0.33198640325274	0.734524649932956
