0.628203159586627	-0.353074445787964
0.649219270118692	-0.422218731358071
1.25455115839338	-0.766320750785384
0.976847747691009	-0.65024494536066
0.232153125727964	-0.11481232888684
1.25420907512271	-0.72157441356234
0.997939198879305	-0.604948541706441
0.762973338942878	-0.544776701378857
1.38841883725292	-0.944672802343526
0.493719349514532	-0.34967699817721
0.759332507786427	-0.49416436853384
0.454972502459532	-0.232481390363496
0.631882764320425	-0.276915885632512
0.750988213736863	-0.387964440619092
0.447233404885738	-0.280761810212839
0.570549592332268	-0.353679481093473
1.2391470402161	-0.734149787901677
0.571243276429769	-0.336691440928828
0.623552802232015	-0.376414193868518
0.964563900879006	-0.714981439573666
0.556896570462589	-0.21797812921111
0.693493648355005	-0.260344745636966
0.921401537584443	-0.688502344846686
0.859408674855617	-0.547190697939237
1.31089692050095	-0.787854873754547
1.30508468232674	-0.804523109474887
0.65886503628283	-0.375455931566489
1.04888708220457	-0.650614994896792
0.28028219190287	-0.096113698582382
0.135868287818987	0.0904812700567746
0.626657866579635	-0.319920337290441
0.839723423716158	-0.548302993835336
1.44121236818158	-0.892848723488099
0.669191267973848	-0.332437144230119
0.509343795593803	-0.277934844447356
0.721997751405014	-0.3787164967968
1.26675262863797	-0.791248981809076
0.0538033333934613	-0.045921816261335
1.39979724059444	-0.843136352410772
0.523594445615914	-0.382222994371488
1.34194872827429	-1.07148242493316
0.264258584728389	-0.0946048021331424
1.08583034383256	-0.814319378894866
0.0927472979841968	-0.0706733386726423
0.313924581386235	-0.0278129215337279
1.21558301713217	-0.940704406275252
0.540839362770629	-0.318417762505257
0.410734346963193	-0.304227574554597
0.957539410765692	-0.600304914246635
0.992098453894398	-0.672197317811664
0.576899466917818	-0.322803404737886
1.12670895749263	-0.779306009754959
0.830656847617195	-0.442780937823003
0.837241279158604	-0.406775051973651
1.16304375050379	-0.81918955858081
1.29911723317482	-0.914089337162433
0.417490927233103	-0.294549796880758
0.14233897211191	-0.0396975251641846
0.100511727057976	-0.0747940798921638
1.26783014792983	-0.961719314686389
0.137539541381048	-0.0718897600457206
0.311644343031111	-0.0640588809062139
0.637526765108881	-0.325303040672199
1.00912428904514	-0.62136961115872
0.578334666263268	-0.219874894979465
1.02682192717697	-0.688050584147543
0.297472000216067	-0.0239762681481668
0.122964987127529	-0.0967242978711773
0.671221466707633	-0.382550398126862
0.235793802480001	-0.082105889649797
1.42648204553035	-0.867814054582288
0.754404748942132	-0.388126229363898
0.502528797200154	-0.259178368940483
0.0837853195791241	-0.0637317209894084
0.885676426240163	-0.590187437202818
0.206650815008762	0.0408034857901204
1.21228814813161	-0.750454755143867
0.9980697886098	-0.571485850554455
0.572545644733452	-0.460759957709993
0.94503229422901	-0.673402940560446
0.932364278718659	-0.569769385304609
0.624234196441339	-0.389114600281239
1.43380225765548	-0.942944773684091
0.177086637895872	-0.0386578740661427
0.797784106154779	-0.492301859014961
0.791881548229224	-0.487992855022525
0.0949539167617605	-0.118028629918831
1.08079935328474	-0.812515267523326
0.127805986901871	-0.0704436056937886
1.23209242581007	-0.707469215805163
1.41017972835646	-0.928047563134491
1.44681773886348	-0.931923411112212
0.116937641061707	-0.0835497405221776
1.09106626964411	-0.64144872720701
0.170280383833682	-0.116269507393942
1.14367712406731	-0.684376870521968
1.11763988662147	-0.697215113970496
1.37092639113451	-0.892980455768245
0.0514038704629373	-0.045059491679753
1.26201880341498	-0.752288873572371
