-6.39872220321922	6.45351198348672
-1.64441893142268	1.66030206389387
-0.937250868211855	0.953874280316144
-0.837880242498538	0.812447359035455
-3.81828416075275	3.86213156009238
-7.50058773921367	7.56159108733109
-5.10723415285167	5.20305806545572
-1.81806925010778	1.83175126902876
-5.89709586083237	5.94840139539887
-2.76022598004559	2.791093904238
-5.28155312438015	5.37099147473518
-8.28346960638608	8.41536027146275
-5.78760334086274	5.85338831766623
-3.34560801777783	3.36354400953894
-6.71842301979433	6.78792087436669
-9.66936498092239	9.87893125259651
-2.03486221602809	2.00061567659243
-7.47547682136528	7.66741529033314
-7.40754716061822	7.4347146453434
-9.67488604105841	9.83301915177705
-1.51541934910795	1.48070256586036
-6.35929224242582	6.4742177477669
-3.42596118723329	3.55455502908973
-3.90302376455	4.00697017544228
-2.90111064303485	3.04034552637564
-2.42260710422016	2.40279631281696
-6.02236869120447	6.10450950583309
-4.35948541208352	4.37132108157048
-5.90341146238517	5.91937323747026
-7.93557841788356	8.01669041968097
-4.85174686614868	4.93022267444352
-10.116261139736	10.2564346444842
-4.86721889826416	4.97411925047694
-7.44028013019876	7.55214783919618
-9.82005058500538	9.96372594692794
-3.90299683472656	3.90777394213821
-7.60292673825323	7.70611512042856
-10.1001266652914	10.2331195268273
-5.52179689638686	5.63165532818486
-5.96148174161358	6.09857644051752
-4.6495963948711	4.6955836039169
-8.26900315379453	8.40234699608799
-6.73482761091251	6.83860651438644
-8.44825304819314	8.58587415192532
-7.58444946220446	7.66772681952208
-3.34090143675039	3.28767922937528
-5.6972773984922	5.76667290848052
-0.814002774279998	0.808340996072323
-8.71692013511815	8.82127342270871
-5.69737252459441	5.71078710064505
-8.9767115670402	9.19676189075101
-4.16177153145888	4.16252070444828
-1.86903659435657	1.83710919397969
-6.23718370916798	6.30160963872586
-2.99297531829182	3.00394604909367
-4.6521714032683	4.61365505282296
-3.55208100730588	3.58051536359815
-0.454686320370767	0.463167474820003
-3.65386742056162	3.7478143503781
-2.79245195315046	2.86336539415431
-5.50671028643245	5.54331748581503
-4.97643000643236	5.02241415224243
-8.36146045990958	8.52109195461314
-8.31767368138465	8.41438822990526
-2.11827448403383	2.16757103851567
-7.49429014783134	7.59626076815309
-5.20737743099186	5.33249004599596
-6.37372097323822	6.50242511390921
-6.35914499875221	6.38944412872964
-5.82760151822469	5.7997505327529
-6.01211156260231	6.04586701083533
-4.97387810920305	5.02644724243666
-6.97205792372753	7.14832376545038
-1.01888610737753	1.00797734029495
-3.16044584183553	3.19415702297351
-8.37545519279642	8.50705119233968
-1.46161402308573	1.42535998699635
-3.97525504707817	4.04330857807315
-4.78386558695931	4.75709524952158
-8.09906400111778	8.22479602395695
-2.85325392544306	2.873159625474
-4.71875009823423	4.83258567461271
-0.850689059262388	0.853259778967886
-2.81454956669841	2.89957167883807
-9.0662405162829	9.23841713909025
-9.16226809245801	9.30447258524771
-3.96635622993694	3.98239413252081
-4.87459255256667	4.9803028056319
-8.12255597025655	8.12630808230393
-2.00333169165335	1.96149618518171
-9.55615056917788	9.73206104205237
-9.96859545155612	10.0971489785149
-8.7984220663783	8.93336609778161
-9.26611910325073	9.41794805195473
-5.09831356890659	5.2005497442471
-8.32851524480014	8.45564337967594
-10.1114258777995	10.2555950860901
-1.56087452128002	1.57033183260777
-9.99624658000231	10.1513530765613
-8.80694531730656	8.92782820651095
