0.0107150369088287	-0.00897864927937033
0.00812492518149681	-0.0108105398570696
1.07807927799914	-0.547697457276971
0.0600619820092335	-0.0560807557719383
0.0713655890996621	-0.0410172854044596
0.864161825354453	-0.399936921227895
0.683801956673618	-0.314379488100846
0.567842197631133	-0.313975839510227
0.0330492810848024	-0.0342277974465657
1.0342328976031	-0.564747840073272
1.00495970290933	-0.514076958259946
0.0418704244683658	-0.00273584516479612
0.999825816092984	-0.545188363951132
0.907520257465281	-0.481504541497399
1.05775170194095	-0.576483478009098
0.863610760427147	-0.410693101198647
0.831916787017218	-0.399393281280497
1.05589515171174	-0.521146600084167
0.96530050092681	-0.529312814406923
0.717113484123911	-0.294269525298069
0.857411491867353	-0.460163118991637
1.008282156551	-0.547947358748747
0.809345744875239	-0.510606565228681
0.103725952872287	-0.108177166140162
0.0381620739939323	-0.0154662983692605
0.248544235490395	-0.106705277584962
1.03682716927552	-0.515072991481127
0.6151624653677	-0.308276909755084
0.27354455424789	-0.15802033669028
0.930377303953504	-0.60112412010317
0.160583622669043	-0.113161042614148
1.06884750277617	-0.52199118600294
0.358928104694182	-0.246292038215756
0.95435365876227	-0.434883111754142
1.08244152643351	-0.575556817944188
1.07835335001977	-0.531715960357543
0.609577571671016	-0.340991267498421
0.885694985339901	-0.460903655696773
0.701769236196376	-0.304059465605132
0.0662742852681463	-0.0290023871366956
0.042707378247593	-0.0287683341551407
1.02393447607683	-0.536186954706356
0.0869884526402225	-0.0339921921637513
0.298980844560897	-0.155007706210022
0.15271703185338	-0.0493244288131306
0.581178820359801	-0.284538056368936
0.369301992576389	-0.176358586142574
0.0504002946097328	-0.0606109556638215
0.899477543023824	-0.411597221352587
0.964986855135286	-0.53526472904966
0.473669261151609	-0.178824651252741
0.178365335212141	-0.0463514241825431
0.990062498993522	-0.578051072648576
1.01692333465033	-0.606339929325381
0.756737068786738	-0.390364260235751
0.00966120910160247	-0.00386192162655413
1.00740488695475	-0.496838521321257
0.998513322826462	-0.447158193420527
0.861587684583483	-0.447281756032253
1.01127614128689	-0.52245727830491
0.967226737232532	-0.427691137913541
0.786479618899131	-0.396474211567414
0.0262122039644208	-0.014551925906351
0.423422957283356	-0.176219475480707
0.831794469995429	-0.487374959326688
1.09172183822015	-0.610551337498941
1.00570479198177	-0.487754511708949
0.974932095966316	-0.463451571522521
1.00395825080546	-0.454436376067942
0.579532950732015	-0.335854336870165
1.0891314778917	-0.564497777920313
0.00541826017729978	-0.00295521023755934
0.769033104715327	-0.381080299127539
0.807695490834831	-0.441988303843734
0.765436114880387	-0.417745457212075
0.078167530126761	-0.0677506743652355
0.987462785212875	-0.564227358707386
0.110281836820306	-0.121523932464154
0.701483362415384	-0.354894044857298
0.544187394545719	-0.265355538103803
0.227278099631581	-0.120888677016585
0.851254016813939	-0.438467163550848
1.07897660329341	-0.560760599508025
0.306327522112761	-0.141549764788972
0.50621279718897	-0.222331699313612
0.322158725539477	-0.148101486881938
0.407445386449552	-0.206999038839273
0.436353714926654	-0.240988619049756
0.929549401387344	-0.482919203599019
0.256913761809387	-0.141078514426175
0.174831478814864	-0.114801895836191
0.554865276128653	-0.341614526846608
1.08672815203397	-0.542632514409262
0.576304046773664	-0.256308551549165
0.503341774604908	-0.326176479306714
1.06331332962632	-0.545490253540894
0.122920219904456	-0.0844645164035921
0.39690441657365	-0.257077332103246
0.222244858193107	-0.159562412743239
0.44720335766002	-0.262463622158938
