0.00745927718463821	0.00152335772765573
0.0237421976991005	-0.0297720720125288
1.0711587311523	-0.495532196938954
0.0333334708743016	-0.0106302366165593
0.0122909592415406	-0.00415857169757587
0.943985102943679	-0.440571121344454
0.546134251401446	-0.189928248091257
0.591649187293767	-0.282844975194729
0.0137018340090281	-0.00382719416624775
1.05131508281049	-0.528512217187409
1.02405623795545	-0.52517839136385
0.000454895228673527	0.00016246660405149
1.00140596276527	-0.450782706851741
0.949065255875089	-0.408135515769736
1.06647156695722	-0.511385172176437
0.948822377127719	-0.443745306707869
0.809171355125039	-0.365938605947235
1.07382788046203	-0.515025189559094
0.976432267157271	-0.495421160613306
0.739314945103108	-0.368020230274123
0.901213925728651	-0.520944322120756
1.06793534064115	-0.480651389309592
0.996058996891469	-0.512395739732588
0.064088944879275	-0.0320743393156818
0.0234956108693256	-0.0133771455561548
0.293915672201695	-0.126222023974664
1.02385199549532	-0.494287917351282
0.561166299027313	-0.274211037498874
0.303291551666015	-0.14864781249057
0.949514275228876	-0.499162594553958
0.152729216260244	-0.0688378107225223
1.05375005775711	-0.51934674408564
0.445326023685492	-0.330810762672801
0.861084824121561	-0.334237873809713
1.04962181158053	-0.507419643632978
1.05369023262398	-0.425151683351871
0.493635746936087	-0.256835169824181
0.882742387156596	-0.444666759141348
0.803084051220373	-0.350159643814083
0.0830355633836273	-0.0444437042844511
0.0402933309212168	-0.0303426055374329
1.04513245375179	-0.503881398456804
0.0210427696747894	-0.00866959535958962
0.36110562036108	-0.172007081518686
0.145735537558133	-0.0495265347264569
0.51373007898675	-0.224059442468705
0.421048370592388	-0.210201106842057
0.0134834827556714	-0.0100222764847093
0.935590327385873	-0.457506910543514
1.03603978733827	-0.533652677920311
0.443508980681203	-0.214430727237495
0.175136583787652	-0.0758882324806613
0.990969639936975	-0.456824237432822
0.980638647379642	-0.532556192453118
0.762487595293328	-0.372130024040491
0.00896084989127303	-0.00427850989987626
0.974983759218081	-0.431085436371322
1.06921149044404	-0.475201011707306
0.837970228499192	-0.418259530228281
1.01591760562445	-0.490569085479126
1.03248440355336	-0.485721384081538
0.799497275539213	-0.370530406436855
0.0249224432796882	-0.0147161269870909
0.417077812360692	-0.188850097895579
0.961472302586636	-0.45402894966229
1.06108423951855	-0.545094478338611
1.00258621784748	-0.46666778994875
1.08284681017318	-0.533879432830369
1.02393422523435	-0.435790726383087
0.648694881203292	-0.346457279297095
1.07304033637507	-0.476368764610125
0.00686041891417945	-0.00629327702617731
0.787895359465815	-0.322472687599557
0.757995484907324	-0.357382127620459
0.812239669090167	-0.407476785800673
0.0780050015116637	-0.028783951556048
1.04257279816938	-0.52150775014849
0.0909364386801033	-0.0420411528142401
0.663279540613121	-0.358278121058888
0.554634579134611	-0.273165125627301
0.143148528619215	-0.080930234387656
0.830874007002388	-0.421172354685388
1.05496576088446	-0.465187433973933
0.2627568763985	-0.115416326560124
0.416651462844185	-0.157033489946607
0.286054520703758	-0.145221958145286
0.382769450959425	-0.157804203399638
0.452846519271144	-0.239967477370391
0.920080938965722	-0.440678042388977
0.278839992068946	-0.130017044075752
0.15919494861331	-0.0832147505699697
0.524298012215442	-0.331883050769142
1.06497376688194	-0.557272094522235
0.532942407051873	-0.248331416147444
0.584404033550347	-0.370632279503913
1.05247560208846	-0.502917828414783
0.126953860676613	-0.0439279063139289
0.167708801987577	-0.139278032553347
0.269440513090961	-0.196001931900067
0.364981173240113	-0.138629330965585
