0.626379472652401	0.197470481510844
0.0698169598601646	0.0218737402193954
0.420439998743385	0.132081440349862
0.479146070541029	0.132261518302552
0.234228483852237	0.0769766739299919
0.432457337979251	0.133174530921429
0.519419764141938	0.138795161111157
0.132950120553138	0.0316824495543493
0.557812583566311	0.163179122275044
0.24629750485332	0.06027788071109
0.481941788001111	0.15962605538273
0.48798960838418	0.153148331130442
0.511241707111724	0.147604283875623
0.30687269317663	0.0889662268008305
0.615753219382272	0.18538409245321
0.153448514339765	0.0517449138365107
0.312794813350818	0.092194760731407
0.435294986060824	0.123628885425198
0.28135295327773	0.069628972820014
0.714840796368235	0.193392996399004
0.208388568680563	0.0633477423416995
0.0339024079478579	0.00806590808945218
0.618134869984258	0.193350061011898
0.375540539384131	0.116080583487385
0.093854490835759	0.0161971553356067
0.0565591118817799	0.0131317057283456
0.124838016329831	0.0387839213448051
0.633936575052528	0.191244936640069
0.557396885356338	0.156107944786176
0.555747681009674	0.1881311273887
0.443080457226495	0.13633449001417
0.595866311868214	0.186487235637143
0.0733914983857234	0.0304869550082556
0.615031050488679	0.193931791346653
0.526456500248467	0.150088224828901
0.361537663820963	0.101239188631246
0.429203855938019	0.138916501590993
0.479830137537796	0.14009760800014
0.419265713412545	0.133670112774924
0.311489463690534	0.0891930627914918
0.0797937839671105	0.0120029941924344
0.266641259691884	0.0586452126201587
0.229211284011984	0.0954851851278742
0.638390792892418	0.195490003450703
0.666615205810694	0.201001602327962
0.0341090198301103	0.00723301274861956
0.152604082035304	0.0377115831242958
0.478913422291802	0.134078266980348
0.419418641464419	0.122490342510524
0.44156456437424	0.150630292602467
0.24514606316983	0.0737216572851922
0.599587956891769	0.176314778431269
0.0722618868717831	0.027310028001247
0.409099289292957	0.120107190395674
0.53364236386886	0.17084262789445
0.147253150330048	0.0374279355229654
0.371912940690779	0.118027344752901
0.54454773244501	0.153287660979672
0.57374578727698	0.195796011649798
0.610873389405607	0.160224889883858
0.562044366217757	0.162241417597981
0.674738098312678	0.197497750470074
0.416538493999628	0.110866861543442
0.218267041901259	0.0738243870774931
0.280618608556282	0.080438896400352
0.535115350054265	0.156220829921257
0.28402950292644	0.0755479170517813
0.189262180875578	0.061769231577231
0.683338488730891	0.194286375103618
0.144102158167516	0.0478509589078644
0.181061795247593	0.0497362833410014
0.135433870968598	0.0405955661523021
0.121894328745564	0.0373320518279512
0.368020944632568	0.104169786598169
0.346301953309565	0.114418976285219
0.187358948419954	0.0444706743992894
0.0614528866402264	0.00924493406244212
0.537826739784418	0.150642553324023
0.474767269063029	0.128165553792576
0.201546920081677	0.0901573188040247
0.34629324811247	0.100884254567126
0.242678831905185	0.0903196271196063
0.515925043502086	0.157725536038835
0.157903139428384	0.0417535928849548
0.330627028997386	0.0828399214681185
0.627385317116478	0.177366205200031
0.195920797609162	0.0589146900467628
0.556218404839167	0.144302611346365
0.487031886500899	0.0961576741725773
0.573815116432746	0.144378899101659
0.348925152079188	0.13125780201186
0.406076817327878	0.122470013753425
0.520471090021817	0.154482087560962
0.660166961817394	0.189595428382624
0.601580527036325	0.190510984605054
0.626967909775647	0.192286203989192
0.310408872491356	0.0885916317414256
0.558554424175165	0.182164782377335
0.597339312978246	0.195831441579481
0.57099233803649	0.183702245397323
