0.0258307133363799	-0.0206570809735665
0.0068663888452824	-0.00621925285622526
3.116711371241	-2.94787603599493
0.0877155268022499	-0.0924315664980851
0.163141483310731	-0.163393111963111
2.59714770374179	-2.39379113466972
1.8813278507734	-1.78539574985345
1.1433746341984	-1.01747793783765
0.0699313465606337	-0.0727285973659006
2.7579551640071	-2.53406150827945
2.90812180030473	-2.70523293301261
0.00240109054163629	-0.00242507245919631
2.89706824222457	-2.65047200085375
2.46288648553599	-2.25503630358872
3.030144136799	-2.79738148798324
2.60276430719604	-2.37423862607432
2.5092279767294	-2.33662018012078
3.01868228804798	-2.81851035287996
2.76119149201237	-2.52364398837806
2.15369429158463	-1.9571596144264
2.37078152809348	-2.16689447865898
2.85219706908261	-2.63527017057053
2.63467544700924	-2.41336580027736
0.318282059055775	-0.311810731885622
0.12358833431669	-0.126417376929394
0.704641056432362	-0.640304097775224
2.89754494623328	-2.67590967950502
1.13406025604066	-1.01054984252313
0.941244563080909	-0.902429425031211
2.6586651725703	-2.48244340127179
0.479905387825857	-0.4493848038381
2.41117631947358	-2.07568960552976
0.707320620328444	-0.652098217759379
2.82797764299123	-2.63212821327137
3.0095330615231	-2.80523639153673
2.82741474474445	-2.55778608892292
1.54561586752849	-1.47950243100513
2.4718768039305	-2.2829315653953
1.68453448094601	-1.53462145253864
0.21164693177952	-0.192962988841374
0.127252889585963	-0.132581894182777
3.01137421406849	-2.75926362945715
0.143893217808883	-0.143050615577325
0.634712193354499	-0.508285186378952
0.985020378229019	-1.00105470248731
1.82843175722634	-1.73083898191031
1.04689089261646	-0.97770067892915
0.0285051771180192	-0.0284929971617348
2.66474611829792	-2.44097884729079
2.94785823095545	-2.75480075785611
1.7596311503497	-1.76694458099135
0.334754160743668	-0.330321853027485
2.88287619846615	-2.66890576578905
1.92531702291519	-1.72956590245695
2.32571002118712	-2.17975096574947
0.131264817603174	-0.136215638786039
2.89551859899233	-2.69575234710111
2.94840641544731	-2.71685161231113
2.34640898640272	-2.21531607788824
2.95206434076939	-2.75317733982538
2.94253038755664	-2.70091278902856
2.25600768890575	-2.15415330280057
0.248043267618355	-0.285239275693562
1.08759954316802	-0.986102493969473
3.0679217717522	-2.88061951426687
2.56922116845824	-2.26940409278671
2.72995152442725	-2.53414071806408
3.0574653115196	-2.83583225652961
2.59032360049397	-2.2578676820632
1.53911913698908	-1.4097056824291
3.03375174629697	-2.8365811341783
0.199581992686754	-0.245687325315465
2.2931360659742	-2.1311287731594
2.25398855929669	-2.07889778187227
2.20907105239045	-2.05618917709253
0.391905829887356	-0.414186356886408
2.62753410227611	-2.39861858826405
0.272990255713491	-0.276437721324229
2.22137944518266	-2.08885047584474
1.27749869778948	-1.11331731347902
1.05853906789693	-1.03566136001473
2.2081878110813	-2.07976518978383
3.02057378268585	-2.81251573677402
0.719663587585601	-0.656173645415506
1.51794104353767	-1.4814839985888
0.610431186190322	-0.499043777252434
0.955442337786413	-0.875631021520848
1.28173311769292	-1.20801164240281
2.41726910871956	-2.2239201269416
0.976697249707079	-0.920297691954741
0.550930244705465	-0.521347272919802
1.56996369820162	-1.55015677188955
3.07621111609391	-2.87647081989501
1.50697493046043	-1.33657196467061
1.43057581601222	-1.38356974751827
2.98372950526547	-2.77523865220911
0.580063949661293	-0.596469648726988
0.647847723801214	-0.625785102642112
0.843621846394723	-0.807911886477026
1.18032233033513	-1.21171131977805
