11.1978763035606	-11.008471957549
1.32933776945926	-1.32616879263245
7.66770510649068	-7.62100198561602
7.37294137977531	-7.26848216158314
4.08786829586011	-4.06804363006807
8.27837085872435	-8.17356189479083
8.11886476088364	-8.02016277659557
3.96389528752883	-4.0005628447539
9.62982215099144	-9.4737570735872
4.35150812552095	-4.37940708848174
10.4550529553328	-10.3622664545507
8.54783810407523	-8.46742021144166
9.50118336905304	-9.4125096172705
5.24113157683199	-5.20625692116106
11.4308316576935	-11.2954787620346
2.57113078803756	-2.58113000632092
4.96893877028664	-4.92723337835053
7.1728078374903	-7.07526727791571
6.14082900836344	-6.12542407554659
12.2810192753823	-12.1525376671469
3.14737364876617	-3.11151369685653
0.593645045363413	-0.595516718733112
10.6203472234455	-10.4827020848496
6.86123291279965	-6.77478109089305
1.70746066544214	-1.71217451071401
1.20725557149009	-1.22638228223845
1.97862494078153	-1.97577238119954
8.84205057418239	-8.68796241473358
8.37316496404262	-8.1899168574808
11.5308954772899	-11.4175035419323
8.38632104248131	-8.31940704720011
11.1016981351544	-10.9773623927188
2.50732451947695	-2.54608829634587
10.6895648077917	-10.5668411959037
8.79557937123385	-8.65658587165187
7.99470390531404	-7.91862733035662
9.69489143601261	-9.64789904284107
9.01860682674079	-8.92964209306901
7.18746875491504	-7.05072004551474
5.59378971567413	-5.53109182148706
1.59837262686925	-1.60215919702374
3.94440188884705	-3.91849200796561
5.83548921094937	-5.7679495882714
12.2448068386287	-12.1236219111692
11.8419673476881	-11.7032200945715
1.91617627603544	-1.96568444553507
3.45187551395879	-3.4966124785529
8.52418272634415	-8.47572486382031
7.18032007479967	-7.10838125374247
9.54726831944276	-9.42545376684668
3.90651919609079	-3.85685825406592
11.0812519528336	-10.9749449108089
1.9564985832295	-1.96566925015966
7.07038640658078	-6.9680356822868
10.1812462316376	-10.0894948974033
2.6118377960468	-2.61482708871735
7.16689997911554	-7.10079877504772
8.92427336785068	-8.82641376183324
10.8187260496012	-10.6531788519053
10.6891854344046	-10.6084447594356
10.7674228162393	-10.6775677694195
11.5524533294913	-11.3739345434167
7.9403568144089	-7.89261598618359
4.47287030518862	-4.40559420051627
5.49515272415233	-5.45711652378442
9.01120230783886	-8.87060698616127
7.18006079376744	-7.16437121482549
3.91689102888612	-3.89750014852523
11.6039678869641	-11.4582726980285
3.21063872406138	-3.22638138567148
3.77512537801743	-3.81509242397654
3.77449823381817	-3.86554764812308
3.04128388620227	-3.09795522351093
7.47628454350545	-7.46526837165126
6.29355053101169	-6.22430877000843
3.98550163894151	-4.02640082694378
1.11519090452762	-1.10490753355448
9.10739502205025	-9.03384288140366
9.14651555162684	-9.11430516890116
3.7056087683864	-3.70144569113039
7.28412231760346	-7.2754101120529
5.80155874110241	-5.79816688705108
10.223063858374	-10.1511687145342
2.52819186084661	-2.49500089245654
4.9152929765897	-4.84245692259214
8.79630054737542	-8.63488709701805
3.14959174049284	-3.10171211562821
10.112599198862	-10.0320236530571
7.49889233179608	-7.38709684786407
10.1573454558514	-10.0629273690656
6.94628981340657	-6.8818238016034
8.41808672605986	-8.31740431535858
9.35441237524581	-9.22322174676352
8.58751072859008	-8.41312423253963
9.89094877829153	-9.66554168373331
10.9113723983987	-10.8046385891434
6.16469616366792	-6.11245304949744
10.266444495033	-10.127223174666
11.4840771094862	-11.3759524349485
11.9290193064042	-11.8330322494414
