-1.06515587464274	1.25162623169492
-0.958827885738038	1.06987363075532
-2.02527654128706	2.35834080265754
-1.46462823856967	1.56940258304178
-0.497863771450764	0.573464371776383
-2.0566436109186	2.41525008540517
-1.79253555285643	2.08995544692407
-1.19638879336326	1.42812988400067
-2.22402712283633	2.48553125335167
-0.963879723940227	1.03044727598528
-1.29864532563285	1.44352530002652
-0.893622665868478	0.975508347205559
-1.11204681522644	1.1843981585853
-1.3884677496083	1.4947172327702
-0.839656988356835	0.903679801323337
-1.07030119693746	1.16228462936757
-2.07078642011107	2.33921527718571
-1.14885186384529	1.30725208752213
-1.27862199705587	1.55791870739126
-1.56545575877376	1.70107861278011
-1.09120687146161	1.19324292977541
-1.31244184904801	1.32596387874056
-1.41161520492522	1.60599926783925
-1.55536849368489	1.77946130313267
-2.30865071768608	2.51248371863182
-2.01687355198564	2.34782268774261
-1.33437642634396	1.4809418313218
-1.82693933430053	2.07570932120535
-0.632709972462279	0.661084603410898
-0.17325056467152	0.212070640706151
-1.3957315421273	1.54419777604366
-1.37982003179235	1.57733571404886
-2.43875789538678	2.79052860695855
-1.24173520433442	1.39044806336465
-0.862150486488859	0.939549165353315
-1.41455562600116	1.39334200482157
-2.15956002045045	2.50212104097817
-0.173962069750349	0.174120077069429
-2.37091800030165	2.71595982406407
-0.864176502044283	0.969804453345313
-2.37125537539	2.64183830186002
-0.459877230327076	0.48219910181767
-1.85207196414762	2.07687245512791
-0.157122815851567	0.178847287809213
-0.658563057048651	0.694407855842397
-2.30749151103207	2.64365273805303
-0.794303931384623	1.04341158176829
-0.666452621181308	0.773136917567917
-1.36885288036096	1.67532213858237
-1.59499185657863	1.95225074905007
-0.724727700023755	0.765420564994249
-2.05660090213318	2.39061080038884
-1.3395387107044	1.62061820176357
-1.49976315897108	1.71291514107312
-1.98134943110154	2.2990297930068
-2.08810314375978	2.26595721231096
-0.960351134550614	1.03119582036996
-0.42279770083816	0.484259702780371
-0.150734200401246	0.179000742219195
-2.06996840121237	2.36048835322164
-0.495600280591004	0.541833464234195
-0.474715816371363	0.581112278601417
-1.07005702886989	1.19501489776719
-1.78050578220186	2.00235096092022
-0.786127080436659	0.886247166509844
-1.69607644523123	1.95737651097717
-0.34246171659191	0.404076338168904
-0.503115989322328	0.474964098474923
-0.912344123534953	1.04528425336455
-0.473294490672333	0.510310727608078
-2.07564375836008	2.50881274740874
-0.99956789269933	1.10670687607707
-0.698554300474904	0.866332736376432
-0.260947230155064	0.255859362319771
-1.4064311174141	1.59482931783226
-0.444914021940968	0.51451313956693
-1.96389036616211	2.28063791537237
-1.63320518537508	1.92514574853072
-0.880373914079449	0.963489790237802
-1.46045547623866	1.55228045171185
-1.38292755317224	1.60831062835281
-0.846182941922491	1.04227702628772
-2.3639719648431	2.6731401237171
-0.584447368854062	0.649919257281548
-1.18511970815322	1.58575955289006
-1.33193472884468	1.72216152025652
0.0586585777579618	0.249421997678125
-1.48802688484465	1.74546398529524
-0.564493384926167	0.633445182453906
-1.89460056473389	2.34604979532577
-1.99839163913816	2.21418764511402
-2.29613833388012	2.57807898739445
-0.182023022861952	0.212672919558047
-1.96774987391202	2.20527171709328
-0.240358895764047	0.267418059159688
-1.93975906114254	2.19223251686173
-1.73100920914984	1.95606298193597
-2.0227246119291	2.21678057636042
-0.210475152002364	0.196416328626173
-2.01796673560549	2.34178683168845
