0.609715341666314	-0.509522509807614
3.3602509166504	-3.08624057988679
3.47568362326122	-3.16822676490991
0.686190304058031	-0.630490318438548
1.65616225595903	-1.4406965945011
0.962748621230505	-0.990028789966831
1.88019475173553	-1.67952625164195
2.58803154869645	-2.33150688804676
3.15123958554455	-2.95277796058526
1.82237129329743	-1.71788151380332
0.169482424626774	-0.187269111902083
2.20779262233523	-1.9385287568952
3.33126127147403	-3.02477738029879
3.01002684618362	-2.72020797150269
3.17885009795622	-2.81720271345405
0.305731422831862	-0.287272250184918
3.4308432258033	-3.13523247739633
0.156441028377494	-0.142514723765453
3.52209070888871	-3.23037914206567
2.41942053420996	-2.21746966158693
3.49837438601349	-3.2181227388566
0.149961382190129	-0.143758567409512
0.466040897636321	-0.424234753881423
1.87409323573528	-1.70202149280991
0.221844059912484	-0.213369734913851
3.39670338341334	-3.09147756972549
2.97475669372857	-2.70945146330685
0.435609397350259	-0.460474438019606
1.86351618153107	-1.60675487424843
3.09987829352762	-2.87462640952507
3.29456943621122	-2.97968443632781
0.180084879286049	-0.171557459079741
0.630282365979857	-0.454475400602361
1.20058884112316	-0.967792869937321
1.29361450835139	-1.2742315399249
2.5506656789352	-2.21219064574813
0.159958825894526	-0.140965725919773
2.34596355548224	-2.14078121059582
3.226846975645	-2.99311727571368
3.11454424911861	-2.89029852756602
1.11848001474736	-1.1072122672767
3.40401975607078	-3.08283046938312
3.37552733177688	-3.07434500589573
0.737276511646713	-0.724871104401361
2.90825999344389	-2.59757487290641
3.1035387579702	-2.74684405064524
0.166565101453653	-0.144742216541037
2.25103566479189	-1.99641885737048
2.66529010369088	-2.44091205578905
2.57671137353198	-2.33066667304426
2.95474294357578	-2.69714072347316
1.4222276288455	-1.24267957154054
3.37784105868949	-3.11527526252349
3.27950250887217	-3.05689269394684
3.35410425081732	-3.09652970890461
2.89614968810757	-2.6648184986527
3.02589119947454	-2.74021655926724
0.921423767386156	-0.859842278093164
2.15810223274109	-1.87798815915871
2.98868432651863	-2.73065506979603
0.391574467124904	-0.349912920775326
1.37445053878352	-1.26870594825456
2.30748520042681	-2.14279870088346
0.135582502206054	-0.124935232778956
3.16618832754282	-2.9058465004732
2.99713960222533	-2.75058862042833
3.03592648934251	-2.75716622421686
0.0783750224398312	-0.0661795437382195
3.27522730350875	-3.03216912758919
0.528473551237856	-0.526651913738696
0.203916042248803	-0.192464152001238
3.21149704603875	-2.94210865602063
3.47524620297359	-3.17098572175361
0.576786523650372	-0.587549672930804
3.20510676962099	-2.93300144285767
2.10003148675848	-2.03497062946759
2.22660333857026	-2.07629067226189
1.98807953718128	-1.80775154487646
0.134267788878996	-0.102926784500523
1.44103666709535	-1.38652412411739
0.439083266641908	-0.393344237116716
1.22044391352512	-1.21464288109591
2.61331301583083	-2.32922779967906
2.99631093670346	-2.71723980537868
3.05550509357997	-2.70647345791322
1.33465539296159	-1.20004991168297
3.17107877647811	-2.88127570792631
0.617307030078142	-0.537756371180232
0.194830387010989	-0.184020490309893
0.103178686855493	-0.0976905747473042
3.29324224547779	-2.9995731823824
2.89682084081267	-2.78429889013313
0.104656422016085	-0.103394933553636
1.50266984700111	-1.38385088972903
2.24372424278775	-2.03524431901066
3.14247405249874	-2.91345426059538
3.03572229505778	-2.78193619825641
3.4812117151707	-3.19513157227372
0.281596122607663	-0.304665323355365
1.66437838726134	-1.53831047487904
