1.11420423654409	-0.543138129901898
0.121550244611706	-0.0595718964274902
0.720962533985197	-0.352072884919354
0.749345212271454	-0.311913628614466
0.423196476819122	-0.21543597789175
0.758811376371122	-0.365734175899179
0.789079562644174	-0.310861769524313
0.21933256051713	-0.0829552254410049
0.889359496723527	-0.3872997402551
0.321511941720456	-0.107779566811816
0.880619364740268	-0.454094984010138
0.798665243039748	-0.388827917082091
0.801219115624012	-0.350029789848722
0.462087246933394	-0.201613710707239
1.02052105690382	-0.47110705716066
0.289775991050999	-0.151729256772274
0.485278652148036	-0.216760983641051
0.706197106759137	-0.300728558353123
0.41923824383262	-0.145908254171941
1.08092479717057	-0.429622421570899
0.330838671591689	-0.152669293904634
0.0455069110489727	-0.013940598929274
1.08932065264779	-0.532327234673605
0.665473102366529	-0.316575397286905
0.123121109256849	-0.0198181627524422
0.0872122617742691	-0.0332262007535762
0.214141616305523	-0.103200169321796
1.06545323112289	-0.490137139481057
0.888676982930105	-0.374045550396914
1.03666963726832	-0.54879434696292
0.780408044602433	-0.373554656678806
1.0155083891388	-0.490657603563039
0.180526638496913	-0.114845866455109
1.07085364801039	-0.526493756743275
0.819505732458428	-0.349681249234916
0.597015756044355	-0.255922169787522
0.809416802406288	-0.407370617493229
0.791029029245514	-0.356943807632123
0.764621251493067	-0.381489555157204
0.481713147014677	-0.206410840121769
0.0859669119985581	-0.00107930668507983
0.318323299975304	-0.0745555403196504
0.548360697622264	-0.339528931026841
1.11669579496783	-0.528299288249501
1.14067127845793	-0.52852997276915
0.0539677910500889	-0.0175261681093574
0.227225754583507	-0.0805030455129662
0.761265300973516	-0.317775423899337
0.668532881109236	-0.294715843220146
0.850904873601072	-0.449080131257371
0.448964627600151	-0.21490292990123
0.954027698450558	-0.426677592073555
0.169161530364547	-0.0979975306152176
0.645381198700072	-0.281073352479032
0.958440337232129	-0.473578468674833
0.211596361827135	-0.0757974791142453
0.679384631583843	-0.33564012642745
0.872830970874664	-0.379519132468963
1.12821763708756	-0.597186908321557
0.909108366818783	-0.352825950723823
0.915306696238558	-0.402362119954592
1.12801489917483	-0.516705864169897
0.640412254250204	-0.254307844190224
0.419470314102752	-0.217977360977182
0.476888590744685	-0.209630668972483
0.89520628005412	-0.40478950949094
0.426487596712612	-0.16125887662996
0.335112919099987	-0.169957472287717
1.08569145865755	-0.465995805134353
0.245870187794151	-0.12554938550421
0.285716147330514	-0.118574839730824
0.213308511214369	-0.094498009311084
0.200505240641554	-0.0916654379174058
0.548832061719987	-0.225760833685738
0.65167151150096	-0.333913984731505
0.273131355802572	-0.0896970622256587
0.080643885627981	-0.00910610254443004
0.88975615839883	-0.387007199385641
0.662375065207476	-0.251878877022905
0.578241447082846	-0.387279492565749
0.599488517183424	-0.272669582392079
0.53407276868725	-0.310543539596008
0.906168039693227	-0.433370520493978
0.250656500063223	-0.0976821315012279
0.437118000929904	-0.141201082640011
0.969612632601447	-0.40695733612836
0.314862112620938	-0.145701311468174
0.808430410586348	-0.293217539635913
0.497559189778016	-0.0518822512292642
0.781549060591881	-0.265266189008771
0.751895860406013	-0.438197604324591
0.719151172613796	-0.343631781871667
0.878845893214572	-0.39711165787672
1.03875435992383	-0.449924447483931
1.06243902118585	-0.516796506018691
1.07209557774604	-0.510102342838078
0.525675648489119	-0.22842289732794
0.991590095966108	-0.497757030609707
1.12014251739549	-0.573322998332546
0.998943475750046	-0.498962899572741
