0.101172109909351	0.397213244307481
0.0338813382045854	0.117312434204006
0.0227563694103045	0.0838359033121976
0.0186937147392424	0.0873553415648377
0.065332872705188	0.289514075390693
0.128889068152857	0.516274021318689
0.0774835188059757	0.348078925330032
0.0190142393942755	0.0582000850356226
0.0896964907307188	0.338612575765152
0.0426369938164795	0.122405939448382
0.106034358712858	0.472996779489437
0.15823265007482	0.56270601884285
0.0816022068733172	0.338113370874556
0.0373326570415043	0.235895716688663
0.123196008013513	0.452412250273287
0.164341770122619	0.690473360978889
0.0299868401148523	0.0964371391270543
0.147353900174428	0.470608033559141
0.0939393540431989	0.372295462208348
0.159859236509083	0.65199261641052
0.0204231954758893	0.0473647976063709
0.0963411627756691	0.41126225600185
0.0390624221993314	0.207960146485191
0.0999359277869251	0.370315641168488
0.0697253261652789	0.25551455510358
0.0412416908885428	0.163431417413492
0.0897026542060711	0.360990775310908
0.0775657042985618	0.274143508184421
0.0827339588901041	0.387243785853884
0.124898859856132	0.518015761392541
0.0764177249465828	0.380579588143728
0.159379661284959	0.665116547252847
0.0990498524222076	0.429564642848665
0.137685455509497	0.507651519391991
0.162765081484881	0.566448184664735
0.0620177957780651	0.226589169207032
0.110435131583951	0.529410837483853
0.165824652799463	0.663820950699858
0.0919815493304363	0.408259684819475
0.105197543275091	0.424567040502099
0.0632690533137728	0.37843384980285
0.133898107350357	0.568760686463184
0.109978710684942	0.467330514253088
0.147111246495286	0.61015901248603
0.133153204061163	0.490369717926012
0.0406982407063363	0.161300680217128
0.0903832473178933	0.404133257571228
0.0133321055812784	0.0632593105357627
0.16581432741056	0.665288340575003
0.0858178358936082	0.299780188706476
0.163528089231248	0.662168269175478
0.0739586867115073	0.234094164751591
0.0314617063476251	0.147325422850661
0.0886658064976524	0.445121303243892
0.0767400894930606	0.24801449580198
0.0646459303367324	0.24527498713759
0.0772940448801575	0.267576140127554
0.00594379922051555	0.0845731024447845
0.0531665158656334	0.217906216686557
0.0276716316528037	0.166173140078442
0.0837930997849479	0.339230329981097
0.124757093928257	0.466788427347937
0.147604895490047	0.614252087579717
0.133651987220532	0.592492530776603
0.0471252352485969	0.170366186485517
0.153665017078601	0.592059351664076
0.0903443103620824	0.39922951610427
0.121837782600334	0.423908542178063
0.08855998414025	0.346657419247998
0.0790667424548171	0.353966676925864
0.077259198522396	0.402113758091034
0.0654231904675288	0.309497255642315
0.118236108856702	0.465084522193258
0.0189363718772892	0.0870124826318566
0.0468178964729039	0.323940158146882
0.142737294657298	0.571194532417774
0.0226100694411294	0.0843044252238668
0.0822616240534726	0.293436137444316
0.0717491164052992	0.210899588667992
0.170414613818587	0.703491625286981
0.0481152355042855	0.218595593347305
0.0863722512978382	0.362484926713424
0.0137081389598396	0.0822734436028539
0.0652356834447384	0.25447513817868
0.162122663098504	0.640892048557579
0.16276017962425	0.626691474835564
0.0648465990658938	0.216116613603865
0.0649815047454442	0.381820359871314
0.11665153601442	0.470848509727811
0.0185193109584606	0.0762070271966156
0.168369455514127	0.688773772844599
0.167058339527093	0.64570125652765
0.150398350270667	0.630681626296842
0.163771357166484	0.626360262951025
0.0774394103849906	0.417835633253423
0.165409778305815	0.664573016593191
0.170670414290822	0.675486319163474
0.0243180010447467	0.120035318702779
0.167331915711971	0.647603982815452
0.165514466079341	0.658521866184407
