-0.323091876513776	0.329194040197847
-0.0715936817622811	0.0737363734912762
-42.8634869814423	43.3946584498681
-3.43662351060542	3.43341894103025
-3.84399866373658	3.84615873815911
-34.6312794928065	35.2264959636989
-25.2468711924932	25.6145597860491
-18.3783218406408	18.7414059656358
-1.09138847780128	1.09779628042796
-37.680685798609	38.2584379468725
-39.4186545477628	39.9783159112825
-2.6713389740531	2.66918712759121
-43.0084630942649	43.5115509710516
-33.6124846075999	34.2541366473348
-40.4991494359712	41.0980473681158
-37.0253428534395	37.6589136993316
-26.2696238466912	26.8207470746797
-40.306535325146	40.8745638647686
-42.0488965124549	42.5811155017901
-20.6225145284249	21.08996050553
-31.0862775074387	31.6267066951986
-33.483281683156	34.067222272862
-35.5354609590243	36.1983726227043
-13.380722819646	13.357183893456
-2.81016755145274	2.81328762158042
-6.44061539668247	6.59622308885553
-36.6473356511131	37.2293790709185
-24.3229044367436	24.6532346138088
-14.5033120753435	14.6492417286301
-24.0341587549547	24.6163561550944
-2.36444646849151	2.48373895693549
-38.6113988674967	39.2705037131046
-16.1126410609368	16.2185142086596
-39.9946936362868	40.5964785983884
-42.0191803201699	42.6213509144822
-41.476154942985	42.0328598090896
-28.5770757394767	28.8461092479408
-35.2215722528526	35.6915169246486
-29.0249874298813	29.4151642824577
-3.16714153939004	3.20320406452974
-2.27518227632752	2.29163652577099
-38.5865311180359	39.1197156252118
-2.01561611161294	2.02928991253914
-10.4269805549383	10.6308365741828
-10.2196658251593	10.2565867184546
-24.483250107208	24.7591926371829
-16.4312030997923	16.6371406997388
-1.7380101368028	1.73867192939576
-38.1391665274782	38.6502099429682
-32.9269094411288	33.5296799211361
-29.0628855453081	29.1920622094315
-8.94097535371053	8.9562653968999
-22.5952436952667	23.2204930105323
-27.1802692545509	27.826477548814
-28.7562870180394	29.1405472771557
-1.18883697020739	1.18630698277744
-40.2871252375701	40.8991361720451
-42.4265132945598	42.9477615553981
-27.242531265123	27.7050864380201
-39.1011168444666	39.6551482314119
-34.7160586626621	35.2845423319053
-29.2805244815825	29.6725530042232
-1.31659549915405	1.33159011001608
-14.676529299907	14.8997167772449
-34.1443719512821	34.8213298598557
-42.4802535685409	43.0649724129635
-40.7048243504875	41.2689516078293
-40.8163524440874	41.3994674351848
-32.0277903230947	32.6572601680455
-30.4535183964079	30.7439475636695
-42.373137016221	42.9794511962323
-0.191091028816383	0.192486434769955
-23.952371080177	24.433796746059
-24.4967145577025	24.9607909611776
-29.6836320069657	30.1221322369057
-2.21968982918244	2.28169163547115
-35.1177316815286	35.6804342852934
-2.17810142232858	2.2100375817783
-25.5643064529358	26.0236878986138
-19.6403597747101	19.928782783338
-10.8058099079452	10.8578575904285
-35.4539904410685	35.8638967272366
-42.3914955620363	42.9592634058554
-12.4841891963133	12.6273948602933
-12.228889991521	12.6367814558837
-11.153952619989	11.3580857611445
-13.1524622416301	13.3682999235814
-21.2397107301544	21.522499217233
-34.7020378904159	35.1702828310191
-8.78672591910266	8.97929841108467
-6.93074783335756	7.00080616392918
-25.6127736473043	25.8028078172375
-42.6398606191882	43.1444697701228
-16.8266681378192	17.203731286398
-19.862530986313	20.0659676058416
-41.8539865685605	42.3739592964446
-6.7783465110868	6.79351949930938
-14.5300538253666	14.7884262668803
-12.875379101414	12.9515323164783
-15.4144183743861	15.6818696678096
