-36.4396935233668	36.62880876997
-42.6550313712401	42.6483207690435
-74.0832971699667	74.329699232243
-57.9037939673711	57.9928149834306
-17.7346398739963	17.7509815388576
-77.4575424284122	77.7185881214038
-57.2787093009573	57.5239110321026
-33.1979662800001	33.448950017893
-75.9578136247135	76.1782514916374
-27.5149186918326	27.5577838153077
-45.3897585376845	45.4767600486263
-38.2755923749188	38.2165763599601
-57.4724246437124	57.381843362885
-56.4001218376652	56.4328641558356
-31.9824084612096	31.9479258206374
-37.4879102136	37.5143734313121
-80.2873373354799	80.4278235167784
-36.2159383896467	36.294505029932
-23.2406034172999	23.6457952620524
-48.6967204161346	48.8249465512516
-52.8582323010529	52.78580406224
-66.8773895263804	66.7855205638494
-38.4462369789251	38.7271485534288
-54.4820096808578	54.537777547964
-84.7820082673909	84.9168228628958
-77.9583238846919	78.1842405552445
-45.9763202418856	46.0178856642998
-62.5127175501854	62.6904761896788
-30.0719545277139	29.990832224684
-28.5641912958641	28.4874877866649
-53.3417766497952	53.253293343165
-51.2763919909056	51.3491015775971
-89.2752143905833	89.4564616526196
-50.986954075358	51.0267522812254
-39.7009218291111	39.6669638816891
-63.5020131857334	63.3399119557647
-72.1753735491384	72.4463758564202
-1.69344254493348	1.70960050069767
-86.1688804327214	86.3943581305398
-25.541136766225	25.638224314664
-57.0617274736331	57.3193010209722
-29.0175081088286	28.9152790935553
-47.5128530564226	47.7899797160359
-3.81789969750869	3.84335903347275
-40.9355925437889	40.839133990491
-48.5300441736303	48.8788560334958
-23.0397987450501	23.3494605905032
-15.9479135592246	16.1022049640836
-45.9332435444089	46.3081239718934
-46.0017868190638	46.3294221324955
-47.475447327743	47.3724458785995
-51.479319508645	51.8372527085023
-51.5905640970712	51.8191628263197
-48.2012169322314	48.5687272618452
-50.9785200488237	51.3710837166334
-84.8319662572111	84.7183510479465
-31.426563396609	31.2989699494601
-16.5137365361776	16.4615003804777
-4.23771279870134	4.26687936617915
-55.3147161238992	55.6218967831191
-13.7904366102211	13.7220935159359
-32.3372408253644	32.3502073699522
-46.265824885907	46.3345364714156
-63.016646682669	63.1369058774037
-51.4326285826868	51.4376646668992
-49.6389005421165	49.950418802857
-41.1045357857943	40.9700460440498
-5.47237678445767	5.49393935235726
-47.2340316047002	47.2637683591978
-26.8067303487137	26.7065443290101
-87.8895708597518	88.1084271409612
-55.6170356057087	55.6762498597372
-35.4078273403987	35.4753371992372
-3.93109926911248	3.94503698487348
-50.9662282732859	51.0815514112567
-31.2900057257957	31.2469965551751
-70.9674444802954	71.2066209871059
-62.2814760243148	62.4777048799666
-23.2586363909919	23.3818159526066
-55.9715363660868	55.9778188944785
-59.1074206639243	59.2118626362829
-37.5014525293327	37.5960872722068
-83.3080069225013	83.5004186713256
-20.0377661467058	20.0068729232076
-37.409512203797	37.7475778946549
-28.520979182069	29.0346353942445
-0.727124618756028	0.739982149140727
-42.0207668950911	42.4045515503703
-8.88909639763495	8.90137946886877
-69.5334125348396	69.9312987536905
-79.3174571497609	79.5504294972477
-85.0457448348172	85.2508676746876
-5.48899974287055	5.5191932070982
-72.9472481702595	73.0366302160687
-8.68037893508528	8.71946323092631
-74.1436819986553	74.2648995299394
-65.5182800602228	65.7238665116149
-77.565537961835	77.8026360960971
-1.43081428556364	1.44843476785438
-79.3029400145353	79.4881785330841
