0.160914713768984	0.736687209559839
0.0195684303589074	0.0758888412120944
0.115503513736005	0.423766752780707
0.109733176581337	0.506077382006422
0.0660427830497591	0.276867150013397
0.118796890797831	0.544855319428832
0.112805480633407	0.490494317102001
0.0234870533051256	0.322813070311296
0.144229092019754	0.664608024499287
0.0553862535431324	0.202091078554366
0.14005525677168	0.599665562260751
0.135647837253962	0.344312231503435
0.127492379271786	0.501914451813624
0.0808784898908505	0.29021653726887
0.156804506609948	0.611346704491489
0.0428841612520459	0.215670217511137
0.0831699393956343	0.373733617607417
0.103840540423819	0.534805999043625
0.0532870778526536	0.269953045979543
0.170847783715015	0.757480138028642
0.0576499963907336	0.167130567242162
0.00966819318069277	0.254415694540519
0.159277743867856	0.476651944955938
0.0896063012302311	0.428931452747711
0.00928541554694666	0.287365292982561
0.0134895861355968	0.113370536936983
0.0330323043662225	0.0884291170777632
0.16226913519618	0.581124490762635
0.125000295579519	0.577627071656395
0.166296140241963	0.648110770383374
0.112455575130368	0.490945594920383
0.165798692587604	0.730855639956338
0.0241019669682206	0.0975338851855765
0.168676778001277	0.702453574824456
0.128667472316441	0.550962253942271
0.0818772379729703	0.510759889780376
0.109074443561283	0.518067991641778
0.12201272332518	0.549344616925488
0.109867318599024	0.414331013978858
0.0771238716651332	0.303408839567937
0.00523007524755152	0.0254176511759605
0.056268723841209	0.241329555667235
0.074807693942535	0.373945432239508
0.167027392237274	0.759774555087863
0.167071554744346	0.755765179157632
0.00402273249111904	0.0341194234700728
0.0305977310383407	0.140050601682226
0.112246562087023	0.477930171765478
0.105396687022696	0.40574071524462
0.124110682398769	0.441190587826216
0.0571915689593602	0.266947424421145
0.156028921835393	0.663265368730617
0.0255686954402872	0.179916416886571
0.111729659705846	0.468739538767167
0.148438904876631	0.603551311188545
0.0319722396278915	0.152122817870296
0.100927440079988	0.473974166958586
0.133851030341038	0.580335496227497
0.16155402187394	0.719805216096798
0.13621242189147	0.704470201479945
0.139239912799596	0.652405918502618
0.16673618986641	0.757262089230835
0.0884160940704902	0.424774498952659
0.0598174372737667	0.2574847102433
0.0633027086012693	0.273069029592194
0.127732761233498	0.616248797455381
0.0689550539493668	0.333735951356585
0.0564322567439369	0.201344258706894
0.164988286881869	0.752336104605871
0.0440832918402311	0.186312057570412
0.0448605636769774	0.179615183669272
0.0435679346906705	0.155855543019968
0.0387173966463603	0.166209335017577
0.0963706957352063	0.343758234501104
0.0943532051985808	0.449811714393552
0.0372884317911593	0.239714891635296
0.00208385622908222	0.156688341518696
0.118445537775246	0.6338755308607
0.120882156923581	0.49725957516234
0.0607209063807401	0.271465952140862
0.079713038336709	0.354584701799126
0.0693440299373969	0.281960885621593
0.131887015530356	0.699549909094195
0.0348477417542006	0.222696850708206
0.077825325452431	0.237740982197493
0.160059700123454	0.626897510792361
0.0532078753344253	0.206980943879742
0.122408088277531	0.615074582060735
0.098843096650846	0.515342958892948
0.131565961840726	0.599576262790328
0.105563575959473	0.376704687880294
0.0996126861514779	0.546442071914025
0.120713840422452	0.5719339813478
0.162332635902089	0.663535358285501
0.162052564531804	0.711063054057836
0.163737518477902	0.529329753780489
0.066789691961923	0.285460690055851
0.160385813920822	0.568950484469206
0.166178313868698	0.674379552327789
0.164883786891456	0.753382747531761
