0.691954013571174	-0.229294481190259
0.7120206580468	-0.0633491203953014
0.467748993208497	-0.0871395809053864
0.746777878455223	-0.0970619837985101
0.23329296797598	0.141922990839059
0.296686286707962	0.070564204032755
0.0132912708992244	-0.00633273840010071
0.333387854138005	-0.0772379815591791
0.0171575921831639	-0.00699373481690587
0.598163642456298	-0.111741934543356
0.050304277311675	0.0689524474312778
0.16484558877425	0.095061481891413
0.773184534959724	-0.10157431793695
0.497655081600409	-0.212555277406634
0.0644027372845596	-0.0244828120248991
0.0391623945183083	0.0109316305720027
0.639727003685518	-0.194097220686376
0.752828597234903	-0.169818850046509
0.696219662041861	-0.167141133529656
0.765327466100863	-0.152209430025784
0.11804020406916	-0.0410110946419063
0.678875759726719	-0.0746769517942564
0.0685646808441983	-0.0199032093434874
0.662864203388705	-0.0786180201379937
0.727305973295042	-0.14658536208127
0.773443339901871	-0.124201753693535
0.752949112593903	-0.115357357537868
0.158454806261548	-0.0465357433720536
0.723835434123003	-0.193600107734467
0.161018064921711	0.0484842171013651
0.701810094799709	-0.100896255059786
0.0166565212142926	-0.00760164546748631
0.735029361157334	-0.155655131679136
0.258712821297543	-0.0133223080693381
0.43830651532889	-0.0268825372565657
0.564464931743485	-0.0247343101113055
0.187697550340091	-0.0555489777450457
0.767533992528973	-0.118664652782575
0.73911644233527	-0.111701483366793
0.744015943859693	-0.143099063319803
0.546756945733849	-0.147464735273735
0.0445068895882776	-0.0184448264085675
0.096174171911883	-0.0237647314847721
0.747381406650798	-0.107816788433252
0.741640018611949	-0.155856558401733
0.692917798862579	-0.288698902517279
0.777043922933445	-0.134152873718693
0.0416279346099868	0.00376223159888054
0.0366895171741531	-0.0103032371806619
0.105173249434918	0.0193099424549903
0.692930693463339	-0.0588257366658297
0.768175647537115	-0.111144414206307
0.770799381252995	-0.10574022596651
0.136080322243484	0.0251214557468627
0.749355944018134	-0.0789342461070656
0.744405442773545	-0.104745534837586
0.203211846321779	-0.0537386712295125
0.213624797229132	-0.0403344402037447
0.654072727652284	-0.119279976257059
0.657207375019396	-0.277992592406358
0.395462258614982	-0.0969591698839317
0.398620749427083	-0.0470384752447015
0.0387266427543674	-0.0189247706851968
0.115320284842318	-0.0303860076161946
0.356516011980146	0.0933206726917192
0.7742200905432	-0.122508965849386
0.177238206442926	-0.0283732660974296
0.0294701660513899	-0.0183692858059855
0.617179016862559	-0.0914329653050007
0.571974975284607	0.0639141571318989
0.735553269025584	-0.17632496228405
0.0237601111867558	0.0135293435761372
0.778187370977814	-0.152912973818656
0.133362160260248	-0.0358695109281743
0.0455161342025762	-0.0203965894862941
0.459817900642916	-0.112175532952678
0.0765498197960984	0.133291821018126
0.713313395255715	-0.0572520595565219
0.708104937327651	-0.22615823152336
0.745338855775881	-0.194526228492262
0.0386596321858693	0.021017211417636
0.318222242419567	-0.0551432686052966
0.558549307971714	-0.0695341489972819
0.119357583510071	0.0315266833517145
0.726062523006316	-0.176263024819957
0.660059797925277	-0.0711583564799917
0.716482373327799	-0.16812010149661
0.69291508419226	-0.261838926683902
0.774111336475248	-0.114089196365743
0.0301514908611483	-0.0101533251081571
0.0575434834596462	-0.0178280651365575
0.0595089556960999	0.0110555812319978
0.602300523402061	-0.0570105377598736
0.166881944274602	-0.0498612569849139
0.404362657834025	-0.0434743738378016
0.539660031592335	-0.0638109053484699
0.76789369741056	-0.131539311191113
0.0733783831655984	0.0290094143151421
0.107550708660773	-0.0386163635253947
0.0116146448431292	-0.00604000783381044
