6082,1480,6255,3447,440,8517,969,1173,7120,75,4377,1460,486,4876,8566,9148,84,4834,1627,247,1380,174,8063,7321,1622,8845,1388,4448,904,3926,8427,3916,9760,6904,3570,1782,9184,9440,5405,9797,473,5793,6780,8479,8525,9806,9906,1655,8613,5547,9924,6826,6625,7308,8806,9517,8256,8309,8374,5975,7446,7836,8605,3932,9946,738,1098,9499,3562,9957,7941,3498,3762,2611,8391,6779,2968,6388,6538,2056,9180,5748,8918,4389,8033,851,8909,6461,2702,4292,7601,2293,6457,1953,8651,572,485,7336,5734,4337
179,4028,8392,2974,4441,8453,8351,4680,7649,1323,1875,77,5417,5332,7142,8206,2766,8512,9480,4002,4924,8546,4719,9754,5796,1170,1251,8434,6134,4689,9390,5008,9761,8072,5680,9427,3309,9142,4439,9671,1492,4564,6025,9165,3663,9807,9907,1188,6771,6762,9925,4195,3680,4258,7645,1513,9282,4571,1856,2231,994,3839,5265,4874,7992,3024,4755,9949,929,9641,9991,9333,5910,991,9425,913,4085,1411,7387,98,9503,1462,9490,5123,7804,7709,4762,9352,608,4727,1423,442,4276,868,2571,589,54,3682,7829,2934
3105,9733,343,3547,5849,1887,3852,3395,2672,1711,1081,2733,5855,333,7154,9694,7007,1012,6748,4117,4435,3599,8315,9505,4154,9176,7254,713,6129,3820,5233,4908,8825,5516,5951,1528,2750,6342,5792,4686,3426,3021,7500,3998,6448,9808,9362,441,3772,2440,5338,2369,356,1504,6954,8168,4770,3564,2628,6155,4884,5093,7454,370,2694,2257,720,4191,3645,9958,7845,9445,6835,1975,7535,8767,5225,3319,2217,736,6181,3054,7697,5746,4937,2368,7729,3866,307,1312,3408,5643,7176,4204,5933,5227,1840,4289,8303,2754
1552,2098,5129,3722,433,1889,447,5374,7074,59,500,4046,2450,3605,8354,6873,374,9133,3872,7467,972,1152,8638,8804,737,9535,3982,2648,1159,3131,7776,6903,8317,6226,5842,9289,3285,8751,6725,9709,615,4228,8724,7848,8883,9809,9605,4730,9169,4623,6703,946,7393,6533,7072,9639,7933,7958,7773,7394,5948,1993,8614,921,9167,4083,2445,3326,7189,9198,1813,822,973,2972,4806,8573,4696,7428,5641,7204,8336,6794,6506,1219,9172,4933,7583,7512,1542,3922,7324,1636,629,3089,8246,294,3400,7778,7639,1102
251,1395,6304,1085,487,1667,8304,1096,1934,123,7930,3269,2529,4612,7537,7353,983,5472,8558,3444,6282,5308,7994,9520,2657,2987,5678,5831,7223,3501,6209,5293,9582,5581,1021,5149,5791,8371,3518,9600,1805,1247,5669,8171,7605,9810,6800,3219,6257,4212,9608,8763,62,483,8663,6863,8885,8229,6966,8017,7633,8467,7560,9453,968,8018,721,9252,3797,9959,2608,5132,3716,3655,5512,7291,3640,1804,8290,797,4981,8497,8788,5058,3635,1176,8213,9189,775,1396,7972,2907,2325,6674,7915,573,5854,7062,8424,173
2989,9491,417,1810,127,7519,2124,5674,4465,23,1755,4356,7320,5493,3139,9353,148,7526,3649,4794,3969,2784,1153,8216,1278,9696,7527,6635,1100,4373,8586,5455,8962,3181,6441,1172,7452,7081,4014,9798,387,311,7269,7806,7150,9811,8712,4576,8499,3473,9676,7502,870,4080,8854,9588,9244,5707,7558,8126,7646,5340,5196,8968,9067,2188,3220,7901,3235,9068,698,3207,935,7718,8859,4048,2532,5844,3944,6766,9577,8251,7665,3686,7362,4418,9458,3415,745,591,6712,689,2776,6287,3689,1264,3265,1814,8770,4351
274,4516,1179,811,3637,1738,6831,6902,1823,523,2437,2006,5376,5270,8008,9223,6241,8772,6293,2853,5016,1617,8760,8547,420,8879,6447,2621,6977,4220,7090,5310,9762,5964,2971,2201,6006,8242,6174,9468,3897,701,6737,4917,7437,9812,7506,24,6692,5147,8318,5862,1160,2939,4847,5352,6811,2884,2723,4844,3778,4582,7027,4167,2028,6180,1752,9326,3486,9619,4681,7455,7571,2043,7185,2099,1467,4245,1551,945,8085,2699,5998,339,4446,2599,7710,2920,248,2634,3567,5146,5872,4128,6700,4004,5038,3169,5066,4325
2852,2348,8035,5361,37,7876,2525,6105,5514,398,5865,5552,1893,1671,1764,9532,806,7677,5410,1719,105,831,7488,8459,1838,6690,7392,1366,4482,2748,7224,6267,9699,2022,5740,2000,6307,4464,7179,9650,1049,2670,9135,7235,8372,9813,9507,8692,8595,5988,9926,2643,6626,4726,5922,6890,8181,8713,8749,3163,4861,3336,5086,3644,9332,1522,847,9950,454,9529,5507,1256,3965,2647,7018,7346,4485,8591,3037,2050,8923,2868,8477,1571,6507,1681,9475,9426,1474,3454,5999,4839,3953,1156,4947,18,1010,7816,8685,5319
1365,9285,593,2566,1224,6244,7620,7953,5309,279,8260,1682,4693,7332,8099,9661,6005,5813,7820,7594,1608,198,8064,1374,683,9756,4658,2328,3972,6437,8560,2082,9700,7988,3539,3221,8078,9200,5464,5210,1112,6645,9143,7156,3654,9814,9322,2660,4990,3472,9927,8429,7808,1500,7769,9942,8693,4799,7273,8326,7921,9047,9066,7653,7170,769,423,9400,6171,9465,8431,3128,5582,7523,8280,7923,366,7022,1006,1342,8476,1414,7186,550,2536,4950,8195,2802,74,193,3984,2282,6357,3737,7471,3000,1095,5699,6543,218
61,2258,5467,342,3481,1866,2912,7734,5375,8089,881,1014,4525,5313,8489,9741,1732,9753,2473,599,2635,760,9154,9055,2319,8066,3868,6407,4387,3332,9011,6459,9763,8532,5369,9439,1009,6918,4277,9710,1546,6919,9715,6057,7679,9815,9908,265,9302,2757,9609,908,1742,3590,8926,2039,7732,2004,7182,2940,7913,1604,8185,1788,4249,4349,7851,9572,1839,9960,9576,3648,6373,542,3798,3411,4110,7175,3016,4599,8673,4546,9434,5144,8442,7857,9308,9173,4586,2447,8811,394,7720,1301,7724,941,358,8175,9519,204
877,1683,2041,1386,561,4678,6190,2785,2070,102,2773,2080,3805,1497,7432,2823,2562,7399,9100,6629,5438,3051,5190,8602,4164,3627,2981,2506,4945,3448,6696,2861,9764,6490,5022,3072,7515,2288,4862,7091,3714,1816,2402,2061,5696,9816,9211,3850,6491,1888,8884,6792,143,250,6305,9377,7597,5320,7109,6100,5903,4926,6040,9304,4572,6570,5150,8800,6627,9275,2998,3324,3951,5213,6434,4382,4543,5048,306,2136,7699,7283,7429,3382,3721,5033,8620,7276,1990,766,1853,807,2697,3193,6529,2903,5709,5829,3360,677
875,8425,668,6769,1033,8028,7977,2200,7965,291,5901,605,2143,5471,6014,9742,4620,131,4819,1997,263,1590,8299,9233,472,7741,849,3942,5476,4513,5701,1954,9177,4544,5023,1402,8370,4740,6783,6666,2084,2943,9604,7996,7108,9817,9909,7768,6449,2103,9928,7123,119,3317,7587,7077,7589,4523,3692,4980,6059,7016,7895,4629,7497,695,916,9573,7599,9961,8801,7199,8019,8365,9395,8944,4366,8232,3779,475,6037,6824,8843,4600,4512,5798,6802,5034,676,2347,1345,3664,3003,1427,3427,610,3281,5816,8087,4042
206,8127,2304,3540,4822,3976,6795,2085,6156,531,4402,2361,1042,2380,5860,9533,3618,522,8878,2407,896,5761,6359,8002,1770,5418,2866,4075,8898,4033,4335,2629,9765,5679,4850,3964,3911,2642,4841,9201,3409,1133,8541,4062,2930,9818,9557,3432,6899,3919,9119,6419,49,1665,8404,2741,6521,2392,6743,8534,6229,3813,4517,3808,1768,7447,7064,9432,8894,9191,8794,7125,7762,2134,9080,8281,6033,1020,3368,152,5330,7504,6880,4800,4379,6975,8021,4787,498,1746,958,4294,4216,2888,8214,209,6327,4943,2343,1276
2019,2167,1297,2246,8223,5539,3268,4619,860,3652,2414,315,4009,4124,1697,8124,1331,2488,7954,6036,613,4367,8951,5291,601,6343,5600,5036,6650,3097,3905,2073,9766,4967,5370,2164,2910,1132,4828,6048,1360,3580,7932,1327,7410,9819,8588,7444,5682,2982,9567,5742,1412,6496,7770,6636,2181,1539,7261,5437,6850,7164,6949,1162,8855,5371,2602,5462,6785,8219,5334,3523,4182,6556,8695,6245,1744,7841,4970,633,5453,1855,7511,2357,1929,3995,3372,3113,2235,1032,1434,4528,4280,3791,3628,1720,5046,1484,7891,2737
1398,7389,2161,3521,4836,2243,3203,3282,221,3853,5392,979,3421,3466,967,4079,2936,3260,7713,4951,4330,4120,6454,4688,1400,6917,5350,381,5069,3209,462,1917,7489,5852,5070,7660,5556,6651,1972,7485,1712,712,3334,4457,4928,9820,3386,3226,4150,1791,7258,5189,2768,5062,5162,3157,8228,3123,3918,6541,3251,7061,5229,6474,7498,4630,4521,8842,6801,8747,845,3492,1536,3702,6910,1555,2730,6165,3188,2687,8756,2518,8717,2686,3607,4400,8565,7908,2340,1995,5859,4603,1679,3041,3042,3299,2992,4774,5126,825
349,3461,3572,1582,7656,3119,8062,8282,724,2175,5765,3884,6191,2886,7352,8983,6838,9062,5498,5958,6988,5524,7644,7902,1024,6839,6853,5544,8305,4328,6971,4298,9767,7250,2439,3216,682,7842,1392,8622,3232,631,8954,6652,7967,9821,2461,101,2832,5324,9929,8784,1563,1677,3151,3748,6985,1878,3875,6704,5818,8643,1777,7053,2384,8349,6285,9228,8808,9728,837,1580,905,1616,4992,128,2280,894,5895,4737,9283,4213,5584,5165,8619,3855,9081,9375,231,2220,3912,2054,4702,1574,7228,3418,3356,4728,6898,693
40,1273,3910,4344,499,6697,4639,990,6745,331,5670,1054,1698,3017,2485,3948,1043,1142,7909,2323,1725,3906,6995,8796,4771,1601,1439,4378,4938,2590,7866,3482,9768,6517,1615,4968,3098,8115,2845,7359,406,4444,5927,1339,3653,9822,9323,6030,8822,3102,8963,5942,547,4364,4259,4552,6534,3633,5482,5004,7034,7220,5730,8191,1926,6504,5531,8997,8218,9257,4777,5778,1635,7290,7784,8333,4350,5329,5898,3080,8137,5201,8468,3921,3614,1751,7984,5318,1588,3264,6216,6568,2586,2352,7499,73,3310,6597,6452,3070
1103,598,1493,3237,3025,6893,1410,6796,5349,1969,1577,2169,3009,3623,4897,5957,2995,2021,7936,6145,3130,2121,2301,7986,3548,7687,3856,3007,1135,3445,2092,1643,9769,5107,5772,6970,1399,5425,4200,8498,2097,4084,7327,1499,2952,9823,7946,5235,6925,3739,8798,5808,2148,3838,6613,8956,3967,3228,5115,6308,3869,5802,5688,4229,5218,2266,6011,9197,6879,9387,4634,3694,611,468,2991,3331,3147,1108,4241,6069,6416,7361,7974,3180,6619,2965,7020,8123,2810,1064,2570,1115,4222,1502,6222,872,2426,3816,6536,854
842,1675,3494,207,1463,4684,4704,7037,3609,380,5766,1605,6353,3300,7023,8544,3697,8697,6602,1106,3244,944,4394,5424,229,8609,3771,5686,2595,3843,8015,4026,9701,4336,4140,3422,6169,6682,949,6624,2077,1184,8117,2997,4922,9824,8042,2184,7798,2491,9406,3068,1921,3815,8321,8110,6716,4271,8211,7849,6784,7801,2834,8841,9498,2871,191,5241,8493,9433,1811,1015,1210,7889,9188,1987,1760,7222,5745,4647,4814,2403,2984,1534,2333,4093,7907,6962,3099,1549,8240,2122,4946,3499,7536,3176,6560,3456,4566,1128
120,3810,1821,2183,1378,6078,6776,4372,5639,4352,6279,742,415,4173,4830,6453,1146,8680,8652,4793,5277,1793,2069,7735,4070,2563,1896,1203,2551,2789,8385,4622,9514,7284,2160,501,4331,3111,4788,5873,3525,7436,7339,6199,5228,9825,9450,4321,5938,3183,7578,4605,6615,6242,1945,8436,4338,5495,584,7554,1387,4138,4022,8006,8327,1652,1319,7824,6816,8320,7412,6986,4773,937,5961,5440,1944,1358,3532,4416,8268,7211,5072,4440,6934,2554,5470,7529,4001,1836,5474,2613,1466,2376,2405,1053,981,6147,3851,2421
1662,1080,6392,227,1169,2717,7493,719,6370,329,5174,3262,5010,2460,8577,9647,1329,3204,9044,3110,5889,6335,8037,5243,1842,5084,3738,419,5899,5040,5845,5044,9770,2891,2251,8224,8871,8346,4024,9262,4976,3731,6472,6749,6726,9826,9543,6862,7401,313,9546,6362,176,2653,8500,7690,7878,4795,6967,8741,5789,7970,3577,7086,7087,8856,882,8701,8173,9962,6728,8549,2289,8186,7487,2607,933,4858,4246,1230,3681,7582,9229,301,1131,1290,4030,5480,4319,2104,2105,2914,5120,431,7846,772,1562,6786,5429,2512
1632,9734,6632,580,3033,1897,8720,5646,99,408,3930,4697,3541,6428,9114,8930,7420,8851,6832,8454,1180,157,8721,8896,855,9697,9050,3610,6867,6256,5155,7987,9771,6847,1603,1351,8611,7260,3622,9463,2815,244,9196,7256,8581,9827,3127,636,7799,5671,9930,7800,527,505,7623,8683,9436,8462,9303,9219,5616,7997,3307,9273,4454,6259,401,9951,6271,9963,762,1298,1650,7556,8707,5045,4761,2636,235,259,8163,3120,7313,796,7382,1495,8046,8597,282,4808,3167,4214,6663,6117,8331,4217,8768,5592,8451,4553
1314,8686,4846,399,2863,2579,6114,5327,810,2857,6633,1348,5181,6315,6731,9579,2909,7025,3197,5597,1938,936,2948,8077,1222,9016,5222,4050,5648,5223,2929,5775,9631,5703,623,2799,8167,5857,4499,9539,2482,798,5921,6017,4645,9828,5247,1894,2756,4472,8725,6574,1721,1057,6997,8941,6092,7736,7862,6372,4939,7144,6956,7041,3198,5587,1583,5590,7323,8716,8091,7626,5719,1059,5920,7463,4913,3794,293,79,2390,2983,5683,228,7815,2490,9168,4780,570,2923,192,3305,2752,5099,6509,4742,6445,5230,7187,2732
5913,9512,5300,1037,4610,7951,3720,8270,51,3804,5403,2253,5826,422,1663,8443,5773,2321,7685,1347,2129,3744,5111,2869,1061,8710,6874,3143,4320,2396,4813,5239,9225,5588,1780,7050,6639,8116,3619,9277,768,383,8039,5833,4652,9829,1046,2494,4608,3597,9064,6583,4082,2640,5932,8817,3537,6319,6262,5131,4427,4621,1903,3531,8582,6851,1352,6260,7654,9130,432,1257,322,6141,5373,1637,276,7745,3693,5549,4869,6043,8334,6034,4264,2249,8889,8621,1056,1799,7028,7047,4492,4998,4421,5457,6038,3615,6292,581
996,9735,7103,391,739,2157,9009,7398,255,271,5851,3483,2714,3699,3908,8378,4708,7231,6798,8738,997,2379,8837,8790,117,9757,9698,6562,7380,4348,5866,4721,9598,4954,1356,1117,4166,5216,1448,9414,2095,290,8640,8387,8979,9830,2615,1644,7542,4081,9931,8362,195,995,6234,9120,8413,8589,8823,8503,4413,9204,1980,9386,4151,7752,759,9725,6974,9964,657,1891,1087,6264,9051,2850,2905,2140,4300,672,9146,7648,6326,1430,7676,7135,7858,9999,516,5061,3277,3339,7425,6303,5841,3385,9340,6483,7628,2436
4393,110,3651,3673,785,9286,3088,2335,8530,1282,2514,4122,1911,1912,3115,9298,1258,7643,8341,185,1121,1964,5919,9287,8166,7484,1702,1871,5056,6154,9193,6455,9772,3125,6252,9126,1533,6815,697,9601,1094,6337,9203,2796,6876,9831,9910,3401,6313,3507,9170,3508,8010,4901,8764,7886,9038,7297,2922,2065,6185,6693,5240,9079,9366,478,5168,9615,2543,9965,9731,7002,7581,4361,6215,857,2055,8312,3656,1445,9024,2292,9417,8337,4487,388,9192,7642,1833,4972,8291,3641,4826,865,7065,10,194,7431,5423,4052
213,183,1670,1202,8012,5983,6246,5510,3234,3504,1657,781,4015,6149,6152,9561,4333,7847,9224,948,9093,8601,6623,9309,1678,4759,3733,6760,8852,4617,7495,4534,9773,6841,7271,8899,506,8287,824,9799,2771,4969,8987,1784,7615,9832,9911,758,9110,5029,8799,2190,1207,5843,7438,2389,7833,2638,2598,3190,2415,6706,4453,6263,7879,4078,926,9616,3104,9966,9489,9306,7873,1841,4424,1506,6993,7101,6885,3769,9409,1311,8422,1125,4312,1740,1863,8665,1487,4568,789,2138,4369,2425,3786,158,618,3542,6575,5012
866,9560,4503,1268,2417,8910,8383,7925,88,469,6866,1446,4385,2501,5501,5886,5167,9049,8832,8608,839,651,7859,5337,47,9342,9405,4234,6868,5343,5259,6991,8662,5806,4455,2885,8523,7368,3140,9585,94,147,9263,7307,7215,9833,2609,1535,7979,1097,9324,3941,3732,3355,8864,9721,5388,6972,7274,8463,4303,8053,1587,7259,9367,4820,1424,9305,9112,9574,92,494,407,7837,7161,3493,529,4043,5702,2617,9151,8849,8824,6109,5360,6699,9559,9396,410,3214,6347,4045,1586,5226,4746,4616,6664,6935,8510,3278
691,6103,2159,2013,7817,5357,5825,4265,4628,3824,2420,2359,3849,5907,5451,9662,4966,4239,8578,5593,5443,5995,3257,836,1077,8445,6366,65,3506,3141,6618,1931,9667,3241,4738,8262,8158,3333,2452,8524,362,7255,4877,5432,3544,9834,5351,3022,2364,3477,8902,1476,2932,2557,6442,6803,7217,4181,7834,5594,7508,8319,481,2658,6844,7553,4197,9726,2605,6571,2068,4903,115,4284,8672,648,1687,7510,3934,1330,5583,1999,5266,1215,8139,2431,7136,3917,4781,1165,640,3621,2779,4101,6929,4461,5940,4890,4018,2927
467,9160,1973,2841,44,6239,6458,2218,3358,15,7121,1197,4020,4012,3890,6429,2106,2119,6266,7919,1766,3184,8014,8952,646,9155,7892,3898,4313,1187,4871,3296,9084,2736,3441,4395,6261,3132,4532,9290,4825,679,5234,8125,7742,9835,9716,6842,8119,3679,9677,8200,16,2035,7771,9471,8965,4909,7262,7533,7163,8095,7197,8250,6501,5081,17,9952,5148,9620,8104,7942,8677,4478,8787,8529,4941,3986,3865,371,7464,6425,4269,588,6438,2882,5353,5568,2938,757,2411,4973,3880,3862,6196,1419,7292,3236,6484,2047
3192,5414,1361,2747,1447,6167,2953,6797,347,5562,4829,1722,2676,1792,1978,8624,5202,1088,3050,6787,6732,5463,5543,7098,2166,5172,7233,918,4677,884,445,1353,9537,5537,4701,5246,4386,3629,3231,4935,2329,2232,6564,2795,6339,9836,2820,5284,932,3259,8745,6555,4254,4923,3381,7616,7840,6121,3765,6705,1741,6042,4865,5483,3835,7331,3809,8515,4565,9368,692,4168,883,5001,8061,2535,4209,5601,2881,4288,4870,5785,7574,1190,1561,3107,7733,7479,1071,2096,5769,3256,1610,2883,5949,2469,6542,2479,4371,1790
1041,8205,4401,1569,711,8269,6944,2320,2528,29,6634,1693,3291,4959,2370,9319,1349,778,7433,2455,1129,6689,7075,8973,3010,9215,7747,2787,4768,1864,2219,2692,8485,6499,4496,6456,6047,5693,1715,9240,7551,889,5018,8682,8480,9837,9717,7406,4674,3946,9496,7543,25,2009,6391,9464,7544,8553,6132,8090,4653,7227,6998,6905,2875,7625,66,8975,6320,9407,5783,3993,8403,2964,6341,8917,3847,1801,6478,457,6927,5336,6852,1393,7019,5454,5887,9208,728,2227,334,2701,5485,5705,5853,2193,5637,4281,7055,237
2165,952,3245,2259,2955,1364,5622,879,2527,241,212,400,3200,4807,7012,7042,2209,7602,8971,1873,6989,6275,7678,7790,915,4816,4111,1140,7080,3092,7651,4087,7766,4593,1597,8815,7658,6586,3973,9202,3616,1416,6825,7885,4118,9838,9912,7225,2510,1939,9329,5047,1633,2046,6921,8501,8030,5251,5777,2988,7759,7856,7132,8754,2468,7567,4420,9454,5560,9967,5242,8829,6487,5382,8781,8810,267,2314,2187,1968,4094,7864,7943,4916,1914,563,6508,8423,4501,130,7201,1163,6492,3162,8861,1532,6717,7356,5100,118
4322,9125,2030,521,1337,6819,7364,6628,1291,939,6736,1044,2108,6983,7730,9663,6585,7277,8394,4463,103,835,7379,2186,804,6999,8179,6469,3579,5635,7008,2404,9194,6875,2813,971,8154,5212,6062,4580,2669,2435,8277,7566,8263,9839,5365,1779,4570,2409,8633,7226,2804,2904,4588,8596,8142,8288,7015,9138,4174,8569,5713,9293,9256,2079,97,7555,9023,9530,1019,1199,1383,5656,5128,8000,938,8406,1065,984,7054,4027,4752,390,4095,3907,6346,9007,460,1050,6189,694,6060,6104,6963,5892,3935,5574,8948,2419
1886,9410,5450,776,171,8719,3795,3603,846,31,7056,2202,6675,3904,4232,9419,360,9115,7300,7505,829,2027,8513,6553,350,9280,7539,5652,3374,4267,7322,4596,8805,7458,5666,1966,7811,8681,1288,9524,1048,617,8925,8093,5161,9840,4137,4842,7038,5037,8964,8051,223,2833,8273,9547,6367,8928,7439,8237,5186,7067,4585,5954,8267,3513,50,8866,3895,9642,590,1326,1154,7441,8458,1531,3437,5401,4175,3412,5667,3887,4961,1991,8011,4410,7964,9025,686,2619,3696,6183,5591,2725,7525,1623,6395,6439,7319,3240
1862,7247,3001,2310,6074,3787,5475,6053,3171,5028,3407,2422,511,1280,4412,9299,5575,7365,2222,7030,4347,4108,7474,7955,1263,7903,8276,4685,6665,4282,7106,2151,9702,1645,4076,963,5052,6055,544,9360,1646,4673,7822,7195,7385,9841,6371,5822,3503,2497,8846,1079,3677,3665,7160,7787,6270,6116,3179,2911,2477,5085,3419,9614,3247,7133,4511,7825,6482,9246,2177,7183,1228,5335,1477,704,2137,5567,2926,2624,4053,4072,5007,100,6188,2963,8556,4250,1717,828,1845,1426,5312,578,2308,2625,7119,3844,7383,803
3706,9478,4256,234,4153,2565,6814,3596,297,348,7029,1992,4327,6523,8409,8600,4705,8789,9279,7404,3970,116,4882,8384,2673,8833,6820,4506,7884,4131,2848,4776,9515,7202,3364,5175,4618,8079,3662,8487,5436,225,7159,7257,4132,9842,9635,3337,7640,4065,9363,7279,606,1706,7695,9218,7181,7641,7725,8244,7518,4624,8753,8996,9549,2650,144,9098,8121,9968,6001,1269,3672,8231,8220,2199,4358,3520,338,93,8432,295,5496,491,5252,1082,5500,6310,1124,2828,823,6767,1271,3968,5786,4718,6865,6886,3806,3029
1714,9531,4493,2755,1114,1573,8629,3710,2822,559,3177,2797,3801,1568,1373,9161,3160,2207,8607,5521,2268,4139,3428,7194,1119,8820,8631,5750,6545,1437,4165,4743,9774,6546,6594,2247,1107,1137,1389,8386,4314,1806,4550,3218,6646,9843,9435,2644,4668,2661,9371,7611,699,1508,2203,9347,5939,6124,5744,5264,4126,6214,2541,6475,3574,8257,3325,9278,4323,9327,1827,2585,1977,6577,2654,2298,3351,1295,1895,873,6277,7240,6969,2387,6856,4178,6600,7692,644,1540,3743,5626,4129,2127,5990,3032,7619,4057,3103,1321
782,1225,6004,4346,76,8813,3144,1076,6987,45,2100,3996,4655,3877,9153,8977,2575,6296,4569,4583,2526,449,3223,3971,2412,3950,2356,5419,2774,4104,5404,5536,9438,7384,6595,3186,7613,8921,3666,8934,535,7576,8492,2008,7521,9844,6340,3039,6460,4370,9254,4750,6318,2016,7100,9214,8927,7369,4661,5980,6177,8249,5385,9654,6642,3212,377,8353,5389,9969,5846,4687,5261,7245,9474,8289,488,5526,3459,709,8543,6591,9106,4716,7701,4279,9626,2567,245,1246,6142,3691,1285,1649,6806,172,820,2821,6093,3329
6202,9578,897,361,2925,2574,5006,1518,4476,907,5307,2180,1355,1688,3811,8355,5468,2906,6274,2858,1047,2265,5127,8108,911,9399,6468,3434,6894,4431,5712,5137,9195,6702,3205,1703,2711,6486,2630,1544,5441,583,7469,4695,7680,9845,9606,5057,6258,2394,8084,2424,217,4714,7094,7196,6965,7939,3153,6018,7264,6793,8706,9030,6465,2244,19,8887,6608,9294,8494,5797,6187,5992,8073,7350,947,6817,1101,715,4147,2847,2213,2951,4803,308,3087,7049,4169,1909,4845,4317,5486,3871,6333,4948,4676,3800,4578,2935
369,3320,6418,2664,2956,5677,7818,2872,816,134,6923,3751,2189,2194,7390,5541,5691,8478,8950,4911,834,1141,6676,8342,575,3566,3451,5720,6514,5400,5596,7315,9775,4016,2467,2089,5377,9506,5630,9800,145,353,9118,6733,6937,9846,3053,3318,6761,5548,9932,6178,653,413,9331,6530,8642,4991,8655,8464,5041,8786,5661,9128,2778,5525,3274,9727,3414,9970,346,2012,357,7311,8782,3979,2533,2631,5412,740,8970,8937,7043,7478,6888,4723,9627,6050,129,2765,8196,5445,1872,7141,5770,734,2947,7102,9124,3354
2274,6522,2738,5830,6654,2829,7564,4096,1109,7929,6701,975,5540,5758,5724,9580,5804,8356,4898,8579,685,702,9075,1421,69,7714,8625,2093,7063,4443,8667,2372,9209,6870,5649,4887,6631,8881,727,8540,280,7143,9484,5426,1852,9847,8914,7968,8067,199,4473,6224,5764,4769,8469,9103,4480,2652,6331,4918,8604,8301,3323,7286,7171,2484,612,4885,8775,9069,2622,687,344,3985,8508,2663,106,8475,4905,7803,8194,3196,3546,5060,2029,2036,9995,9276,985,1267,8450,169,3668,5828,7191,3678,3126,8324,9107,764
1919,4121,4934,270,520,5614,5869,8630,3963,3770,6742,3290,2367,2354,8107,9648,779,7069,8972,3149,321,495,3429,8025,3991,6198,8411,5215,2584,3568,7669,2507,9522,5249,1786,4466,1316,6895,1248,6930,6569,1756,5517,5812,6473,9848,9429,5741,7610,1952,9078,7426,3632,5930,2067,9255,7926,7940,6162,6450,5897,2967,5273,6248,8847,2862,2516,7580,2632,9591,8958,4562,6823,3768,4530,6941,4353,4715,345,3453,1372,4017,2299,1040,7914,35,4554,6828,4063,977,5840,4306,4041,871,6740,630,4199,4278,6013,1027
4058,4451,3295,1182,6238,912,5623,7110,3502,2509,1541,386,4297,3947,4881,7465,3316,7993,6622,1510,4859,3712,2913,8065,2763,6770,2807,1727,3302,2999,6317,4575,9703,3650,4520,5687,5487,5209,3064,8939,765,4651,1692,1874,2255,9849,9292,3194,2693,1537,8307,6348,7272,1235,2729,7169,6009,3530,2152,5754,5867,1996,5509,6981,8192,6596,2994,3485,5945,9269,5863,4615,5180,4764,1306,862,717,4786,2305,2578,8297,5049,5739,2726,5503,783,2805,4556,3509,2548,1940,5125,3468,3118,3937,1260,1946,4068,3774,1819
1613,6649,3775,3078,2900,6410,6385,6773,3344,2083,1785,1498,1471,4442,3366,6161,4548,7045,7910,4007,3396,1595,2761,6914,1244,2824,3100,2678,57,3478,7413,3881,9583,5383,4179,6715,5071,1661,2074,6210,1318,4318,5279,4660,4720,9850,8419,2937,3555,2449,9020,6408,2366,2260,4107,5446,4978,5589,1668,6641,2698,4802,2614,7287,6877,4654,3276,8182,7134,4527,3093,3978,3134,876,5386,4000,3028,3524,1761,1018,3591,5997,5803,1413,6422,2769,8509,9026,1435,2454,6024,1284,3705,1022,5513,1847,3020,3402,5993,1699
5,3,1,2,4,6,7,316,2378,2111,9015,7079,8771,2547,8736,8991,8495,9695,9074,6598,9481,7013,9437,9755,2215,7595,3549,5292,5043,5821,9597,8610,9776,9271,9391,9335,9413,9796,7530,9801,4985,9354,9805,7749,9301,9851,9913,9720,9923,1781,9933,9684,9941,9325,8641,9179,9945,8980,9237,8779,9394,9486,8554,9205,9947,9590,7417,9953,9618,9971,9992,9501,7184,9316,9993,9005,4177,9625,9457,7449,9689,7683,9645,9646,9994,8960,9996,10000,7419,7032,8557,8696,1201,8146,9284,5950,8759,8947,9732,8023
4345,337,1854,3030,7928,5039,7341,999,3124,4611,7177,2500,2113,3584,7057,8128,6365,8298,9149,6481,6206,372,3343,1279,222,5926,2970,732,4838,4171,8235,3062,9704,1431,3517,9101,7893,7082,5598,7877,318,6075,7577,5959,2206,9852,8974,3155,7031,1558,9678,4977,5736,4201,7663,8729,8148,7453,3267,2131,6922,6085,1737,8482,6497,7880,706,7117,7083,9729,6291,4244,2228,4098,3999,4180,510,7418,5153,1892,8592,1822,6578,4305,1564,4185,8758,9147,587,2002,7306,743,3845,3479,4683,1266,4475,4891,6480,48
496,9467,4531,2005,6225,6112,6612,4852,6143,112,6599,1705,3891,5925,3957,7659,3860,4779,6688,5130,1690,215,2708,8484,200,6166,3901,3899,5458,2734,5935,3014,9523,5726,1093,3606,4051,6390,6063,9428,943,3297,7461,7076,6691,9853,9586,4399,6848,3643,9610,7750,3263,1634,7445,8481,4010,3085,2486,7477,7647,8068,6950,6751,9220,8350,665,9206,4304,9258,7546,4339,5695,6739,5439,8657,3741,2032,2066,232,9317,4397,5280,675,5558,1068,9659,3561,1025,852,3084,5484,2297,2731,4994,4035,959,1596,5710,284
6003,8850,289,4091,1559,5561,7590,6164,4391,474,1936,2696,998,2381,4739,9743,4709,1405,5882,2704,1707,1876,8559,8049,622,8344,1250,4498,2263,2531,5984,2901,7796,3046,6090,2645,5194,2966,5706,7748,856,1957,9235,5381,3920,9854,9718,6298,3047,2429,9476,7916,1369,3187,6547,6207,5285,5908,621,6122,8201,6420,7573,8202,5723,4144,518,7809,4857,9401,8441,4904,7948,6400,4573,6686,3391,8516,4589,1328,6345,3129,7961,3217,2234,4459,5538,7200,533,4090,3137,3536,814,1672,2038,3383,181,6672,8511,2410
2040,5673,1809,1385,8599,8097,7591,9357,82,2908,4133,1252,4202,5528,4119,9744,6913,2060,8545,6753,477,1920,6720,7475,114,9581,9010,5411,8153,4699,7113,4925,8838,4644,3063,923,3208,6386,1907,8533,964,312,9370,6605,3924,9855,2582,6412,7912,146,9679,6884,72,4034,8903,7528,6464,6566,8310,7051,3164,7282,2211,9251,7165,1795,180,8472,8702,9643,1733,1231,892,8259,9072,2612,1000,6906,6648,1594,8868,2224,8908,4745,3515,4359,5827,9091,793,2775,2969,5151,7126,4682,4003,5603,7875,7805,8332,4040
3690,2355,2504,1052,5621,3903,7549,8575,1216,1773,6406,2780,4054,5380,1283,9341,7138,5430,7985,8100,1217,3558,8360,7376,696,9063,3834,2819,6840,2887,5692,5973,9777,5122,1530,809,2596,4293,427,9802,3261,256,8101,2957,8526,9856,8388,970,6834,4912,9934,7414,68,1669,5358,7021,8671,7617,8421,5836,4243,7991,1409,8571,8875,6790,53,9528,7411,9972,652,1472,5192,5832,8221,3146,4311,3902,2023,867,8674,6592,5732,1870,7637,6172,5145,8433,1075,3876,3006,1787,1479,4086,3625,4889,7005,2877,7153,2540
638,3818,3684,548,723,6111,1338,3660,1807,125,1701,2075,3270,2317,5323,5258,3669,1505,8519,2128,2302,3863,4308,7780,3246,4809,3777,2537,2588,2094,8668,4753,8004,2162,6158,4851,7586,6029,4665,8548,3038,257,6118,2844,5902,9857,8705,3435,6678,3929,5465,2800,5743,3233,7579,9508,6076,5020,2018,3828,3939,6500,7982,3069,5894,5555,3988,8635,6249,7852,2499,1774,2179,6915,7922,6992,1745,4438,4458,3348,4711,6671,6855,773,5341,5095,5491,5488,2322,1524,3952,4115,3602,3495,7147,60,5721,4757,8027,2033
8092,9397,747,5946,2637,6470,6719,9381,2278,2945,6115,792,6730,6945,8141,9745,5941,6322,5154,8177,39,428,8709,4783,89,8985,8272,4995,3745,4867,9321,2391,9178,7296,7268,1391,7631,6236,4021,6721,536,1175,9144,6710,5135,9858,8648,8562,8227,137,7568,9046,4915,7813,9441,9722,5991,8765,8348,4296,8714,8967,6926,9060,7634,201,135,5878,9373,9973,4625,352,299,2751,8830,7035,85,7618,8001,3742,9380,3279,6535,4811,2618,3475,7305,9083,900,1002,7388,187,5527,3867,5715,5573,2851,6768,6334,786
1695,2682,3202,5551,43,9174,1029,2250,5817,13,6389,5108,2406,3563,7472,8877,649,1598,2954,980,111,800,3758,7785,567,9412,2928,3734,2216,4536,6204,5580,8580,5435,6138,1659,8872,5565,7496,9012,534,1178,8744,6200,7900,9859,9469,6821,6393,6131,9935,4666,1186,6616,9430,9612,9687,7280,8766,3405,8162,7266,8528,7198,6580,774,1296,8364,2444,9974,3600,3067,2313,7448,9502,8831,2791,8193,1527,6027,9122,4986,8555,4067,8504,5550,9997,6321,3413,1206,7073,1232,4355,2837,4261,253,2960,7711,7881,4547
3500,168,5091,476,4307,8338,3757,3002,1452,965,4419,1820,3345,5563,7024,9253,1566,5271,4038,791,5542,1130,7193,8844,3785,8666,942,3817,1600,3363,3425,3004,9668,4354,5776,7871,305,6563,1631,9602,5142,3675,4868,4667,7270,9860,9345,1560,8347,4731,8726,8120,7407,5250,5232,8147,5655,2457,6548,6980,5080,4066,5697,5874,8069,2133,5571,9267,4240,9070,7288,8174,7802,2949,2568,203,5009,2233,3061,6019,6235,6405,2478,1831,7708,703,8961,8222,3191,2229,6044,5219,1457,1031,7456,249,1145,5885,5532,974
6251,367,7795,5275,556,9388,113,2132,8576,389,3636,1379,541,4713,7206,8036,373,9595,4334,931,1465,310,8520,8791,1798,7391,1429,4406,1550,4432,9421,6130,9599,8199,5294,8816,6810,9584,7434,9803,303,5861,8955,7689,5974,9861,9914,1449,9415,5815,9587,2958,9213,8243,9265,9431,8448,6938,4537,5729,3484,4291,8438,962,9655,2443,4853,9158,664,9975,5183,1254,540,1723,8888,9351,5200,7754,6021,8449,9446,5298,9690,5577,8483,3420,9511,9504,4089,3831,5390,880,1511,1828,8598,239,479,7828,8646,2513
603,714,2112,4866,1174,8678,224,3182,6495,210,4962,1689,961,2493,7482,5082,1925,4262,8737,5564,4735,336,5459,3962,1403,8762,4999,4481,1116,2341,4927,4656,9270,5615,5051,6644,5520,6604,6662,9226,707,1488,7092,7149,7743,9862,5728,2423,6900,2276,9637,2592,7969,6096,7731,9652,5737,4763,7010,6451,2826,2312,7850,2451,8439,7068,7534,2397,5599,9621,4375,4662,1879,2471,3859,8328,4210,4428,2603,4563,8138,2107,7460,602,5733,1335,8946,9123,3423,2662,4152,1685,4056,2522,6681,1104,1660,2362,6579,2277
1089,2102,1036,2855,4778,8157,2594,966,2283,21,3878,4011,731,5978,7854,9420,557,7112,7686,3148,2281,3338,7821,9288,1796,5431,3529,4301,1517,1606,8653,4988,9778,7278,3713,8669,8862,8670,2814,9483,1880,891,3545,6336,5814,9863,9385,1935,3688,2684,8853,2115,140,1776,6606,8412,7758,7462,7302,8322,6947,5256,4449,2742,8649,4535,1648,8473,4260,9976,1440,625,1812,7673,8818,4425,3857,6221,6488,1324,6151,4483,7826,5848,3406,5967,9998,8105,604,1261,2538,6417,2185,3958,7789,2142,6718,6959,8106,812
2705,1214,1750,2783,4176,6328,4657,1933,4383,109,4541,3522,1212,2808,5759,1930,2267,1058,9358,1161,4823,409,6094,9094,2315,3312,1932,2811,7208,4309,4817,3431,9779,4405,3949,3034,4100,7234,3873,8940,2840,2931,4698,6755,4883,9864,9915,5636,6294,4396,9311,6008,863,1354,5304,7691,8401,7545,5366,7115,2801,7737,8055,8732,1496,8886,2064,9268,6477,9551,1961,2899,5449,3535,5755,5113,2827,1333,2459,275,8819,7814,7674,2303,6695,438,7740,8645,650,1825,5003,1851,3399,1239,5133,3460,5799,6668,6582,2581
3756,4036,3298,4019,7011,4848,730,1769,382,149,5492,1803,4116,4238,7213,9162,3059,7325,6799,4949,832,504,5055,4539,4136,6808,1255,3841,5987,1612,5654,4360,9632,6380,6039,7781,2770,3210,4863,9555,1584,3211,7541,5197,7705,9865,7131,5421,7188,4295,9057,4275,7071,2476,6325,9058,6383,6084,3766,4047,5877,3390,6462,2306,9221,4025,5989,7934,1455,9061,1789,669,1375,1376,6286,4722,3417,4744,2024,2296,8045,3803,7675,3799,2014,729,8637,4429,2593,2700,5140,6097,667,4663,5912,341,2300,6065,5982,885
2470,1694,1166,1067,4092,3424,4984,4462,4488,1759,848,1503,3889,4205,3185,6502,1305,976,1341,1450,2408,2798,1177,7604,2345,3959,564,3789,6218,1315,3822,1859,9780,3121,2577,5278,5718,4170,5301,8711,3404,2332,6176,5303,7216,9866,9719,639,5554,2044,6789,5477,6095,5444,5272,9242,6243,5996,4077,5665,1143,5032,4810,8096,7345,3213,4963,8135,3701,9552,8755,6711,5911,5103,6887,5847,3156,3826,3514,3288,2163,6133,3433,3594,6384,3975,8376,7853,3469,1890,4741,2339,3729,1275,4591,1516,1066,4577,2898,1418
3361,5638,2505,3438,6052,5579,91,5850,4193,2897,512,283,1343,5141,4069,5523,3657,5749,5994,2135,5393,700,3909,8722,3836,9249,2057,3819,6430,2656,5604,3661,9781,6061,2849,2336,4135,594,4283,8743,4633,4749,4208,2961,5479,9867,9087,3273,6253,2375,8892,1950,3837,4071,6213,9424,585,4105,5296,4505,5617,1765,3620,7751,2735,5790,5395,5054,7423,9315,8776,5966,6609,3026,6673,4408,3955,4127,304,1034,2709,7723,6827,2472,5399,2158,6444,6126,2985,1775,3488,2382,1734,2587,5282,2746,4538,2330,5177,1007
1626,1729,4479,3074,2683,7520,6186,3170,3416,4384,2344,489,5331,1565,6752,8931,2722,7931,7026,4497,7375,5871,7058,8178,277,7860,196,3342,7468,3255,4659,3455,9705,4899,4155,4613,5157,6576,2205,9672,5160,6324,5763,5068,5834,9868,7405,81,3195,2600,9680,7715,2979,3938,6378,9313,8373,6684,5288,6772,2719,7416,2706,7624,5931,2238,184,9443,6077,9644,6136,8397,6765,1422,7140,2182,1941,3601,5367,552,5685,5972,5522,1168,3900,5977,6939,9008,375,2838,1988,1686,2261,1249,5664,1185,1151,3647,4896,1158
323,9054,1308,2126,448,6113,887,4326,5134,46,6637,2583,5221,2017,5253,6520,647,8708,7173,7603,1640,2550,7178,7349,403,9238,7343,3165,784,1959,6344,4747,9564,3376,3350,3403,7009,7421,4268,9361,546,41,7978,3832,5890,9869,3746,6659,7947,4055,9470,6996,940,3248,8308,5675,8752,4979,927,5442,7244,7052,4919,2753,8031,2495,595,7971,7761,9622,4942,5289,1138,3723,8959,4931,3015,6108,5042,4818,7788,4648,7906,2088,6756,2606,6610,6897,2465,4142,7351,6758,4765,1381,5888,5627,6306,3698,5035,1270
2879,9692,396,1628,437,7924,7952,7575,4849,87,6857,2710,4837,2843,5631,9664,5628,1998,7252,4640,124,508,8209,8897,853,9758,8647,2270,3487,4700,8531,5452,9343,5585,2456,3452,8924,8283,7459,9422,1155,1578,8612,8352,7130,9870,9558,5092,6413,4125,9423,8748,434,1011,8255,9442,8016,6220,7717,5286,7281,8570,9378,5025,6010,1519,186,9688,5077,9977,9187,2716,8020,6961,8636,8041,1370,6763,1621,513,8757,6928,7890,744,7172,6023,4376,3533,509,609,802,6064,6558,4601,5676,2889,902,2591,7563,1581
4914,4997,906,3311,8313,708,4798,1834,5864,364,3825,2386,4447,4231,2916,7944,3178,3145,8075,1220,4064,5533,6067,8460,3879,4607,405,2170,4215,655,4310,2248,9649,2191,4507,5883,3940,6709,4039,3114,3393,1758,6677,3519,4490,9871,9916,3788,5347,1713,6872,2256,246,6091,5640,3638,6302,1548,6058,6812,1478,5198,3886,8935,8583,83,4368,6864,3076,7706,8867,3883,6068,6230,7190,8136,3284,5015,2623,2042,8074,5896,7402,3588,5169,2542,1433,3446,2428,1983,2639,6102,5612,3238,4983,3753,1743,2980,5607,2679
2264,9593,1599,4921,1489,4398,4467,8098,780,3736,3443,3172,7819,4224,7457,9460,6994,8895,2285,8416,3065,1619,8687,9404,3885,9521,2962,526,1602,1253,7400,4953,9782,5346,5173,8225,528,8900,161,5097,3687,3122,9494,7531,5217,9872,5178,4558,1735,5263,9497,7070,2555,5195,8551,9266,9355,7990,8471,6854,3090,6871,393,8375,953,4484,5448,9274,8750,9978,954,7722,4146,2690,2153,1357,1922,2338,3166,5820,8156,7793,7335,150,4804,5904,8734,8415,3760,1038,4606,755,6916,166,7127,4675,2118,6741,6066,14
2556,9693,1039,155,607,2626,8314,3243,1545,189,5934,3043,6940,910,8539,9594,7249,5515,8197,5396,1211,1748,7085,9369,5364,9536,8521,392,7757,4013,7295,6869,9482,4964,6638,2026,7354,4207,6175,5397,6007,480,4194,6960,4785,9873,9393,309,8184,2649,8563,3582,332,3036,8654,9314,7894,3719,5378,6909,7783,6948,7116,8212,6878,2365,1078,8858,7791,9979,7863,5348,6836,7334,6300,8032,3458,3821,258,165,6081,4286,6943,411,4812,3013,8735,3136,269,2116,4316,4287,6901,2589,7694,1592,8584,2496,7870,3888
888,5171,2666,3709,351,5569,2793,5809,1344,6223,5684,2842,4932,1915,4567,7128,4831,5268,9320,6046,1001,1767,2446,8343,314,8003,2045,4452,5244,3066,7945,4880,9633,3313,3027,1901,5610,6056,5053,9603,2208,5204,7688,6193,4748,9874,6647,2830,2740,3365,9088,6830,108,4843,1494,9185,8420,6809,4929,4114,5559,7440,5287,8661,5606,2685,202,9640,6049,9374,3776,5254,7949,3915,7095,7210,1763,4789,2155,827,8593,6519,6791,2342,6581,5473,9297,2876,746,2462,164,6409,4712,3081,1139,2902,1113,1483,5027,2878
5231,4434,3534,2480,1189,4724,2351,754,859,95,6777,2210,3612,817,6144,9665,562,1523,2739,7348,4113,2145,5576,1639,1762,8953,8345,684,1611,2400,1982,1753,9783,2363,4357,4253,5800,3781,1800,9033,1490,4733,6381,6211,4274,9875,6398,1407,6119,2627,7698,2806,1070,6355,7588,7522,7772,4103,7330,6399,6283,7395,2212,8363,9048,7378,3894,8684,8149,7503,4940,4160,3117,4597,8618,5456,1653,4832,4162,4971,8644,8169,7975,2377,5578,924,5344,5407,4242,1017,3201,4791,1654,4772,6729,1509,5838,5645,6510,886
3510,9660,6028,1906,7314,1023,7810,3792,6427,2695,177,2681,2125,6071,7865,8271,2715,6846,3347,5968,3578,1454,4886,988,632,9462,9150,205,6714,3700,2475,3639,7337,2762,3250,8050,7861,6159,6471,9217,142,3927,9085,3703,1642,9876,8623,2668,6882,266,2350,2173,3740,1976,8159,5953,8774,3983,6526,1183,6670,7409,3882,7606,8056,6982,770,8922,8258,9473,3353,5163,4437,6374,7004,8070,402,7470,2520,2416,9296,8081,8359,2519,5311,597,7976,7151,5087,260,5290,1417,2401,3752,3280,4958,3569,6435,8057,1436
2794,9447,2560,242,4529,2890,6463,705,5013,273,8047,3079,4102,2240,5170,9562,7661,7483,8234,6316,6411,2432,2677,1913,1227,9108,7344,34,6168,4824,8978,5609,9784,3056,4508,9199,8880,8038,4690,9310,925,2150,7937,8821,2610,9877,8827,7786,6424,637,6738,1861,136,1083,8893,5014,8527,5339,7774,1985,8746,5422,4526,3436,8488,8857,2674,8390,4706,9392,2675,6498,2058,8507,9042,4993,1229,8286,5356,418,6505,4638,9518,216,6182,3667,3161,6012,3724,2003,626,1986,4392,1501,1908,3773,6127,6401,7830,1947
3608,8366,634,635,2703,5245,7764,726,2580,219,7935,2059,6240,3581,7374,8890,7466,7593,7756,3378,2724,2688,5856,899,1390,9164,3224,8,761,1958,8316,4112,9785,1585,5952,8446,8993,5138,3914,6861,579,1676,8292,5936,3206,9878,8118,6669,2448,1209,8840,1647,159,4365,8405,4796,6849,4873,7104,2176,8052,6363,2576,6289,9036,3556,5206,9455,4342,8936,4960,4409,4450,1963,8650,6892,2269,6250,4059,5104,5572,3626,9006,914,6278,5030,4801,5663,4559,2395,1404,5299,6976,878,7347,3215,5065,4561,5105,3717
1614,4143,2262,6137,214,7755,4251,821,6516,22,8241,4495,3158,919,8490,9382,2120,1277,6593,2545,752,993,7162,9628,3997,8114,2427,327,5420,4426,8435,5762,9669,4233,3576,3189,8689,7490,3954,9556,1899,3346,7596,7622,8102,9879,9917,7099,8357,2521,9330,8728,233,1063,8807,8994,8785,5461,8634,7275,7887,7559,8044,7998,7760,2492,324,8848,5005,9980,9466,7792,9416,8457,9052,3583,4445,7386,1865,354,8239,7218,9090,429,8414,2078,6805,3086,735,3440,2062,7627,6620,1157,7229,298,666,4649,7293,4595
2254,1937,2156,1223,1962,6446,5570,340,4636,107,1556,1529,1309,3292,7294,8253,1630,7473,8984,4632,3505,6829,5203,9383,5534,2718,2434,3790,1981,3389,3624,2553,8491,8131,7046,6360,6640,8005,7767,9711,2130,890,9337,6936,5937,9880,9451,6833,6658,658,9568,3598,718,5143,6587,8295,8161,6660,3704,8396,4106,8172,8266,9040,4805,8369,3077,6804,6679,9981,7672,7003,8809,7664,6231,8574,1570,4679,6932,404,7355,7548,5428,4515,2034,2385,9459,987,799,507,5257,5595,641,3094,6515,55,455,7152,7373,1236
801,582,1754,6035,4643,8377,3471,1691,5647,532,8660,1013,4500,5947,8679,3462,1905,7561,8585,1835,7084,777,2854,3554,1281,2237,1955,1815,2466,3854,2309,3439,9706,7326,6079,8986,9344,6128,4955,9804,211,5632,6402,5205,5807,9881,9127,3617,1461,3874,9364,2481,4602,1074,8325,9338,5566,7427,5325,4860,4754,8054,6414,9571,1757,8430,982,9444,7118,9623,6518,6590,6680,1198,9510,5387,240,751,4474,167,8233,7078,3646,8302,7869,4982,7524,6379,416,3271,5795,6837,1221,5497,7775,397,3168,7158,8034,3589
2544,9736,6396,320,2048,2817,9132,7248,788,1148,6782,3611,5634,5810,5408,9232,7309,9479,9141,6054,1045,2031,6698,4584,826,9076,8626,2870,6953,1928,4952,7301,9786,5586,4489,2291,7989,9708,4221,8335,1708,565,8428,9136,7328,9882,1073,459,3526,3060,9003,9264,566,620,4957,8988,8236,8981,3586,9022,2272,7360,2727,9096,5618,3019,869,8238,7569,9982,517,1126,586,8496,8916,2294,156,5858,5078,844,8330,8537,9403,4324,8869,6775,9554,6757,56,1710,1778,6539,4906,4555,6088,2942,7763,2792,8082,2324
2413,6713,2241,4494,63,5906,7357,5402,2680,1406,6233,2839,3630,2993,5184,9666,1553,8275,6311,5109,1724,355,3750,8739,4206,5074,6764,1625,1428,2489,7839,3011,9056,6476,3550,3303,3642,4888,2418,4736,4956,5302,6338,6330,4587,9883,9673,2977,8133,3685,9236,7039,3846,122,5191,9243,7408,7243,5506,6955,7174,6227,5152,6107,8440,1415,928,9379,6421,9295,8590,5557,7157,3450,7874,5116,903,2558,592,722,6617,5955,7739,978,2772,1629,8007,9000,661,1123,930,4099,2933,1512,7318,2139,5658,1035,3728,3289
1120,4390,3933,530,3340,2049,7494,2399,1086,1164,3511,4411,4032,2236,9031,9746,5760,2924,6759,3142,2856,464,6990,9493,4218,9116,7899,574,7911,5725,7122,6280,9787,4989,2487,4902,3892,3227,5185,9002,7180,1902,7662,6228,6361,9884,9674,1051,6883,3106,9569,7124,808,627,8294,9339,8730,6080,8627,7263,5768,3802,5651,5379,3870,5698,670,9954,5490,9624,8542,7289,7682,5236,6332,6232,6683,2573,12,26,3695,4790,5059,254,6907,288,7666,6020,493,2667,3571,4460,5963,4734,8538,805,6110,5779,8215,4879
6621,6511,8088,6708,1459,8911,8659,8912,7838,3306,3631,300,3275,5608,8261,9747,3327,6032,7366,1943,182,230,9182,7721,3150,5106,7168,1444,1797,6924,9449,4504,9788,5156,1970,8723,1204,9017,748,8180,2483,9018,9541,9086,5681,9885,9675,3780,5089,5868,9936,7093,9034,3109,9157,9685,9039,9013,9348,2745,8466,6403,9111,9227,7017,833,1607,9617,3864,9983,9456,4388,9349,3491,2010,688,2071,6813,545,2430,5211,6295,5956,444,6349,662,9592,8140,1728,141,8145,1072,6479,395,7638,325,1371,7066,3683,70
4005,6494,151,5283,577,8151,3252,7089,1274,2986,4522,2760,4134,1304,5362,8129,426,4579,2245,5050,3055,3040,6724,9001,2530,7155,4198,2091,1008,1526,5711,1860,9789,6431,5752,5753,5545,9109,6160,9117,3101,2597,8691,4581,8132,9886,5553,4157,5079,5262,9272,5354,7844,5179,4627,8836,7507,3398,6661,2001,4272,1514,7145,9129,4159,2990,6527,8715,619,8615,9207,5879,8358,1026,7719,8777,4163,2720,3987,38,1515,5805,8675,1367,2816,2141,9230,7702,4343,2743,7036,539,1265,1700,6426,2371,1453,3108,7246,378
1401,296,4290,5924,71,7668,525,1243,1579,178,850,1069,3553,6354,7657,8949,1884,4340,7207,2388,3489,1286,1300,8920,5535,5415,1832,3708,2758,1749,8688,3670,9538,7670,6192,8742,2523,7333,2809,9712,4329,8060,8632,2286,7381,9887,9485,3242,7980,4302,9346,470,8447,1849,7904,9653,3974,5518,5909,5891,5469,5433,4669,5602,9656,8076,6404,9104,1904,9575,9145,9171,9260,8536,8203,2616,5819,6942,1359,5021,7572,1382,3830,363,7728,5642,8398,8252,4758,2865,7693,4974,3154,710,6123,11,2242,6148,6045,3369
893,8452,4192,1984,830,4029,6601,6467,5747,471,3335,3730,3796,4907,7973,4225,4574,4470,7232,5700,2290,4403,7585,8567,681,7342,6946,5118,5519,3045,3981,3992,8826,4266,1868,4560,3449,1003,5328,9516,1438,1554,5295,2846,6212,9888,5970,243,6843,4299,9477,2721,1638,3052,6299,8103,3352,5672,3457,6931,1567,5944,5971,1829,4510,5063,1882,8456,7340,9657,4751,7681,3005,2978,8187,8329,2196,5823,5274,515,8144,3989,6958,767,4184,3175,9082,1368,1205,787,1808,5322,1736,2559,5011,1609,4189,1055,7684,2168
3388,9737,4006,33,1731,1105,2337,6655,2311,1469,8190,673,3923,6746,8111,9492,2659,9092,5918,7214,6908,4549,6217,8444,3301,9630,6351,5659,6754,1772,5751,4703,9707,6537,317,8505,3928,5929,1346,9540,4363,2894,4273,5727,4211,9889,9918,3112,7832,4088,9365,4203,3931,3467,2316,9723,9021,6978,9250,2109,6208,7396,6106,5794,7317,2749,9,8245,9113,7999,9500,8122,1485,4878,6573,8860,1726,3551,2453,1557,1783,3031,1641,121,7962,741,1441,4236,4237,3058,1468,922,1317,5644,8165,3848,5136,6098,3538,960
4130,9738,5326,1191,1521,3725,4944,9318,27,1824,5757,1238,2225,7629,4782,9748,3304,9175,7607,8367,951,268,8761,7765,163,9216,8522,6015,5774,6657,5460,5489,9634,6603,2803,1948,8410,5112,3585,9525,813,435,8773,2790,9137,9890,2959,3370,9166,2117,9937,8043,645,1218,4097,9943,8731,7552,4691,9509,5943,7221,1900,9548,9948,3430,568,8976,4183,9984,656,443,1016,8155,9073,6694,1456,8323,1293,660,5824,2946,7304,5124,4626,2373,9261,9159,482,5413,4707,6550,5900,6002,4975,2831,2564,4892,9181,3565
6273,9398,6184,264,335,7363,8013,5220,3249,1150,5722,2226,6561,3152,8518,9563,3557,1334,9300,8254,52,414,8455,8698,4381,6041,5893,2171,5875,5101,8932,3840,8486,8058,4856,4433,3463,4900,6889,7148,5502,1877,9241,6195,6734,9891,9607,6532,8009,4936,9681,7716,58,558,8568,9944,8995,3755,7265,5985,9028,5076,9029,8664,8564,1193,20,9245,5098,9730,8616,2941,9089,8285,8474,5916,3174,6957,864,1340,4514,3814,8381,384,7746,2569,8183,5504,1362,430,2353,3293,5073,4219,3048,42,2307,6153,4694,1213
139,3387,4049,1591,1848,7712,3807,8024,4775,6376,3229,1967,5276,2072,6656,8803,555,1473,7831,6146,7219,2063,2441,7514,2818,9234,1208,5653,6377,1857,5689,1739,9565,5530,2867,8400,1028,4414,5363,7995,5260,5224,2007,4422,3718,9892,9526,4760,3379,3367,9004,3754,795,3476,7415,9589,6565,6979,6433,2786,1974,6125,5391,7598,6284,3465,1846,8915,7843,8150,5355,3258,950,2463,1520,4598,3749,5214,4060,3266,6911,2346,6933,2273,7963,1918,3980,8022,2101,1394,1837,841,790,3966,1090,4073,6031,4362,6281,319
6197,7513,4037,4148,3496,6964,7592,3023,6089,285,6205,537,2025,4123,9248,9749,3049,7299,5511,2053,104,80,7242,1965,2880,7898,6858,1927,6397,5208,9134,4477,9790,4692,659,5166,4732,8690,3674,9291,4156,1292,7956,6423,8561,9893,9544,5801,6750,3893,9682,7000,3392,1004,8210,9613,8552,7905,2764,7744,8217,4332,7377,8982,9037,1458,596,9105,5714,6584,8230,446,5359,3634,3173,6551,1818,7166,1030,553,5625,7442,8795,1111,7492,2464,9131,5017,600,725,2511,2123,5668,2204,7667,992,4270,5481,6051,421
4664,6485,6722,6070,2601,8393,8550,8913,7048,1384,4533,794,4650,5811,9140,9750,3480,3943,8112,436,330,190,7703,3858,1910,8461,4186,2782,5114,2552,9190,4471,9791,7451,838,7782,2498,6268,1294,8059,1200,8226,9542,7807,8361,9894,9919,5650,9045,2051,9938,7001,8740,3133,8284,9724,9035,8300,8942,3470,8506,6896,8905,9487,6781,986,1658,9955,3135,8999,8876,5372,9328,8026,1470,843,1118,8296,64,424,5976,6557,9418,654,6744,1656,9691,8164,1942,262,6489,2517,6559,519,8658,492,1420,5613,5624,236
1272,9739,6000,1060,2279,3362,6375,5207,3018,1664,7650,2874,2502,680,5529,9751,2973,2604,8198,4557,292,2474,6329,8992,4226,8792,9095,1618,6859,3075,8417,5096,9566,5787,1084,7129,9336,8395,4417,8207,7316,1794,4285,6920,7501,9895,9920,4641,6083,3827,9372,7917,90,490,6607,9570,8966,5102,6503,8143,5398,7371,9014,5662,6352,3394,36,9550,7696,9402,8906,5064,8656,7867,9053,6356,858,7707,1149,96,7738,7491,7450,425,7983,1716,2836,7146,763,32,138,6968,2398,4263,6163,2090,8769,5026,5716,3314
5121,8919,3715,3707,6364,8029,4604,6845,5880,7033,6415,502,5345,1167,8339,9376,4725,628,2919,3341,160,1241,1491,5083,2331,7014,3239,3726,3793,901,2172,4436,9670,4855,5394,9077,9156,7614,989,5969,6269,4188,7938,7107,5199,9896,9636,2087,6135,1099,8109,5269,8676,7040,2689,9452,7236,4469,2665,3464,7370,6567,3073,9356,6368,554,5619,6309,6026,9553,7570,3286,5784,1242,7424,7636,569,6272,1397,5255,8945,6022,8733,1194,7600,4380,6549,8990,5321,67,1543,957,452,616,4965,2358,6265,3896,1684,895
1262,4551,3543,1994,576,6512,5505,2327,955,197,7550,2691,2620,4061,5870,9534,6540,3528,9448,5914,503,819,6072,8704,543,9596,3575,3096,2873,5735,8814,7562,8839,7137,5088,2859,8873,5024,5788,6432,2767,252,9281,7443,9019,9897,5019,3613,9102,4468,9638,9065,132,2195,9312,8134,8957,7920,5767,8904,8265,8828,7726,9472,8535,453,379,9488,3587,9985,2825,1709,1666,9307,9408,8783,917,7612,1325,278,8802,7950,7430,2221,7096,2651,8938,4008,458,3377,7167,3294,1572,7212,5306,439,3357,4642,6611,4987
1091,571,5923,524,7779,3516,2921,6288,365,7097,538,956,1844,6203,7111,9513,4248,7358,6157,815,4670,3761,8778,9359,2646,8870,1830,5717,8083,1867,6630,4671,9792,6194,3322,7338,226,7609,3083,9713,2546,4404,9210,3658,6139,9898,7812,549,8264,3764,8727,3671,771,1680,7486,5447,8278,4893,1538,4235,3380,8694,6973,8865,6387,5176,3977,8998,8929,9986,4821,7753,5839,2950,2081,208,4717,5297,5986,5164,6588,2641,7700,1924,8382,6552,3925,9231,1181,4594,4920,624,5756,463,8812,1350,412,7897,8189,2252
1507,2086,1451,3095,614,4190,3315,1747,7230,78,7205,2052,3254,1826,8340,7855,2271,385,3812,716,551,1336,6073,9629,1960,6513,1307,5182,6297,3082,8639,3595,7114,6524,6276,2020,8380,7632,7565,7557,2198,2633,7516,7209,8094,9899,9921,5660,8293,3474,9939,7532,170,4315,8160,8502,7918,5090,4031,3829,7303,7251,7960,9097,5478,2223,28,9222,6140,9987,8279,6643,8780,7635,9350,6150,5187,4486,4158,818,8907,5962,8407,1110,8086,2515,3763,4797,2037,2534,4230,7088,4609,678,4827,663,1240,4854,6687,3330
1171,4149,2433,3283,5158,2438,5917,2918,4223,3397,3253,1313,2788,4074,6358,8379,2287,7139,5314,756,5780,3373,2360,7608,1377,4341,2110,2835,4252,920,5499,4784,9793,2374,4540,4423,1234,5281,2728,7060,2197,5965,4766,4415,2561,9900,9212,2147,4710,2917,8863,5139,7957,4545,3604,9059,2572,5738,874,1122,1092,4894,4840,7372,6290,4023,4614,9041,2864,9658,5094,3159,1817,2655,6201,5928,2174,5316,3994,4247,5434,4518,6237,3592,5305,3199,5002,1916,2503,1576,4631,3783,1885,376,2524,2712,1320,2996,6614,1673
560,465,3735,5620,4456,6544,4430,451,7192,456,8071,2895,690,5067,7241,8130,1771,4910,9411,302,7367,6173,6788,9389,5494,1432,1062,3759,8306,5315,6984,4592,9794,1620,3359,7540,7059,8933,5881,9651,1547,861,5508,8603,5781,9901,9922,5416,8700,2892,9940,6525,733,1979,7872,7435,8368,4491,1226,8465,8208,8874,6891,8402,2214,8311,4637,8969,7727,9988,9139,9121,9334,6685,9043,5837,3057,1949,5981,450,7868,5427,6912,7105,3222,359,8408,1482,1287,840,7794,6818,287,5267,9152,30,1651,6254,7882,514
1233,642,3308,5368,1704,7044,4930,1259,2893,188,7481,3071,3573,5342,7621,5117,1408,8703,8247,749,1843,1589,2744,8514,2442,1237,898,3091,6247,4815,6554,4835,9795,3225,4227,7285,5031,8882,7704,9714,154,1303,5605,5694,6382,9902,9527,5000,5876,1005,9611,4996,1310,643,7310,9186,7517,6099,7298,8628,7981,8437,7823,8572,3782,6667,2860,5782,2114,9989,1575,4141,2295,7312,7238,8188,3747,4635,7239,1718,7927,6528,6735,3823,5406,1883,9247,2539,126,2334,7827,5466,2275,6087,6952,261,671,7480,8176,2349
3767,8594,3659,328,326,1951,6807,5238,1245,750,4875,1730,3833,2781,5409,7006,3116,7538,8399,1332,6436,1192,3328,5771,3138,7476,8152,175,3913,2239,4374,3711,9183,4187,5193,3676,1898,4257,4872,4672,2146,6312,7797,3945,4407,9903,9495,1443,6170,4109,8835,5384,6120,753,3784,7422,6774,6443,5960,4646,5979,5611,6179,6707,8943,4196,484,8040,5317,9071,5690,6572,3287,5110,6778,7203,1486,4161,1196,1289,3035,4172,3371,497,3961,4044,7267,6589,934,2144,1696,3012,2896,4590,6466,2178,6493,2508,6350,2230
2549,3936,2915,466,2976,1442,4524,3559,4833,2458,1475,2713,1881,3560,6747,7403,3321,4767,3272,4729,3384,3442,3349,8170,1850,8699,8248,1989,5188,2076,3593,3842,7630,2011,3490,5884,3410,3512,2326,8797,1525,6016,6881,5333,1923,9904,9545,3008,5546,2812,461,6219,5915,4509,5075,8080,6727,1858,4864,2759,1481,5708,5633,2944,7509,5248,4756,7237,1956,9259,6086,7888,6369,5237,6394,7547,1144,1971,3990,3861,1134,6314,5119,3960,6951,1195,7584,2149,3230,1425,2318,4792,1302,4145,2383,2015,1593,1322,4255,1363
3552,9740,2393,133,1464,2671,7883,6723,368,238,8048,4502,2777,6440,8426,9752,5629,9461,9163,7253,1147,153,8113,8891,909,9759,9239,3044,6323,6301,3497,7777,9384,6860,2284,2192,9032,8418,5159,8793,1127,86,8834,7966,8587,9905,4542,1136,8901,5835,9683,9027,674,1674,7329,9686,8470,8989,7959,7835,7652,8274,6101,8389,7671,3375,162,9956,6822,9990,1869,1299,3527,8617,5704,8204,3956,5657,220,281,5731,1802,7397,286,6531,2154,8718,8606,272,1624,4895,7655,4519,6653,7896,2707,3727,5905,9099,2975
