-4.81974159418692	4.78266208125087
-25.4935516154342	25.664960482081
-35.9601974646779	36.1657884006446
-33.5365945772179	33.6845281907188
-11.1618846651182	11.1647977135412
-37.5985942783398	37.7261298124741
-41.8034228130693	41.9919888547324
-31.3684182782981	31.6795936354016
-24.2493054973468	24.2943687978198
-14.2021508386966	14.3060246344748
-6.90750535960701	6.88540503538317
-4.87305380918775	4.84850000157594
-37.8774390368954	38.0427419223162
-42.7871440070957	42.9411066811549
-6.41136968383821	6.40076468505046
-9.48484151055868	9.43131184373479
-42.6316942359993	42.7808263380903
-4.70562440178183	4.68929017343901
-42.1084663595947	42.2478337250328
-6.10017711628266	6.03745549987127
-41.4533525475715	41.617889852387
-5.69496643452367	5.72519285918305
-2.47008480572675	2.45398515522571
-41.4106114826922	41.5955304170931
-42.9682493913549	43.1213273227455
-42.5716294314935	42.7167151833391
-5.33989676609939	5.32299561189748
-40.4843870218678	40.6558372901854
-35.1307516370539	35.3562114346413
-9.10948839415778	9.14190125086697
-42.8325782448271	42.9838742624487
-2.99127477850138	3.00488504739774
-42.3745604917481	42.5156987602612
-41.8193310955479	41.9690323538676
-1.64869643748085	1.65241260549931
-38.3972498593162	38.5498797324869
-40.406070139527	40.5795997605085
-28.4009770064495	28.4899407016089
-32.0063410350814	32.146845878389
-42.1770805018622	42.3325140463586
-8.91478868638574	8.96002749410508
-0.507480522236185	0.501657943799992
-9.24623543821416	9.24188763104239
-35.3486478401245	35.5139867581479
-42.4626125324363	42.6184957653381
-39.5080907307147	39.6560684174695
-34.4709974818848	34.5960414126141
-39.6590118474555	39.783803137333
-42.5443110063877	42.6804573502528
-36.4550956730076	36.5941055359295
-36.330089824739	36.4059227387087
-4.43599237817532	4.42484296999795
-33.9231844044123	34.0925529130605
-39.1529045905974	39.3178120898094
-21.5728937833387	21.698431337445
-40.4713569237791	40.6423765543228
-2.00800188726627	1.99770898377782
-34.0260407227006	34.1435302651762
-39.4399980334713	39.6274083163274
-6.61727181426759	6.61614173908261
-40.8824772788679	41.0459699173385
-28.1314244226441	28.2472523329993
-35.415523382043	35.6150069991441
-35.5281701487911	35.6382314335552
-1.84388566005702	1.85536953838007
-42.7011467823538	42.8489482974635
-33.8144197874683	33.9491942556012
-1.04969837893303	1.0452251232807
-41.2688728853454	41.438236385498
-38.5991621846772	38.7514337593065
-5.64656615311764	5.61259057449325
-40.2803600965406	40.4506545268264
-27.6467349354144	27.7822759108781
-38.2118496999847	38.3341794525806
-42.3328692970928	42.4919197769573
-40.9898763037607	41.1323913197711
-5.55195778401369	5.53716005074234
-3.78050245383977	3.78393711141989
-1.28339955052095	1.28285269644515
-42.5314598313829	42.6766115008493
-39.7613421706775	39.9079587803033
-34.1751854296111	34.2438825791237
-42.0486499152361	42.1768992181232
-9.12673335863513	9.1868864687037
-14.9309370316798	14.9857230451495
-41.6166897333229	41.7850535273247
-39.848577214016	40.0154360043185
-7.42398864138337	7.42713404008866
-41.7379692069198	41.89116534751
-3.81908414768079	3.81453029737797
-7.3328479888695	7.32291044557639
-42.535357565628	42.6871804190692
-1.22365170334003	1.22256918501989
-5.36427903961312	5.37349281454666
-1.82976688517243	1.83132610624938
-22.732772160773	22.8039250391675
-42.1679459742026	42.3184067927155
-2.70609093476291	2.69887398218261
-39.403927979675	39.5859523241878
-39.8549965140746	40.0326898926227
