0.315176232284661	0.153992296190986
0.24151902283274	0.114158948854487
0.581193269852479	0.283659226543632
0.255898403292744	0.193327132075873
0.149872290072448	0.0592012557593424
0.61471338681875	0.290409619170488
0.521901353847662	0.247441512425617
0.355546454693796	0.191344229702822
0.506986900102753	0.304083784584873
0.182571045058695	0.114361161469957
0.300407991845097	0.167884059732735
0.213813758012957	0.0932206336038739
0.229985567284035	0.113794116496187
0.280269312918148	0.161526748804097
0.165026219228199	0.0994599189837448
0.223211103366559	0.129915615332275
0.529003680140391	0.268344915107848
0.316368274015496	0.141676616553698
0.429681168859887	0.197860104196977
0.301576906048198	0.207760148714404
0.269246573645418	0.109823943043868
0.19292532755553	0.121122605942849
0.324660255254921	0.218245584009809
0.416164310595275	0.209653412263458
0.48316323115468	0.283347441727736
0.583516870144769	0.279384737387377
0.329787418170857	0.153966189176967
0.471268255761105	0.242585543645324
0.126051335034979	0.0564192970360176
0.0780144980216253	0.013807455860655
0.366068083363369	0.142514038313715
0.371878097222047	0.183325788990513
0.661679483241527	0.323133577241048
0.318984769108381	0.148764426181943
0.189735789881816	0.100688818277989
0.167609079220289	0.125160595060275
0.615774674176595	0.2936044226407
0.0155604670597326	0.0209976631841263
0.641899175970441	0.317324335228653
0.202247320272277	0.119120193052793
0.542641733675284	0.316000467186912
0.0938101512458617	0.0405883082853354
0.426541247417353	0.257522641514631
0.037883671788203	0.0232154535327962
0.142816600035585	0.056600198559302
0.61863402650161	0.313603539632606
0.336437988988363	0.147299248157003
0.173875357179847	0.101711427193339
0.454454699268968	0.225779444363933
0.560181923753633	0.240922726523095
0.140389763025537	0.0758812814063709
0.580066403084584	0.291916881531595
0.449266479666526	0.198789076139767
0.390435710081266	0.205574611440833
0.539023669321096	0.291162575610381
0.441189895549569	0.247995953314384
0.223680029988229	0.0891461937933414
0.142655152004693	0.0362050359341341
0.0453537254429192	0.0233846868206308
0.518584983256275	0.294865228452014
0.139748269173232	0.0378408194590078
0.178808300712397	0.0639341559903632
0.247645489750644	0.143171059738
0.45056267129177	0.224639744719043
0.204050451999775	0.0964529865916681
0.446479988757885	0.250991973962541
0.125346185044601	0.0343291207056742
0.0250768682934274	0.0500811263586605
0.240902377331745	0.126509013669536
0.117032709407767	0.0404008134901903
0.713111265076665	0.295700784373971
0.214618312481427	0.134815467942639
0.264204668827856	0.103488171406328
0.0199577167011902	0.0302835556523369
0.361572064481611	0.185593513861756
0.146467957478384	0.0447741517678983
0.551482190895803	0.277514241256722
0.508903768110694	0.22243416960558
0.165385925219996	0.127493549103383
0.261899718460876	0.175785672150836
0.407933487094397	0.184091496274159
0.315629883816254	0.122453356957101
0.594379874962549	0.316081746286737
0.169883189051955	0.050799468465827
0.550512369335913	0.214847975769522
0.539335697594171	0.238869767471306
0.329582262623182	0.0485400718576409
0.379738455989657	0.256690562027422
0.151321935451446	0.0617881701900385
0.687928070852914	0.296554451739311
0.409559632694023	0.288995028288124
0.545922581264494	0.310522760316775
0.0507099837702907	0.0274224344699412
0.490471751671788	0.244809492898951
0.0480163707703389	0.0364766884167811
0.496485280987504	0.25221011308412
0.415595847512324	0.243009496410288
0.385465576322803	0.288973065274339
0.00171704830935361	0.025830852923533
0.586715932625008	0.270108246177017
