-1.37393211844287	1.66466718012384
-1.37785121732098	1.7373591688977
-1.00612799004912	1.22732379529487
-1.45928897492568	1.82131052605949
-0.65383152163896	0.734093894657761
-0.831421387257428	0.962429181328815
-0.0223363335827212	0.0300833395133561
-0.521970946271721	0.642445506775905
-0.0575822830716371	0.060056855445181
-0.898156294525173	1.21644117284882
-0.283955725154536	0.317075349345724
-0.450468538238801	0.520453829177851
-1.63043401080162	1.94994234821164
-0.998627016689622	1.21319222774049
-0.115451026773672	0.135988042253736
-0.0890052467435673	0.125904490574327
-1.34838297432969	1.65712903118902
-1.23207984839307	1.52286624439308
-1.30457643369756	1.66093826774996
-1.37046811621172	1.67601351786827
-0.38772370414771	0.415697213710851
-1.24192248373684	1.57733255729593
-0.322889343795663	0.305522819381506
-1.14192991789807	1.47873299426526
-0.981022706264979	1.29291092512053
-1.49762756615541	1.83819560267425
-1.28847149770785	1.62009858646411
-0.474394095730269	0.488715659932662
-1.46879941304959	1.78653165761391
-0.393405383467845	0.441034775863007
-0.992336058512103	1.45001344449154
-0.249179763757468	0.225367229057949
-1.53295223907371	1.80275461404752
-0.507976550892059	0.620059560168243
-0.980398599301684	1.17744361810634
-1.09525867974497	1.39939797601315
-0.510922836453652	0.552507752909995
-1.36636043905736	1.66062852665105
-1.38766160865102	1.70361843192255
-1.53199609357093	1.8669817819869
-0.859923641880058	1.12384408347808
-0.077360067132117	0.103877982159907
-0.145989820759735	0.183029169729959
-1.56134890296288	1.85911679431514
-1.32926638181353	1.58446614704792
-1.49274735647789	1.7829506582938
-1.39019360947696	1.76953552351613
-0.367415724075296	0.425309636687085
-0.484824972534343	0.457343397606637
-0.674339695798751	0.624132565153835
-1.52750118777823	1.7969728235299
-1.64361628123552	1.92918422370751
-1.55784099774026	1.91929203435429
-0.837064188141623	0.830435067677596
-1.5555278606326	1.89205512061952
-1.60527973915851	1.91584903644753
-0.430137125470635	0.529283820756268
-0.568881750635845	0.637503274508217
-0.834783202653076	1.11508423362253
-1.43618067299641	1.78164430059814
-0.862208034944241	1.00041050653159
-0.892752550767753	1.06149837485344
-0.0697199556572404	0.0799226757928608
-0.270584504894257	0.321186849818321
-0.807438570386193	0.905726473067273
-1.52275113234409	1.83240843361631
-0.286210824740386	0.34220198325026
-0.0600859314661008	0.0609913046854592
-1.26120021319158	1.50804589639318
-1.06057603133686	1.36019998416949
-1.5261595118706	1.80853377298449
-0.187904242239587	0.219143115030404
-1.56236342830831	1.87493534067875
-0.195145453346911	0.271305948839494
-0.0806834973639442	0.0993747431661703
-1.05354880290867	1.26945763878801
-0.122855285768957	0.156243844511498
-1.53573300424231	1.84358325547754
-1.48014741221242	1.79292358265972
-1.39858783863943	1.70266096510372
-0.12486582599157	0.110627033583153
-0.654008452966915	0.733214939111144
-1.17256517158599	1.39771003826709
-0.31861886334154	0.376009737737779
-1.33963059306014	1.64761129256136
-1.40213900313153	1.67180241806101
-1.49094044339481	1.85542682194288
-1.44795044540215	1.7681881669234
-1.55286033406178	1.91152256336563
-0.107565764132354	0.101090981463237
-0.0914874003137598	0.111184924853358
-0.076812994186618	0.123742853172067
-1.23447949178711	1.5228958631747
-0.291371274311043	0.367326508537963
-0.616213837157569	0.851650501787773
-0.995181553786527	1.27445075923483
-1.25024649114809	1.4908077472182
-0.144444512807089	0.143131113224174
-0.343679338237256	0.308342505799713
-0.0259694146983832	0.0330959022840933
