0.0157228384966222	0.36479935450438
-0.0667639863895469	0.160853528279312
-0.0432803105232976	0.108863167872772
-0.0768934307400467	0.0878100978997113
-0.0462127041835552	0.268976911857624
0.00328890685799287	0.501811832246836
0.0146377372263402	0.343288986541554
-0.0642649665556765	0.0920378266684722
-0.058367361081495	0.344589140603618
-0.0548706866682196	0.17657338672984
-0.00927551670319145	0.438311313024963
-0.146141967706741	0.565273223186997
-0.0152058150161432	0.311092831731366
-0.0294432517649528	0.143417087636201
-0.0172036159330821	0.474307926976333
0.0546035585159401	0.635763637138391
-0.0655393568469117	0.126006058512741
-0.0346831801058679	0.544684866347282
-0.0372782507199306	0.371287787595587
0.0907214154904332	0.606319198950244
-0.0431146928726304	0.126256884953139
0.0529557787021613	0.35943359045475
0.032129217889337	0.196275095802979
-0.0334157798458524	0.446799073175946
0.0190246924200417	0.313587672771555
-0.122864287316399	0.235937212713218
-0.0493989787438675	0.399521326942952
-0.0640951298074308	0.283996020012387
-0.0243490742186425	0.337666391913963
-0.00190590147943813	0.557553797536336
0.0415675464027423	0.326825772992791
-0.0429639114032531	0.670414024086783
-0.00667989395625015	0.415891873795807
-0.0589574085550529	0.548812169886943
-0.0321786637291788	0.680381184109716
-0.144682654550393	0.32251058597105
0.00141885073941778	0.49092458446021
-0.0782343531646834	0.611188861380994
0.0451268126075528	0.350929518987328
0.03218010085244	0.352600419131476
0.00473997691554008	0.266932312198781
0.00165079939605069	0.526616491895519
0.0196879599551006	0.415623012288788
0.0256979003258796	0.508965727510942
-0.0569195671931657	0.526794614717261
-0.148849635719082	0.247619610810386
0.024603651034859	0.349404325046198
-0.0315627979662874	0.0916738508042301
-0.102191964780044	0.625465886239391
-0.0692627510796548	0.360037087330106
0.162179877454739	0.564260800097288
-0.117036974559542	0.293063446736903
-0.0817710287188125	0.198645742492685
0.111097246756	0.325324867517445
-0.105112718386039	0.361024255985268
-0.110869379226635	0.340636821283567
-0.114696236935217	0.330947733842729
0.0194468166839452	0.0253882222927141
0.0897448754158928	0.220862811020557
0.037865678633058	0.082979359012461
-0.110719721415011	0.38262058274496
0.0530776277127408	0.438710640321316
0.0557734263972697	0.551395741003885
0.0144220508555291	0.552761445307816
-0.0251956286681592	0.145030490213419
-0.0863869984703494	0.572040623318797
0.0338224234143511	0.293707201240511
0.0295581242700758	0.490902693968796
0.00541652675953153	0.400281114130964
-0.046003463442037	0.372442319431285
-0.0167500928004878	0.315367402941736
0.0420891893927333	0.302110102534047
0.0519554134447568	0.478649197028516
0.0334148607174982	0.043650886126567
0.0311381050096409	0.202133484810064
-0.0063233456203888	0.580793937608767
-0.0265927629851826	0.0698227550468886
0.00848229888142105	0.268650377706397
-0.034520355881957	0.242570076941313
-0.0550529843937887	0.605842212554697
-0.0112947116722419	0.17126381758723
0.0601074269868582	0.302121333766093
-0.0364164643638634	0.0819194017588518
-0.000428997054762835	0.240127007478644
0.0122201648522668	0.628035926056094
-0.0297406699194307	0.654606167357677
-0.138633509666112	0.311909185227103
0.119627418315788	0.214617687785214
0.00662368876593136	0.458407844492506
-0.0236632370615312	0.0857663148021287
0.023525517841601	0.642322127850318
-0.0941517052576878	0.619783567856585
0.00964352700252484	0.604286139437224
-0.0473730948429902	0.682545461244474
0.133321982367713	0.262206170086283
0.000566263319020087	0.641905431887708
-0.0969461710056577	0.589153523591754
-0.0486461462195316	0.145537012443559
-0.0364532089125259	0.636748715564326
-0.0500120824451779	0.634442531951385
