0.36006918918993	-0.271701427179597
2.34125791831696	-2.02210904959632
2.37539994115453	-2.13117144592657
0.228660879090419	-0.154218062309913
1.64972611782068	-1.44161433195061
1.55626665187434	-1.69674189633288
2.04819690581378	-1.92102721205083
1.74911985961601	-1.55753184691605
2.66475601149023	-2.32453598608995
1.86334597749929	-1.74842423434395
0.0036174874288371	-0.00329513707438896
2.01406248510207	-1.75702911695481
2.55917221921211	-2.2448551055055
2.36102391460128	-2.03736546853736
2.65599974751883	-2.31388483101311
0.217029669322752	-0.201391777797775
2.65380729068838	-2.3064325946695
0.104172766648809	-0.0874508214829277
2.68192277575764	-2.36520365065576
1.93098664269542	-1.69156496856169
2.65473134524467	-2.3346696754916
0.152765063598898	-0.141334077093137
0.241005983342279	-0.210096106922793
1.50074789946338	-1.31230771890185
0.14071191350574	-0.126011349454844
2.4848108333457	-2.14887767802033
2.31541911546404	-2.04237169213288
0.577141176004332	-0.592363560128452
1.29450197021739	-1.01154749854731
2.32031297141242	-2.06204230683691
2.46055950332021	-2.12450019615427
0.143857923994613	-0.140126219826611
0.336261264485737	-0.196146846646926
0.576417053876673	-0.32062552313191
1.18917736999338	-1.10767063411928
1.3749030502103	-0.966880125910658
0.0850215494415791	-0.0712924725321926
1.94272381183549	-1.69418651475574
2.51038464672443	-2.20033500641972
2.12291353174044	-1.88511385490045
0.73820132047504	-0.669411972532275
2.5760871748647	-2.217598282726
2.62056434116215	-2.26522246048269
0.655236376716677	-0.601422839554789
2.38672572186679	-2.08402771048766
2.5213945724179	-2.27240996493685
0.102677312813209	-0.0766566177259023
1.99671293955343	-1.66582934294266
2.05083062979899	-1.76817213711805
2.2538999882612	-1.98418734114151
2.21139170077742	-1.93347746502741
0.874744907231633	-0.65828221292864
2.52452075207356	-2.21315306445939
2.3339229961987	-2.09359596143171
2.53874499662664	-2.22432073699033
2.12760074282626	-1.80247102913331
2.24305441448474	-1.92902647038302
0.560417239476167	-0.432312178101574
1.6091704290867	-1.27134001237861
2.32074267219918	-2.00585874661889
0.197856557642109	-0.143158383640949
1.40686041239206	-1.28341124238558
1.59737371817536	-1.44931939646668
0.124895646570026	-0.113190763962049
2.35464112651073	-2.03109890884559
2.06413818081986	-1.70491445011217
2.36782277049939	-2.0517962599183
0.0731587747868629	-0.0552363284038762
2.47721441787317	-2.18937972122198
0.439430067980745	-0.408970729356015
0.271731575591214	-0.304800875067625
2.35353546196608	-2.07537923552819
2.62421249038913	-2.28405491894706
0.575768765541653	-0.55657343730671
2.4246039057351	-2.1583379883627
1.46463808220961	-1.35534597943831
1.34060612935245	-1.14373567616673
1.38406021271765	-1.11961159430421
0.221464622071966	-0.14272643237856
1.0756967142952	-1.02537214522603
0.325107207843898	-0.284517210340562
1.37264183688932	-1.41586127714202
1.58802840944394	-1.30391693459283
2.19764126715212	-1.88303497013372
2.38544951846161	-1.99537547351755
1.07885137608308	-0.87132597634445
2.49565674792887	-2.13951546801496
0.66210940627456	-0.690266617125223
0.127405945409652	-0.114898594939544
0.0972689504825273	-0.112103852655504
2.67571690800903	-2.33878495485877
2.55387780008564	-2.56269026687812
0.058581728098279	-0.0535127940785492
0.996300243935424	-0.910934279171239
1.93654824167357	-1.68577410415063
2.205821487024	-1.93461273043127
2.25285543772049	-1.92547218825483
2.6627332044371	-2.36095390518558
0.14420494195763	-0.158452985833546
1.12307309614236	-0.978176270985021
