0.0134988766385714	-0.0112549537296899
0.00295748862261207	-0.00196926179055871
1.38996924383553	-1.01513834775968
0.0422997196937167	-0.0294162672002639
0.164273472299115	-0.106527896932904
1.24176520530011	-0.912078634954563
0.872530428865388	-0.628710388710783
0.742379528623493	-0.538057821598082
0.0276395738421763	-0.0235478169251656
1.35074041496245	-0.961364150946044
1.33968354955333	-0.986269188401988
0.149643155684573	-0.0604298235147692
1.19256941655838	-0.879355259865146
1.11960576477075	-0.885890218343104
1.36233691298109	-0.996174163608017
1.18443426255457	-0.849011440479087
1.02795769415804	-0.698433106858939
1.37889751348129	-0.997359506926528
1.24223848400149	-0.968197183827458
0.914897441279537	-0.663246693783694
1.21377570579721	-0.931162441769745
1.39576399634256	-1.02971573783206
1.24253334215774	-0.961921700111339
0.144043365787038	-0.091273312051533
0.0720461325271117	-0.0560998725248383
0.295052906264719	-0.178137813837993
1.37931972594922	-0.976924700273657
0.608579983669731	-0.47567945244145
0.411647256312717	-0.298508160181803
1.17726934749047	-0.944805583844722
0.153664346195834	-0.118981429926902
1.36585179533687	-0.970669912635383
0.427713003859839	-0.325036310333929
1.28274807245332	-0.925724042185185
1.41414009627001	-1.03185964464861
1.39699122395698	-1.02120428937557
0.761228961242638	-0.624871395031634
1.17051906037237	-0.853313860747693
0.868672524015293	-0.614527768642628
0.106075291838547	-0.0832905638700076
0.0392805850635582	-0.0321889226652706
1.38821026679107	-1.02771457744073
0.0728590456936699	-0.0457405560167031
0.402417213367363	-0.268352987752311
0.293814315329194	-0.201189381754205
0.772531612801543	-0.552217955334589
0.649293799430278	-0.434609931688081
0.0118388250866263	-0.0107712320037223
1.16871734030898	-0.805998487110228
1.29945323198498	-0.974682739172209
0.691764745070336	-0.451438229689745
0.155774431306155	-0.110388659978499
1.36357550935233	-1.00637914352339
1.31455083416136	-1.0017408723848
0.976362124330191	-0.689442286676808
0.0890402481160289	-0.071605836161236
1.31372590572062	-0.946391513982517
1.38967599318049	-1.01320787521145
1.17547058789188	-0.84171867774807
1.33511021584032	-0.988203523786464
1.30274875823433	-0.946724675901654
1.04776748201191	-0.731377263930863
0.0267210572890538	-0.0170902327147909
0.567368547722325	-0.404594885499511
1.20510770217929	-0.879496422054863
1.34000830754654	-0.931552506907125
1.3519618166967	-0.986166178427671
1.31127164757056	-0.896157574523345
1.22167724461164	-0.749797827986092
0.816872108440523	-0.668932223881829
1.41109069344407	-1.05581474086276
0.0273922226539667	-0.0377044880623847
1.08374814909869	-0.761439249208882
1.08530485547615	-0.815137477847412
1.02591871737185	-0.752646449539925
0.169527364466935	-0.151514751164946
1.32290170345682	-0.976567513412238
0.118455963382356	-0.127261941680518
0.893547080753206	-0.667419268345351
0.702223320589034	-0.479291375608017
0.329911967513813	-0.196261040611992
1.13534938790413	-0.810020540176107
1.41141276168502	-1.04155966276535
0.35502147056371	-0.260066659344189
0.525902126237374	-0.349787642333882
0.383542858560567	-0.265742848452092
0.470389945410635	-0.358529036737045
0.508843133864996	-0.398526505572563
1.21868686431793	-0.85658006941151
0.428024323287384	-0.319058709973167
0.224983560001891	-0.15430476648435
0.68748137355386	-0.536649806593618
1.39006992146968	-1.00301801474292
0.694948063315227	-0.407861735215857
0.684803980625462	-0.611814291995467
1.39952219856706	-1.0231681257342
0.145179910363028	-0.100501832315696
0.49824742091609	-0.459843559351571
0.323971976075747	-0.279763101044209
0.527834776233592	-0.406998662385088
