0.0146305407882832	0.0395695403977821
0.00392935918201413	0.0121886385074944
0.0921858837102205	0.39309583102832
0.0280627050937288	0.170376149259752
0.154938937886128	0.752067148830644
0.00277248275172996	0.0151336793540131
0.156897527491377	0.848636597510081
0.155793701750169	0.850929410995611
0.00391084223871977	0.01535110878037
0.151734716219673	0.864566079057836
0.00786274809057216	0.0401066255215714
0.134189944083195	0.723059723205139
0.150739027011934	0.828473301243614
0.152078505842029	0.812663151527566
0.00902425220721781	0.103217590966618
0.153269460965867	0.773694464750569
0.151061572001126	0.78739913640329
0.156448433337589	0.835137400386653
0.00603617817496388	0.0296023946257594
0.157172668462356	0.828822241750153
0.138412147650038	0.730407186845083
0.015510646366757	0.0758675339319072
0.152162758195164	0.709244528581798
0.152914403128895	0.849218418038119
0.00962999862641726	0.0448551884638427
0.00298807112382153	0.0120069419428466
0.110769772460338	0.627276866867061
0.15227215573658	0.763710443614508
0.00807597406071404	0.0247822435550835
0.0218914572108368	0.114089983384464
0.148218896139944	0.643466843743489
0.157282408450311	0.82296606640075
0.0129131423932781	0.0615570359954662
0.156127278972667	0.847690531896733
0.148143874208602	0.804304504595448
0.0203955542508372	0.108811111464233
0.00614118522763769	0.088400670392761
0.152703117129016	0.797673698768963
0.152862254409966	0.75688211567551
0.153671981058464	0.802762610629643
0.152260468104515	0.780195271866638
0.151375770725488	0.790405678732289
0.1476115691474	0.617450478726541
0.104153543055892	0.524560890994314
0.152677826094799	0.821398243080137
0.152838339441221	0.833174422701383
0.148175497753229	0.609690146450226
0.147479920776448	0.77489223919535
0.146718200874515	0.758856973731992
0.150294380262079	0.796233845221931
0.0261902967454007	0.364150893024508
0.0075985641665928	0.0534546608457493
0.15238156918074	0.83429741171017
0.148852828980904	0.809141619178534
0.04259644365091	0.286314622022095
0.0316667906948033	0.164813671602487
0.0787692072458126	0.398736493911359
0.0804110544755838	0.282465989756089
0.0797977364292198	0.289878948177988
0.0202819790393538	0.236627396214447
0.0304693616666138	0.128682847992813
0.0811523788842565	0.609596147654276
0.120438228495386	0.527427570853162
0.123766589593218	0.712555638304002
0.0627065921906551	0.441127299973083
0.0481402475228266	0.337922923903184
0.0197969767905312	0.0712749837226933
0.0777541290253297	0.310740281089518
0.15324214796485	0.820905657800169
0.110776010790206	0.677960591681764
0.00414574034274626	0.0101840957153094
0.00709264927478123	0.0328379271039715
0.00615712725410777	0.0217800798815873
0.15505729767995	0.828497896373009
0.155830127512983	0.837527640863806
0.154249582196072	0.842656999144743
0.0230847379551851	0.177366060198955
0.0103948848331111	0.0378685976936181
0.148869652278855	0.582595998311715
0.150384505094597	0.821600638105605
0.00302923689856413	0.0130104017251718
0.0150928112102572	0.0875789500844682
0.132404815901401	0.721310174393488
0.0118836994561359	0.0939523281537143
0.156392583914528	0.815771084358395
0.156462699370447	0.809060750503722
0.144049107726276	0.780857391314232
0.143884002224231	0.62223811632334
0.125484349571282	0.490683484524446
0.00441615193588639	0.0576342932548783
0.0226460266419306	0.140994770483442
0.12383722221211	0.588323738273389
0.151325268817319	0.684717375944377
0.0595074825158916	0.318392719269148
0.155579895168836	0.825816588602581
0.156907458463154	0.848319535443211
0.0146482282836411	0.113234567665735
0.144843436938689	0.751982845119657
0.150985988767379	0.657188748509885
0.022339432863535	0.0899312315329916
