0.693194741436021	-0.396803111390739
0.447209529645742	-0.298810175911258
1.26925794274793	-0.784619500418117
0.808486373346212	-0.595735479860213
0.310796830853603	-0.137567968716707
1.31353382751749	-0.825864685586432
1.02695975554666	-0.612831247618191
0.812711566812519	-0.523827374298539
1.33643279068826	-0.905678218748719
0.414583308582085	-0.319584598446722
0.652408310225518	-0.471043057748491
0.405468674433697	-0.241075105530789
0.502374911961043	-0.326615575538262
0.706739133412461	-0.366362452069109
0.455839915193853	-0.323928099321897
0.554810270079496	-0.280019684480148
1.15573954763892	-0.691636868633419
0.408286464200163	-0.189818327676447
0.688233350732792	-0.401479548240875
0.857464239764101	-0.6522444592412
0.447844422927581	-0.27923503257082
0.587108021816496	-0.308189763741869
0.98726496220152	-0.568472950482807
0.716974246727997	-0.497957336172147
1.20543989954496	-0.840665962402998
1.25059355652843	-0.806154569383082
0.634169124782895	-0.356828346826672
1.01713573611385	-0.660690582576101
0.207664549176778	-0.120750272763294
0.131449605099708	0.0297472993983861
0.605555065359716	-0.318008805235767
0.779043037835988	-0.473368355665178
1.36406232672019	-0.843242146498356
0.612367862121675	-0.368525932798654
0.525197812180195	-0.289953467851003
0.592150941423165	-0.384201245075849
1.16380011595066	-0.75451139892077
0.0937405926538683	-0.0905813497349728
1.253668160728	-0.792708448446942
0.545867993701071	-0.401106282395083
1.23468709970159	-0.955079603329857
0.138467884990607	-0.0553734059520753
1.10136911234261	-0.751051657535107
0.0801225682169445	-0.0548338855803065
0.185065874822654	-0.117079918179619
1.29076935926046	-0.836293355189091
0.64854285161278	-0.3394619297976
0.443130816955197	-0.280834053934245
0.968883782747597	-0.591591163676736
1.06781934631969	-0.629261710579671
0.500204020785488	-0.312262294306098
1.14748867794997	-0.701419779354977
0.794942080410616	-0.451272397761252
0.852687845762823	-0.480085291010282
1.17590241120362	-0.795956129330007
1.06293219502574	-0.590993695589414
0.363784080277534	-0.130242671622385
0.176944493472331	-0.0216005974567768
0.106727770709608	-0.060834482165122
1.25402266181699	-0.866834515098916
0.106614758767009	-0.0428254879661216
0.296720994150473	-0.12517430319891
0.623604127210497	-0.43727111961895
0.930469454703053	-0.541612700716078
0.492278961416851	-0.28662565810356
1.0486619565536	-0.667279608798922
0.153594663314599	-0.0518764587256785
0.130132137124903	-0.111555271099466
0.585237070351362	-0.406188099935019
0.173361134108769	-0.0649398653030135
1.33338024089926	-0.792045508233284
0.717654304622855	-0.465197139706688
0.52607707204105	-0.237966585694428
0.0790057414800739	-0.067161488574297
0.761672176952114	-0.507308590325085
0.155947074854265	-0.0403117058281516
1.15846093507773	-0.770423547918247
0.971043133358832	-0.592441524513534
0.596128891663477	-0.371009935914001
0.703929449856457	-0.527313680884697
0.922404112738429	-0.482629293044971
0.512215826617972	-0.317309497597835
1.23557855085088	-0.955119403281732
0.200119113806454	-0.0856373242198719
0.779330247313423	-0.518415333367756
0.929970411086856	-0.501080990578689
0.244978988320873	-0.241534146386212
1.08364949779517	-0.72034249241322
0.262125622094558	-0.162360591287875
1.35722469579504	-0.817620313028324
1.25486680142286	-0.968817496557895
1.25633109260279	-0.881897007974804
0.11294424561378	-0.0669650378023216
1.04020493523916	-0.641148970643443
0.150712039521943	-0.0999349681155605
1.08337522117863	-0.674967603117717
1.00096487026893	-0.719877275566103
1.21542591728752	-0.915891221687282
0.0533324512891447	-0.0406679279248112
1.20706243752233	-0.709954255663842
