0.0250376288063054	0.00741141907988015
0.288574678417737	0.149730408017171
0.447558005743187	0.286042627885235
0.438592474661344	0.249948046452646
0.0255757560404811	0.00299647737239022
0.445256747579778	0.220519293789664
0.463813568924321	0.282717185875336
0.424422323239553	0.303927021261519
0.263260230743121	0.110876013095913
0.175757610636559	0.0387660373190932
0.051140283914644	0.0231022056327973
0.0353583600327389	0.0219411063232417
0.440119504647076	0.255982427860901
0.462180638862244	0.31715815134475
0.0587504346366766	0.0201440992281785
0.0616089300251872	0.0446657534161473
0.460594888866933	0.28775006133172
0.0461799441307359	0.0227482099949926
0.459121766191392	0.311499753150338
0.0234461576374465	0.0154217711446737
0.462131750112243	0.31230095015324
0.0798560995967917	0.0521943414369414
0.0175686678024159	0.0042550218603993
0.458009689584717	0.326752543955647
0.465241916449198	0.261629304665861
0.468553952315093	0.299320832699235
0.0345533907794887	0.026322367665182
0.452819410520447	0.309507588658455
0.403824283727533	0.318857346267
0.0929014429099248	0.0847538995677295
0.457048866690619	0.274991795830248
0.0424081043380856	0.00388503178796683
0.455970864418359	0.252846117133346
0.449189557234626	0.32456727106189
0.0203648826126744	0.000958828887177927
0.418551572817424	0.281948721499091
0.452681569042522	0.279570495515751
0.274772783758992	0.184959172888579
0.395281111252774	0.18593658235975
0.457474176184737	0.260866465250999
0.0781519401503184	0.139398831973153
0.00132238955454648	0.00139921936991357
0.0753383227570304	0.0495980486162932
0.406972631999513	0.228172361505691
0.457844298808283	0.31677712971514
0.443387751974972	0.275392028432776
0.45231723028311	0.28139123457076
0.446944707382745	0.26940231320382
0.461881999285965	0.272126166481646
0.442075194350044	0.26367910498006
0.443686684254693	0.192297197752844
0.050969524196526	0.0166841551376647
0.390897204869816	0.254139885146843
0.448703300547799	0.284299838025687
0.255188382842093	0.202795597048676
0.440933391313735	0.310491737420057
0.0135214835990576	0.00417658233891852
0.445092355852764	0.235770826654645
0.457981237228869	0.32610037039791
0.0775549812157078	0.182760266354196
0.442685316755844	0.242944430175879
0.279547999264434	0.0704040897912731
0.412909785531113	0.26097001724875
0.422848909603217	0.1527807418028
0.0205199544876819	0.00478681299507238
0.458893424298524	0.306001311931861
0.371403852515099	0.261437869402846
0.0101885515192264	0.00018242448432631
0.44811028811119	0.300058074243746
0.433076592241899	0.28722378737806
0.0272515890870832	0.00899590717283722
0.440168920689555	0.288884531634303
0.254248591319312	0.221465835087555
0.444153527857905	0.184544741989182
0.450883847715638	0.292383537447834
0.452153176323857	0.229461737714411
0.0441413420278644	0.0218229216197555
0.0605474236955832	0.0444799699722678
0.0272273847737935	0.0301664821017489
0.45113204309927	0.26629205786069
0.426284905857095	0.087186242348873
0.391450202360404	0.170361157564902
0.442518828930231	0.215442942367936
0.0247417153255391	0.0369088182613613
0.155436942327761	0.057558788187176
0.445907239043877	0.299262666824356
0.455270180891812	0.27568715795949
0.0822291252170189	0.0237326735711484
0.457332186553407	0.313850868102098
0.0293382150229282	0.0181662910640315
0.049377914439744	0.00830147594053188
0.456317948961211	0.316610520179505
0.0146467308218739	0.00771793610883183
0.0600466147987131	0.024307643593545
0.0346556562406212	0.0274229346672115
0.251820949056229	0.120826655597196
0.466612792994064	0.287242307169592
0.0211309517111939	0.0120424934706029
0.457998727195941	0.288785621226645
0.457783752126059	0.300388939922453
