3.43236009936909	-3.11933801551723
1.48956085496413	-1.45256469532642
1.17831959104333	-1.17253192748922
1.59966732461772	-1.66174089163346
3.42015003731747	-3.34760096195828
5.56382809190049	-5.32133718316748
3.82415449418039	-3.69891764659435
1.13609445775775	-1.16746029594567
3.69581362547075	-3.52761238385973
1.23224463221009	-1.12585572299093
4.87828912528231	-4.6613291488994
5.97795343571092	-5.64730006911587
3.61728300834127	-3.46293532325219
2.63078907310683	-2.59752630028241
4.66635192509937	-4.39324962828428
7.29844615965565	-6.97630916014743
1.33537302438048	-1.31422178505367
4.92365176878545	-4.59097865128207
4.25478594253817	-4.110058584427
6.94389501134813	-6.63315423645875
0.687874347828159	-0.664726251801449
4.29716389940546	-4.10410510491188
2.11530981644056	-2.03834027809543
3.89792362076647	-3.68800951283992
2.45904148462239	-2.27890252366457
1.83083034288803	-1.76321098949143
4.63281023106137	-4.56785121405325
3.53157953190617	-3.45629609141933
3.91960567002563	-3.74353251780931
5.46240624211861	-5.21486235194959
4.40475725954962	-4.32357393864438
6.60366300758361	-6.23133322361594
4.07901277927654	-3.82433247112551
5.42428779626078	-5.14521040518043
6.06660132943307	-5.7299099860483
2.57111898832291	-2.46711347873463
5.09674912272103	-4.82778348097472
6.84568891558567	-6.48991368798403
4.24335932320643	-4.05904710486811
4.50716775707365	-4.2994990165981
3.96187481294232	-3.86184300021921
6.12338714870438	-5.87837918423385
5.01645157626062	-4.8134811325349
6.6019146039339	-6.33341464089945
5.54612802482336	-5.32008678371364
2.20719729817759	-2.19604764793329
4.31485541780625	-4.15083764584755
0.795011745657537	-0.788538265529325
6.74490409477697	-6.37326977314108
3.79301296276836	-3.69747602057773
6.99691213735457	-6.66980036559558
2.84110320776842	-2.72895488553001
1.73921029079103	-1.70805135967582
4.71364717554974	-4.56023255868647
2.74719682203745	-2.59717452855093
2.98463112937489	-2.90727311893468
2.99427103473065	-2.8530400676525
0.857232360742938	-0.855845295916737
2.26601317341718	-2.15470004468494
1.8528954387529	-1.82469723455714
3.89119201255583	-3.76805968765235
4.87456355534749	-4.60768377886444
6.23241003733262	-5.90636798494698
6.16453647283985	-5.8978124325892
1.98978477433195	-1.91714421591152
6.05922755291378	-5.71816497922727
3.8502256515553	-3.62647808156853
4.30958282131236	-4.02594688864933
4.21855013447541	-4.11696070932519
4.00463649477245	-3.89309813516421
4.41493074689476	-4.30747321308823
3.59748278750319	-3.52449733802333
4.41189125105291	-4.10265939726815
0.833325517542038	-0.78722652899118
3.04397881771279	-2.93104459368716
6.24398327202812	-5.98660471098744
1.10947008256528	-1.09366634933407
3.40862059481428	-3.27743608188859
2.78413691013767	-2.69869720279285
7.15288262712573	-6.77783822532498
2.29086287336572	-2.19824836888857
3.73091661306847	-3.54762328169337
1.26332474633687	-1.29882567219914
3.49525775877917	-3.47730891430907
6.76869884697537	-6.44100044554452
5.9563683249864	-5.53138163071612
2.60587586371411	-2.51029653782221
3.67424106253516	-3.52383100597512
5.83622849538473	-5.72478751528051
0.901924151552533	-0.879112853416233
7.2723428711442	-6.93774260060441
7.03231081928071	-6.72077323040863
6.81286148931822	-6.539225411967
6.52573758878039	-6.17680824005367
4.42899333020276	-4.30314876878258
6.71839061996148	-6.34487388008277
7.51072211754521	-7.21848143693498
1.14005102084424	-1.07936111570973
6.96552387332427	-6.64137959989596
7.12107175160861	-6.81101166742396
