2440,714,879,7619,857,1899,4558,3350,7954,2956,7185,5528,5523,2157,4065,1098,1707,4955,8139,182,6823,7605,6669,4937,8297,8397,6806,5232,8498,8596,2526,169,3272,7049,4771,8662,7867,5293,5159,7046,141,5946,4999,4293,1111,5278,2163,6371,6123,6780,2599,8840,2927,7282,6597,2619,4959,1128,3833,1553,7767,340,3682,5478,5779,3090,8911,6279,3078,414,8975,9075,9173,1696,3886,4164,2303,9279,5179,5089,9380,9480,4026,9573,4078,653,7231,333,236,9673,9773,2963,7019,3907,4976,3055,9858,745,5475,7946
294,4398,5538,7908,2257,6305,4138,7031,8026,6613,8105,6916,1675,6977,448,6590,722,4389,8140,163,5816,7821,4896,5667,8298,8398,2107,7062,8499,8597,4947,153,6248,5834,2213,8663,8747,3661,2996,3913,239,5805,6215,1091,3486,2125,2270,2365,6978,1816,4543,8841,6563,5417,5320,969,5534,1308,312,1803,7875,1041,3619,2351,3498,2612,8912,5162,7245,376,8976,9076,9174,348,7223,787,6407,9280,6930,4584,9381,9481,1788,9574,2739,1418,5214,939,493,9674,9774,4387,4934,7060,6714,7254,9859,5637,5940,7947
1969,6487,191,7690,2363,2274,6037,4298,8027,3678,7308,6146,3874,4040,2175,6541,3395,6797,8141,2006,5155,7075,4795,5759,8299,8399,2409,4239,8500,5444,4185,311,5183,5302,5830,8664,7868,3538,2620,5440,1828,6148,4684,375,5051,5009,1442,1617,4161,3761,3151,4587,5487,5327,1388,142,4871,1153,113,2223,6511,1809,1715,4791,1249,1411,7931,2473,5936,3049,8977,9077,9175,822,4333,6144,6741,9281,4229,5434,9382,9482,3598,9575,3212,784,651,743,922,9675,9775,2254,4566,6899,6045,6220,9860,6499,2890,9954
818,4451,205,7149,1131,613,5255,2710,8028,2047,5822,6108,5138,2932,4396,6118,689,5425,8142,586,5710,7963,5938,4619,8300,8400,2352,5450,8501,7325,4453,1297,5081,5895,4875,8665,7467,3468,2925,2958,413,5229,5196,845,4159,4816,2509,2156,5515,1889,3766,6827,4902,2914,5064,354,1919,394,666,2369,3201,2800,2971,2706,2076,999,7876,4879,3558,4892,8978,9078,9176,6374,5483,5778,6343,9282,4800,6415,9383,9483,6960,9576,3685,2422,526,720,1097,9676,9776,670,5157,6132,6334,5766,9861,3829,2127,9955
693,7512,2602,8018,808,797,4050,5020,8029,3534,2500,4405,1224,964,3297,3899,292,6319,8143,3812,5169,8242,4057,5804,8301,8401,1011,5295,8502,7972,4428,2044,3806,6181,5189,8666,8748,2412,3583,6406,2627,5642,5368,4821,5271,5901,801,1549,5112,1970,6959,7897,4497,3701,793,1514,1914,3670,118,3075,7243,2896,4499,1804,423,1141,8913,4095,7259,1814,8979,9079,9177,6488,2760,1256,2831,9283,2233,4054,9384,9484,4932,9577,1309,2772,764,1626,1669,9677,9777,3535,2095,4019,6864,5397,9862,6824,1271,7511
562,6512,1874,4894,504,860,4346,3863,6656,515,2360,5246,3663,1484,3754,6420,372,3970,8144,2232,6187,7964,4897,5400,8302,8402,5173,2666,8503,8598,3747,2349,7563,6115,5498,8667,8749,3087,4552,6138,1417,6293,1831,2926,1129,1156,2507,2510,2889,3393,7347,8842,6432,1829,4581,1894,675,2872,2114,4492,5206,579,1689,828,4251,2438,7932,3786,4987,4233,8980,9080,9178,1996,5595,680,5915,9284,2850,3471,9385,7939,2242,9578,1414,1293,5885,1533,2720,9678,7770,3199,1280,7154,4045,1973,9863,1652,3460,9956
4295,7225,958,7555,3729,6612,4206,2039,8030,5195,8106,5413,5732,519,2905,4736,698,4975,8145,1945,3991,8243,4035,4087,8303,8403,882,5988,8504,7799,3995,811,4953,4770,4023,8668,8750,2981,1770,5655,1301,842,4856,5675,2445,5074,628,1901,4143,2709,7228,7695,3722,2653,2900,2793,3735,1354,186,3390,4210,565,1939,1395,2628,1898,6086,1476,2897,4011,8981,9081,9179,4275,4590,1349,4215,9285,3704,4843,9386,9485,4805,9579,3999,1036,476,1149,1027,9679,9778,2735,4510,5127,3443,1872,9864,4433,2859,9957
2154,7647,1506,7333,1980,7072,1057,1202,8031,2598,7661,5840,3261,3715,717,3464,2089,754,8146,211,1416,7513,5488,5943,8304,8404,1286,5022,8505,8599,4978,1782,4638,3971,4698,8669,8751,2685,2138,4608,1711,4324,3016,3403,5878,1637,1799,5248,4671,555,7271,8843,4525,5662,5015,1032,4903,2868,1152,1690,6557,1481,1439,1333,1737,516,8914,3194,5537,4890,8982,9082,9180,4392,4920,3156,6989,9286,2314,847,9387,9486,4704,9580,2385,1630,1166,3142,4592,9680,9779,3872,1112,4688,3777,3396,7884,995,2225,7849
32,7,20,47,76,86,253,1262,4928,6766,7035,5459,6871,1074,3335,6702,6390,6951,8147,4603,6141,8244,6983,6997,8305,8405,5426,7128,8506,8600,7455,4922,7580,7608,6209,8670,8752,6889,5647,7547,4104,7830,6998,8824,7215,7564,2792,5003,7804,6139,8831,8844,6606,7750,6526,609,6665,6414,477,5362,8898,2811,5160,7096,3489,3770,8915,6171,7350,7531,8983,9083,9181,7566,6929,7426,7839,9287,6354,7753,9388,9487,6097,9581,7103,5963,5086,6811,6691,9681,9780,7109,7123,7214,7592,7056,9865,6308,5514,9958
888,6915,2346,6412,521,2069,5683,4354,8032,1936,6883,5281,3278,2048,508,3415,529,1708,8148,1866,6895,7890,4916,5205,8306,8406,1024,5079,8507,7705,3856,1290,4353,4710,4434,8671,8753,3550,1122,6214,711,6909,2324,4135,674,1420,1031,1873,3305,2638,6245,8845,6657,6168,2987,2279,1368,2495,1823,2293,7451,1797,2472,1950,1806,1222,8916,4502,5813,4508,8984,9084,9182,1030,6505,3358,4830,9288,4373,1658,9389,9488,4211,9582,2583,760,1512,1328,2767,9682,9781,1037,6044,6355,2571,6246,9866,4731,1934,7850
299,2017,1242,4709,359,996,4596,3805,7218,816,3804,5717,4982,1311,2202,3263,404,5926,8149,1525,7387,7965,5464,4282,8307,8407,6047,3113,8508,8601,2785,2307,6277,7191,2464,8672,8754,5346,3200,4088,671,7021,2536,3745,1275,1477,3720,4204,3599,6004,6516,8846,3866,3465,1935,1399,724,3962,3929,5105,7130,598,2773,926,5725,1995,8917,4148,3153,4520,8985,9085,9183,4404,5354,742,5518,9289,3836,2368,9390,9489,1772,9583,1557,522,6866,700,2339,9683,9782,2776,3039,6368,6133,5446,9867,1505,5194,9959
1244,6736,1976,7322,1291,2132,6682,3520,8033,1006,4636,4769,3262,2609,3791,3247,593,6508,8150,942,4223,7650,2934,6188,8308,8408,5568,5325,8509,8602,5494,252,4658,638,6243,8673,8755,2115,2985,1817,1832,6922,5072,4876,4439,5550,2130,5054,4512,3183,5241,8847,6692,6678,6113,1348,2648,2615,242,3432,6862,1374,3148,3067,943,1911,8918,4633,4618,1924,8986,9086,9184,6127,6540,1221,3030,9290,825,1175,9391,8003,2953,9584,3459,549,5227,220,304,9684,9783,4168,5743,4213,1285,6729,9868,6662,2337,7597
614,3454,892,7236,273,2397,5078,4006,7910,2166,4230,5705,2420,1479,1276,5270,322,5439,8151,2517,5718,7684,2935,5734,8309,8409,3799,4315,8510,8603,4504,823,1721,5330,5339,8674,7787,2221,2139,4401,1143,5531,3820,2784,4391,2418,2262,589,5099,2489,5639,7291,5784,4749,3618,1635,1272,3658,306,2250,6869,837,3145,2378,1002,914,8919,3469,5288,3939,8987,9087,9185,4059,5668,5512,4409,9291,3332,5363,9392,9490,3352,9585,2636,1186,833,3002,2026,9685,7629,2754,3653,6360,4885,5845,9869,3615,1977,8012
497,7482,950,7386,1876,2016,6776,5652,8034,2880,4668,6369,2281,1441,4113,4628,144,6400,8152,1321,7014,8245,4669,6529,8310,8410,2632,5880,8511,8604,6721,183,6980,3760,6321,8675,8756,5041,3273,1049,2059,6627,5749,6503,5348,2579,533,990,6194,2866,6323,8848,5953,6833,6033,2036,2285,3152,102,3698,7080,1687,3880,1865,1319,1265,8920,4788,6785,5113,8988,9088,9186,5163,5949,622,6577,9292,2142,932,9393,9491,3657,9586,3647,363,1526,490,662,9686,9784,5250,5493,6667,5466,7166,9870,6399,1713,8013
5236,4663,4201,8019,3975,7815,3935,3793,8035,7202,8107,7098,7492,5119,4577,2384,1682,5630,8153,166,6080,7389,6378,5744,8311,8411,1269,7309,8512,8605,6256,97,6405,6689,1602,8676,7581,3232,3964,6071,229,4787,6299,1394,5252,3146,3389,5661,7115,1496,1764,8849,3857,6555,6467,906,5893,474,180,534,7644,753,2570,4270,5570,3405,8921,5910,3980,277,8989,9089,9187,1283,5677,2109,3645,9293,5972,2980,9394,9492,4831,9587,4266,550,2183,225,257,9687,9785,4984,5838,6198,6599,2306,9871,3207,5563,7780
4192,3159,1798,7304,2592,7034,5038,3218,8036,6417,8108,3388,6125,392,3224,3077,2121,1752,8154,2218,4400,7730,1083,3825,8312,8412,2049,3623,8513,8606,5684,1615,4359,4036,2929,8677,8757,2722,1620,6027,603,1795,4488,4646,2063,5353,710,4496,6364,3074,3527,7831,5476,2469,4124,1163,3519,2639,116,2668,7712,1768,2816,2431,1230,1110,7576,1206,3158,3126,8990,9090,9188,2082,5611,2416,2596,9294,940,4931,9395,9493,1608,9588,2315,2520,482,1784,2875,9688,9786,2984,3442,5572,5341,4841,9872,5956,1334,7702
838,7623,2441,6987,2364,872,3990,3867,8037,571,2940,3411,2277,527,4944,5095,405,1998,8155,1121,4599,8246,5307,5625,8313,8413,1655,6341,8514,6936,3036,1169,2005,5165,5831,7786,8758,2916,3427,3399,1001,2342,5482,5867,6771,569,815,442,1350,1606,5810,5929,5495,5297,3923,1307,2064,3420,315,4147,7375,2566,3862,3850,1219,2541,8922,3068,6559,3665,8991,9091,9189,4214,4322,3751,3560,9295,1893,5931,9396,9494,6690,9589,3209,2558,4345,953,3802,9689,9787,2680,921,3092,6858,4712,9873,5888,2861,7503
5403,4819,373,6819,2663,3831,5060,5073,8038,4567,7262,3968,4106,2100,3041,3193,1644,4762,8156,1561,5957,7578,4837,3835,8314,8414,2372,5934,8515,7069,1063,256,5697,3676,852,8678,8759,2197,1465,1391,1729,2782,5394,5736,4972,3347,1396,1204,4908,621,5468,7033,4469,3985,4038,2586,4817,949,560,1870,4605,217,383,4490,2920,2031,8923,3098,5184,4521,8992,9092,9190,5968,6303,3677,5068,9296,2783,2305,9397,9495,3951,9590,3447,1931,2436,2387,1593,9690,8006,2284,854,6392,5695,935,9874,6036,4119,7593
50,16,28,17,52,74,136,610,3217,5027,8109,5389,7111,6808,4915,7546,5525,7724,8157,6845,8239,8247,7704,7220,8315,8415,2151,7396,8516,8607,7536,6265,8651,5756,7377,8679,8760,6664,6822,7378,6724,7221,7789,8825,6530,7281,6043,7241,6962,6910,8832,8850,7529,7522,5786,3298,6520,7162,1066,5552,7833,7040,4294,6762,4729,817,8924,5853,7732,6241,8993,9093,9191,5505,7678,7416,7716,9297,6485,7250,9398,9496,6560,9591,6448,5066,5791,7358,7017,9691,9788,7410,3413,7944,5473,7652,9875,8011,6924,9960
498,3276,2010,7184,3356,6837,6754,3260,8039,3838,7331,5209,3870,612,368,5620,541,4730,8158,559,6831,8248,3949,6237,8316,8416,400,5690,8517,8608,4737,691,3515,1267,7008,8680,8761,3576,3014,6182,1168,6238,4575,4675,4578,2390,1719,678,6472,2575,5628,7988,6552,6089,1384,686,4232,3105,139,2560,7677,2147,3249,984,1150,2677,8925,3915,5128,4071,8994,9094,9192,1509,4901,1836,4741,9298,4527,5100,9399,9497,3499,9592,2881,2375,1435,432,2168,9692,9789,2041,6545,4357,3106,6157,9876,7009,3916,9961
7041,7397,1597,7195,3314,6140,5111,2879,8040,5485,7722,3085,4423,1922,3543,657,462,5678,8159,1985,2219,8249,779,5460,8317,8417,1623,6002,8518,8609,4786,353,3674,2159,1452,8681,7869,2948,1048,3594,1815,4200,4476,1134,4289,5486,1991,1966,5586,2713,6539,8851,3767,1780,1148,605,2973,1564,208,4082,5359,2379,2434,3001,1532,1858,8926,2931,2779,4025,8995,9095,9193,5036,6232,5757,4864,9299,1555,5185,9400,9498,3582,9593,2854,1551,1524,2393,1373,9693,9790,1822,809,6055,5016,5355,9877,3651,2299,7948
1450,5504,1560,6963,3892,7490,5916,3069,8041,5712,7857,6696,3714,558,378,2150,1026,1535,8160,962,4790,7692,5273,3300,8318,8418,749,4780,8519,8610,3778,1421,6790,3723,279,8682,8762,2673,2838,6715,408,4957,5952,4278,1946,4734,450,3846,6751,1448,3511,8852,5983,6112,2827,3240,3967,2640,101,2781,7012,2000,3010,1537,2326,824,7834,2484,6172,2622,8996,9096,9194,5837,6821,2545,3282,9300,1237,5770,9401,9499,5651,9594,4478,2013,1491,1277,2645,9694,9791,1942,5622,5607,2140,6290,9878,6074,2833,7744
1005,7159,1800,7480,1492,2789,6478,5208,8042,2080,4656,2745,4046,752,2377,3904,266,3708,8161,2155,5491,7822,4189,3755,8319,8419,1330,5735,8520,7973,5158,570,3046,1650,3178,8683,8763,2106,3369,5928,1712,5852,4355,5532,3071,3638,957,3574,4553,2909,6365,7748,5785,5014,5796,1522,3727,2655,149,3094,7348,3487,3265,4747,2056,2030,7508,4796,5751,4522,8997,9097,9195,2647,3551,982,4848,9301,1725,1588,9402,9500,5305,9595,3165,468,1208,694,262,9695,7942,1017,4321,6674,3627,6041,9879,4194,3364,9962
4683,7952,1674,7756,3568,4309,591,4226,8043,4242,7472,4779,3697,2188,3497,5220,1612,4466,8162,897,3732,8250,3275,3480,8320,8420,3138,5028,8521,7893,5096,471,1231,1892,6155,7978,7923,1428,1546,3933,2740,6534,6300,5533,3008,5202,1926,721,5510,1923,5764,8853,6447,4459,2302,577,4296,712,876,3649,5621,1592,1100,3973,4539,623,7388,2548,6183,1640,8998,9098,9196,2664,6524,1090,1379,9302,1033,320,9403,9501,4245,9596,3308,412,3448,1989,1392,9696,7639,3461,5324,3978,5567,5596,9880,5774,2065,6475
66,34,14,3,35,61,85,218,1386,6349,8110,7052,7143,6571,7653,7381,6901,7224,8163,6888,6463,8251,7535,6291,8321,8421,7119,6626,8522,8611,6136,6918,8652,7174,4829,8684,8764,7310,5590,7635,2906,7673,7926,6855,6167,7986,4973,5023,8830,5282,8833,8854,7740,7430,7776,5984,5922,6646,5187,5656,8899,2815,6919,7434,6911,2158,8927,7453,6781,7222,8999,9099,9197,6745,6856,7524,7741,9303,7307,6012,9404,9502,7622,9597,7717,6624,7408,6615,7194,9697,9792,6515,7417,7618,7630,7660,9881,9953,7051,9963
57,27,12,11,44,72,114,447,2391,5792,8111,7423,6174,5204,5502,8137,7169,8138,8164,6755,8240,8252,7615,7891,8322,8422,6107,7971,8523,8612,7762,7142,8653,5088,8660,8685,8765,6685,4443,5367,5415,7357,6476,8826,7747,6842,2141,6939,7987,4869,8834,8855,7731,7766,8891,2883,6955,7666,642,7003,8900,7777,2794,7107,4155,2529,8928,6039,7657,8000,9000,9100,9198,7938,8002,5566,9274,9304,6304,6000,9405,9503,7842,9598,6427,7302,4933,7881,7439,9698,9793,7847,7572,9851,7669,9857,9882,7754,6617,9964
4042,7251,1954,7772,1253,8025,2024,6166,8044,5814,8112,6620,5188,3845,5424,3439,264,6830,8165,1015,3386,8253,6255,6231,8323,8423,655,5554,8524,8613,5728,100,1979,1818,6670,8686,8766,4012,804,3007,2098,7175,6422,4666,5577,4711,1431,1807,6493,3394,6671,8856,5891,4803,5827,4034,5318,3317,93,1812,5000,2045,2501,2289,4182,1154,7714,3822,4847,1578,9001,9101,9199,2951,6926,703,2814,9305,5629,3289,9406,9504,3421,9599,1538,117,794,1877,382,9699,9794,3009,3173,5026,3597,4429,9883,7064,4091,9965
4480,7507,2406,7598,2643,4689,631,3842,8045,4452,7371,5117,2578,1810,1907,6396,2562,1201,8166,2485,6150,8254,5421,5794,8324,8424,483,1565,7918,7045,5612,819,1340,4949,4342,8687,8767,1012,729,417,1603,6582,6449,5361,5948,3104,2621,3501,5107,2556,6210,8857,5701,2494,3112,646,3914,2227,1089,3533,7306,230,863,2067,2170,619,7415,3035,1502,4535,9002,9102,9200,5226,6442,3797,2551,9306,3801,3127,9407,9505,2120,9600,3441,2003,1287,4165,3231,9700,9795,1437,2099,4448,3453,2877,9884,6961,1781,7160
39,62,78,112,235,920,2810,4299,7449,3956,8113,7312,6600,3544,3898,6945,1147,7126,8167,1236,6840,8255,5046,5542,8325,8425,3340,6087,8525,8614,6409,1125,7171,2737,6698,8688,8768,4186,2738,7100,4248,6850,5442,6653,7314,3628,2447,4008,6111,5265,7583,8858,6897,4855,5551,1459,2626,725,355,4363,6761,1888,3222,5981,2786,3195,8929,4178,7022,3746,9003,9103,9201,7230,6898,1043,6817,9307,4654,6719,9408,9506,4515,9601,5108,3175,2898,3675,1734,9701,9796,4713,5613,7402,6877,7255,9885,4137,5253,9966
676,1566,356,4096,4092,7110,2928,1633,8046,7285,8114,6804,6153,475,3140,5365,2208,2594,8168,1357,1302,8256,6436,2549,8326,8426,1323,4247,8526,7863,5080,454,5500,4697,3744,8689,8769,4615,1738,6554,1430,4407,6099,6380,2396,6896,313,540,7001,1678,6880,6596,6792,6973,3279,1744,2970,2744,94,855,6211,2572,3603,1130,1181,3502,8930,2975,5855,4969,9004,9104,9202,6169,3118,4774,4291,9308,2071,6711,9409,9507,3382,9602,6076,2181,643,3037,1960,9702,9797,2333,2243,3375,5932,3847,9886,6375,1246,9967
6701,6217,827,7471,3063,4462,3607,4122,8047,2437,7745,3936,983,3903,1170,1621,952,5372,8169,1507,1068,7631,4997,4637,8327,8427,3285,5056,8527,7643,2414,1061,5653,3781,4868,7866,8770,1845,1598,5723,1159,2954,4382,5267,2618,2611,673,1331,1868,913,5578,2196,5242,5633,3337,1126,2886,1214,963,1092,3188,2312,2547,3532,1585,2046,7806,3641,6296,3717,9005,9105,9203,5216,6122,4872,5055,9309,1298,4062,9410,9508,1438,9603,2708,2123,4241,3828,1174,9703,7882,1594,1952,5379,810,4139,9887,3869,1895,6562
1225,3076,3414,7812,3380,7498,3205,6943,8048,6178,7858,4681,4725,1493,2176,6350,326,3372,8170,1982,7459,8257,5130,6551,8328,8428,174,5738,8528,8615,3889,138,396,2584,4893,8690,7788,1999,1116,4052,2161,6991,6358,4547,6249,2367,1316,1193,5665,2025,7015,8859,5581,5702,905,1568,3832,3292,175,464,5225,2167,3689,2606,645,1176,7993,3290,5726,5484,9006,9106,9204,2291,2862,1534,4234,9310,4362,5420,9411,9509,4055,9604,2251,977,1478,3897,4118,9704,9798,2190,3837,6252,3997,7023,9888,6637,4056,7887
1916,7155,4173,7544,981,7534,1019,5879,8049,5471,8115,3958,5871,5557,4568,6894,732,4395,8171,406,5222,8258,1519,1118,8329,8429,2373,2023,8529,8616,5436,296,1145,6501,4617,8691,7450,1495,600,4048,917,4037,4004,1082,2999,1965,2226,494,6244,3710,4923,8860,3608,3182,5333,2994,4723,2715,802,2476,7656,3455,2681,2763,4625,1403,8931,4348,6687,767,9007,9107,9205,970,6810,928,2234,9311,3257,3691,9412,9510,4806,9605,5065,221,4308,5109,1920,9705,9799,3855,6920,2851,2873,1569,9889,6388,1741,9968
3780,5964,1749,7497,2426,6765,6281,4849,8050,5986,7817,5371,2995,2965,2249,4177,835,5884,8172,2027,601,7823,4047,3667,8330,8430,1647,3917,8530,7919,5390,189,3042,3640,4073,8692,8771,2982,1056,6028,639,5626,4083,4505,4913,2007,1957,1359,6250,321,6814,7989,5311,5562,1480,2116,4218,2442,108,3512,6339,772,1835,1918,3018,967,8932,1840,5392,2301,9008,9108,9206,4170,5469,3700,3849,9312,5304,4372,9413,9511,2477,9606,3355,1050,2508,2633,2465,9706,9800,1198,5536,5527,2642,4873,9890,3844,624,9969
2283,4080,718,7057,3107,4706,3176,3286,8051,2265,6730,4589,3398,1727,346,4413,1838,1753,8173,2278,3930,7738,991,5317,8331,8431,1028,2913,8531,8617,4336,1668,2797,2752,4077,8693,8772,2774,938,5962,2179,4010,5609,1059,1338,5836,2228,2110,5319,2461,6906,8861,5121,1761,2355,536,4273,1353,1661,3938,7106,848,1021,2459,1717,1552,7728,2823,5290,2087,9009,9109,9207,4533,6170,2701,3561,9313,1234,3392,9414,9512,4167,9607,3790,755,1676,1563,3763,9707,9801,2903,2703,5924,2836,4593,9891,4188,4765,9970
41,60,73,107,202,399,1944,3764,7113,4427,6893,7188,4828,4328,2515,4977,3952,7240,8174,2258,7087,8259,7190,8296,8332,8432,6739,6799,8532,8618,7298,3564,7063,2336,6865,8694,8773,5090,3779,1802,390,6204,5455,7494,3531,6938,1042,357,6333,688,8835,8862,7136,6229,2728,4216,5042,5092,1096,6085,7713,2806,3225,6576,4992,3221,8933,5309,2421,6718,9010,9110,9208,7596,4526,7443,7369,9314,3494,4162,9415,9513,6402,9608,6651,1427,5584,6482,4927,9708,9802,2366,3922,7457,5435,7167,9892,5153,5549,9971
64,77,99,246,365,1306,3334,5369,7428,5291,7252,2894,6570,3814,3940,6053,1167,5823,8175,1625,7662,8260,3983,6287,8333,8433,547,6770,8533,8619,6137,308,1212,4971,6800,8695,7390,3475,1266,6908,1670,7294,5574,7477,5750,5858,5180,6437,6717,5844,8836,8863,6564,5312,6314,1577,4312,3943,548,813,8901,4878,5583,4851,3206,868,8934,2869,6970,6655,9011,9111,9209,2001,7070,434,7005,9315,5386,1258,9416,9514,7085,9609,2968,1659,5904,5289,4383,9709,9803,5448,6631,9852,2661,7385,9893,7341,5110,9972
1383,7424,959,7539,2561,7600,6878,5659,8052,5815,7784,4744,6310,2104,625,6844,287,4430,8176,2077,7466,8261,5212,4850,8334,8434,380,6377,8534,8620,5782,243,2323,1179,4475,8696,8774,3426,2205,4467,1528,6965,4946,6605,4546,4680,997,803,6727,1178,5198,8864,6672,6423,1649,947,4924,3610,91,3015,7442,4513,4986,1622,561,1366,7768,2809,7038,4256,9012,9112,9210,2542,6398,1273,6723,9316,3440,3572,9417,9515,4994,9610,1745,575,1586,1095,398,9710,8007,1436,4196,7418,2852,5965,9894,7303,3562,8014
3354,7404,2538,7794,2692,7201,6900,2651,8053,6944,7911,5876,6683,1718,5211,2867,187,6262,8177,3336,6768,8262,5801,6135,8335,8435,254,5958,8535,8621,5685,238,841,1787,489,7979,7765,3666,425,5018,2631,5164,5462,6425,4517,6385,1468,395,4826,384,7338,8865,5960,5569,750,1046,3613,2910,110,2911,6592,3329,4150,1370,1517,768,7769,3417,6688,3229,9013,9113,9211,4540,4852,4007,5681,9317,4610,4661,9418,9516,4149,9611,4528,500,2075,4222,2463,9711,9804,896,3210,7133,2164,6528,9895,5860,4970,8015
437,7267,989,7953,3406,4156,3436,3171,8054,2723,7253,3848,1905,2149,466,2239,2637,2822,8178,1473,5812,7562,4449,6023,8336,8436,2747,3255,8536,7372,3073,734,4076,3742,1986,8697,7829,2248,993,3693,1472,5896,1161,5605,5456,4415,1232,695,5340,606,5261,7204,4416,5477,2034,672,3885,2215,1342,2429,6496,2035,1393,3652,3164,1406,7933,2847,5045,1217,9014,9114,9212,1765,5269,5084,4673,9318,2961,4606,9419,9517,528,9612,3082,1344,3120,3223,2335,9712,9805,1461,5406,4760,4472,5501,9896,4696,3462,6825
1039,5771,1851,7334,5617,6861,6544,2593,8055,4495,7642,7006,6419,640,776,7044,135,6165,8179,2451,7421,8263,5640,6621,8337,8437,265,4717,8537,7864,5881,358,1930,1746,5877,7764,8775,3250,1967,3993,1197,6460,6567,7010,6208,3774,1556,410,6839,1771,6386,7212,6195,6445,1759,362,5739,3513,90,2707,7257,3091,3117,697,347,1252,7994,5215,7229,5875,9015,9115,9213,5166,6158,3659,5850,9319,1510,3274,9420,9518,5378,9613,4507,530,585,1878,4235,9713,9806,2742,4436,6393,2753,6404,9897,7028,4370,9973
2220,6921,1419,5862,3045,3606,2304,3687,8056,4121,7354,6912,1458,2665,1466,4745,343,6186,8180,1250,910,7601,3706,2019,8338,8438,3782,3976,8538,7633,4403,1139,6813,2160,6298,8698,8776,3577,2245,4018,1432,972,4707,3724,2821,4586,971,766,3510,1869,6081,7675,2108,5897,4604,683,5136,1862,1268,3131,7138,1294,3431,2038,2550,1928,8935,1680,3690,3320,9016,9116,9214,1545,6049,3374,5030,9320,909,3445,9421,7940,4129,9614,2812,1106,2088,1261,2734,9714,9807,2424,3040,6280,3467,5345,7885,4015,402,7436
1469,7287,2300,7729,1135,4630,5521,3586,8057,6332,6789,4991,6032,3759,2634,5829,1559,6490,8181,2690,5950,7966,4330,6573,8339,8439,696,6325,8539,8622,5175,145,501,5741,4979,8699,8777,2952,1747,318,1591,3186,2479,3064,4834,1847,886,986,6103,1220,6820,7872,5913,5565,692,2499,4784,2581,128,2569,6611,3246,1010,3119,1540,342,7934,4446,5874,5012,9017,9117,9215,1018,5961,3259,6184,9321,2694,6336,9422,8004,5657,9615,3646,366,973,4555,1382,9715,7843,4244,6019,4541,6859,5990,9898,6007,2650,9974
3143,6639,1453,7552,3163,4715,3611,4302,8058,3456,7474,3202,4904,2204,4027,4473,979,2635,8182,2590,1289,7785,4371,3269,8340,8440,1047,5040,8540,7974,3345,1210,2124,457,836,8700,7476,2475,1076,3429,2145,2762,4327,3757,3492,4629,1938,944,4676,1733,6189,8866,5969,4764,1385,2748,1595,2240,567,3644,7095,850,1740,3721,1274,1355,7617,3271,3998,4089,9018,9118,9216,5393,3554,4493,4369,9322,3859,6381,9423,9519,4565,9616,3299,649,3605,2525,844,9716,6904,377,3478,5803,1158,3019,9899,4530,3134,7573
1808,5197,738,6775,2597,1314,3908,5035,8059,5696,6935,5942,5646,444,4921,6013,1235,3418,8183,1769,3433,7739,3409,5589,8341,8441,472,4109,8541,8623,5601,1527,2009,5833,411,8701,7924,1571,2614,6740,1259,5854,5864,5676,1541,5547,280,4208,6603,4755,6346,8867,6283,6660,4677,391,4561,3047,109,3768,7163,1215,3891,2764,895,975,7995,4554,5610,4981,9019,9119,9217,4728,5765,2374,3181,9323,1837,4351,9424,9520,2334,9617,2608,3060,455,3099,1184,9717,9808,2195,4067,5747,5839,5438,9900,6725,564,7905
3552,7187,1185,8020,883,6525,6098,4874,8060,5573,7773,5787,1151,1883,1320,3785,469,5247,8184,479,6435,7967,4870,4246,8342,8442,2210,4377,8542,8624,5789,513,4781,3928,3662,8702,8778,1487,2503,5818,324,2358,5489,3481,5052,3950,428,281,5091,2122,6595,8868,4758,4699,3101,2428,2644,1724,1497,3366,7575,2770,2246,3043,4260,998,8936,4013,5753,758,9020,9120,9218,507,6773,5116,3149,9324,3924,4005,9425,9521,4102,9618,3789,387,5754,2942,568,9718,9809,980,6383,4108,1142,6035,9901,5294,4411,9975
1500,7000,1997,7854,4481,6083,5465,1909,8061,5457,7464,7226,2876,1226,546,6065,160,7118,8185,2371,7234,8264,5998,6320,8343,8443,420,5260,8543,7181,4836,790,5287,3743,3322,7570,8779,4650,1663,3673,948,4285,5043,6716,5303,4594,1547,228,6966,580,5511,4883,5257,6728,751,443,6017,3307,98,2759,7456,3890,3963,829,1325,1104,7835,4193,6549,2502,9021,9121,9219,5903,5954,6212,6584,9325,4014,5171,9426,9522,3769,9619,4809,258,893,1494,3578,9719,9810,791,6156,6062,3529,5737,9902,6731,4571,9976
2054,7853,1362,8021,3496,7209,2646,6196,8062,5768,7912,6179,5414,5793,727,5103,370,877,8186,1203,7053,8265,4963,2134,8344,8444,2427,5380,8544,5385,4316,875,3025,2724,2086,7620,8780,4105,505,5322,592,4945,5591,7120,4968,4269,219,388,6176,1958,5560,7176,6747,4253,3288,4175,4491,3373,495,2964,6623,499,3547,3906,3180,1474,7645,4500,2313,1643,9022,9122,9220,3784,7097,3680,1490,9326,5606,887,9427,9523,1115,9620,4793,161,6443,2979,2321,9720,9811,440,5955,5143,6502,4742,9903,6236,3190,7082
1071,4120,1107,7473,2976,4501,5237,2236,8063,3397,7355,4936,4292,3028,2061,4399,2200,4442,8187,2450,4544,7968,4063,5053,8345,8445,2186,5720,8545,8625,1454,648,3423,4860,5428,8703,8781,1310,1499,2699,812,4532,2325,2308,4283,2317,1756,3365,1660,3220,4702,7550,5170,4205,2585,1443,2725,1834,270,1530,1932,799,2224,3545,3593,2042,8937,2901,1748,4286,9023,8001,9221,4682,3664,4184,2381,9327,3824,1743,9428,9524,1194,9621,1404,627,4212,1705,1332,9721,9812,2702,2269,3548,4556,6120,9904,4652,2474,9977
6330,7771,1207,7757,331,7086,2407,4100,8064,6737,8116,6376,3559,4810,5788,6286,1846,415,8188,2801,6873,8266,3637,1102,8346,8446,3634,6048,8546,6345,4670,786,7376,5783,4281,7801,8782,2675,275,3051,1580,3895,3130,6536,6548,6072,337,203,5635,618,5391,7805,2332,5001,2359,1964,3522,3920,834,2600,4863,789,2430,3811,859,1890,7996,2361,4125,961,9024,9123,9222,4343,4614,5976,1318,9328,1503,6636,9429,9525,3816,9622,4523,172,6462,3050,3227,9722,9813,1088,4268,3887,7059,3324,9905,4103,3472,8016
880,7278,539,7196,3827,7483,6273,2733,8065,6254,7574,5200,5947,885,379,5530,524,6852,8189,830,7055,7969,4753,4262,8347,8447,1007,5944,8547,8626,4995,460,7145,3179,6648,8704,8783,2630,4338,5819,1365,4583,5177,4703,4306,4209,2282,517,6914,1529,2751,7873,4941,5122,2534,1667,5395,2974,154,3233,7751,4179,4169,1260,869,2682,7997,3996,6373,2937,9025,9124,9223,2623,6628,1014,6890,9329,2388,2716,9430,9526,2662,9623,1378,765,925,407,438,9723,8008,826,6233,7232,5228,5506,9906,5851,3339,9978
1081,2676,171,5674,4152,7305,1956,3888,8066,6395,8117,6777,3422,5713,1040,5238,2096,492,8190,1536,6440,7914,5031,3794,8348,8448,4358,5507,8548,3177,1775,2252,7186,7088,4313,6791,8784,3839,1188,4240,1189,5146,4277,4783,5381,4368,226,371,6270,1173,7242,3636,6650,6338,3359,4157,5002,3868,759,635,6051,1183,2966,5821,1723,1686,8938,4380,3391,3115,9026,9125,9224,3234,6489,4914,3057,9330,2684,1464,9431,9527,3196,9624,4097,260,5357,4960,2053,9724,9814,663,901,2842,6976,3031,9907,3166,1584,9979
5682,7144,1263,7545,3620,6428,5070,2697,8067,4484,7682,5300,4441,2567,2919,445,1247,3669,8191,2743,6218,7693,4072,5825,8349,8449,878,2078,8549,7975,2260,1521,840,3819,3748,8705,7982,3059,1052,1123,2528,4160,4303,4733,4250,1423,1875,3750,4461,2343,5432,7874,919,3643,3360,1821,2922,2917,274,1994,6661,2837,2559,4228,1683,705,8939,2766,4153,2860,9027,7838,9225,3377,4128,1213,3302,9331,3694,349,9432,9528,2518,9625,3321,1445,1636,904,1504,9725,9815,2268,5299,4961,4595,5740,9908,5663,1820,7851
2201,5336,1397,6764,2736,1165,5316,3542,8068,1008,6260,4757,4112,1871,2552,3093,2672,4889,8192,2083,6008,7915,3482,4141,8350,8450,3326,5373,8550,7976,2217,1401,4721,4939,930,7344,7554,2587,1447,2187,644,4964,4252,1951,2480,1912,616,1736,5795,1774,3686,6940,6038,4518,2718,1896,2915,2298,525,3821,3088,1853,2244,502,2582,611,7836,1381,4884,2721,9028,9126,9226,3946,3266,4220,6272,9332,2294,3477,9433,9529,4536,9626,3479,1861,4622,2679,955,9726,9816,1025,5203,3408,3235,5083,9909,4642,1943,7569
7161,7624,334,7721,774,7342,2616,5370,8069,6309,8118,7140,6507,2530,4236,1811,1483,2874,8193,3125,4334,7632,4058,6446,8351,8451,4511,1955,8551,8627,4988,1133,7007,5422,4573,8706,8785,3500,636,4690,1380,6586,4768,552,2275,5430,1665,3097,6274,422,6275,7441,3739,3688,1634,143,2855,461,1731,3699,3639,946,3387,3189,1127,2093,7935,1023,5049,2491,9029,9127,9227,6706,5808,6267,792,9333,4001,3671,9434,9530,2505,9627,3681,188,6117,4002,2446,9727,9817,701,5375,3882,4827,2247,9910,6486,1987,7689
2788,5941,2969,8022,2376,6453,3038,6416,8070,4051,7955,7189,5872,3310,4726,2320,588,5129,8194,249,6424,8267,6362,3795,8352,8452,3029,5945,8552,7706,6101,168,6640,6266,5077,8707,8786,4110,3203,6102,231,7365,6175,2328,3237,1805,3506,467,7289,1241,3942,7485,3573,5935,6034,1407,6263,1322,140,726,7504,763,1657,2659,5314,3281,8940,5376,2845,386,9030,9128,9228,1077,6934,2769,4349,9334,5349,3982,9435,9531,2182,9628,4257,241,4516,336,511,9728,9818,4925,6588,4146,7077,3348,9911,5861,5846,7610
785,6788,761,7297,4320,2568,4597,5593,8071,3818,7036,6134,4965,3521,2401,6458,936,6848,8195,620,4627,7268,6430,5337,8353,8453,709,3530,8553,6903,6059,581,5097,6050,5841,8708,8787,3621,3438,6533,310,5454,6492,736,1616,1910,2460,954,6073,5182,3843,7264,5323,6517,1053,212,1440,2133,159,881,7249,2719,2444,5011,1863,2825,8941,2118,3581,2319,9031,9129,9229,1688,5634,4685,5024,9335,3902,5094,9436,9532,4397,9629,2178,1022,2331,839,1390,9729,9819,3065,4529,5076,6356,2863,9912,6193,1542,9980
7295,908,234,5063,1913,7499,2992,1257,8072,4607,7818,6247,5210,599,1709,6077,806,2843,8196,2297,6684,7703,5039,3875,8354,8454,1793,5802,8554,7707,5263,1279,1409,1880,6219,8709,8788,1790,1410,5561,381,5125,4361,2256,739,6011,2455,1140,5598,2011,5141,7990,5806,1779,4231,2554,2755,2799,716,1351,5231,3756,1948,1531,3012,2490,8942,4432,3338,3539,9032,9130,9230,4093,5975,3122,6058,9336,2669,5548,9437,9533,5172,9630,4435,1155,679,2939,2921,9730,9820,523,5383,2765,851,5474,9913,2544,4891,8017
6979,4531,314,7599,210,7795,2717,1233,8073,4602,8119,5906,5991,1084,2882,3518,3937,2519,8197,1666,5352,8268,5824,2194,8355,8455,1677,5508,8555,7634,2191,206,6697,4653,6733,8710,8789,1434,747,2758,223,4807,5144,6010,2040,6042,1582,4487,1751,2574,2310,7665,5272,6466,3556,4265,5666,3054,1513,2152,7205,1609,1313,5219,2288,2962,8943,1933,2848,777,9033,9131,9231,3762,6608,4243,637,9337,2419,6759,9438,8005,2532,9631,4176,487,5315,3102,2237,9731,9821,2272,6163,506,4814,3197,9914,5687,3979,6860
2148,7316,3371,7855,6129,7816,6610,6695,8074,5576,8120,7737,6046,4938,276,3591,597,5306,8198,369,6868,7606,6550,4414,8356,8456,2796,7235,8556,7356,2610,255,6292,4545,5032,8711,8790,5755,4664,4743,184,7172,6481,4131,6225,2652,3150,244,7129,1069,3853,4332,3601,2972,4101,473,4694,2435,156,1343,7992,2015,3815,566,667,3733,8944,5849,4180,576,9034,9132,9232,3458,7067,4621,6956,9338,5727,2689,9439,9534,4136,9632,1758,553,889,352,992,9732,9822,4378,5516,6090,5344,6556,9915,4079,4777,7541
2683,7809,215,6609,3079,4457,6160,1375,8075,2698,7613,5167,5292,3912,1119,6317,773,6712,8199,1988,6708,8269,4716,6744,8357,8457,409,4274,8557,7761,3437,1716,2844,2192,6574,8712,8791,3546,1554,4679,158,3114,5517,5970,3204,1367,1879,403,6001,3172,6679,8869,5632,5445,520,196,1105,3034,124,4151,6642,3133,3228,1791,2330,2037,8945,1101,5398,4740,9035,9133,9233,1520,3293,5694,3629,9339,3589,4344,9440,9535,3579,9633,3353,2504,2998,3705,2732,9733,7718,3400,5115,6578,4419,5497,7945,4287,4323,9981
1003,7092,1968,7170,2899,4331,4993,2527,8076,2523,6105,6389,5021,449,1587,4154,222,7024,8200,1692,7425,8270,4288,5709,8358,8458,4174,6154,8558,8628,6151,285,3783,3876,6886,8713,8792,4580,2162,6197,1619,4782,4609,4190,5689,4763,1227,486,6271,956,6630,7332,2670,6213,3948,733,3959,3416,190,3580,6948,1548,2467,884,2988,2804,8946,4613,7147,2888,9036,9134,9234,2828,7084,2468,4053,9340,1075,3132,9441,9536,3524,9634,5244,554,2386,328,800,9734,9823,2072,5310,5937,864,5670,9916,3252,2395,9982
2521,7810,2203,7813,4326,6932,6021,4379,8077,2405,7859,7032,6513,4300,1550,6227,781,5733,8201,1228,6313,7760,6016,5679,8359,8459,2136,6264,8559,7920,6003,488,6676,4943,3696,8714,8793,4009,2688,2103,164,6410,5597,3612,4665,1714,2941,177,6779,1324,3318,7486,3541,4394,2841,401,5672,2458,181,821,7523,1573,1304,1848,2492,2726,8947,3485,2557,626,9037,9135,9235,2356,6774,2070,6681,9341,4202,2488,9442,9537,1451,9635,3752,418,2392,551,465,9735,9824,3823,6403,4898,5828,6985,9917,6892,5781,7949
4335,7090,327,4126,1471,2050,6276,4635,8078,5408,6543,6470,5671,1543,4086,4899,1398,5191,8202,3526,4616,8271,4254,5911,8360,8460,615,2778,8560,8629,5638,385,1425,4701,2012,7980,8794,3236,1579,1904,704,5745,4862,5832,1929,4722,1305,5067,3771,2891,5451,8870,6575,1961,3702,3022,4724,3425,237,1341,2990,3023,4003,2410,4574,330,7502,3434,5213,4804,9038,9136,9236,2092,5777,6200,2094,9342,2399,4759,9443,7840,4494,9636,2068,155,293,1971,2266,9736,9825,898,5350,6191,5329,5207,9918,3211,2807,7906
5427,7611,2457,8023,2957,7409,4421,4486,8079,4039,8121,6704,6015,5993,1044,2641,587,4542,8203,1607,3536,7916,6769,6881,8361,8461,5131,6917,8561,7343,5539,269,7269,6531,6801,8715,8795,3316,807,6057,178,6838,5921,6847,5192,2857,1972,209,6879,301,4198,7079,4066,5313,2938,367,5790,2893,131,544,7930,927,1402,1735,4550,3062,8948,5479,2486,393,9039,9137,9237,1631,7093,7283,6116,9343,7027,5101,9444,9538,2506,9637,6408,245,4738,213,681,9737,9826,2791,7054,3878,7112,5927,9919,6732,6143,7781
4060,7782,3333,7680,4732,7427,6316,5925,8080,2470,8122,7411,5883,5006,582,1371,1094,5351,8204,687,5762,8272,5399,4648,8362,8462,6147,6913,8562,8630,3248,289,6162,5437,6091,8716,8796,4081,3488,2433,137,7047,5585,5873,2923,2073,2746,435,4021,3483,2267,6680,2674,3351,6234,200,5721,2555,179,832,7637,1638,3000,1679,2691,2830,8949,5280,3226,512,9040,9138,9238,2700,7538,3600,6521,9344,4818,5156,9445,9539,2153,9638,2924,316,4776,193,389,9738,9827,4410,6359,4280,5780,6259,9920,6030,3309,7587
69,88,121,491,730,2678,4778,2912,7796,6638,8123,6159,6318,2654,4649,4598,2271,4559,8205,3136,2704,8273,1940,7061,8363,8463,3243,3219,8563,8631,4133,1629,7286,3401,6094,8717,8797,4172,2097,1412,2354,5429,5545,5098,6946,4623,2117,345,6092,788,7117,8871,6088,5529,3407,3473,1062,677,976,1369,6693,2824,2513,4832,3363,2383,8950,1248,5650,6289,9041,9139,9239,4692,6805,5580,4360,9345,3503,5978,9446,9540,6455,9639,3303,1656,3083,4033,3424,9739,9828,1558,5407,6192,5645,6969,9921,3362,3883,9983
3616,7755,2512,7909,2564,7691,6253,5886,8081,5458,8124,7475,5118,2146,1180,2322,319,7065,8206,1209,7164,8274,4912,4572,8364,8464,1013,6846,8564,7894,6480,194,7227,5342,7025,7981,8798,5223,1456,3893,463,7026,6063,5575,6572,2950,2511,268,7366,341,5126,7414,3602,3961,1953,685,5152,2731,146,1444,7321,1120,3871,538,2021,3185,8951,4647,5856,770,9042,9140,9240,3881,7081,4641,6647,9346,5243,5865,9447,9541,1726,9640,3086,198,1132,518,573,9740,9829,2761,7158,5452,5005,5979,9922,6971,4886,7720
5767,4509,1038,6546,647,4835,3516,3084,8082,2790,7520,5251,3312,3123,2997,3540,1045,5564,8207,1160,1755,6947,3709,1648,8365,8465,2565,4424,8565,7828,2687,1463,4687,4929,4815,8718,8799,2471,2090,2693,1245,4259,2058,481,4853,4917,951,2730,5700,2081,5636,7121,4958,5914,4317,1628,4376,2483,934,1754,3585,2084,3239,2177,706,1937,8952,3713,3124,2439,9043,9141,9241,4579,4366,5093,3523,9347,478,719,9448,9542,2885,9641,1915,1498,3792,1789,757,9741,9830,1992,2943,4319,4714,3301,9923,3241,3525,7419
6020,1516,1317,7532,4524,6633,4940,374,8083,6161,7860,6618,5594,665,247,4132,278,6884,8208,2091,6581,8275,5715,3927,8366,8466,915,3931,8566,7921,5233,2085,3412,740,5071,8719,8800,3270,1704,6363,2057,1347,3683,5033,5133,4402,1702,267,6700,429,5019,7050,5582,6372,1072,1284,4304,2209,216,1697,4772,3484,3528,595,2531,2818,7998,2749,6347,3192,9044,9142,9242,6710,6329,4506,5123,9348,4471,2820,9449,9543,4318,9642,3740,2131,1172,3446,3737,9742,7844,556,6284,3650,4857,2449,9924,6469,4158,9984
56,26,5,10,45,71,115,439,2452,6851,8125,7958,7150,6602,7244,7420,6738,7362,8209,5140,6344,8276,7438,7607,8367,8467,5087,6905,8567,8632,7099,4426,7514,7698,6288,8720,8801,7207,6849,6509,2892,7548,7493,8827,7542,6699,5859,3017,7700,2020,7655,8872,7616,7495,8892,6587,7676,6353,572,6295,8902,2353,6082,7517,7349,5540,8953,7108,7213,3505,9045,9143,9243,6190,7340,7646,7461,9349,7586,6760,9450,9544,7489,9643,7448,6580,6863,7328,6185,9743,9831,7173,7904,9853,7139,7604,9925,7792,7124,9985
23,38,58,80,126,427,1501,2949,6968,6306,8126,7491,4207,4381,6522,4549,924,7797,8210,5847,7959,8277,6841,7400,8368,8468,3884,7588,8568,8633,7293,2173,8654,6882,7458,8721,8802,5769,5343,6203,5201,6579,6854,7694,7515,6258,2276,746,7048,1722,8837,8873,7447,6461,3877,3167,6772,4219,127,5693,7460,4611,5334,3379,5044,1080,8954,3631,2253,5047,9046,9144,9244,7273,7567,6629,7561,9350,4386,7043,9451,9545,3537,9644,4956,1706,2604,6500,4695,9744,9832,4626,6593,9854,6742,7462,9926,7886,4557,9986
46,15,13,29,59,81,167,780,3463,6456,8127,6950,6795,6538,2370,5366,3325,7594,8211,5588,7960,8278,6996,7020,8369,8469,3214,7602,8569,8634,7521,4746,8655,6874,7800,8722,8803,5919,5268,7560,6095,7628,7373,7247,7326,6709,4983,3444,7636,6832,7290,8874,7501,6802,7379,1376,5649,6607,2229,5274,7727,6239,2849,4839,4612,2404,8955,5135,7715,5401,9047,9145,9245,7667,7509,7237,7880,9351,6335,7668,9452,9546,6382,9645,6887,6064,7074,6720,5298,9745,9833,7284,7132,7199,6750,7551,9927,7370,6340,9987
1613,4384,1240,7261,4203,7361,5404,2514,8084,6093,7913,5301,4482,1400,3555,2870,325,4563,8212,272,4107,8279,4751,3575,8370,8470,1363,5461,8570,8635,3695,537,2478,1099,2214,8723,8804,2524,3096,3905,1199,6622,4468,4030,1730,2144,2563,3726,6226,3419,4766,8875,4854,5980,4823,3703,4727,3253,240,3198,7367,3457,1819,4263,2945,317,7936,4464,6240,3357,9048,9146,9246,3507,6673,3718,4116,9352,4792,2829,9453,9547,1067,9646,3162,134,4674,339,480,9746,9834,2695,4576,5898,2400,3187,9928,6931,3319,5276
6366,5085,798,6589,3474,4350,5453,1073,8085,3450,7819,4365,2805,1672,4187,2978,1897,4422,8213,1824,6401,8280,2865,5149,8371,8471,994,4719,8571,7364,5492,436,1949,2808,4634,8724,7925,2380,965,6566,1576,2350,1827,5868,1295,6498,805,2607,6109,1699,2625,8876,5347,5648,4249,2858,3584,3626,2347,1182,7193,509,1433,1813,1700,873,7937,1854,4519,4305,9049,9147,9247,1882,5075,3311,1060,9353,3944,731,9454,9548,3660,9647,1685,531,5571,1856,1278,9747,7577,3672,5553,3128,4705,2286,9929,2498,3370,7394
4258,7317,1962,7329,1544,5037,5930,4276,8086,5917,8128,6471,5544,3315,634,2667,484,5643,8214,756,5707,7725,891,6397,8372,8472,4142,1993,8572,7685,2052,129,5234,4310,4264,7802,8805,4375,2540,5664,2537,4454,5186,6311,5848,5706,1908,2768,3988,1358,6426,7991,5616,6510,3919,2711,5412,2936,133,1016,5193,2456,3306,224,1567,424,8956,4881,5190,2986,9050,9148,9248,5480,6749,5513,3974,9354,5025,894,9455,9549,3495,9648,3787,782,2577,338,1078,9748,9835,2344,1124,5520,6149,6707,9930,6207,1029,7528
3191,6763,1485,7083,2603,7104,6957,1315,8087,6361,7670,6787,6025,1857,900,6084,290,7406,8215,945,6992,7824,4301,6523,8373,8473,1825,4438,8573,8636,5909,300,6756,1429,6972,8725,8806,3617,2340,3909,2032,4560,3344,6257,5405,5235,669,302,6645,458,6152,7584,5752,3972,985,2180,1698,769,162,2402,6870,1455,4069,783,3595,1760,8957,3267,6923,3911,9051,9149,9249,2967,5402,1191,1058,9355,5114,3728,9456,9550,4477,9649,4865,903,1927,2022,2292,9749,9836,707,6411,6982,2448,5722,9931,6497,1921,9988
55,24,30,9,51,68,95,351,1981,5748,8129,7296,6652,7013,5763,7413,6954,7280,8216,5221,7649,8281,6634,7275,8374,8474,5443,7272,8574,8637,7276,4255,8656,7135,7433,8726,8807,5503,2553,7320,6413,7058,7178,6925,7216,5264,5358,4029,7710,4651,7871,8877,7832,7711,7530,4775,7073,5772,2813,5224,8903,6441,5161,7585,6312,4431,8958,2613,6598,7311,9052,9150,9250,7807,7506,6553,9275,9356,7327,7590,9457,9551,7352,9650,4866,4425,7568,7238,6439,9750,9837,4708,7640,7543,6285,7734,9932,7743,6867,9989
5154,6743,737,7519,1589,7168,5168,4942,8088,6479,8130,7029,3864,1864,3517,3807,608,6491,8217,2413,4279,8282,2846,4657,8375,8475,1703,4718,8575,8638,5994,201,5176,4844,5760,8727,7983,3328,2878,1055,1710,6075,5147,4950,4016,5134,978,629,4909,433,4339,8878,3632,5724,2930,2487,3994,2309,105,3716,6558,1051,2535,1470,1387,1223,8959,4024,4980,4217,9053,9151,9251,5894,6542,1356,5669,9357,2357,1562,9458,9552,2112,9651,3725,335,1195,452,656,9751,7845,2222,5982,6005,5799,6351,9933,4867,3135,7852
3514,6757,2230,7526,1254,5758,5245,594,8089,3758,7671,4974,4367,3242,470,941,865,4720,8218,2757,690,7500,3004,2466,8376,8476,2902,1844,8576,8639,1601,1424,4114,4134,5132,8728,8808,3110,2241,1422,307,6066,4639,5374,4907,4822,1673,3987,3954,1695,6495,8879,2780,6078,2198,514,3245,2798,1004,2280,3910,2263,3137,309,1482,871,8960,4031,6477,1486,9054,9152,9252,5328,3508,1243,5286,9358,1701,4221,9459,9553,5472,9652,3058,1694,3170,1639,3283,9752,7733,3707,2933,6128,5992,4489,7848,3796,4364,9990
82,53,25,1,8,36,67,96,459,4115,8131,7774,7437,6872,8135,7556,7210,7382,8219,5441,7961,8283,7557,7892,8377,8477,7826,7697,8577,8640,7336,5150,8657,7763,7977,8729,8809,7323,7105,7407,5151,7746,7300,8828,7654,7686,6009,7516,7468,6975,8838,8880,7701,7487,8893,7928,7929,5716,1475,6828,8904,7292,6583,7778,8908,7157,8961,7565,7902,7518,9055,9153,9253,7658,7903,7351,9276,9359,7435,7265,9460,9554,7791,9653,7609,6040,7444,6953,6999,9753,9838,7445,7431,9855,8010,7432,9934,7239,7641,9991
31,19,43,65,84,151,664,1610,5900,4887,6927,6418,6022,1984,3116,6796,2014,7211,8220,4099,7962,8284,6778,5262,8378,8478,6119,5558,8578,8641,5419,4564,3258,6988,5974,8730,8810,6532,4880,7582,2907,5604,6952,5104,7011,7146,3213,5691,7549,5411,4735,8881,7217,7478,3840,1767,4842,5602,1282,4417,7004,4130,4667,3604,3100,2856,8962,5199,6060,7368,9056,9154,9254,6451,6205,7277,6876,9360,2382,7152,9461,9555,7068,9654,4591,4882,7153,5654,3268,9754,9839,5809,6835,7183,7403,6668,9935,6394,5905,9992
6942,5996,1600,8024,2119,5899,3449,968,8090,3609,7723,6222,5481,451,5384,6301,1570,4070,8221,2795,6391,8285,3734,5708,8379,8479,633,4838,8579,7446,563,1841,4582,1346,596,8731,7984,2113,2074,3965,1372,3655,3592,5326,5546,4748,1117,1867,4910,2101,6450,8882,6121,5807,1296,485,2959,1902,297,4846,7452,364,2595,3921,899,1136,8963,2656,6601,5746,9057,9155,9255,6216,2193,2211,2884,9361,2853,5174,9462,9556,3027,9655,2573,1739,1515,3817,3452,9755,8009,1196,5008,2004,843,4825,9936,4171,3349,7479
49,21,22,37,63,83,173,735,3296,7330,8132,7683,7179,7197,7263,4773,7134,7614,8222,5908,8241,8286,7127,5775,8380,8480,3861,6853,8580,8642,6302,5013,8658,4998,8661,8732,8811,6937,4967,3803,5396,7603,7165,7927,5410,7790,2423,7589,7066,6438,5680,8883,7571,5463,7137,6519,7208,5673,723,7042,8905,6067,5543,5619,5798,5279,8964,5703,5377,6504,9058,9156,9256,7537,7679,5034,9277,9362,6251,4284,9463,9557,7339,9656,5519,6753,5624,2741,1405,9756,9840,7089,6569,7742,6843,6793,9937,6675,4562,9993
4756,7783,1830,7360,3330,6949,6694,3070,8091,2977,7274,6995,5889,604,2417,4022,583,5918,8223,3184,6459,7861,5719,5817,8381,8481,856,3731,8581,8643,2660,284,6907,4447,1281,8733,7870,3957,3346,6326,2105,6547,5967,6131,4227,5592,682,1605,6278,911,5870,8884,5217,6294,3026,966,4632,3216,106,5178,7131,3109,3668,1300,1618,1572,7837,4485,5776,2960,9059,9157,9257,5923,6568,3254,5977,9363,3072,1064,9464,9558,4307,9657,2832,130,1065,259,291,9757,9841,1859,3323,6473,2649,6221,9938,2803,1426,9994
2362,7260,2443,7681,4267,5800,6337,4238,8092,6433,7956,5599,5997,1164,3491,4340,197,4900,8224,3157,6713,8287,3947,6614,8382,8482,204,6659,8582,7579,4341,453,923,4989,1963,7558,8812,3428,1627,5332,2311,3588,5729,6322,4845,1763,1583,150,3238,329,6327,7148,5711,5698,430,2206,2834,1887,147,3280,6468,2199,2729,2207,1264,617,7877,3563,6941,5524,9060,9158,9258,3772,2819,4514,6054,9364,4393,6666,9465,9559,5285,9658,4655,227,1518,5526,4049,9758,9842,702,6735,5388,5335,6230,9939,4794,4297,9995
1034,7200,2002,7856,3020,5470,5017,1377,8093,2712,7380,6130,4686,3342,870,3738,263,6297,8225,3048,5467,8288,4437,6379,8383,8483,862,3053,8583,7319,2658,741,1190,1604,5296,8734,8813,3925,1651,3684,1611,5050,4068,5688,3490,3080,1884,283,5902,762,6686,7198,3960,7091,1251,1087,1681,3879,120,4085,6514,2671,2588,1974,3776,1144,7779,4032,5258,1086,9061,9159,9259,3981,4990,5730,4962,9365,4693,4445,9466,9560,5939,9659,3378,119,1855,3466,3284,9759,9843,1762,3773,4483,5449,4739,9940,6357,4948,7793
416,7463,2295,6535,658,2137,6658,6429,8094,1446,4352,1009,2533,1360,771,1684,1054,4798,8226,2496,4820,7825,4074,5866,8384,8484,4117,5644,8584,8644,5277,890,6826,1990,4895,8735,7985,3381,3061,3679,2543,6014,3168,5120,3509,4463,867,1335,5692,1885,6328,8885,6748,3894,1693,2060,1462,2522,207,2576,7258,1327,3858,4044,929,1947,8965,3161,4840,5433,9062,9160,9260,1720,849,632,4645,9366,2171,4785,9467,9561,5731,9660,1113,2329,5249,918,1906,9760,7719,1886,4801,6616,3383,5102,9941,6124,2589,7422
543,7318,2273,7279,2169,2991,2908,2129,8095,4224,4767,3230,4905,578,902,3154,282,7078,8227,1728,5890,8289,4140,4498,8385,8485,1596,6242,8585,7865,5240,1035,6885,5331,6056,8736,8814,2261,3331,5826,2539,3003,3966,4272,3656,2605,1796,931,5181,2403,4412,7749,5892,5061,1881,1108,3775,3327,170,2601,7488,3711,3160,3081,916,1732,7878,3111,6315,5007,9063,9161,9261,1903,4930,668,6857,9367,1776,3989,9468,7841,3493,9661,1070,1900,1489,708,496,9761,7696,1467,4585,5704,3900,5614,9942,6632,2714,7950
123,70,40,4,2,6,48,75,152,1187,8133,7889,7412,7484,8136,6644,7313,7465,8228,7626,7440,8290,7335,7663,8386,8486,8497,7798,8586,8645,7709,7151,8659,7896,7627,8737,8815,7559,7299,7345,5509,7203,7803,8829,7699,7401,4808,7687,7346,7664,8839,8886,7899,7122,8894,8895,8896,7726,7900,8897,8906,8907,7901,7391,8909,8910,8966,8973,7752,8974,9064,9162,9262,7621,7470,9273,9278,9368,7383,9379,9469,9562,7941,9662,7384,7246,7392,7591,7359,9762,9844,7393,6786,9856,7659,7510,9943,7808,7219,9996
4261,6331,1792,7405,3788,6201,5863,4588,8096,6803,7759,6974,5811,960,1766,2617,557,4444,8229,1336,7398,7917,3992,2817,8387,8487,987,6202,8587,8646,3384,232,6958,7030,6758,8738,8816,4311,2415,3565,2318,6619,4385,6031,5490,6816,1270,937,6604,1786,4926,8887,4455,2029,5057,1511,5266,3622,92,5106,6722,3566,3011,446,1137,419,8967,4290,6752,2497,9065,9163,9263,6177,6367,6100,5686,9369,2348,3410,9470,9563,5387,9663,3692,195,661,305,298,9763,7883,1339,2389,5761,3614,6474,9944,3841,1488,9997
3044,4935,2235,7814,3404,4347,6173,5522,8097,974,7672,6585,3089,3590,3287,2756,1645,6106,8230,1983,3749,7862,3984,3941,8388,8488,3435,2341,8588,7018,2947,192,3006,2546,4966,8739,7540,1860,1205,5559,1288,4659,1574,6199,5416,5010,1539,165,3277,2174,2993,2983,4470,6096,1146,3144,1925,796,933,3367,7595,1523,3376,3934,4456,2580,7879,1218,6875,2771,9066,9164,9264,5418,3013,6061,2255,9370,4199,5137,9471,9564,907,9664,4145,1691,6224,1177,360,9764,9845,1329,1632,4601,4761,4271,9945,4000,912,6836
4061,7811,660,6967,3021,1590,3024,4548,8098,4643,5857,6164,3569,659,5714,4458,350,2345,8231,1975,4752,8291,4474,1843,8389,8489,2184,2787,8589,7922,6110,233,6815,4861,6352,8740,8817,4084,2327,1773,2126,6421,5627,3553,5230,3800,288,3571,6594,1959,6387,7324,5999,6984,3945,641,4450,2189,103,4314,6635,3215,3810,1079,1742,1345,8968,4824,5556,5423,9067,9165,9265,6452,6206,4356,4750,9371,1599,5535,9472,9565,5062,9665,2135,535,361,261,1777,9765,9846,3633,3304,5658,6029,6643,9946,4374,814,9998
1581,7233,1917,7625,4098,6348,6018,5356,8099,6434,7395,5966,6180,1303,2944,7266,111,6783,8232,2296,7399,8292,5603,6902,8390,8490,303,4631,8590,7454,6026,176,4534,5660,5699,7651,8818,2826,2918,3430,1826,3865,5842,5835,5618,2018,574,250,6734,1162,7248,7002,4660,4877,2287,2055,3977,2338,122,3139,5797,2989,2686,715,1020,1114,7505,3642,7076,5058,9068,9166,9266,2955,6457,2079,6235,9372,4503,3851,9473,9566,4624,9666,3741,185,426,2216,1449,9766,9847,1239,5989,4911,4537,6561,9947,6990,4094,7951
5615,6994,295,7071,4197,6052,6114,3901,8100,4075,8134,5447,1415,4166,4460,2408,332,5600,8233,1361,2482,8293,4551,5933,8391,8491,3587,3570,7827,8647,3343,199,1852,3986,4123,8741,8819,2775,1171,6464,1642,5082,5145,2238,4408,2066,795,4191,6104,2008,6746,8888,3005,5218,4183,3291,2871,1326,214,4043,3826,157,1575,4041,3834,1457,8969,3256,1624,4672,9069,9167,9267,4420,6527,4644,6307,9373,5254,3557,9474,9567,545,9667,1299,421,4465,1000,1352,9767,7943,3926,6142,6807,3169,5275,9948,2212,3294,7125
4802,3095,1103,7612,2750,2259,3719,3730,8101,3860,7736,3753,4225,2172,3108,4919,1192,271,8234,2657,2895,7553,4952,4538,8392,8492,2028,2432,8591,7895,3549,1211,4678,4337,2802,8742,7775,3121,510,4906,1839,6384,4237,3361,3264,5256,1778,1941,3155,3033,6324,7898,6454,820,5382,1408,744,775,748,684,6928,654,1229,4570,3712,1312,7999,3402,4813,4440,9070,9168,9268,2835,5579,5259,6068,9374,861,3736,9475,9568,4700,9668,2946,1750,4390,3141,2143,9768,7846,2591,607,6006,1255,2727,7688,4181,3295,6829
42,18,33,54,79,89,286,778,3873,3451,6767,4799,4951,3852,4859,7180,3635,7256,8235,4569,7429,8294,6282,7288,8393,8493,5912,7156,8592,8648,7206,3808,5641,7270,7037,8743,8820,6483,3932,7337,2864,7192,6641,7374,7301,6649,3244,6784,6494,2454,7674,8889,7101,2290,6591,4811,4996,4691,3918,5499,7496,4888,3896,4918,5971,2516,8970,5283,7315,6809,9071,9169,9269,7141,6834,6818,5773,9375,6537,6993,9476,9569,7177,9669,5995,3955,3854,4479,5887,9769,9848,4418,3596,7039,6506,7353,9949,6986,6812,9999
6444,3953,630,7758,1785,3103,3798,2777,8102,4858,7820,6964,5139,1646,2462,4789,323,5608,8236,3052,6798,7970,4985,3032,8394,8494,866,1292,8593,7708,5321,1850,542,5951,5555,8744,8821,2398,1801,6228,1757,831,3174,4620,4640,6126,397,1783,5820,858,5048,7016,5029,5742,2033,988,3147,3809,104,2231,3208,1200,3251,431,3056,2165,7638,3341,6223,3567,9072,9170,9270,6079,3476,5587,2185,9376,1664,4144,9477,9570,4797,9670,3313,2411,1157,2624,2629,9770,7525,2839,5496,4090,5308,3504,9950,4662,1849,7907
5541,6663,2043,7533,3654,3813,3385,2051,8103,4111,7527,6261,4388,2481,3969,5239,456,5124,8237,2394,6625,7481,4600,4833,8395,8495,650,5338,8594,8649,6024,728,1085,4329,4754,8745,8822,4163,1978,532,2316,5920,4064,5631,4954,6269,590,874,6677,652,6484,7094,3648,6518,584,602,3625,853,87,4028,7469,1833,3066,1109,2102,344,8971,4195,7102,3470,9073,9171,9271,5882,5623,5284,1671,9377,4325,5869,9478,9571,5364,9671,5142,1337,503,1138,2904,9771,9849,2840,5431,5069,1641,6703,9951,6782,2128,10000
1654,6794,2062,7648,3830,7735,5843,5985,8104,6070,7957,5973,5907,1614,1842,5959,132,7182,8238,713,7363,8295,5987,5360,8396,8496,441,6431,8595,8650,6370,125,4406,3630,7114,8746,8823,3368,2493,6268,2453,6933,5409,5148,6465,2425,846,251,7116,1508,6654,8890,6565,4017,2696,1653,3765,2111,148,1794,6705,3624,2887,1093,2705,1460,8972,2264,6981,4127,9074,9172,9272,1891,6342,699,5059,9378,5004,1662,9479,9572,1413,9672,3129,248,1216,1364,1389,9772,9850,1238,6145,6891,4020,6069,9952,6726,4812,7888
