6.15412041213203	-6.0965571202085
1.58293770824094	-1.56594269575664
0.896919331105265	-0.876513401294924
0.883365906551079	-0.929761193191474
3.84843442778584	-3.82397025516413
7.26244164549904	-7.20600541466116
5.36874594941532	-5.3177606657417
2.08772187297247	-2.12117668903162
5.80494703558031	-5.76955517942105
2.69511649277851	-2.66641578885433
5.03092853687053	-4.91819615244549
7.93721308284633	-7.77810053314675
6.03726746916882	-6.02949068668845
3.62278175499583	-3.66348078699893
6.36862290092078	-6.27949232962599
9.88714954223547	-9.71469460274235
1.80457302492949	-1.83331686222008
7.27111395175131	-7.04629087707809
7.5873998385887	-7.6334525806198
9.80471514178909	-9.68802176046951
1.37822162620352	-1.41654911592833
6.52375217706491	-6.4436249315227
3.97900943990166	-3.91253699282608
3.52356137636411	-3.3630884661234
2.93713958705579	-2.78038627431195
2.20248603361886	-2.21654932933171
6.25610983390275	-6.22646262258627
4.11501789565907	-4.09862836356259
5.83979285744198	-5.8551738768793
7.89182232045405	-7.83934109733826
5.03616714208841	-4.99539623844694
10.1416986117668	-10.0375724108282
4.64752445080138	-4.51288554450445
7.12406122553163	-6.98915255039156
9.74101570976884	-9.61534276159677
3.63982315653024	-3.62669129764418
7.70747453187785	-7.64399976050001
10.0380097220025	-9.9310151204642
5.64583629199565	-5.56023803348701
5.99727972546603	-5.86680271850039
4.87096775798064	-4.87669507218505
8.37683966093757	-8.27904340979807
6.74434308192524	-6.66014096131029
8.41849534430677	-8.29713588235851
7.28944624983655	-7.19643844015498
3.0711433079266	-3.1294980326236
5.77244369865397	-5.73485941466491
0.800626624791474	-0.812477876385075
8.25113844684851	-8.11495676458626
5.55718086688529	-5.5635640006911
9.20658912194266	-9.01659653732998
3.91114098144953	-3.90697472798337
1.65957944490844	-1.6868507955855
6.3760407560226	-6.35814541839921
2.39624665900847	-2.32133203816786
4.43773720676991	-4.49440169558964
3.16669834441418	-3.10246442323898
0.531788746284188	-0.53482020353394
3.91639611836505	-3.85685367296975
3.25543882038326	-3.24773653239374
5.46832034413477	-5.45681833605813
4.25003656072861	-4.12597336773971
8.44436281586695	-8.30902259883187
8.35238748113877	-8.29311682279186
1.99438084175386	-1.92820028772116
7.03981097749595	-6.89897663315137
5.4097129759279	-5.31249184604156
6.17922227760108	-6.0308365881975
6.45507117619125	-6.47713560690558
5.61987118528154	-5.67236298822603
6.2251203171495	-6.25632600710117
5.27687032418066	-5.28778539969608
7.12794969447302	-6.97016145953898
0.906241145252718	-0.912745957589577
3.2526382000692	-3.24519156326016
8.34833523848784	-8.23483394559263
1.26431324264437	-1.2959109171296
3.80722616280169	-3.72428173462079
4.63443600915129	-4.68557609343855
7.59225492279913	-7.41743320803278
2.76482856226144	-2.74803954228763
4.85463140108673	-4.75928859761132
0.974520616347571	-0.994973034314893
3.00846472392445	-2.94469548439898
9.01823782486092	-8.85354978539495
8.89200497625994	-8.73660812691183
3.69386732064131	-3.66514804665289
5.37105119143875	-5.33806314399141
8.13895746373137	-8.19843699838799
1.97751013807346	-2.04453688897889
9.59134264044444	-9.43709301026406
9.84254555676937	-9.73145515161731
8.81199750015972	-8.70295155355569
9.02034769087004	-8.85631782017612
5.49948852572076	-5.45942780266789
7.9051596446145	-7.74192484793754
10.0683412060671	-9.94935278138496
1.52888430550084	-1.52388186373482
9.88761772344011	-9.74412394593552
8.37899905183984	-8.22706160765756
