-2.79607813884865	3.0635016152331
-1.90502094155168	2.03257645594669
-5.24945593159785	5.68224917503414
-3.56461598315996	3.74452537422072
-1.1590333122754	1.32213352894493
-5.46485703437911	5.89996509827604
-4.19577986880853	4.56676415044667
-3.41503812693911	3.66752040252194
-5.70955008807971	6.08671558511893
-1.86183588656587	1.93955696196739
-2.85602429001225	3.01002024436663
-1.6509344235245	1.80290355962159
-2.11561533028666	2.27474914618212
-2.76066155678597	3.07421969342897
-1.97902141450434	2.09740387197518
-2.15141311699343	2.40397128698335
-4.73435381049392	5.14996407819228
-1.55703801955043	1.75249034817762
-2.79919770431037	3.04873841205786
-3.82960699352287	3.99986973080241
-1.85872600655426	2.01145931074811
-2.30163103091276	2.56149617268823
-3.99050389589839	4.36519954790772
-3.09457401407121	3.28141740624921
-5.20554818459492	5.52423854078346
-5.24814355294797	5.64204495976817
-2.5410135853508	2.79397325254192
-4.283003816229	4.59831958451863
-0.840656507655022	0.92147991963395
-0.285747257770782	0.443808015524199
-2.37563337554655	2.64311861996651
-3.2095171899369	3.48196807160618
-5.64445320110601	6.10910096073597
-2.51082255559304	2.73087066846047
-2.0922147963632	2.31005148247457
-2.47879797013616	2.67216754457767
-4.90216651498961	5.25868568174643
-0.461106431373586	0.460806297652928
-5.23187596323242	5.63704156813481
-2.40511082957185	2.52939189284144
-5.5443083131164	5.77363715800601
-0.503382288354365	0.581600122314654
-4.71964924585569	5.0244009581468
-0.344693437032126	0.36603266931601
-0.769454589782638	0.832938704898459
-5.43592167296998	5.83470836941481
-2.54555409659415	2.82280286048105
-1.85150186128585	1.99336924727451
-3.99711651862631	4.32820182502497
-4.34950704877359	4.74085314557666
-2.07045784074657	2.24461470213363
-4.73539038652934	5.1287503154675
-3.20069344121662	3.50635052698704
-3.41881818925101	3.75332577946246
-5.03151353490304	5.35726797807089
-4.25927280327464	4.68787944408672
-1.28954901666229	1.51101155474548
-0.527995037632258	0.678911835654044
-0.431690771369348	0.472701449244378
-5.40146365648027	5.73501495862775
-0.38722942957122	0.448701234219325
-1.09466299887609	1.25410379470717
-2.69575974828723	2.85664218585468
-3.77657227026554	4.12731755498913
-1.99850892399095	2.18478472000329
-4.3887975467216	4.72375979395532
-0.536031496104968	0.632926146390867
-0.609839013707011	0.623860173963183
-2.52134250386461	2.67783342955288
-0.61870524009265	0.722559185832025
-5.44468489364435	5.92984244871415
-3.02133986248819	3.24570992369787
-1.98089034050003	2.24706017371606
-0.367948207189829	0.376954788755387
-3.2404832854999	3.46116495944013
-0.517462605181243	0.627031832202966
-4.92092081153528	5.25820951324364
-4.00551372163059	4.34229921285216
-2.47493614037749	2.67525856479234
-3.12251925182575	3.27312200978623
-3.61368971291199	4.01651273692173
-2.12225255232162	2.2939527634932
-5.5541834385017	5.78333429993183
-0.739358701223955	0.848847395582041
-3.32531891937958	3.54429594808845
-3.69097528021086	4.06970684786092
-1.22510989067274	1.21731336148528
-4.60631314466343	4.91690804371409
-1.0807917532651	1.17130113605727
-5.56910398551048	6.05210531854877
-5.63361039073045	5.86921601786615
-5.44144312616253	5.7624272427243
-0.462091417769577	0.502337911637038
-4.29938616985343	4.65843461118858
-0.639480399637699	0.683393640260641
-4.49670278737341	4.86131475300944
-4.37023037571573	4.60957159097469
-5.40813023142816	5.65560093125417
-0.238192505860194	0.248499340317963
-4.91616928370692	5.36205676602484
