-4.7168418729343	4.89202739611524
-5.08563032639797	5.28803239966836
-4.01450763377986	4.06343096552093
-5.8047000384677	5.90314906336143
-1.98235533116509	2.02216135380189
-2.67931715044265	2.68920294971558
-0.0606923653795292	0.063339484897088
-2.7510540924369	2.7269847198051
-0.106965227949064	0.111922328502449
-5.00544890181452	4.98703125220601
-2.33294403744159	2.22260381446437
-1.69750845690156	1.67845491462146
-5.95880588696864	6.06363607101985
-3.89669660018132	4.01010306062982
-0.406122745149902	0.431843898213916
-0.458390296330436	0.422289204525323
-4.57451659568835	4.69515178042252
-4.96036760860445	5.09277761656353
-4.30813369259842	4.49189845448683
-4.44481869233699	4.64608774924533
-1.15456744693893	1.15263150588233
-4.9753197813313	5.11323702697015
-0.872636393134534	0.826580607964921
-4.6768629523124	4.8129480518213
-4.05048369533389	4.22938109631914
-5.34933431600642	5.54692561125258
-5.70366323258791	5.80672576266972
-1.55452664616256	1.53031203007873
-4.81561972564838	4.98945613963748
-2.31899477606912	2.2414940681375
-4.24089808229347	4.49359463619587
-0.509834151476054	0.456807498853249
-5.55025846515116	5.64226024137408
-1.91121234367517	2.00111698697066
-3.33781239681099	3.411496213563
-4.3966440631287	4.51183861082827
-1.40689405323423	1.37734077435725
-5.21426857921673	5.34270790923802
-5.63549568772658	5.73502544441158
-4.21443817166215	4.39766562721931
-4.23168415084545	4.34823632330804
-0.224093389117437	0.23405868569306
-0.662645493450784	0.67202865386015
-5.06308770423694	5.24023613348007
-5.11034921998977	5.27067526517355
-5.63105529469969	5.75037941789839
-5.77406758987799	5.89536505288703
-1.27846618094284	1.25125602434159
-1.9393354079515	1.78543941043936
-2.18603934088814	2.03873607834473
-5.39691288519639	5.52393073421508
-5.85216791204576	5.97284689403116
-5.88199069599029	5.9924379730078
-3.38286379722662	3.20714793684177
-5.83714711358409	5.95350515870649
-5.65501346781137	5.81084772182957
-1.24253973076984	1.28193211094809
-1.73756722919745	1.78098579434323
-2.61489396164899	2.86000791473016
-4.38600064313025	4.5716410000263
-3.20514403201639	3.26995190553322
-2.79990430687957	2.90214240810269
-0.229858470103375	0.226598730029113
-1.36494558195599	1.35492385983275
-3.46232199433246	3.54017984192591
-5.89327002414534	6.03226370073211
-1.08337098524096	1.12051763179828
-0.39697719489093	0.365556691800208
-4.67796310136009	4.79858617184666
-4.44080295159755	4.69164595561004
-4.36153487504401	4.55198800251235
-1.27968612009409	1.23563431956545
-5.48012443981703	5.61799522653858
-1.09556919403277	1.09140355900035
-0.218659517168563	0.235844654969849
-3.44871221063972	3.52211920910159
-1.8404051581727	1.80332824799061
-5.69900237834749	5.7886604157782
-4.75805275106921	4.93860876322047
-5.06472838798754	5.20054414121471
-0.939057363206228	0.86982514898563
-3.48283762433674	3.36618487663077
-3.60822967266524	3.71614478002551
-1.98123605147661	1.9094599042295
-5.08285337736045	5.19965933358716
-5.48734239751541	5.49142517322853
-4.80455130275762	4.95764311156694
-4.8278278606533	4.98967960057532
-5.88997652374453	5.98579995832762
-0.141978875474089	0.149754214005698
-0.348582264575749	0.356949363986886
-0.303886059231324	0.326206210698443
-4.68423813161395	4.77147225155541
-1.09534072601412	1.12249277606219
-1.37639056714114	1.70513286665903
-4.00397232295114	4.16332529717697
-5.89217196523047	6.00775580285298
-1.16874545863048	1.06032030254992
-1.50665161012091	1.36072563037719
-0.0480908257915393	0.055244000493665
