4.54962402441975	-4.50911598862638
0.416450975390357	-0.416801208289408
8.32672275252993	-8.16469406978976
4.02804641128935	-3.9973249240366
3.01559751000744	-2.99193150831299
4.72613438732948	-4.51305815166644
1.22413047076819	-1.15152991590414
2.85095980045611	-2.75999978932843
3.76753426307496	-3.72043774243958
7.20543437237126	-7.07901569397001
5.6329135740179	-5.45895996492496
5.52701911414127	-5.35647015234751
5.90526589232747	-5.76980351678673
4.36965550305536	-4.25611433600957
3.95365899941008	-3.83299013419812
0.612065830119372	-0.621530147672955
6.25065826503292	-6.12544060376731
3.69748498116988	-3.41250908703521
7.9577946643792	-7.77887272912191
3.24275582592636	-3.10093675186039
7.51003512403151	-7.34620445076269
6.50516223623712	-6.32807534094371
4.8812351302093	-4.5467536676188
5.83493916108064	-5.74060186838231
5.18054133885247	-5.12339615338444
4.69344778815515	-4.56618861639078
3.12492187405661	-2.98371911705812
8.19451504064366	-7.97534797716107
7.30801952271051	-7.0776876089314
4.42873538469375	-4.33924221425102
3.40312657158985	-3.32475262521057
0.455711920194922	-0.445435420113665
3.30461628723598	-3.3658605918734
0.855946260339284	-0.865535882807106
0.0969929758593309	-0.103268035011754
2.28065818179348	-1.9609961708243
2.92558048313969	-3.03146573653275
2.38198376480646	-2.40918231441553
5.98253436718894	-5.67010747078126
6.38491313879376	-6.42936544602049
5.77467294041787	-5.5296291209302
6.5403548248266	-6.33210343182264
2.68401691584424	-2.60588956731298
1.01990682892358	-1.03303495730084
4.77003895552682	-4.67831196000893
5.37182272935688	-5.05823888495057
8.12135050800012	-7.92287247735785
1.15152550188286	-1.17625678260241
3.95235854709372	-3.8749186538675
4.36163029480937	-4.33171642879678
6.42066965383384	-6.1918723736821
5.13693714037412	-4.96184830942819
6.64001028901095	-6.39440596115232
7.14340570690885	-6.93601632072142
0.618802314891705	-0.62422799622142
6.36297856317779	-6.16508942218548
4.99650634043615	-4.69663889999147
7.28887468120396	-7.11136487087606
5.06934420805393	-5.03307424355877
2.53752273541601	-2.51064022486598
1.11599084462494	-1.13453579927889
1.19256247973783	-1.04960397457547
8.10587724454627	-7.90177910031335
0.822028512710096	-0.819452259738837
7.60492572973749	-7.37911226697749
6.63558005588659	-6.49458532963477
7.88824778616102	-7.67543652495137
7.10532643133674	-6.86483460839766
8.29763204803964	-8.08595258844962
8.45829473787986	-8.29618151236965
0.543031787870199	-0.525496266895481
2.24014070683862	-2.15927542815939
7.78467119316737	-7.61419315420648
7.23750959992956	-7.042517431738
2.83318461816532	-2.81938070864883
7.34006758769042	-7.06621043770562
7.56388144328355	-7.35112219780038
0.240670104453607	-0.242179606024241
8.15264699564212	-7.98025930840675
3.96374249817818	-4.0074807728919
6.53540970004539	-6.18939853104626
1.37504578845508	-1.45135247819177
4.94863443719719	-4.84688294665424
8.16165533701235	-7.97363283367343
1.29631095493142	-1.29582688921035
2.47614785002338	-2.4624363933294
4.79701069658094	-4.76463963131649
3.6458754775188	-3.61586650063571
5.70520820709984	-5.41267620139779
2.09954013590606	-2.16660084086836
4.58854390115626	-4.1755494791193
5.77388632464956	-5.60407251115264
1.70811557931284	-1.72795377320306
0.45251600759217	-0.444020000647984
1.13551539554252	-1.13418316674142
7.90350734493311	-7.71896902433369
7.88658575002307	-7.72372321259306
1.46900655977196	-1.45219612562829
7.2274152196693	-6.99341142076673
3.45573101259451	-3.462562997721
