0.598892423289398	0.0780555761875352
0.0609090926683263	-0.00143728832183141
0.399561825895399	-0.0325858836198951
0.419329596641818	0.147295828058488
0.24916918127103	0.0367738480735673
0.376818696888444	0.0522596206632184
0.410577329275636	0.0659495539810823
0.0897659162729235	0.0604234537680014
0.478337259128867	0.074968565200033
0.175841547531987	0.00658575174583145
0.529195822869555	0.0140111631972404
0.479677955357327	-0.00836664790267775
0.439360647259256	0.00854333065239213
0.297544073465462	-0.00307268103433393
0.574888952789348	0.0223901302174663
0.146848909160394	-0.0143286220130212
0.310131334245454	0.0474730590030766
0.394122046068122	0.0711675492452086
0.21329130116907	0.0232071621914474
0.601321476150323	0.0764555078801689
0.170838581252454	-0.0227275151459953
0.0427197977316376	0.0396273996278399
0.570708290791096	0.0633183686481976
0.339528695947879	0.0732107639161688
0.0468175805749641	0.0531343489525431
0.0457050819288961	0.00430635195562092
0.119047430371657	-0.0376105851111181
0.585109601958304	-0.000978740102541549
0.463270204212887	0.0510820622008738
0.544935484614648	-0.0144517048501614
0.45216629413428	0.0476558306113767
0.572314813661286	-0.0062077530383071
0.109758850273578	-0.0271106676039582
0.567316742129007	0.0215714229588774
0.46743063682655	0.0224211007630192
0.276610483558656	0.0293923472005743
0.42476079163041	0.0783928623341161
0.438816012703417	0.0459248979549204
0.404593958594411	0.105361449766201
0.263919825993924	-0.0275058937706469
0.0456356941919697	0.0497894055178846
0.169142967305756	0.0303147285601456
0.287447861325665	-0.0352806470733153
0.599557358883622	0.0835843982904239
0.596617324689707	0.0582401083536586
0.014980160395145	0.000330282354386412
0.12393752653009	0.0325465884063127
0.402846476488045	0.0568765609622844
0.359500272621362	0.025975217903624
0.447359610318947	0.0200367349058779
0.205416027160155	0.0173931049839372
0.532305517017241	0.0220448704095651
0.0822888036002332	0.0131643730255859
0.402501362455143	0.138155974806722
0.499860571367693	0.0383732149299992
0.094846606548383	-0.0198634095487183
0.360180647237635	0.0477354162214483
0.469876150369319	0.0820550282448492
0.575972789684426	0.0451390131869776
0.495955392925828	0.0870384090649631
0.479804743276999	0.0829893454783612
0.591209153197542	0.0846763311106091
0.336159537414409	0.0499026673820743
0.218757172360675	0.0367331472883723
0.24629540831406	0.0272618837755246
0.460504320838431	0.0710361992234976
0.265921368652405	0.0491271383653849
0.207561654762282	-0.00203677558541348
0.585326506801843	0.110877366051862
0.168523611154746	-0.011217896678287
0.164537859398196	-0.00437579898490068
0.155090991840399	-0.0362359295648844
0.144825986433619	-0.0551534191412311
0.371482675725114	0.00688248593110172
0.380767018988647	-0.00342163459940711
0.152008548264252	0.0307649526925688
0.062581216800353	0.122574687559913
0.451977596910564	-0.0389077164524257
0.358675723653584	-0.0521351689998113
0.300296268353919	-0.0538500976712421
0.294569202083137	0.0220670298093973
0.315740928085304	0.024506416992587
0.459331882448179	0.0676446629416589
0.119493646010746	0.026425505284488
0.246889106954389	-0.0131688953101532
0.477638071420324	-0.0560069664991349
0.206324792289735	0.00464710583575031
0.422948862027026	0.104399177436993
0.282210385003359	0.117676257704728
0.442239350498213	0.0879004871559376
0.39942744758309	-0.00678033661805047
0.392189183858563	0.0407463987637826
0.444645497694065	0.0571187772755555
0.572685313381704	-0.0260041920499541
0.571033809584309	0.0367158790982752
0.588804721384111	0.0267214140472405
0.269166924199767	0.0617323626393742
0.546132122577491	-0.00571956092942154
0.540816319497597	-0.0593334862110003
0.586591220486545	0.0737050382057931
