-3.95885822653083	4.05829067772906
-1.92705045994837	2.04753154791744
-6.91094593282365	7.0777417008674
-3.50761349497313	3.64600936273632
-2.52018176422119	2.48422798669842
-7.12104840155006	7.27917850847812
-5.62084500507579	5.78004526105513
-3.77342831327524	3.96724676953182
-6.61145339546128	6.79922996154413
-1.6045764672519	1.69117685159063
-2.77475379392514	2.90834073091213
-2.83005362620654	2.78427843417365
-3.07649957939075	3.05821203613189
-4.78217936626216	4.80152591712969
-2.72618023625225	2.6848577199131
-3.62018686418978	3.6680289092251
-6.31049799162348	6.48765599845299
-1.98207623386408	2.16061137563254
-2.77955566211598	3.075645342738
-3.41523888425431	3.58668534168312
-2.66405861808713	2.67686913511422
-4.3388439646648	4.28294084957388
-5.18619040434789	5.40374328952614
-2.95828114792564	3.14747890271975
-6.08371719545429	6.19980410674035
-6.62367123179056	6.77836039378765
-3.96036016701279	3.99901459071155
-5.30537235324722	5.43789489640645
-1.43208732771906	1.41303873890042
-1.98129157289257	1.9187450609213
-4.31891708194184	4.28650517997384
-4.0977790448577	4.23492097520403
-7.29378316410635	7.49467305861925
-3.47468697240273	3.54029590959056
-3.64138560032531	3.61390135455563
-4.30580400783572	4.16622134980169
-5.32784509747783	5.6142210996819
-0.291038245586037	0.300191935110953
-6.15101655540443	6.41476473754117
-2.53909837131249	2.60128115930206
-4.9522586411241	5.17702914256732
-1.11290069689052	1.10620975596255
-5.23187588821593	5.41882121104328
-0.285764666736817	0.315823779577951
-1.32452873184591	1.28691397682877
-6.18032671271406	6.44696298226816
-3.51602617578641	3.68828486958433
-2.04660353561605	2.16105982364401
-4.55819921201971	4.82574441785769
-5.60343087229008	5.82189114005702
-3.47912366295014	3.40334444095058
-5.58476884751487	5.86479848413046
-3.99151276700357	4.21027451264108
-4.66501014294495	4.83663725516896
-5.0270170299497	5.3368399522858
-6.21203502086176	6.35557366030311
-3.11232552818602	3.07957836352222
-2.1000086166895	2.03535360531852
-0.54154790861014	0.568643289223086
-5.64365088432047	5.89801953151895
-1.01459446959008	0.980160557959415
-2.15493978206781	2.17439866445722
-2.94068730149888	3.03627296592332
-5.28909742629488	5.41305990899225
-2.89092378351567	2.93925044546346
-5.00709997478633	5.24301167639052
-1.38763091051293	1.36529665183564
-0.491353990285462	0.505181154056318
-2.94505979541218	3.00607044628225
-1.62541698101352	1.58093329927666
-7.32139852817645	7.52763402087442
-3.86320991098265	3.93506244637745
-3.60414500721842	3.65533301287011
-0.317758389835096	0.324242969683555
-3.46907769611668	3.64102395590573
-1.41250442545338	1.40608094264373
-5.35952604557698	5.60952191939737
-5.02135302563305	5.20441888206958
-3.15678874448831	3.24669532773688
-3.22977429539766	3.30503693001472
-5.89363671396668	5.97434756962572
-2.48026122808318	2.60222900709376
-4.81077638566828	5.05993866430408
-1.84370539928984	1.78449211164097
-2.50977259912579	2.87036771865563
-4.17960943587821	4.55858385499854
-0.387469640594201	0.469183866538487
-4.36090252839199	4.71250068565629
-1.64907737073935	1.64470776830305
-7.37625352934382	7.58315556267393
-5.17125746915534	5.37719290649228
-5.54078048941697	5.79737644926738
-0.490769205747941	0.531432778167576
-5.98793065358597	6.06771150731535
-0.669942339582366	0.707836819548526
-5.87714597663807	6.01476329468673
-4.42865945772799	4.610020236298
-4.82951786533009	5.09174020624769
-0.199762280353376	0.212969885731639
-6.5859050671965	6.78730066728758
