-3.88665584598904	3.87236898245097
-42.6212502316182	42.7794923125223
-51.7223387515508	51.9439617661943
-46.8518606894274	47.0637419994828
-6.645240849563	6.61477939880014
-58.6592027661585	58.8511512251467
-66.12528414184	66.2874109478058
-55.9228054377114	56.2138814023749
-32.1347621267276	32.3008755668759
-23.8656499722368	23.9847234171916
-6.2225900636754	6.24081043739725
-4.72368631335158	4.72526557815082
-62.4052804774591	62.6131218463457
-65.6002267544601	65.7848816900314
-5.43394247459411	5.46426113112484
-7.55081333679156	7.55867798477691
-65.4346274422444	65.6192087479022
-6.13567104862767	6.14737488940492
-63.3213586452061	63.5514182880837
-1.10295562338003	1.1096544760179
-65.8917319245233	66.0816821346955
-7.92618596197782	7.95676996567544
-1.79597688763769	1.80641679819005
-66.5540945391189	66.6943821117926
-64.8266453844988	65.0368136607452
-65.0465914225068	65.2311968794291
-5.1549775765042	5.15997845682903
-66.1159451402725	66.2952058731003
-53.9663655783752	54.2425582989232
-17.6263992428228	17.59478597049
-64.7455122724097	64.9648985426349
-3.6007550389409	3.61544000957236
-64.5438908385192	64.7429080037692
-65.279138626766	65.4584355548709
-1.94992732488957	1.95558440174647
-58.3518034721496	58.560330375117
-63.6656818270658	63.8247076718521
-36.0408518873379	36.1706300505113
-49.2665276037235	49.4824348755788
-62.9968818693632	63.2256836207516
-13.5786077547364	13.5888687168701
-0.646966550683422	0.64303695147553
-13.2225861209676	13.2130334598807
-52.6949200434954	52.9361503788765
-63.5276088713494	63.7439196857341
-61.1886401340733	61.3882615875552
-51.8471066510161	52.0692475231457
-57.7941424772972	58.010430936588
-65.3051732988924	65.4875131107325
-56.4215603801126	56.6364894392405
-56.9747837807666	57.1729556934618
-6.53120825198046	6.54869364244886
-52.7205309204035	52.8884640234685
-62.6074691731548	62.8038075213633
-30.0374539520301	30.1864145383364
-64.0076613368962	64.1705218586508
-2.10054456066031	2.09847415932668
-46.1082276188295	46.3074685242376
-64.2411693217102	64.464951874136
-15.2098775196042	15.1582590822671
-53.9197850338569	54.1390400758812
-32.8580088479993	33.0431680110407
-48.136913083654	48.4377766405181
-48.1702300561636	48.3702049127649
-5.23079943601655	5.21863224941426
-63.7301950897053	63.9291643264683
-49.1027383923641	49.331136614552
-0.558012560904855	0.562430113594512
-65.0783811632892	65.2716337345561
-62.9637030677162	63.1356025822945
-10.9287682826449	10.8592289601825
-63.0641256566373	63.2594607822681
-35.318930249466	35.4564635824895
-64.9964176493487	65.1670094068077
-65.4080091914205	65.6089242286931
-51.2952864271209	51.4768117362452
-4.91163617465737	4.92514758032648
-14.4383876442844	14.394136996308
-10.4197066884549	10.3544818003147
-64.6547812636836	64.8351468876904
-57.213317111887	57.4088260381848
-41.7029418919402	41.8885682743437
-58.0908157596325	58.3269948083583
-4.84764481755703	4.83646086219986
-15.2953523600859	15.3683324144555
-61.0084602834576	61.2109634942505
-55.7144133299817	55.9179881864728
-10.174782696366	10.1986756763192
-62.7587751980245	62.9778651144755
-6.45927109238828	6.44829511581363
-14.4121472379894	14.368091928839
-66.4563357753892	66.6155849036182
-1.85550265912325	1.85827227577358
-10.9535872663333	10.9735119509201
-14.6621850538094	14.5842812888883
-36.2024143147989	36.3305837676781
-66.1911260184939	66.3496476716801
-6.54040576768476	6.50711232497052
-57.4239309575852	57.6772304544523
-57.6636378236593	57.9206165798091
