-0.670288380962897	0.737909614994858
-5.44048828529577	5.5988984056587
-5.42493223320352	5.56140009330882
-0.462727072121209	0.506697713244202
-3.63055940607439	3.70334534271692
-3.07373540025231	2.87992955383006
-4.51594897428597	4.54228868069547
-4.16084104844877	4.30741148976202
-5.71971214416866	5.87936372082491
-4.57312487802137	4.58442764847176
-0.00957224966846322	0.00968561102760708
-4.97460438767488	5.07600837462917
-6.29066181158851	6.37589818994814
-5.83046832444342	5.9245694183436
-5.9235591894531	6.10106674639628
-0.432966695150667	0.449438983936774
-6.31089720312394	6.44027097570135
-0.25670965240426	0.263989854140508
-6.30257962397299	6.43003102892003
-4.68955824313351	4.75695611853769
-6.35577118288326	6.47361098952072
-0.332972861128326	0.332588571883128
-1.28188551215593	1.27455599092074
-3.70934725057111	3.79713678700264
-0.384221353168804	0.397542553951463
-6.0966214692089	6.2456912394429
-5.72422513890474	5.80773398452668
-0.980050638672933	0.90431050808316
-3.44218822637117	3.61583479339581
-5.66704912668238	5.78317700981522
-5.87984618690382	6.0033304588501
-0.18707126787894	0.202140655432969
-1.20172081581727	1.38879090266917
-2.34838906437039	2.52381766268351
-2.07032381270224	2.13624044513047
-3.33164646234611	3.68746152129543
-0.475804120761222	0.474325543402324
-3.77023409239264	3.94143842674224
-5.88446562918174	5.95435073772593
-5.48412795516302	5.62515639896383
-2.82764420058864	2.66808678872668
-6.4303142126196	6.52481962751991
-6.16529051405732	6.31066615600325
-2.29033911318717	2.18772542759298
-5.28543407045294	5.44545889115458
-5.65969825126256	5.82007664652941
-0.860045634102065	0.83784658937774
-4.81876985659828	5.00058786804134
-5.49892223543599	5.54177479325181
-4.04436285431609	4.24263545293392
-5.29417678106742	5.38268208429046
-2.37602147140159	2.55689947667045
-5.90448454849672	6.05497810346326
-5.32222700551463	5.47322283862211
-6.27210436330084	6.37657187317326
-5.11727616278739	5.26686252984784
-5.29863471382138	5.38402770195996
-1.65924622163281	1.71741328360136
-4.42153733465037	4.54736350840374
-5.62341260250844	5.67725145932709
-0.870738100267642	0.94739940842194
-2.21200207439134	2.30301523207662
-3.29953376249338	3.39440437394023
-0.210708298185514	0.218126907871184
-5.59274100284703	5.72839669944481
-5.40971578641567	5.51885753626957
-5.42231603732067	5.53955588742929
-0.515978375753529	0.503032277774549
-5.17496907398538	5.31155943117952
-1.26071284298921	1.22126069582168
-0.413801503013876	0.397842939577305
-5.93267014980941	6.07570188792365
-6.26594188372458	6.39883205109516
-1.39467887658909	1.37125460318407
-5.92288825068942	6.0190509566852
-3.92830282875606	3.85471912148796
-3.40360929821146	3.46179155112741
-3.88414967114603	3.97327282897464
-0.194652094364891	0.195557853325784
-3.25556218856771	3.1091720152121
-0.670533972956005	0.636487359476307
-2.6776760498393	2.4683867997972
-4.35749389272153	4.63874895165256
-5.77249296246948	5.89012655983693
-5.13424188731632	5.39747392045539
-1.98963639398088	2.10717964861439
-5.27127606721761	5.39126174017962
-1.41258803055719	1.40755987402316
-0.231843786633777	0.246830521666981
-0.110066165527289	0.101049839944453
-5.93726154761964	6.07577117786849
-5.53136776676202	5.25542015044146
-0.18272418258383	0.178195674976869
-2.535576485545	2.59946246911196
-4.643918137656	4.72490666582993
-5.58262815668147	5.59802826916943
-5.65671004548143	5.78175178789778
-6.38290202252927	6.48640052033595
-0.144505724788525	0.154563005202783
-2.76344084555097	2.79707316474581
