-1.91617325708891	2.1692279464439
-1.93330811953885	2.25770299913298
-1.40267047278534	1.60171609488276
-2.04281340392771	2.36992925677046
-0.894672437757476	0.962654276947335
-1.14483625074556	1.26197989928217
-0.0320048489699608	0.0389012267171704
-0.727443909454693	0.836002235493616
-0.0784110761879581	0.0795648046085157
-1.27630524293074	1.57411691368646
-0.38620577352032	0.421193207498305
-0.618901677844524	0.685990515703555
-2.26392026531332	2.54720757809079
-1.39564156778996	1.58598073308201
-0.15987937728367	0.176837516009201
-0.128411585461672	0.163993318189216
-1.8883381204643	2.16241246620847
-1.73003471411396	1.97948330367177
-1.83472822462889	2.15675947128604
-1.91382991488108	2.18203808840722
-0.530884567379749	0.550933976892302
-1.74781991630553	2.04964273828179
-0.430676041806265	0.410174172823576
-1.61409155232324	1.91805518528104
-1.39203435098673	1.66649513252459
-2.08618124203112	2.39371446250168
-1.81094016364391	2.10336015559673
-0.646833154838997	0.649053115896432
-2.04832770741595	2.32882526030171
-0.536789220392583	0.581621798371789
-1.4376897264963	1.8620527826476
-0.328474881300183	0.304838767160077
-2.11986172304142	2.35600327244458
-0.708111860248691	0.809162861949854
-1.36255096478443	1.53913342526443
-1.54121200550305	1.81950001707961
-0.696829066452793	0.730156599743812
-1.90819384811522	2.16329110744257
-1.93876882357826	2.21838812951429
-2.13628589083176	2.43471935072605
-1.22009170120395	1.45370779577235
-0.111373375509229	0.134491889750801
-0.205326249979276	0.237301133400702
-2.16296677736035	2.42746754285829
-1.84980720137758	2.06522807640955
-2.07323440650901	2.32606639934122
-1.95442341923196	2.29794918186334
-0.503699603432767	0.561988271881562
-0.64166655602584	0.614917736465062
-0.894304990790414	0.839929184146956
-2.11055966809544	2.34863817730161
-2.27648798772801	2.52527250151119
-2.18279736444788	2.50387268412707
-1.12292776515602	1.10934740353543
-2.16927113962788	2.4687072834301
-2.22916863062427	2.50356979703963
-0.6033931260832	0.690539640338496
-0.780940711696833	0.840170728551859
-1.19191235169878	1.43727649102192
-2.01138035410768	2.31919826068779
-1.19015154893303	1.30913564088814
-1.23712684997323	1.38535246580407
-0.0960595646396172	0.104858628652971
-0.375593600481854	0.420711462832436
-1.11072013470082	1.1920931536153
-2.1131384242954	2.3881944460929
-0.397593233028466	0.445085341854719
-0.081289295534465	0.0811259279512149
-1.75191406332612	1.9701969409625
-1.50003720976724	1.77117265960357
-2.11515954873326	2.36086339122758
-0.258267932842694	0.290031266380167
-2.17226943341286	2.44840293418655
-0.282459515561518	0.35017841595389
-0.113210633390523	0.12919888825457
-1.46416090689369	1.65847121021931
-0.171688318760566	0.204895246977196
-2.13331160395594	2.40859486939746
-2.0625575567087	2.33763903573473
-1.95255924893968	2.21822719491216
-0.16393066547345	0.149596594850758
-0.896626159775196	0.965215259829724
-1.62804680395391	1.82640949644797
-0.437867387683923	0.495023676136423
-1.87711728877164	2.14446606177437
-1.94667759104928	2.18777776178837
-2.09135968887617	2.41715877012383
-2.02177265569332	2.30359788404451
-2.16957117546667	2.49070204497953
-0.145050952528476	0.135791032284451
-0.128312519348131	0.144498284075605
-0.115541122702103	0.158797258868659
-1.72599725648523	1.9860940421973
-0.411503245237444	0.477959441531921
-0.890382738052935	1.09592643759386
-1.40274983070122	1.65273000572453
-1.74178612425205	1.94144434899576
-0.192027220194512	0.191713166216694
-0.45313792904956	0.418202138285778
-0.036266655598617	0.0429458629730153
