1.23214132028228	-0.685627559469618
0.13231953112151	-0.0702780056561558
0.777033188887617	-0.39713149883228
0.841049969555981	-0.420796927664514
0.457606357362641	-0.248115992956482
0.841887014592586	-0.467143594971063
0.894289729871963	-0.440271074278752
0.274040291783345	-0.176250526200009
0.977332216795087	-0.474074043452942
0.350673877295757	-0.122902700857493
0.951036742918881	-0.520904133198322
0.832098620684315	-0.371767868674117
0.871671575678966	-0.407161642376441
0.486469532361496	-0.196870944907278
1.11577400111565	-0.564177100219294
0.315874616784574	-0.181219952418999
0.515194523025702	-0.223287464279826
0.800042558515251	-0.423028885142399
0.498728832307417	-0.264121426217836
1.21199815253227	-0.57828386035202
0.348843915322689	-0.153143527534462
0.0526111159534318	-0.0226969092402582
1.1984114704409	-0.656913815010239
0.746378873833187	-0.42388210066043
0.170053207868062	-0.102562241556044
0.10499282049437	-0.0608863819290314
0.233200564927933	-0.121722935904553
1.1773381332082	-0.616268106692326
1.00299115944842	-0.517529558901591
1.11337677438975	-0.616787884960716
0.870763024033589	-0.488948778717402
1.09592136338442	-0.556499405838504
0.195904417003789	-0.136560051900749
1.16186458247167	-0.612352337158163
0.899064316428387	-0.423527494578637
0.685894645535997	-0.381365781070753
0.910060313110265	-0.549146247457787
0.878117458931471	-0.457048439225998
0.847712162216546	-0.486473917869107
0.524208071070784	-0.240142245745594
0.119773341141009	-0.0577657279472563
0.365350078723548	-0.123123435291724
0.594457376620125	-0.402629538213866
1.24796512243445	-0.696755640249082
1.27304404734974	-0.693346648172279
0.0704166712463531	-0.0465805176512556
0.26884046489231	-0.141397033092663
0.860447166458765	-0.443018279281255
0.731149429578197	-0.352350145385272
0.93361386419576	-0.550658930884944
0.517431238354811	-0.3189790339739
1.03302373419793	-0.486619340431035
0.19323357633899	-0.138286036733364
0.702525734282781	-0.328748761080298
1.0551987620964	-0.587369553627329
0.241205278991226	-0.11159459165064
0.758730241027707	-0.440917132751244
0.975041174596785	-0.499442566763826
1.25207674916608	-0.765364991314801
1.02573899635943	-0.489202526162411
1.02205202168953	-0.529239648662593
1.25608189319969	-0.66987808811642
0.730632207588311	-0.371064155756314
0.46411552264746	-0.276322074991652
0.549528427571503	-0.31520454497932
1.00346034458592	-0.540685100181775
0.486691607306958	-0.237612044178458
0.358519591706041	-0.186671793798558
1.20775841602253	-0.602871289435143
0.253338103455236	-0.115733020810767
0.323842142332333	-0.167153490307744
0.228549083613407	-0.102373185928499
0.217643761007961	-0.106360979958139
0.592245706856204	-0.25030227991778
0.721082757797184	-0.422898300398272
0.329205435687	-0.174892456018799
0.118157376184877	-0.077843184935474
1.01760787780854	-0.564183297117495
0.70880750569533	-0.261324977148018
0.647021992259035	-0.506552848433489
0.686597449797173	-0.39788573388589
0.5902181081304	-0.391603692382931
1.0114537224709	-0.567854700821385
0.294943846114571	-0.163888648650838
0.483781228428039	-0.177819474714433
1.06777354542392	-0.501933345647087
0.336113886738591	-0.155518394999414
0.920231309694519	-0.42883407698033
0.576638810240693	-0.123256748450037
0.872049960243781	-0.349888502626208
0.816447910863674	-0.51959868160866
0.810755223111925	-0.468339350113316
0.986866227975996	-0.535506427601707
1.13914508694378	-0.54418724249667
1.1683678401008	-0.637633468764809
1.17604353524159	-0.620854592135194
0.607683036157652	-0.348780905499001
1.06859997583956	-0.564258391024951
1.23988528642763	-0.726739609496957
1.07233772932571	-0.554967152827902
