0.474762339425525	0.272731479739363
0.0566256063076705	0.0201228339665593
0.330931432842891	0.101974160204867
0.321535682010257	0.198009388899128
0.192390265330251	0.0902020391833023
0.356175011284056	0.180580956842919
0.330080451169398	0.169194374275691
0.0971639983140837	0.200312934763609
0.422946177275381	0.25918983702561
0.159216897330261	0.0460921866352946
0.408959238470822	0.200816391948762
0.363626833131954	0.0241713150988217
0.36644115222737	0.151358507006273
0.225800414800215	0.0855458732784427
0.448141608660252	0.187644597093782
0.128470569804953	0.0894694276992809
0.244969579121652	0.134149309890353
0.312052938216967	0.227272260575738
0.159629628758389	0.113261628412886
0.502553180470529	0.263826818136525
0.161461607775942	0.0111837087240919
0.0515517745194698	0.189227532548923
0.435784213346041	0.0870483699887591
0.258900336407463	0.194556211864535
0.0544280285298465	0.216302381364304
0.0526461749655137	0.0384437516909593
0.0920304039718243	-0.00055503760317516
0.458401635026944	0.150764061314657
0.365200485820113	0.232413243177301
0.47886828376163	0.185279871763182
0.32991552333633	0.167811706040973
0.486259395621109	0.255769127820507
0.0696217767327654	0.0308439883276308
0.490455052238724	0.225304445806487
0.371715470754837	0.200996630809057
0.25371409088112	0.261287287033553
0.324867061164388	0.1964595357913
0.359208654791697	0.198063895525966
0.312125699996204	0.120490378298959
0.220924715353277	0.0943775619389097
0.0156134930284548	0.0100939492993185
0.16559459364318	0.0763923277970436
0.226869126774999	0.14184350923131
0.49142292606034	0.281682611852949
0.493346819472618	0.269317159528058
0.0152762543032108	0.0133300537694474
0.091411180496448	0.0474886202857456
0.32681070936272	0.161301032566765
0.30441342040758	0.108021741151727
0.351127785648316	0.109237031122415
0.170147677793448	0.0976554480873137
0.454398856878273	0.223421075842387
0.0875989687464749	0.0754943288642014
0.32140840154162	0.16594311111963
0.429649153447677	0.187680604746729
0.0946171175370707	0.0599670102510104
0.301481686851873	0.170877332897575
0.393153204473681	0.193026631900233
0.472666052133173	0.264091743231196
0.410841791386733	0.29654536276959
0.414855958008364	0.238432847374376
0.491618133709906	0.276067305145504
0.263090821878437	0.165628110778248
0.174044738910561	0.0898258197432477
0.18375387262904	0.0983135898061243
0.378364540344421	0.24894151685497
0.208885560560117	0.118768392073875
0.16280979151591	0.0388236170686111
0.486881921383128	0.274911291674084
0.12869912311913	0.0608991573288264
0.134328535560622	0.0371757471500936
0.131073372720687	0.0110961266453332
0.120521136625849	0.0296188983597642
0.276454914095958	0.0729263894123384
0.28067943103786	0.172805938369047
0.1220715785951	0.103752181232566
0.0209731785797317	0.12939243138723
0.361696323129107	0.268563749318865
0.347442952756641	0.170150180547499
0.186188621092663	0.0687662607378399
0.234084935060128	0.126628793954757
0.205321901608149	0.0718342966403244
0.399005492365456	0.305195423785068
0.107737518842022	0.117577489312235
0.213177312942026	0.0466978926975504
0.456159776665103	0.199771596735095
0.153036389884419	0.0594063181529661
0.363655154265438	0.264621964018863
0.289653739073207	0.250706579580831
0.38689769473157	0.223809108520072
0.302441999550091	0.080380060048957
0.304544303908372	0.240453234692825
0.350931110594496	0.247358481227147
0.471783452412995	0.203447160023016
0.472723544504774	0.256214840129386
0.460367684982869	0.0904566337085866
0.192698573125224	0.104014979185873
0.453581536376126	0.141360106435346
0.482627751297739	0.202966053632859
0.485154911812938	0.282343171812487
