-0.050459401633573	0.0791214552703897
-0.0866667542505225	0.139004020075926
-0.453627817356239	0.731228599012022
-0.181714154924862	0.296608545183496
-0.717692520858102	1.16327061863111
-0.289965266349983	0.417200263265371
-0.506641623302753	1.00598129939864
-0.142716024840831	0.212668849336643
-0.0566441303291781	0.102002435607187
-0.60432246895571	0.826492743403194
-0.00252531959761811	0.00418845270179413
-0.156785157093182	0.245375790012873
-0.219402256727843	0.320213384939595
-0.230111454029752	0.38764960040688
-0.275734405582572	0.408220117174218
-0.511109901418462	0.8578143921243
-0.624806521769325	0.998205437608452
-0.702137244493382	1.11243470557027
-0.287980847158179	0.542193017976627
-0.170044127623911	0.274555862374702
-0.158363534500884	0.240615106150246
-0.2165599412938	0.266587533333727
-0.230240940228055	0.281091600853497
-0.137419561237257	0.1624016485033
-0.419785187830914	0.567037954089124
-0.730307377427758	1.15953687311887
-0.549273191048088	0.974986132819568
-0.14551186307147	0.157660380877027
-0.570825124811998	0.892787067334648
-0.768561157338282	1.22246543234363
-0.385868801650959	0.555399105559532
-0.320969806164144	0.510504320730034
-0.0611389157475376	0.0980283091970845
-0.239678141487699	0.374217618573664
-0.672840374035349	1.07023529331573
-0.637789156402909	1.07654774116917
-0.49101882901538	0.868612503404404
-0.0479224056586656	0.0829249439789418
-0.227113244352822	0.305072553723574
-0.739822706507818	1.19601420822405
-0.183499927651977	0.22896439070463
-0.682389911415614	1.12816006207792
-0.60275478181283	1.05981488177141
-0.383278780169107	0.473795757942822
-0.319700150564971	0.747168469817644
-0.627650580849059	0.999338942838786
-0.434627829254017	0.883595854085829
-0.760995367994028	1.20204324060015
-0.399682884044384	0.733046232956443
-0.541912211042949	0.919397791909287
-0.417212507216286	0.799050324757945
-0.545638089719654	0.927029241860393
-0.494651571801409	0.881177661865087
-0.435449608392245	0.719446173622116
-0.395716960229404	0.578369408950528
-0.0179100709115572	0.0225716727556199
-0.279349510740852	0.319239699292078
-0.261823993431792	0.338312606174336
-0.681473153788268	1.13634933888819
-0.288459648790693	0.54699456774364
-0.316891227630188	0.605595601402205
-0.187179544890881	0.190702071941905
-0.312318728969345	0.396467427044273
-0.0813147887240981	0.0727744193850692
-0.129869963866962	0.13352147869923
-0.603883029978502	1.01163315823972
-0.545688243818278	0.985013127693284
-0.310709132803626	0.51411786632319
-0.6457510657285	1.05761166279374
-0.112218339496745	0.134322439603974
-0.648079446687991	0.978776781628955
-0.389399063740438	0.49800288623356
-0.0488506131962474	0.080608456699968
-0.181925402307604	0.259162295498097
-0.235218181318805	0.31906124666857
-0.48646217767846	0.817298865888912
-0.166248751507391	0.191088231099153
-0.367363645922989	0.798700329591894
-0.0325725230371597	0.0466832557983626
-0.369236436001801	0.839325923153182
-0.369235899435146	0.586328864854765
-0.083462965263727	0.139430075995133
-0.706369269782592	1.17039491987045
-0.43006747430058	0.715193152117235
-0.61220214577657	1.04807741271635
-0.24711426389684	0.367523164205657
-0.327067281429546	0.491885381417341
-0.527531900857546	0.949180744182218
-0.128574873408701	0.201726250532371
-0.724363766687105	1.15296567775633
-0.728972099182107	1.1110330589885
-0.456634590604647	0.8127223272801
-0.627829663331123	1.03976004264253
-0.514601719110524	0.892348685730464
-0.300642281622781	0.355157721002886
-0.620612983525325	1.00889839861588
-0.283552904083534	0.370035533134196
-0.682991140129782	1.12707575404845
-0.654176956699361	1.1544726785796
-0.649752533448828	1.02608083705874
