-0.585620860755503	1.11020001361613
-0.471039660202827	0.878687017882305
-0.328467306334709	0.613742179225211
-0.664888688739883	1.23689275075361
-0.453785716078128	0.809320702190506
-0.381409905572649	0.710208022972743
-0.309058669932049	0.565213013667869
-0.689268348904521	1.21868311598824
-0.614076783769665	1.12721233673792
-0.449812802479221	0.809001147258995
-0.568904613239321	1.08333287770748
-0.414412811472889	0.821013401961823
-0.447474263012881	0.785267776446701
-0.210843179858372	0.287770759799257
-0.489430335441576	0.942064778116368
-0.705258639818703	1.13471900925493
-0.321390076017005	0.563526895568946
-0.681009821383906	1.22271110140097
-0.108339107669428	0.16269983558383
-0.226352607574375	0.314305259846988
-0.454016616450723	0.793005821377867
-0.312212496921591	0.471242612720982
-0.23795901680851	0.318423754684728
-0.183903853802418	0.232514786830754
-0.173100106473793	0.224172533747413
-0.387522959953639	0.781372912941842
-0.30671390693438	0.497352197560986
-0.415351702716852	0.635012379643745
-0.563844766229279	1.10223511724098
-0.134801181074988	0.15087414365084
-0.464611159002525	0.754332927586071
-0.299044580968626	0.410404763096025
-0.233092690260938	0.385719944317337
-0.457221781546199	0.749001813505455
-0.409249068748039	0.74350490603532
-0.220664036698688	0.382822749110653
-0.616320211252544	1.13443924100289
-0.186797787411327	0.379673214771071
-0.0614225828391691	0.0831684319721818
-0.55381869118181	0.93542439687177
-0.36608212524572	0.616612608781608
-0.187741778415618	0.287408161816972
-0.55496021227378	0.852368189670411
-0.0623656993971827	0.165217298248743
-0.0392704339040837	0.0827800923835024
-0.725428166663393	1.22923487074672
-0.687479795584834	1.2024137218273
-0.624309662522248	1.0597227625179
-0.717663735778258	1.22699201589488
-0.382858288157794	0.615975964650011
-0.743986741145422	1.22832915214612
-0.61715740799112	1.08510047819757
-0.117826274655895	0.190111894398918
-0.687178415731333	1.07803781170179
-0.481060510848036	0.804898640416768
-0.229058378953498	0.337515398250882
-0.630002142231819	1.17899704314028
-0.573419933327071	0.951493288130426
-0.556010545370512	0.855823771327848
-0.267814905260832	0.50831318108035
-0.187656004875175	0.330890537310119
-0.666195384034888	1.01710116666039
-0.700451485742562	1.13347805420053
-0.28611265551146	0.505248466717159
-0.693460898071588	1.1183428746072
-0.288284739631866	0.509749627301717
-0.631524435076367	1.17971702949499
-0.379149652285252	0.686443894980233
-0.191181027531796	0.324097746426978
-0.659521356615066	1.08237914105605
-0.523111749962747	1.01510772013611
-0.0927748493312284	0.118979803284549
-0.26430874137321	0.341240424563491
-0.160365976181454	0.211918080976785
-0.149086330303401	0.196004009210574
-0.2365790700054	0.317142866356252
-0.506000796840753	1.05174559632712
-0.393065679960264	0.884516853063128
-0.34946711485895	0.525900703061971
-0.666079179593199	1.17281000371448
-0.460229141658121	0.733876782001105
-0.209406415976878	0.285796469564174
-0.515464852123411	0.89451817597572
-0.669664431221797	1.05622753085489
-0.633517358179648	1.16480101674483
-0.718119259939103	1.24744514852622
-0.11535894269411	0.130614795733363
-0.00228191624496746	0.00397707791628188
-0.168758530055389	0.209570600465366
-0.558917441452957	0.972990826188258
-0.717386897871785	1.21592078155321
-0.105843211324096	0.183616295359866
-0.583155489666638	1.06488344485905
-0.496656730690755	0.929533103343094
-0.579151704755102	1.0473120206845
-0.628887525687917	1.15768547754321
-0.520057052544545	0.887992866919176
-0.42013444130184	0.805092897211891
-0.702080840615224	1.25599038093465
-0.664213207122599	1.17218830622601
