5598,9278,3526,2117,7158,4639,9080,4813,5486,7328,7844,5621,1806,2846,3749,4675,5318,685,1937,874,8001,2667,2153,4362,8467,4739,8133,1371,3569,5821,6805,6852,2776,2758,9454,2725,2088,3120,2890,482,2372,569,6337,6599,8035,3932,7977,4660,5534,8183,6734,7369,3617,2659,619,4777,3022,3731,7462,8524,9048,5377,7088,9629,1887,4696,6044,489,3070,3765,9725,8742,1826,1999,6835,4557,5205,9865,4566,4409,127,6522,733,7077,2909,4500,2840,3136,1202,7602,1481,3624,8340,3005,2727,1679,3776,3403,1256,1756
3,1,2,5,7,12,476,1342,6282,5022,8773,8449,9085,8405,9439,9440,8276,7405,7430,6328,8562,6665,5288,5982,8408,7390,9060,5214,6559,8521,2170,9453,9094,6795,9455,6564,8350,9554,5568,7934,6632,3515,9555,8778,9096,4978,8891,9568,5231,8751,8931,8946,5411,4669,2016,3782,4974,8698,7412,9583,9601,7965,7691,9630,8624,8586,8245,5651,7145,8869,9726,9825,6426,5729,9139,6783,6574,9866,8871,4685,2428,9112,8652,8681,9964,2531,2413,7572,928,9970,2711,5643,9980,7525,5465,7058,4642,8511,1002,7024
3550,9279,5219,4982,6723,3823,8613,3243,7001,4552,1272,3537,5543,4285,6698,3523,989,767,3715,3449,7304,2066,2970,2578,7850,4493,6150,2831,2677,4237,2609,6424,1858,3840,9456,2277,2379,5563,5092,4069,3405,2296,3354,8425,8542,1721,6166,8567,4699,7542,6097,5557,3350,5106,2973,517,2951,6021,6245,8397,8741,5232,1686,9631,2311,5149,5771,409,3139,5597,9727,8870,1390,1023,7181,4911,3283,9867,4365,845,2989,8389,639,4912,6840,2601,1107,5038,1279,6933,2389,3598,8215,3376,4693,1466,941,6894,1674,702
3942,9280,7581,6137,5021,2710,9081,5552,8979,2333,6857,5407,7840,7312,7961,1955,6543,690,2289,4983,8356,3752,3445,6247,7442,6206,8857,7072,1291,6759,900,3322,1274,2674,9457,2134,2643,5151,1698,3779,4946,669,947,4704,4889,2370,6119,7854,1673,7137,8110,5996,970,2135,1129,2516,661,5253,653,8628,3125,7365,7009,9632,5485,5780,7366,654,734,6303,9728,8987,4663,5075,5308,5984,2686,9868,3953,1600,4481,3884,2857,7031,8254,6009,145,3035,113,8318,1628,4260,9004,3105,4439,5331,3211,2740,5146,2150
6059,9281,8654,2724,4512,5490,8656,7375,6923,5831,5302,3305,6417,7183,2696,2823,1267,2461,1942,3867,4635,1898,3190,955,6911,2618,6248,7135,117,1354,2018,5050,6020,4081,9458,14,3313,6492,2038,3888,3054,1884,4687,4509,8941,2269,7548,9184,4564,7792,2666,5451,1443,818,960,6057,3209,6592,7993,9103,9192,7549,1944,9633,3946,5235,8700,3748,3600,6790,9729,9242,2940,642,2286,1708,2847,9869,3640,764,3199,4165,1983,6501,6629,7368,3048,5539,1829,8446,2855,3541,7624,3247,4014,2419,405,3446,5686,6254
3202,9282,6948,7132,7891,1719,8634,5801,6547,1711,5046,6651,7726,5779,6695,6875,817,3652,2174,2261,5067,1432,2954,2345,8714,4568,8373,6624,347,2848,6429,986,1991,2792,9459,5761,6708,3235,3595,4147,3813,3588,3534,3679,8535,3129,5990,7634,1892,7477,7516,7082,1935,2390,470,2660,1730,7553,728,9188,9602,6191,7294,9634,847,4037,7111,1666,3672,4423,9730,8952,3447,2517,3498,6729,7308,8430,5468,2098,130,5797,2554,6488,6603,6452,350,4653,1868,8339,1740,1511,7494,3284,4963,4433,1416,5128,386,2541
4142,9283,7902,6401,6438,4619,7615,5976,7835,7232,6403,5949,4996,3364,4108,2446,3750,2215,1587,2807,7745,370,2478,467,7589,5183,7933,7194,3664,2412,798,1386,2441,2697,9460,4294,4720,4281,4976,2197,5772,1377,3394,4288,7205,2699,6216,8396,5618,8080,7963,5824,4979,2675,283,369,3012,7062,5721,8739,9603,1704,6300,9635,975,7465,4309,220,2432,5452,9731,9243,2493,4938,5694,5445,6828,9870,1199,415,523,6952,3863,5941,7394,2567,1571,2509,858,8346,3738,3820,8825,4324,6566,6317,3647,8815,1096,1785
598,9284,5474,5325,7428,5393,9169,3655,6706,3917,4668,4248,6524,3058,2324,6275,2086,2265,1772,3233,8170,4965,644,1054,8619,4756,8674,1518,2514,4985,1248,6929,3081,4591,9461,33,3063,5672,5347,1302,3558,141,6456,7907,8069,5195,5423,8475,4176,875,7497,6025,3107,1847,3399,5865,3734,7642,7464,8090,9193,7219,3788,9636,2300,2911,4341,4046,2805,7555,9732,9244,4636,3238,7671,5419,2054,9871,3621,5706,423,8588,2639,5470,8729,6377,4026,1440,757,8275,2075,4384,9981,3027,3460,2326,1592,7163,206,1254
4074,9285,5957,2695,6121,1660,9370,7376,6473,6605,6997,1465,4367,902,4826,5223,2281,1622,967,2195,6815,1145,3261,3716,8343,5443,7741,2078,1712,6700,5079,4106,4449,5617,9462,1049,408,3064,6153,1397,4903,398,8224,6486,8910,3837,5897,8173,667,8237,3432,6431,3222,4831,3841,2470,2939,7034,1404,8038,8948,4929,3855,9637,3131,4730,7325,29,2097,7393,9733,9826,1417,4111,5167,4548,7531,9872,1233,5478,3055,8127,1050,5671,8608,6722,3778,3967,2409,8641,4424,3737,9982,1496,3456,2000,293,7008,6378,1420
5561,9286,8392,3671,8457,5264,9371,7311,8026,5330,3879,3440,8051,6925,2748,2656,3974,4405,4695,3108,7762,2993,876,893,8468,6411,8142,6550,1193,6072,128,4892,1998,3323,9463,396,1032,8416,4256,357,2317,495,4123,7102,8846,62,7060,8944,3735,8285,3462,6109,4803,2811,3178,1860,3797,7035,7458,8572,9132,5692,3701,9638,6761,1599,8091,224,274,7606,9734,9827,1074,3501,6917,6388,7036,9873,5747,5369,6048,8399,2126,7399,7341,8207,6054,3168,2977,9971,4180,4955,9268,1486,1155,5323,26,7878,6471,383
4366,9287,4920,4029,5129,3601,9372,2433,5604,982,4780,2532,1940,4094,6832,5707,5362,2662,2655,3459,6786,3193,2133,4092,5749,1501,7253,6323,2274,4467,531,5533,1681,2972,9464,3316,3560,2451,4497,4192,2491,1838,6034,3109,7305,2607,2799,7227,3958,6350,5549,1797,1529,2608,857,3707,2072,6422,6314,4981,8297,5299,4100,9639,1828,4465,5890,2250,509,4809,9735,7648,2636,3429,6507,1080,3452,9874,2569,4441,2971,7948,3371,4034,8456,2560,4490,3324,925,6909,2925,3375,7958,3148,786,1061,2640,6490,4583,4188
1228,9288,7164,7139,5748,5506,9373,7382,7344,6824,8791,6433,4746,3480,6677,3960,5580,4945,1332,1902,8106,4732,4386,5954,8540,2237,8844,7727,3040,1843,5628,256,1318,1752,9465,5962,5647,5447,7085,6080,3019,1764,6271,2886,8689,5791,5963,8295,1610,8964,6606,2705,558,2147,60,3123,421,3023,1185,9130,7356,7508,6381,9640,4782,5275,4885,2599,2233,7335,9736,9245,4748,5781,5979,2339,5201,9875,3281,5130,636,2550,5108,7362,7910,2790,200,6289,204,8559,556,5255,5775,2586,1545,1827,1431,3611,2826,1867
5576,9289,3709,2797,5547,4637,8757,6495,4470,5807,5600,2111,5193,6596,2450,6513,908,2784,3488,1047,1252,3420,2713,4196,7160,3330,7695,6233,1156,5023,3069,3360,4814,2064,9466,3811,2735,3929,4614,3415,2982,2809,3454,6084,8074,2430,4794,6799,9,6951,4002,1569,2297,2622,1784,3293,1985,3428,4644,5822,9105,6643,4972,9641,4578,5767,4713,3592,2427,4551,9737,7643,2669,3535,7472,3633,1741,9876,1075,3615,2322,8030,1447,3383,8289,4922,2614,3153,673,8479,3585,3042,8756,3270,3140,3303,1552,3563,1627,4712
5466,9290,5994,4537,7591,4956,9374,4560,1320,6590,7819,5105,4598,4368,3085,8436,6434,2908,273,2225,8310,946,1956,4036,8605,3767,8519,1468,1041,2721,5613,7812,6194,3251,9467,1316,3086,6812,518,4297,4006,1768,5927,7199,7689,3858,6769,8761,1844,919,7258,3221,2171,2165,629,3712,2053,5426,4520,7884,8969,4252,6533,9642,4932,3899,2343,3543,2935,4655,9738,5723,560,3799,6508,4570,1927,9111,2263,6203,1669,8380,4723,6685,3067,3979,916,2754,605,8447,3864,5251,8094,1654,2680,4494,1206,7078,416,5064
2765,9291,5776,3507,4261,5639,9170,884,1034,899,6858,6515,1255,3249,5066,5535,3977,2583,2119,4419,5714,2772,3597,2502,6983,3700,1879,2082,2802,5327,3852,4821,4690,1807,9468,2998,3265,6993,5257,3532,3150,3319,6035,1473,7785,4742,3925,7106,38,2820,1102,7184,4160,3936,1411,4761,2415,6921,1665,7875,8727,7259,4483,9643,4514,4372,6602,3102,3417,6167,9739,8915,1232,1919,6437,3696,5892,9877,4498,3789,2806,7613,3388,1694,7725,4031,739,4103,344,6400,2978,3590,9269,3037,3412,3770,1921,6043,2329,4178
5758,9292,7995,5668,8954,7759,9375,8048,7650,9436,8774,1848,5316,9219,8451,8907,8509,686,6707,251,8960,2471,2030,1346,9223,1815,6125,5401,263,7256,3839,8951,7832,339,9469,45,2020,4399,3414,1043,6901,3242,5189,4947,8717,1172,5885,8568,2789,9580,7456,1245,4543,7658,490,7087,155,3077,3666,9584,9604,5587,8039,9644,3625,830,4894,921,447,8676,9740,9828,363,6791,5755,7659,7327,9878,7011,5778,3956,9951,4086,7142,4478,6082,7285,5351,1515,9972,2544,1249,9055,992,312,8530,107,7352,6583,6478
5516,9293,6192,5874,7028,259,8422,1994,6969,77,6236,6466,7066,6106,7095,6716,4542,4672,2327,3091,6982,1151,4161,2313,5430,5525,5789,3183,1519,5895,5562,1006,2275,3905,9470,4102,5475,2287,3902,4200,3197,497,2701,1305,8324,2328,6115,7946,4924,6654,4798,6418,948,5484,1883,1872,1093,4334,2624,7795,8699,4729,6581,9645,5126,6071,4792,3529,3173,5619,9741,9246,1995,5210,6537,3909,6042,9879,3665,404,314,8200,1710,5695,8381,5176,4975,4874,2821,7950,568,329,8788,2852,4934,3873,3466,5032,4126,923
1217,9294,1062,848,6380,4104,9008,5966,1889,4923,7538,2937,7999,6851,7502,3328,4049,1631,1159,1067,4605,1406,1030,3039,7895,4984,5955,5446,2892,4303,5818,6534,4186,1221,9471,3587,5389,1184,3698,305,2375,4339,5684,8097,6169,3733,5756,6341,5815,6887,4124,4638,2256,1559,1170,3921,2338,6496,6844,8835,8623,4828,2600,9646,3421,3528,3476,2896,2341,6468,9742,8678,34,2028,7220,3533,5980,9880,2202,2245,2605,5212,3061,5591,5528,5495,4950,5190,485,6014,2303,1977,8901,4243,3351,3708,2201,4491,6164,4606
7089,9295,8561,6793,7113,1575,9376,8282,8685,2539,8604,1027,8423,8450,8937,6577,7073,6586,4241,778,8758,1379,532,3467,8415,6107,9179,3016,32,1979,1706,7927,4546,6808,9472,428,1124,6897,5007,2203,5037,3215,4904,9182,5915,1532,7827,7514,8036,9234,7986,299,4781,7097,3996,6802,2923,7793,6776,9068,4346,6781,5856,9647,2593,5083,7938,80,402,7847,9743,9247,2218,6964,7580,7322,631,9881,2990,637,6636,9027,6065,5685,9965,5839,178,7190,2149,7263,3856,6531,8176,1502,882,5392,536,5881,856,135
1522,9296,6676,8068,7466,4964,9377,7420,8732,6091,9015,6874,8982,5233,4290,2266,5182,4791,4113,4226,7042,854,3096,1029,7406,7208,9092,5606,4472,5357,1555,641,542,969,9473,457,1949,1070,2613,418,4893,3581,7026,5900,8547,361,8667,8375,5215,9101,7398,8279,2145,6848,1031,811,1683,7880,2730,9236,9605,5785,8418,9648,5138,7708,8558,252,2632,7855,9744,9829,5319,2501,8476,6626,4004,8992,6064,1996,424,6721,652,6737,7673,3970,949,4455,232,7276,5861,7545,8528,4228,5717,6311,3880,7707,630,161
4371,9297,6201,3026,4120,4567,9378,3846,7065,5759,7025,4446,4373,7452,5995,1779,5894,2536,1113,3552,7469,3404,2641,2059,7411,4559,6483,2055,2221,3923,2849,1565,2186,3694,9474,4415,5467,2437,1389,2252,2827,3118,2416,7086,7455,245,5936,6461,4609,6801,7022,5220,729,3100,2453,2465,2166,5008,5837,8439,7201,6545,4193,9649,2647,1990,6816,1362,803,4148,9745,8972,3471,2570,6032,3295,4987,9200,4354,4665,1837,8353,2720,5857,7701,4407,3334,1194,2342,3806,2391,132,7147,3059,3465,3557,1849,770,2795,4332
2366,9298,6686,4587,2124,3900,9379,5611,7120,5332,8057,4838,8105,2918,6667,6138,4935,2422,1671,3928,6307,95,1739,4486,7953,6232,8961,5632,3889,1278,2537,962,547,564,9475,1035,1875,7436,1071,2406,6186,5629,5899,2595,9230,2120,8203,9154,6504,7698,7313,7471,1895,3816,199,1476,4270,6544,6103,8740,9606,3506,4909,9650,6414,8056,7735,257,2192,5710,9746,9025,3593,1802,7724,2178,6331,9882,5565,566,129,5860,1137,7017,6771,3201,2308,6615,2127,8853,3438,5364,8859,3110,7041,4209,3062,9034,2444,697
1236,9299,8341,5556,6949,1948,9380,7244,8078,1195,8545,4301,8645,5595,6961,4144,8348,3711,4634,2533,8889,1039,665,1792,9091,6896,9449,2919,3166,7728,3490,2588,612,2386,9476,297,1311,8620,2931,883,5926,1782,7188,6975,9559,1590,8386,9569,8236,8286,9235,6837,1637,4691,1127,1262,5034,8660,4523,9155,7744,7699,4834,9651,6871,5702,8364,754,2700,7930,9747,9107,3992,2283,8477,5920,1653,9883,4215,179,84,7127,1852,7536,9259,4319,1183,5378,700,9071,4022,5574,9205,835,5981,5107,2309,9077,705,93
4812,9300,7843,6882,2077,5012,9381,5112,8925,4590,7669,5209,8058,7617,7824,4764,5280,4001,3605,6362,8576,82,2637,1426,8357,1657,8832,7596,2856,2870,1992,2140,1421,1639,9477,1091,1667,7257,1751,3367,5403,5572,1133,2399,8726,790,8075,9570,3963,7150,8287,8135,3204,3377,980,49,4234,7954,5752,9156,8784,6509,3227,9652,4662,7881,6338,64,411,5493,9748,9830,1303,3306,7236,3653,7886,9884,3430,50,152,8882,1789,7262,8419,3520,4225,6133,436,9973,4968,5365,9270,2898,6807,7415,2815,7767,5310,1742
5218,9301,5782,6225,5198,3762,8816,4804,7782,6205,6672,5065,7021,5905,7033,7511,3559,3174,1760,4258,7529,376,3038,2236,7156,1647,5669,5134,512,4462,5719,3658,1688,3829,9478,1554,3648,6243,2708,3930,4055,800,3252,4250,7053,1058,7633,8930,2021,5359,4737,3004,2456,4402,2112,5154,1415,2125,2979,8782,9607,6457,2223,9653,5230,2926,7230,302,534,6710,9749,8272,1854,2878,3172,932,5638,9885,5303,1141,2942,8669,3083,5948,2689,6914,4958,3104,2687,8814,2155,881,8216,146,6693,4819,1190,7629,2917,5033
5806,9302,5243,6379,3021,2967,7967,4262,7510,7134,6772,2180,6576,4648,3656,5164,5555,4760,1582,3200,8171,846,2358,3683,7178,1484,8591,1376,3808,726,1702,2794,863,3312,9479,1283,372,2357,808,4233,2949,1941,1939,6436,4986,1839,7306,7893,5029,1425,6842,7248,1659,2709,1210,553,2945,7568,6462,7841,6335,5074,3074,9654,6113,6408,7554,1189,1499,6691,9750,8988,3146,4694,7717,3065,4980,9886,3010,1439,2952,2377,3495,6803,7404,7052,2571,3866,836,7786,3989,5266,9983,2213,4900,2510,2779,7381,4266,3761
5241,9303,3400,4797,4595,4117,9126,6416,7196,1958,6647,6104,5953,2347,3444,5173,4171,4223,2968,4185,4596,3198,2262,3703,7942,3835,5180,6374,701,3985,4740,781,2981,3398,9480,3901,5548,1219,3185,1925,2816,1149,5025,3057,7908,812,4631,5432,4960,7162,3890,1122,2865,4272,1938,1540,474,6376,6877,6497,6346,6120,2556,9655,2521,5510,4572,2498,2017,6553,9751,8441,2219,977,5662,2535,5370,9887,851,5169,137,8065,2582,6692,7270,6310,3530,3144,1863,2518,2876,2232,6212,2657,3458,2273,3685,5206,3999,5505
3275,9304,8072,5352,7310,5027,9382,3084,7609,1945,5290,2778,7859,6712,5508,7804,1905,4293,2477,2079,8232,6060,335,1832,8534,3978,4398,2798,2003,430,6033,6056,6640,351,9481,2095,7252,6506,6260,5260,5764,43,7652,7210,8962,4480,1934,8808,1083,4381,5148,4622,3540,896,68,4664,866,2565,4053,7254,9133,5972,5958,9656,6907,4846,471,3784,3689,2691,9752,9026,2074,5462,7571,6487,5512,9888,6288,3402,4317,8838,4348,6432,8247,4163,5993,3155,3739,8420,296,1616,8625,3769,324,5110,1472,1602,3547,3487
4175,9305,8537,7490,7192,2105,9383,8978,9127,5812,9218,2714,8433,8181,8804,2766,8020,6527,2034,1357,8474,375,2629,3282,9224,6139,9093,5545,594,7476,1289,695,575,3355,9482,995,2759,6299,999,877,4168,5488,1709,5790,8606,207,8749,9098,8762,8099,8063,2950,1098,5998,3795,779,4468,8137,6669,9585,5573,8076,6494,9657,2812,6736,8785,209,591,8092,9753,9831,1912,4206,8918,6864,3426,9889,2435,279,1932,8253,3014,6477,9966,5519,548,8067,1277,9143,4887,7152,9984,1609,4549,6454,1112,9123,3692,70
6360,9306,7573,7303,4771,4506,9384,6402,6821,4060,8480,1542,5910,8032,8300,8124,6474,4861,499,887,8079,164,4246,2764,8358,1456,4970,5285,315,6503,6971,4896,2602,6050,9483,3527,1591,7541,3699,3106,4571,5229,1649,6861,8548,417,7861,8579,5322,5843,4726,692,3566,1046,1885,6112,3849,8312,7955,8799,8881,3406,6266,9658,2458,5372,7274,15,507,8081,9754,9832,691,4516,5792,4679,2574,9890,3368,57,3903,8821,3644,8153,5743,4042,2224,3477,4009,8823,2904,6083,7012,472,2591,5267,381,7644,3159,3662
3570,9307,8789,5680,8177,6069,9385,7221,7996,8565,6979,3461,7435,6361,8466,6573,6939,1754,4802,1038,8292,2340,1744,1211,8647,5708,8172,8005,114,7660,1882,8453,5939,463,9484,18,1076,4073,1553,2744,1713,2651,1459,7935,5928,1513,7049,9185,1564,8945,5784,1177,3060,6833,237,5640,2508,7214,8810,8848,8398,7734,6315,9659,3345,3152,8455,2813,253,7885,9755,9833,952,5026,4396,5849,2814,9891,2507,2860,3385,7920,3608,7601,5056,8166,6523,5272,170,8993,5415,1816,8281,1597,861,5459,660,5787,2673,2528
8186,9308,8617,6563,8612,3321,9386,7292,7997,7610,8463,1348,8059,8984,8015,8482,2734,7186,527,322,8220,571,2036,3675,8384,4280,4678,6193,20,4718,6889,7896,2961,2936,9485,4101,2316,5268,7226,1229,3809,4977,4391,8555,9560,1664,8488,8088,2302,6679,6392,160,4688,5637,189,5295,1871,8834,6655,9189,9608,6251,7909,9660,3132,6994,8071,10,157,8934,9756,9834,230,6995,4899,6817,6836,9892,5150,4021,1767,8921,3296,6200,7237,9116,1929,6184,4962,7848,2330,6937,5472,724,607,3631,111,5379,6663,914
8159,9309,9125,6274,8626,5921,9387,7983,9216,8818,4952,1250,6215,8985,8724,9222,4734,4507,6160,212,8759,593,3169,2229,9225,1321,8163,6567,69,3220,3875,7016,7492,1370,9486,85,840,5000,2352,3002,5583,4321,6321,6145,9153,1781,7417,8878,1880,8779,5344,462,626,7987,440,7747,597,6363,2504,9190,9609,5132,6530,9661,5405,4565,8525,183,317,8728,9757,9835,585,7195,1240,6775,3245,9893,6571,4007,4870,8119,4041,8898,5546,9164,6756,6944,4930,9072,4289,6965,5289,622,308,7788,143,4299,5541,3521
6634,9310,8684,7388,8827,4342,9388,9215,9435,4105,8643,2653,8958,9148,8355,5269,8169,3793,6988,328,8986,749,2022,276,9442,6697,8696,4343,581,7801,122,7547,2915,2001,9487,356,1430,5409,1558,1235,6580,5396,1182,9556,8258,191,8293,7898,7746,8820,8550,4856,5094,7676,4860,888,2975,7874,8313,9586,9610,6601,6183,9662,3924,1385,8526,442,264,8677,9758,9836,543,7215,7484,7123,3365,9894,6117,1153,1384,9952,6458,6296,6281,8852,4844,6804,348,8769,4239,1118,8801,1629,1745,7608,119,9277,3217,766
165,2162,3517,5532,7090,2506,9210,8104,8642,7865,8803,1551,9086,7583,8262,6001,7512,2184,429,456,5622,332,1161,2310,8590,5321,3304,6958,1003,5882,9181,821,1169,4534,9488,3450,5877,6286,5896,1187,2671,651,6005,9009,9561,2747,8294,8569,5265,7722,7723,565,2716,5911,3772,4316,1361,7043,4627,9587,9611,7988,7418,9663,5204,7408,7534,144,2761,7403,9759,9837,677,5141,8765,6336,4039,9895,7124,6309,1873,7316,367,6157,6505,8362,3407,6124,4208,9030,723,3213,8885,732,1090,7912,1427,8995,3078,765
5213,9311,7582,7815,8655,5456,9389,3635,3189,7914,7944,2440,2106,8733,3954,8393,8517,1804,6105,198,8890,545,1410,3519,8715,867,7540,7339,172,4853,7590,8304,6717,1111,9489,731,5263,8244,1264,5152,6406,3088,8208,3439,6668,1165,5077,8143,1607,6940,4990,2306,587,7752,139,6459,349,5964,2388,9588,9239,6551,8055,9664,3916,3659,4212,6516,92,8837,9760,9838,756,6176,3260,7386,4403,9896,5499,8022,5970,7636,4125,7756,5992,5171,3291,6453,342,9974,3358,3926,8692,377,658,8018,136,4762,7119,7282
4731,9312,9168,7637,8513,7401,9390,6671,2922,8284,7299,2011,1226,8435,8123,9177,8518,3297,5605,291,8597,837,3393,1181,9150,859,9450,7640,109,3373,7482,6397,3826,1069,9490,74,4599,8211,1412,5734,6935,3848,8225,6719,7771,972,6287,8863,1017,8914,3657,1793,134,8165,195,7289,1372,7754,4444,9589,9612,7523,6348,9665,2793,4884,7231,6762,990,8587,9761,9839,362,6834,2587,4597,1971,9897,4265,6743,7242,8573,2943,8840,5453,6301,6792,7971,455,9975,2575,6749,7625,410,221,7410,58,4533,8319,9124
6956,9313,8874,8538,9079,5052,9391,9174,7627,6123,8957,4350,8434,8936,9149,1394,7266,2642,2512,337,9089,2161,5228,807,6912,3505,7338,6579,2788,6888,2247,3353,1395,4865,9491,4569,6292,2414,3165,401,687,6439,773,9095,6514,51,8892,3180,6235,6760,7269,2423,1382,7114,2549,3113,5239,8251,6653,9590,9157,6999,8003,9666,793,4382,6007,88,28,7715,9762,9052,825,7014,8388,7361,7225,9140,5278,2436,5300,9953,5320,8316,8361,7479,438,3609,1109,7395,6181,2476,9031,6421,227,1640,333,7112,2736,1088
8129,9314,8228,5798,8354,3000,9392,8161,7797,4133,7020,3922,6825,9220,8793,4759,7287,6780,5769,675,8830,3968,609,1598,9226,5394,9061,2810,262,6713,374,5339,3112,2819,9492,151,5796,7928,3602,1108,4897,2958,2314,7533,7110,194,7872,7947,6372,9022,8376,1893,2013,7364,1253,4065,4211,8490,8053,9591,8970,8536,4850,9667,7174,1926,8786,1315,110,7360,9763,9108,2619,5878,7051,6075,1810,9898,6704,516,1612,9053,6932,7509,8328,7537,2196,6211,236,9002,4710,1520,9271,1081,2136,5279,17,9078,950,473
8024,9315,5380,6342,7264,5986,8935,5324,7768,1750,8996,7084,8713,8635,5601,1085,7826,3732,3697,3740,8760,3161,3548,5341,8877,6598,8134,6915,4661,4766,2833,1335,484,196,9493,1401,4817,258,2138,2285,1723,5497,2995,1077,9562,498,8311,9128,2187,9581,8571,6838,1976,6789,2089,1474,210,4898,759,9006,7371,8260,3798,9668,7349,6656,8428,703,3651,7092,9764,9840,4027,1423,8743,5208,3455,9899,6546,91,676,8632,2500,5585,7342,2547,1734,5744,1073,7449,1765,5645,9056,4579,7057,5111,4078,8145,2782,156
7665,9316,7131,5871,8594,2483,8955,8298,8283,5086,8218,3973,7475,9045,8805,6455,6973,6659,3475,758,8125,4135,1570,3575,9038,6860,8649,4030,173,5509,166,7149,4224,3756,9494,604,6308,1583,2719,618,4220,3705,3285,9557,8704,1323,5842,5868,7355,9067,8523,586,1084,6906,2291,6026,774,6480,7794,9592,3574,8140,8691,9669,5523,1855,6347,610,46,7045,9765,9841,2625,7006,7755,5891,461,9900,6143,1890,2141,6575,7130,5464,7857,7941,1762,6954,2284,4083,4818,1063,7931,1690,1500,4769,323,7789,554,452
4431,9317,5937,6482,7688,2100,9393,5020,8665,65,8261,3419,8905,3481,2083,2204,6340,6019,2400,5416,9441,4574,815,1060,8577,4127,7585,2418,4613,6830,1132,7173,688,4719,9495,255,1360,7504,4841,2551,6485,966,4673,4823,8098,1345,7721,9046,2242,6391,8006,8345,4269,2282,787,1104,3339,6593,2672,7662,8719,7478,6357,9670,6878,7235,8199,2104,3578,6587,9766,9248,5705,4611,9199,6582,2900,9901,3176,1216,577,8883,2843,6711,9044,3320,520,1293,450,9976,5550,2895,9985,5109,5673,3895,2193,8664,797,61
2760,9318,7440,2579,5326,4210,9394,6617,2323,6638,6290,6648,4581,6549,7377,7300,3870,2773,2543,3781,6502,1409,903,5612,7719,5590,8747,6916,1966,1462,4414,2222,3325,1334,9496,4333,6885,930,2087,1546,2631,789,1506,2933,7268,285,6787,5650,4459,3915,4768,4700,1769,1901,2682,2938,1574,5616,2200,9041,8227,6221,3636,9671,3315,6135,6085,2452,1859,3389,9767,4421,1952,3883,784,4593,4628,9902,2959,5823,4796,7099,3003,6280,8616,8273,4692,2384,248,5069,2566,2944,7911,3207,4573,3234,920,2497,4054,2633
7959,9319,9057,4284,6040,2763,9395,6650,8229,7769,8855,1310,6784,7974,6597,2307,1355,4697,3361,1783,7148,1257,4222,2513,8546,6218,6829,6049,445,6242,7247,7179,2290,6451,9497,346,2635,7004,3338,1065,4197,1535,2365,5983,9563,321,6322,9571,3257,5751,2129,1152,4411,5390,37,7233,4617,8037,8149,7380,9613,8337,7321,9672,6022,2853,7151,11,892,8045,9768,9842,515,1260,1791,2679,8241,9903,3336,1287,5869,7736,912,5893,7718,8663,7486,6038,3804,8329,4390,5713,9986,1735,917,6253,121,5916,6312,1648
4600,9320,7079,3642,6981,5620,8266,6831,7496,7171,8086,5851,7383,6992,6591,5863,5440,4445,872,1374,6884,180,3725,5060,7284,5099,5687,4630,1924,4422,2830,3618,1899,3137,9498,2803,1322,1790,480,3634,3736,1689,933,7565,3121,573,6499,7733,3914,2832,6867,5518,1787,1811,2638,389,2073,4905,6962,8198,9042,6900,6353,9196,1988,4580,5068,352,1094,6073,9769,9109,1173,4247,6657,4164,3710,9904,2007,6510,4267,9113,3499,6447,6144,6942,1537,3020,595,8141,1308,3927,8158,5870,1491,3766,1176,6263,2280,3763
7501,9321,7191,6872,7481,5649,9082,7337,7592,8618,7100,1119,7849,8060,8301,5754,6291,3469,5225,228,5733,4109,601,1442,8734,3801,5526,4019,646,1295,3754,8806,7109,249,9499,1536,6234,1579,7641,1596,4625,1615,4012,7437,9097,1460,4890,6947,6440,8212,8833,1588,4743,4722,292,6444,243,6765,6198,8783,9614,7936,7055,9673,5965,1635,3274,168,546,6213,9770,9843,1072,3509,5293,5168,7705,9905,6081,6390,5458,9202,3418,7473,3959,5287,4393,1479,4469,6955,2251,1068,7994,1861,203,1972,40,7353,5630,6313
3641,9322,5858,5096,4944,3092,9396,1134,5875,4959,4492,3674,5097,6134,4881,6276,3474,3292,2684,829,6146,2523,2084,4859,7860,3623,7799,5564,2268,3441,3017,5635,3564,3344,9500,3792,4080,3780,4753,2604,2026,2056,5018,5093,6642,4219,3472,7567,1763,5735,6413,5340,1224,3196,27,4227,1521,6967,5559,7677,8002,5794,4879,8868,226,3551,1773,1340,1198,4536,9771,7939,3175,3009,6554,2128,4278,9906,1383,4670,864,7056,4487,4843,7439,1016,2156,3786,1125,8471,3359,3990,8529,1801,1989,3342,1978,7317,3730,3819
1611,6589,6841,6088,8309,5294,9211,8828,4392,8130,7915,3029,6359,7594,8516,4810,5677,559,1263,1445,7255,1662,3834,5408,5631,7172,8233,7074,4508,7288,7039,650,2154,503,9501,2019,6946,280,3907,4522,269,5221,2881,9019,6175,261,8394,2260,3720,4474,4550,5082,616,3745,1504,7663,891,4576,5625,8763,9615,4961,6621,9674,1495,4154,6101,443,1200,5835,9772,9198,680,2006,7489,6813,2976,8920,4152,7706,5427,8872,1452,6814,9114,8462,1716,5406,1402,3637,5124,5913,8010,6262,679,576,2488,2108,6701,5667
3149,9323,7830,4651,7318,3366,9397,5566,5047,465,7888,5311,3427,1663,656,5987,6883,2756,5160,1584,7917,1306,1685,1055,7810,5602,7564,1632,2649,6683,582,3479,1234,6484,9502,1418,965,5055,5373,628,5940,1344,6936,6950,9231,4447,7169,8998,5116,6890,7919,8156,4430,4375,2930,316,4751,7578,7587,8932,9616,6330,5670,9675,6180,4872,4783,265,850,7544,9773,9249,2467,5886,8157,6389,5903,9907,3913,2616,211,8443,2102,7425,8653,7040,2434,2212,1313,8402,4656,3775,9073,1743,3911,4484,1463,8574,2355,25
4044,9324,2076,4325,7117,5455,9398,4090,7197,3157,7245,4240,6987,2634,1973,5338,7329,4377,5244,1223,6696,4279,783,3800,8510,574,9062,4118,169,3195,6733,674,4172,2397,9503,2683,3777,355,3333,3603,3542,1746,7454,1341,8705,4023,6741,7515,4360,6210,7921,2834,150,1492,403,3041,53,5803,2142,6170,8800,5828,6806,9676,4505,6782,6985,4329,1777,5368,9774,9250,3510,3267,2885,3066,7424,9141,4615,5179,2364,3947,4554,5985,7499,6111,2172,3661,1997,6469,2726,4671,5867,3645,4216,4711,1353,5346,4274,3431
2729,9325,6542,5830,7808,3844,9399,6705,2033,7298,8320,4351,748,7674,3436,6078,7916,4604,4503,184,8073,2179,1543,1906,6114,6329,6172,5727,526,5431,5527,8578,6327,2698,9504,2481,6532,6678,1280,5113,5720,1870,1643,8234,7103,247,7121,7407,4450,4837,7543,853,4064,4151,202,2874,620,8238,8197,8599,8239,7600,7141,9677,1212,4183,3013,4353,391,6272,9775,8989,1297,5912,8469,6541,2131,9908,2718,5489,4586,9257,4535,7280,6464,5889,6241,6670,21,8683,752,638,8975,3747,327,4187,1140,6881,5049,2449
4513,9326,6819,6637,7781,2617,9212,4702,6584,3717,8712,6165,5589,5683,4871,2690,6079,4499,124,3080,7431,843,3643,3489,5367,3237,7800,6237,3045,2276,4417,201,1097,3794,9505,5623,5665,809,3411,2920,1729,4245,2359,2115,8182,431,5819,7320,5898,8651,7765,5249,777,4003,1946,3620,103,7166,2058,8007,9049,6963,4437,9678,873,6500,7535,468,2717,6520,9776,9138,2913,3757,8495,4632,6960,7805,1126,5211,763,7159,1717,7216,8710,6943,1547,4199,720,8113,3145,5118,8217,3610,3141,3485,3287,6046,6727,1078
8382,9327,9013,3127,7626,2469,9400,8817,8875,8500,8347,1489,8888,9437,8906,8267,5655,7198,2969,435,8860,313,4799,678,9443,2963,8520,5395,16,3571,1304,8484,2603,6012,9506,301,1301,6412,1866,2650,3451,4357,1276,9064,8614,931,7104,7978,7067,8138,5376,1677,1514,7170,2139,5704,2652,9047,7370,9593,9240,5354,2325,9679,3612,5192,8314,81,303,9024,9777,9844,1950,4784,3882,5142,1914,9909,3831,1585,6324,9258,2753,9963,8317,8009,2246,7003,5712,8899,3226,6945,6148,1488,510,7906,66,7498,3486,590
3470,9328,7047,5690,7133,1429,9401,6798,8956,73,8190,2558,8180,5739,4790,5234,5808,6732,2429,4356,8438,5144,233,2431,8648,5199,9451,1680,788,3170,5181,7867,1661,7391,9507,1324,3229,6898,5688,1026,3961,419,5153,6279,8502,2337,7731,9572,7061,7743,8100,3177,2800,1294,5125,5610,4616,8226,4582,6703,5804,7823,5259,9680,7250,6839,7570,426,1697,5553,9778,9001,3997,7116,8701,6902,959,9910,3203,672,725,9028,2563,6715,9967,3667,521,1352,1314,8824,4059,3630,9272,937,2264,4229,1004,7750,477,235
3847,9329,9005,8041,6938,3337,9402,9434,8842,4915,8693,2681,8321,8424,8323,4502,8437,5115,5291,645,8997,407,3135,358,9178,5846,8909,5802,579,8344,306,4659,2175,3508,9508,244,1954,7605,1079,1770,6753,3549,1171,6132,7576,72,7345,8503,7879,8780,5793,3948,5102,8280,2988,1204,5644,8378,8327,9237,8933,7937,6540,9681,5048,3580,8709,97,142,8082,9779,9845,551,6387,8029,5363,2576,9911,5240,849,3785,9954,2867,7869,5960,8274,3568,6366,693,9165,4931,1448,9273,1494,2024,7176,171,9035,3874,555
6934,9330,8431,7960,8047,5297,9403,9175,8564,8231,8775,2160,6526,9438,8959,5544,7453,4429,5967,217,8566,954,3434,371,9444,2378,6850,5820,617,7521,1970,5814,3962,1167,9509,79,2393,7803,2181,2148,5342,2621,2515,8697,7778,55,5689,8659,4736,9187,3695,2130,5971,7753,287,4727,4276,7331,8454,9191,9617,9137,5648,9682,4795,1825,6110,101,106,7903,9780,9846,176,6845,4949,5002,5805,9912,7182,1052,4521,9955,2495,7757,4442,9265,6986,4741,2526,9977,2392,1469,8609,1265,934,7093,115,8702,6644,2029
4624,9331,8790,6869,7951,3817,9404,8532,8115,7559,8644,3124,8508,8949,7825,1720,8407,6623,3329,504,8861,2109,4676,1375,8735,6010,9063,3545,1556,8332,1312,4304,1359,5614,9510,852,1853,6028,2741,432,3191,4928,901,7739,7697,23,7890,8426,8148,7212,4683,4527,3310,7107,4273,2188,4733,8205,7703,8557,9618,5709,7434,9683,2883,5313,6163,116,240,8365,9781,9847,340,4214,8246,6521,2966,9913,2057,834,4318,9956,1606,6365,8444,8411,1244,4925,996,8497,5035,1414,9987,5127,366,6767,78,9036,4658,394
2664,9332,5011,5429,4475,2331,8256,6604,5577,1201,4973,4311,6904,3128,6779,5609,3276,3119,762,1525,6905,3015,1561,5277,7161,2786,6620,5501,3272,5795,3331,7222,3741,2012,9511,3579,5202,4011,2169,2542,1157,1771,1625,7438,7206,3908,7030,5947,4025,6475,6244,1842,2534,5991,1736,3416,2211,3743,5633,8764,8184,4623,3348,9684,4336,3363,4238,2298,988,5305,9782,6074,1505,1821,6476,2376,3511,9914,3877,5469,154,6747,2891,1453,6797,3594,5301,4005,22,6268,2253,1057,8167,3253,2879,2041,2903,7500,3950,4602
5862,9333,8611,4793,8255,2712,9405,7740,6631,771,8191,3945,8042,8192,7775,1986,5513,2888,5095,710,7588,2002,1557,648,9227,5968,8483,3964,1231,5492,1470,5906,1645,6152,9512,311,1964,7851,2249,294,7154,2363,1733,7742,6725,222,7852,8797,7834,7979,8377,4891,2983,4182,2040,1656,4525,8583,7766,9594,9619,7713,6517,9685,7115,2884,5932,281,382,7622,9783,9848,2113,2676,7175,6879,2702,9915,5951,894,1917,9957,2208,8633,8602,8338,2380,4926,3919,9166,5657,2227,9988,1904,1242,6351,83,8610,4674,99
3589,9334,6658,4851,6750,5147,9406,5084,7968,6610,8331,5931,2455,2658,5041,7324,4689,3347,3122,3182,6270,2706,3184,3606,7685,1824,6036,4618,2704,6151,5028,4380,3760,5090,9513,538,6974,3850,909,904,719,885,5914,5131,8359,1809,5853,7558,5203,4347,7760,4626,3409,2464,1243,4706,380,4057,5335,7522,9050,6130,2368,9686,4951,6827,7527,608,2479,6562,9784,8661,4432,2552,5973,2757,5261,9916,957,330,1969,8066,1373,6748,6555,5529,1128,4649,643,7297,2584,2335,9074,1024,3018,1512,602,7046,1865,4849
7427,9208,5800,1251,8342,2496,9407,6846,3943,707,6548,4061,8116,8792,7651,2049,5514,3935,454,3939,5194,4000,730,3259,8221,3627,8501,6131,502,2752,6023,8650,5674,6066,9514,59,4709,4822,5410,242,2438,1066,5245,9065,7730,1630,6257,8427,7943,8296,8089,5969,3047,1012,2173,6536,3975,6239,7612,9595,7068,7569,1436,9687,2367,1818,8151,1477,120,6594,9785,8527,5010,1759,5196,5222,1142,9917,5855,425,998,5494,4254,5959,9968,6880,2924,4913,2822,8363,4107,2858,9032,623,3484,5943,1817,8308,4028,584
2965,9335,1258,6855,7397,3401,4876,4969,5103,5542,8249,5594,4988,2912,4482,5482,2205,814,1042,2143,8636,1572,540,2346,8554,3007,8777,1290,3706,2319,5507,3546,2191,567,9515,4936,7802,747,5847,522,1163,2836,8541,8807,8942,5135,6886,9020,3514,1130,6220,6356,944,5476,4218,5503,945,6766,6891,7044,8812,4773,4066,9688,1089,3583,6709,397,1822,7556,9786,8916,785,792,7704,6229,7692,9918,4789,7138,2468,9161,3286,5703,6633,8214,2905,4754,1022,6630,537,2168,9989,5296,5480,4292,3976,5435,1392,6895
6664,9336,7709,3896,4545,4914,9408,4654,7416,4184,6326,3972,2421,6926,4848,6728,6306,1203,3682,1273,7251,3774,981,254,7883,2997,7992,6702,1114,4344,6108,5902,4757,1509,9516,624,5907,4496,5660,1154,562,530,6092,3920,8795,1851,5919,9099,2463,6809,3357,3729,3300,3332,493,3714,3231,7301,7241,8213,9620,7260,4024,9689,5498,833,2530,1450,570,3565,9787,8494,2678,3646,1857,2321,7146,9919,4440,4485,3639,8486,2475,4921,6259,3378,2561,2612,3160,7871,1528,2739,8202,704,2353,5454,760,5654,6972,5730
1380,8873,6512,7354,8976,5634,9409,7818,8926,3277,6062,2152,7277,6681,8302,1530,7239,6442,4427,4888,8458,2630,552,3871,7101,5165,8688,3669,1738,7945,2732,1967,365,3413,9517,942,2527,1403,3087,1366,5715,3982,1620,8627,9232,96,8235,8879,5421,8556,8580,2987,1051,6178,4460,2841,1877,7157,1538,7828,6250,8077,8265,9690,6525,7122,7290,364,1458,7838,9788,8679,924,3134,8662,4017,4532,9920,1758,3387,1803,9162,2239,6794,9260,6030,448,5579,86,6498,5471,3957,9120,4013,3684,4495,964,8004,1136,193
3980,9337,7459,7177,8012,5420,9410,8095,6873,7451,6395,3218,7646,6918,8263,2960,4765,5496,1562,2004,6822,214,3308,4902,2068,7165,8043,7597,2052,6568,3099,1753,1478,4800,9518,657,1894,713,5398,1009,3442,4291,2045,8737,7211,13,7363,6570,5678,5091,4854,3396,603,5258,2568,5766,839,7690,5675,8864,9621,5449,7670,9691,2031,5391,7528,76,186,6607,9789,8315,1275,3478,8668,3994,6595,9142,1015,7678,5716,8754,2448,3995,9261,7480,2947,5866,185,5062,3842,5879,9145,4456,1300,2733,390,5500,5356,6246
5307,9338,5070,4943,5696,1166,9014,6018,6585,906,6297,4770,6618,5159,6557,3984,5741,2957,2953,4471,7187,3531,1812,4540,6866,4181,9151,4750,1330,6687,4575,3262,1908,927,9519,3266,6646,4095,1391,2771,3619,3561,4205,1449,5517,961,5382,8333,3025,7432,7330,3941,712,4464,3326,997,1326,3891,715,8753,1369,3812,6293,9692,2241,2490,4528,1968,331,5043,9790,8630,3236,4330,8307,4451,3722,9921,5262,1618,910,6755,3381,5155,8445,3502,2742,4008,216,8593,4314,3246,9121,2902,6095,3216,1874,7343,4650,1331
3433,9339,5551,5872,4453,2271,9083,4778,7118,1483,5977,4640,2404,4410,3317,7584,2851,2731,3158,871,5217,3544,2255,3423,6847,3670,6449,4641,1696,4249,589,7777,1605,3115,9520,4131,4840,3437,2538,1850,2781,1577,1349,5834,6930,4162,5922,4286,4159,7144,6352,1776,3463,3443,2292,3944,1563,6690,4305,7647,8971,3138,5388,9693,1652,3410,6294,326,596,6339,9791,6991,1881,2344,6481,2877,4298,9922,4957,5136,1568,3949,5560,5774,8711,6730,4312,2381,444,5934,3596,3390,7787,3940,993,2777,2137,3727,4043,1755
8487,9340,7064,3395,7816,5746,9411,8025,8553,8980,7774,640,4724,9088,9221,8829,5536,3981,6149,148,9090,984,5186,1891,9445,1270,9180,6724,89,2590,3673,3051,7784,2157,9521,56,1146,4068,1703,4698,6187,4999,7379,6740,9564,2882,7897,8675,670,8965,4070,727,131,8335,250,7964,796,6614,2693,9596,9622,6552,5156,9694,5336,5137,8120,1408,880,8552,9792,9849,736,6810,1675,4063,5283,9923,5901,4749,3654,5554,4873,8206,4652,8372,7957,5904,5385,8671,2065,7038,6168,922,192,7309,108,2257,8146,6000
3833,9341,6015,7204,8114,2234,9171,6820,8499,738,8686,4716,8465,8673,8481,3604,5384,6699,3713,4747,8132,1028,1218,2994,7632,7217,8164,7686,1962,8016,820,1174,437,2906,9522,491,2243,1531,1678,3628,2873,4374,2868,8087,4592,338,7505,9021,940,7985,8264,6419,2090,7098,1800,1268,2907,6063,2226,9597,2859,6399,6217,9695,6407,5588,7359,838,290,6854,9793,9850,3878,5350,9255,5104,869,9924,4156,1288,2071,7856,4774,6223,9011,4473,494,5642,500,8023,6231,2661,9990,2293,6302,5880,1805,7807,3142,453
5337,9342,7000,4862,5040,2254,9412,4910,7238,5593,7207,2295,5386,5726,5732,4231,2494,2474,1980,5353,4287,3219,2472,1147,5788,2818,1407,4275,2785,4767,5120,5178,4458,3103,9523,976,4721,2929,2910,3214,1614,1446,5946,4883,6450,2176,1910,8417,5603,4992,6373,5161,1601,5030,1541,4877,2373,5117,5923,7293,8865,5799,5909,9696,4829,5627,5314,52,1123,5133,9794,7367,4202,2312,5757,2206,388,9925,4310,4195,3239,5504,2577,3192,9012,6067,1286,4242,295,6744,3298,4376,8391,1131,4657,898,1485,6188,1020,5019
4,6,8,30,501,1393,4326,5424,7593,2715,7923,3089,8414,7831,7441,7693,6283,2520,4203,4601,7837,3024,4476,3791,8928,5273,7193,8108,4145,7661,2921,6645,4259,2668,9524,3742,4882,5582,4786,6320,2808,4089,4584,4363,9066,5248,8305,8894,4824,7712,5956,7457,4489,5121,683,3314,3053,4995,2070,9069,8585,7667,8492,9697,6382,6128,7687,4808,2986,6446,9795,9851,3095,6666,7485,5942,3240,9926,4194,1317,1117,8046,6003,5170,7413,2801,3072,6305,1482,6726,3370,4539,9991,4173,4320,4177,1878,7069,3154,2553
5570,9209,5974,3258,8178,3773,8771,4852,4707,3912,6957,2594,5439,3181,4268,7080,4994,3554,1604,3616,6343,3693,3539,4563,7798,2927,4868,2887,1624,6569,4146,7240,1651,4997,9525,991,4788,1381,2685,1732,2728,2182,987,7446,6764,2151,3473,8999,4776,7653,4201,3660,2648,3194,1886,5531,1237,5736,5374,5581,5722,3906,5001,8708,2703,4038,1364,466,1820,1947,9796,7275,2489,2984,6047,6098,4886,9927,826,2039,4047,4594,1626,4179,7493,3865,1705,2750,3250,5829,1922,2371,9274,2116,3787,3453,1209,4745,804,3028
1933,9343,8448,7751,4099,1823,9413,8019,8257,5840,8014,6077,7681,3614,4916,2336,5281,2955,2361,2850,7694,229,4526,1517,9446,6202,9229,6558,4435,3887,956,634,578,3824,9526,3147,1454,7729,1642,1856,5348,6398,2606,1845,8369,915,8750,9573,7278,8270,7813,8325,4052,4682,1160,215,2946,7611,4370,8896,9134,4510,7654,9197,5477,7083,8152,284,1064,7315,9797,9852,879,5061,8371,5682,4383,9928,1831,481,392,8201,3435,7374,7905,4359,1498,7351,35,9978,5479,2985,9992,4479,7202,5098,3372,6768,2457,345
6694,9344,7666,3859,1544,2044,9414,3718,8230,3810,7680,6410,7682,7460,5039,3307,6375,5227,2445,6758,7631,1441,776,1220,8277,3704,6219,4255,2462,6141,3008,3755,2163,343,9527,100,3034,4725,943,4907,4842,4076,6195,751,8847,2426,7136,9186,6227,6628,6024,5997,2231,5343,3187,1965,1213,6673,3224,8629,6538,7357,3097,9698,2615,4933,8008,1444,3126,4954,9798,9251,2828,420,6316,682,2401,9929,5122,41,1487,8400,1405,5413,9969,1368,4190,5237,4313,7814,3723,5009,9993,2768,4452,2837,2692,7392,2869,1724
7063,9345,7790,5014,3983,2099,9415,5918,8514,5844,8049,5358,8876,4991,4863,3269,6970,5224,1982,2189,8155,615,1943,662,9059,6639,9152,5515,539,6070,167,6528,533,1888,9528,413,958,8223,1634,1957,4308,3721,188,1186,8543,140,8395,8895,7518,7635,5816,7334,4264,5207,2992,1325,3392,8491,5226,8849,8866,5088,4869,9699,2540,7419,8551,286,1507,4406,9799,9158,3031,2048,7010,2486,5089,9930,2897,266,4815,7904,5015,7737,8787,6068,4045,6763,1455,9117,4072,5284,8994,6224,2861,5006,1299,6996,4562,827
6177,9346,7758,2762,4684,2403,9416,6609,7283,6460,7546,6611,4091,5768,6977,4335,1718,1595,2592,1699,5978,1623,3796,1148,8269,2991,5441,4204,3492,3167,5271,6913,2899,2244,9529,905,4217,8374,1830,2107,3805,2598,7445,3931,7526,1197,6041,9574,1461,5444,3391,6689,1655,3254,671,6179,1672,3188,4919,9598,9623,8028,2804,9700,2121,3335,5537,742,1936,5584,9800,9853,3577,505,1808,844,4667,9931,4847,246,4232,4130,2043,6405,7940,7336,2425,5930,1692,8745,1419,2351,9994,3327,4633,4340,822,4087,3613,3408
6332,9347,6076,2791,8672,3638,9417,7450,6394,2871,4271,2974,7153,7015,6752,1799,6491,4607,2862,1400,8908,2009,197,3599,7389,5833,8845,6140,611,7070,994,6058,2320,4477,9530,268,4379,6249,5457,1960,3273,4257,4681,5304,6155,234,6899,7076,6189,8570,7447,2354,3483,5175,3380,4016,3294,6016,6989,8379,8185,7167,1896,9701,6228,2492,4323,614,104,3690,9801,8461,2051,3280,7350,6052,3758,9932,4331,1019,889,7373,4561,5236,7780,6868,2279,5076,508,7858,4438,973,9206,761,1676,4416,746,8084,3525,1347
1766,8330,8512,7638,8383,1897,9172,5270,9217,7019,7998,1603,9147,7347,8646,8168,7081,3790,3384,272,7520,1707,681,862,9228,6031,6173,2573,806,5381,5681,6285,2559,2110,9531,2487,4067,2646,4143,1239,5080,716,4378,9183,9565,2230,7620,6529,2767,8966,8581,460,4993,7140,1285,8136,359,7249,3993,8707,9624,6539,6968,9702,2080,6222,6990,24,1033,8493,9802,9854,684,5652,8766,7623,4941,9933,6099,7037,3164,8822,2914,8953,7296,7125,3133,5711,4715,7281,459,3001,8403,588,334,6039,544,6118,2183,561
4785,9348,5737,5664,5952,2067,9418,6122,7267,6354,7990,2864,2349,3256,8533,4315,4703,3572,360,3854,5832,1700,4121,4752,4136,5425,8703,4836,737,6739,3264,3607,1164,1975,9532,1963,744,6718,3494,4282,3952,3500,1589,2545,6156,1307,7892,9575,4263,5349,6355,4198,3898,5072,2334,3497,354,4610,4119,8370,9135,4277,6006,9703,4544,7332,7129,238,2248,6295,9803,8851,4157,3783,6931,2259,6304,9934,395,3832,3933,9054,3032,6953,7027,3567,434,4646,625,8900,865,2460,9122,5256,2620,2220,2209,5063,2459,475
5524,9349,7557,3117,4686,5615,9419,7128,6479,6976,7271,6209,7616,7246,8033,8695,1438,2585,1018,4302,4385,3678,310,3386,7461,4062,7575,1727,2546,102,4820,5292,2665,799,9533,5750,5242,3803,4015,1144,3513,406,4137,4878,7422,5666,6196,8911,1984,3830,7213,6090,3955,801,275,2398,775,4114,868,8505,7970,6684,4705,9704,1636,4058,4098,2611,3504,2348,9804,7483,3881,3186,1670,5433,6258,9935,2964,6136,4033,7796,3228,6978,7870,8390,5123,2005,387,8721,3340,3311,8902,794,4174,4866,441,5725,3536,4501
897,9350,8187,6688,7773,2755,9420,4388,8854,2783,8666,1178,7563,4839,4755,6859,6435,2564,2863,1007,8349,1121,162,842,8929,5876,2787,621,3050,5100,7503,1526,1974,5402,9534,4966,6661,7833,6535,1037,5200,379,7586,8748,9566,1365,4772,9576,2775,5859,6345,2916,2529,4244,4827,5569,3464,3397,6674,8811,9625,7772,6240,9705,6849,6680,3818,47,3302,4701,9805,9159,600,5463,8767,5933,7700,9936,6226,3349,2015,8589,1048,4811,8496,8366,2185,2159,4349,9118,870,4189,9995,718,1428,7203,1143,7913,1188,182
1748,9351,7645,2780,4300,1225,9421,8841,8927,5738,8464,2596,8819,7783,8794,6682,6826,2411,3006,385,8162,177,2597,2555,8658,1701,8385,6011,353,6002,7702,2743,1259,4845,9535,307,2839,8147,4463,1284,3728,1437,7075,5848,8706,1230,7105,9577,6441,7873,7229,2723,2941,6863,4132,3827,3255,6027,8504,9599,7900,7358,4112,9706,7091,6116,6463,94,828,5538,9806,9855,1008,2278,8252,2610,3746,9937,4714,288,451,6778,659,7672,8682,7922,2932,7949,3356,9979,2645,4517,9075,267,6273,5306,1358,8922,3825,890
6472,9352,6757,5925,5975,5157,9422,4541,9176,2670,9084,3724,6367,5760,2824,1497,4738,5938,3591,3093,8459,4643,3044,5119,8716,5417,7618,6467,1959,7048,318,3845,971,4122,9536,525,400,6773,4918,6662,5884,3986,1106,1510,5656,1045,7732,8912,1796,8781,8334,4585,3573,5728,841,755,464,4728,2228,7822,7218,7168,7340,9707,5999,7185,5166,1516,2132,8175,9807,9160,4129,4140,8919,6865,3241,9938,780,414,1363,8470,4389,5724,9262,1749,583,5238,187,8603,592,5005,9996,3379,4307,1931,4170,7291,4387,708
5481,9353,6208,3075,7265,1413,8977,5383,4603,5826,8131,4426,6556,5845,3518,2008,4355,3289,2014,4050,7655,1953,2901,4989,7348,5187,8126,2299,3114,5184,4079,1343,1644,2395,9537,3869,5827,4167,5770,666,1247,2356,4816,4097,7720,1691,2746,8690,5773,7899,7577,6385,2845,3987,3346,983,506,6720,6445,7448,8850,4953,4134,9708,4589,3885,7155,19,2318,4071,9808,9856,3998,1695,2482,4295,3629,9939,3206,213,918,8478,782,4830,9115,6924,4337,3288,399,7409,3938,5434,7877,3111,3341,2091,740,6470,5607,1835
805,9354,7932,7574,6370,2402,8886,7550,8802,2294,7952,6256,9087,3771,6785,3680,6910,2751,4408,1005,7889,550,1658,1329,8856,5567,8725,6284,4612,4128,260,1503,951,3971,9538,2749,1527,7657,2081,1025,5864,5081,1840,7059,8738,580,8485,9100,7200,8638,9102,8326,1581,6190,698,336,4364,7307,5073,8968,9136,6051,6425,9709,5053,4553,7929,513,895,8640,9809,9252,886,7423,8720,6325,5276,9940,3299,1684,496,7981,6147,5054,6511,7018,1862,6427,71,9167,3210,753,9997,3622,6572,6409,2210,9037,5036,123
5522,9355,7519,4875,5191,4825,9173,3079,8432,4867,4620,985,5460,3094,2315,3049,2447,4927,3512,3828,7539,4556,384,3663,7444,3851,8303,1103,1150,412,6625,8222,6102,1021,9539,2035,3649,7029,6319,1548,4338,717,8278,8034,8963,3290,3230,9040,1424,5436,1728,3650,4428,1001,446,6843,3857,7599,7607,5437,9194,6823,5250,9710,4806,2408,3076,907,2628,2207,9810,8429,721,3071,5345,6126,6093,9941,1778,4253,2980,8973,1433,7779,8744,5850,2548,1726,3171,9144,3248,5521,8903,2396,655,4461,627,5162,5817,1396
4855,9356,5045,1120,7817,3681,9423,7032,7603,6334,6396,2829,6853,7429,7319,8219,819,4833,1139,4555,4717,632,1508,6578,7491,6443,8096,3872,1135,175,5177,1641,3586,511,9540,4093,7223,1566,4075,4082,4448,181,6154,8940,8409,5661,3814,8522,1110,7054,8195,4940,4020,75,153,4998,1608,7372,2770,8139,8360,3969,2332,9711,2842,4110,2466,3934,3582,1115,9811,8093,4744,4115,5950,4401,6777,9942,6754,6086,3965,8670,4352,4077,7764,6204,4361,1613,769,8421,3821,3301,8121,1774,2214,5825,711,1451,5917,4835
5599,9357,5360,6903,5836,3422,9213,4096,7604,572,5813,5197,4787,4434,3090,1059,5371,3098,3988,3744,5988,3073,3894,4531,7108,2050,3836,6182,2114,6055,2023,7619,4758,3271,9541,4085,4779,4708,5145,4735,3897,2505,1920,664,5989,1813,3223,8913,979,8027,7224,6269,3677,5558,1281,519,810,4328,663,7180,5626,6386,5838,9712,5438,6920,1814,3374,4088,6608,9812,8917,2238,6415,8288,5315,3802,9943,2866,938,2443,8601,1464,5404,8112,4169,1116,2854,36,7887,298,4191,9207,3668,3822,3343,1621,6428,4035,1179
4939,9358,8160,5608,7443,1101,9214,5491,7346,373,7866,5366,8000,7924,4412,4048,7468,4864,5143,1100,8938,2796,694,649,8831,5740,7656,3861,4236,7384,3853,3052,1333,5174,9542,3011,5298,6641,4937,1523,6174,2562,1567,3163,7071,118,6493,7228,6029,8204,7552,4547,2177,4948,3205,492,3688,4524,3918,8174,9626,6404,4857,9713,3951,5399,6267,223,2360,7385,9813,9857,3116,6358,7863,5742,6368,9256,4967,282,488,8768,2146,5571,9203,5763,231,3751,3268,9266,795,1158,9275,1903,1550,4032,2374,8531,1082,860
3764,9359,8102,6745,8924,6856,9424,8507,6214,7836,7421,2511,8694,8299,8406,3457,7770,1533,1682,802,6613,1836,2934,1367,4895,2062,8243,5418,2644,5646,6089,2387,2948,3496,9543,3036,6560,1162,4213,823,368,4443,1336,9010,7560,126,8351,2410,3151,5783,6774,4420,1593,5317,1269,8101,4425,8584,6519,9023,9195,7050,7561,9714,709,6908,5698,105,48,7326,9814,9858,1099,3082,8631,5448,5663,8897,3892,5397,4917,9163,2061,7842,8974,7806,1180,4858,1493,5811,4155,5044,9033,5003,289,743,458,6465,2956,2722
1207,9360,8122,4149,7614,1668,9425,6278,8248,2025,9058,2838,8595,4775,4084,2737,6230,3562,3555,2042,8107,1175,1586,1907,8746,6207,8736,1786,4519,5057,5586,1044,1238,2688,9544,2158,2037,6185,4296,831,5017,1833,7820,6430,9039,606,7821,8622,7675,9000,8111,8582,1819,4971,1010,563,2385,9129,6261,8718,9627,4400,5282,9715,5274,8271,7868,309,3232,8440,9815,9859,2032,6171,8615,7864,6980,8410,2101,813,112,7989,278,7829,7956,6277,528,2382,2875,8722,2825,5016,8544,1387,3033,6622,1987,8413,2522,190
3278,9361,7966,7474,8013,2304,7982,5659,7467,2194,7551,5841,7991,8596,6612,2288,3538,3352,3886,929,6619,3524,2369,479,9447,5718,9017,5188,4010,7696,541,5101,1714,2893,9545,1909,3382,5487,1490,1378,4051,3156,699,5765,6600,90,7853,8489,3991,8017,8967,8259,3553,7023,1328,433,2589,5762,1576,8947,9241,8044,5810,9716,5254,5693,4306,2085,1168,8600,9816,9860,1053,6588,7901,5059,2060,9944,1788,599,524,9958,5375,5355,7243,6127,1351,3626,304,9267,2473,239,9998,5473,4647,6159,1928,8242,4677,1798
2439,9362,8904,8498,8085,3807,9426,8772,8189,5139,8843,1794,8404,8368,8657,7639,7976,6197,2362,225,7925,125,2525,1227,8637,5701,7776,8109,3503,7962,449,1573,557,5031,9546,1036,2047,4158,1208,1435,1356,4454,1398,9558,7839,219,8598,6384,6966,8752,8306,5483,3726,5087,4018,1296,5624,7279,7748,9104,9628,6364,8209,9717,1841,7714,8064,271,487,8387,9817,9861,1056,7007,8990,6811,4880,9945,2999,1337,3468,9959,2626,5888,8730,8031,1105,8506,911,8858,1560,5753,8826,1399,1338,5004,635,8923,2420,270
1930,9363,6087,5883,6333,2305,9427,8179,8291,1480,8723,5158,8983,6635,7975,5334,6919,4413,3768,4040,7487,978,1261,4558,9448,6660,8950,7513,2480,4621,2405,1086,549,2485,9547,378,1215,8621,1619,935,5042,1918,5140,6383,8796,2572,8052,9578,5530,9582,7530,6876,1747,7189,913,745,5216,8798,4251,9131,4588,6892,5422,9718,7314,6013,8021,1011,1095,7261,9818,9862,3491,5114,8991,6959,1087,9946,4457,174,31,2694,2094,7295,8128,5085,1246,5400,486,9003,4538,3860,9146,926,7738,5414,3030,10000,1775,63
2383,9364,7972,7710,8472,3868,9428,7495,8539,4230,8887,4397,7683,5697,4221,1339,7595,5700,2093,3753,8452,1578,3318,2144,5596,6298,9452,3162,4436,7811,2235,1138,689,2769,9548,2258,2524,514,5058,2216,3843,3143,1951,5051,8194,67,8893,7506,4908,8880,5450,7507,1876,6161,4139,3244,133,7402,1693,8144,9106,7273,8117,9719,4515,7749,7668,159,1780,7716,9819,9863,1687,2092,8813,6518,4807,9007,722,3937,2190,9960,1594,7894,9263,4529,158,5329,147,5247,5540,6616,9076,6489,2350,3904,1722,7013,1731,427
2774,9365,8188,7711,7400,2889,9429,5731,8575,422,8050,5852,7882,6423,3101,2240,4577,4404,4395,3759,8061,1524,1467,1014,6344,5935,7209,7378,5592,5461,1271,1191,241,1457,9549,1205,1725,963,1737,3876,2272,3576,2063,3369,7470,205,5929,6984,3482,8062,6862,7763,4141,5412,1319,2928,1549,7433,974,9238,9070,7005,6162,9720,7126,5854,8040,696,2046,7579,9820,9253,3046,4511,8083,4801,1913,9201,4369,4116,3966,9961,4166,7524,9029,4906,1000,4518,39,7426,6100,2519,8770,3362,4942,2663,2962,3702,2164,953
5428,9366,8011,6393,6751,2010,9430,7094,8515,2122,8981,5691,8322,7286,4901,1617,7684,6371,3632,5945,8939,1013,3279,2623,8776,7532,9018,5777,2499,7918,1633,1864,535,1961,9550,735,1834,2069,1292,936,6037,4763,1534,1388,8549,163,8607,9233,6627,8563,8639,6420,2503,7272,2627,878,1214,8352,1309,8836,9051,7517,5873,9721,6941,7488,8268,300,1916,7862,9821,9864,3424,3225,9110,6199,2654,9947,2167,149,1422,9962,1900,7664,9204,4207,1915,5520,393,9119,5387,5309,9276,2270,5658,5172,772,8560,3068,98
6318,9367,8103,5252,6264,3522,9431,7333,7562,7973,8687,2118,7630,5961,6928,4153,6731,4608,714,633,4150,1350,4629,2407,5641,6649,7791,1911,439,6714,791,3556,1795,6004,9551,2301,1757,5636,7628,1846,3493,3686,1638,5442,7566,768,8943,6800,6788,8460,3425,2844,2817,4832,2123,6870,2581,7234,6561,8150,9043,6893,7846,9722,816,5511,2872,87,319,6796,9822,9254,325,3448,8240,5699,6094,9948,1040,4645,5078,8755,3687,6927,9264,6818,320,6158,613,8290,3910,5575,8412,5924,855,2745,668,6922,1650,1092
3263,9368,4504,2557,7649,1266,9432,5361,5676,529,5908,4418,8210,3893,6652,6738,4466,3212,2454,2835,7845,4805,42,2738,7969,4138,7984,1222,1715,1298,6142,8592,4680,6238,9552,939,5328,6265,5809,750,3584,54,8193,7143,8862,2894,2580,8809,3815,8070,7096,2484,4322,741,2996,3862,4283,7621,8054,8336,7980,6735,2417,9723,6017,4345,1539,218,1761,3516,9823,8680,5286,6742,6675,6770,6053,9949,6746,4666,1981,8839,1434,5679,8731,6565,968,2103,1580,8884,3130,4488,9999,1923,1282,6096,1327,4530,1869,478
7396,9369,7679,2096,8367,5163,9433,5944,7463,7809,5185,5333,5071,8250,8154,8473,647,2880,1471,3309,4235,3676,44,6349,9016,6448,7926,7414,277,3056,7598,2267,1993,469,9553,1192,7002,1646,5024,2199,2442,341,4394,4056,9567,6061,6255,9579,706,6998,8196,1241,5578,208,483,5312,824,3691,2027,9600,8867,7761,2424,9724,2217,832,8118,2707,3208,2198,9824,8442,5013,5502,4358,6008,3719,9950,5887,3838,5246,7876,6252,8401,7323,6129,2394,5653,3043,7302,4327,5786,7387,1475,1196,6045,138,3179,6369,5745
