-0.202825785344888	0.233178757942726
-0.0641057565261808	0.106767929731706
-0.448290037353917	0.641026830535593
-0.129748119235348	0.191365464323616
-0.0780107464013536	0.7655040156585
0.00378502809439743	0.00865900888517509
-0.0494910766816787	0.761157677224136
-0.149088749298545	0.773508482197743
-0.00652345884055455	0.019209420730051
-0.100099327136663	0.770091059524863
-0.00814159430907163	0.0326281873656549
-0.138889165103718	0.691335602960836
-0.0946555918079742	0.757737271012797
-0.168229471353679	0.781344202302999
-0.251190936900443	0.262672157429418
-0.144269988708562	0.742669102939005
-0.100634800157702	0.766184485240488
-0.0105028844807297	0.767580631872347
-0.00879488366434929	0.0289166560412492
-0.126725325187165	0.620439666564907
-0.0794832708926012	0.682876616658113
-0.0433762173435889	0.139702132379955
-0.0955725487784851	0.768297088058966
-0.102530825178042	0.777652816366128
0.000667522157256925	0.0373131916026675
0.0051990176961361	0.00863677591798576
-0.0714412464573092	0.516779180249835
-0.0949671475119159	0.717923302702269
0.00126051737103695	0.036660923993987
-0.0524169385438483	0.105884553162969
-0.116824608456728	0.70869979472584
-0.0885465138021122	0.718069618609334
-0.0264019747605936	0.0696233139110679
-0.0846483527452158	0.762480256892208
-0.0858699365656037	0.744743285317839
-0.0265551090637482	0.0929310936083615
-0.00921200259074141	0.0403607167190486
-0.0685339504678612	0.73088967594697
-0.093417171210527	0.720981841257126
-0.15607511827618	0.767127351384631
-0.129519260051135	0.751275461177465
-0.0987964469974233	0.742356404914778
-0.0998475915384811	0.751835488236404
-0.0954706930076013	0.507676575158357
-0.0649130155939319	0.760074596878482
-0.0578488861705971	0.757830153593054
-0.0787793713328872	0.735862053694875
-0.0941267922891456	0.741369907450114
-0.107552779573987	0.762344095401948
-0.0607818134688881	0.759005585734877
-0.0187739446143134	0.142721717114977
0.0039042375272999	0.0195094383848623
-0.0538541606516793	0.76568994728051
-0.107465569713198	0.753663164069536
0.244670846876942	0.0825040453989272
-0.373945693449565	0.438585056182591
0.166967544376968	0.208275529849627
-0.354072931581665	0.579070719104274
-0.423739119696735	0.504579732536577
-0.1777954319423	0.348530752489511
0.0259389132447144	0.0776365774765244
-0.0383375069618859	0.477326699643592
0.0989796654917833	0.328460349512809
-0.150052345627741	0.728439357626056
-0.20900881215868	0.510268412555705
-0.384079301306298	0.580429276819773
-0.00277312948728472	0.0734208113619582
0.186882134187628	0.169372826060313
-0.1065420417244	0.771121612971566
-0.0211676378429712	0.547067904190551
-0.00111353538199191	0.017536654865475
0.00492315797687282	0.0327348543231344
-0.00907585654289571	0.028076319231665
-0.0399133017103891	0.770427410031758
-0.133504056700762	0.76715733394571
-0.0636484209406805	0.766732887635168
0.00487414783601693	0.10261847396332
0.00939689783563487	0.0406329757359321
-0.0895528511984521	0.746427327401632
-0.108387030227306	0.773199506829565
0.00275202427995781	0.00833291888568613
-0.00200928120775906	0.0571596650528418
-0.0245601535060701	0.67774898136536
0.00222428642970959	0.0336194897529792
-0.0918241721343041	0.663551720068679
-0.0956718280301536	0.750066717912465
-0.129264586502179	0.713765820493151
-0.0827483789442041	0.698584775255777
-0.131056521737835	0.636673473625313
0.000545511809366474	0.00152812641210536
-0.00482356390839324	0.100500641734638
-0.0777499375603556	0.586984014077451
-0.054723312034137	0.739529443201059
-0.0549532076175142	0.273187352451632
-0.0672396009123403	0.765431189073554
-0.11271422672637	0.772709382340365
0.00192554661948749	0.0555909416535122
-0.107104940178078	0.732520906987431
-0.0527645480321476	0.749201374927225
-0.00166597870391562	0.119673274179292
