6981,2348,1325,7874,4610,211,530,5316,7081,543,8587,7793,6982,1053,5360,8696,3872,8791,1515,5824,3622,8184,1100,6128,8930,3996,1874,8352,3029,320,8139,9065,6312,819,2924,3676,9143,5740,4279,2714,959,7029,6591,6587,4971,2748,9208,5872,3700,271,1369,5092,6812,1114,1167,966,7481,853,1632,3406,6524,574,6925,6519,5947,6190,7644,7459,1720,8407,9452,3825,6678,8084,3866,6050,1643,1490,9547,1861,8296,2397,2173,4492,782,7898,2874,3545,9667,7972,7666,198,9772,7003,5695,5471,6824,1828,9886,8266
5138,301,850,8196,7494,122,1977,3187,5765,3402,8588,3186,6742,7037,790,8697,5060,8792,5670,5365,6585,8366,3047,3323,8931,3103,6016,8129,2062,2870,7420,9066,5307,1836,1332,1318,4021,5118,6853,5703,1932,7684,1883,1054,1869,575,9209,2296,7505,2001,6831,1872,1675,2161,3916,796,6689,3679,3466,3063,6232,5725,4555,659,2159,3171,5951,8306,2622,9428,9453,1209,5170,8097,4806,434,2251,3820,9548,432,8348,1733,849,6541,873,5463,5483,4577,4842,6548,7187,1787,9773,6581,6119,5235,3845,4287,9887,7573
4636,1681,523,8013,5209,101,1313,3634,6340,3346,8589,4860,7363,3936,2156,8698,4066,8793,6962,3630,5948,5197,4807,3370,8932,5087,7079,6989,5154,3057,7522,9067,4897,1649,3213,1961,7953,5880,6955,4663,833,6109,4876,298,2048,1004,9210,831,5490,2542,6021,1671,2319,2469,3313,449,5589,6261,4633,5537,9332,4109,1751,8027,1866,6028,6916,8404,2265,8072,7838,4291,6499,6399,3409,178,2533,5149,9549,254,7692,2670,933,3242,332,4371,1617,4798,9668,7926,6715,555,9774,7602,2639,4572,5267,4855,9888,7634
224,448,1174,2058,5613,878,1457,2217,6459,2890,8590,3667,6902,6098,5186,8699,2449,8794,6800,4305,6847,6195,3324,3773,8933,5998,4414,7683,6554,2329,7266,9068,5015,859,2164,2312,9144,5667,6750,5379,578,7341,4639,221,3092,1034,9211,4146,4753,3672,5831,1119,6705,3124,4599,1422,6471,5739,6090,4506,8188,4602,1930,4797,6308,6254,5423,7871,2995,6454,9454,3064,7691,8450,3209,118,2708,3157,9550,215,7089,3539,865,6809,341,7137,1273,3639,9669,8387,7269,528,9775,7922,2611,3574,1796,7214,9889,6224
1057,513,1485,5702,3724,929,493,2645,3114,3464,8591,6780,6167,7583,5484,8700,1135,8795,6145,1936,5504,680,3910,3336,8934,5610,5153,8160,5301,1582,6952,4908,5361,4117,2137,2168,7364,1933,5136,1534,764,3060,4232,623,688,2032,9212,2618,2939,2630,4827,3151,4296,1676,1447,662,4466,2400,4147,1948,9333,3514,1939,8120,4471,3787,6547,6072,1557,7710,8555,3256,5759,8564,1995,1145,2501,5398,9551,2021,7424,4420,2506,7180,1007,6675,4035,4394,9670,7157,7188,877,9776,5879,5704,2037,6054,1924,9890,7680
3350,2284,3107,6458,3714,179,2118,3658,6460,5196,8592,3989,7094,4802,6187,8701,1802,8796,7775,5571,6203,5781,5540,4130,8935,6276,5223,6743,4518,1441,7064,8026,3800,3325,4301,876,7360,5091,5243,3093,249,6129,4092,154,1655,1394,9213,739,7125,4031,6278,632,4554,2202,5159,1708,5366,4766,3759,3491,8326,3998,2345,7304,5655,5678,6608,8190,1732,7872,7434,3899,5686,4504,2237,93,6144,2323,9552,156,6808,4000,1162,4412,207,4062,2358,4879,9671,7612,7218,2391,9777,7545,1210,3680,3100,6932,9891,7519
3803,3641,1128,5908,6489,124,624,2925,6055,1912,8593,4524,6818,3741,4997,8702,2071,8797,6065,2068,7141,5028,2383,3865,8936,5714,6720,8524,6132,4170,6898,8481,4346,715,2295,2527,9145,5068,5813,6116,1195,6880,4904,299,3677,766,9214,3037,5371,952,5894,2214,4850,1929,2993,563,6180,5385,3160,5636,8465,2955,3001,8544,3624,6191,7423,7305,2601,7342,8556,3455,7390,7464,2851,242,2709,4551,8415,236,7567,1243,753,4478,283,5915,2610,2916,9672,8419,6875,401,9778,8056,2711,4406,3118,6427,9892,7042
6815,582,1208,8208,7209,113,1006,1980,5810,3146,8594,3422,3847,6560,1595,8703,4119,8798,7140,4088,6636,4425,3732,4528,8937,4463,6653,9033,3970,1711,7614,9069,5901,1524,1473,2673,5378,5395,5595,1453,1435,7700,4121,1017,3619,1668,9215,2835,5721,2429,4993,3529,4595,1914,396,690,5145,4033,4311,3228,8111,4969,3495,3565,2207,5606,6486,8494,2480,7470,8500,2554,6706,8163,4319,1433,947,3975,9553,889,8572,1789,1619,6435,435,6037,3515,1132,8319,6063,7396,326,9779,5976,5716,3002,6158,637,9893,7743
5802,2671,1376,8362,4467,462,894,1993,2013,871,8595,6395,6305,1745,5628,8183,3369,8799,5513,6074,3487,6759,1563,3736,8938,3375,3236,8136,4521,388,4679,8355,5331,6687,2364,1428,8531,3907,6914,702,1996,7267,6106,1348,4011,3598,9216,2460,6557,2958,1868,2940,1902,1952,1590,797,4214,4508,1941,3628,7179,1684,4530,8492,4603,2572,6317,7594,1544,8282,8361,4073,5334,4252,4002,934,2788,1324,9554,1821,7354,2252,1610,3720,1073,4878,1459,1913,9673,9737,6526,295,9780,6170,5936,3830,4635,1548,9894,8079
2976,4299,1879,6235,5909,128,958,3451,6368,1101,8596,4161,7546,4174,6411,8704,1638,8800,7183,4790,5923,4826,3403,3780,8939,5715,6654,8089,5612,3364,7531,8253,4028,1304,2937,1770,8483,5242,5797,4706,647,7579,2530,253,2131,1310,9217,1699,5809,2531,5083,1296,3792,2354,2875,996,6014,6721,2634,4094,8488,3507,3123,8545,5685,6398,6854,8021,2124,7507,8078,3999,6999,5380,3666,168,3471,4369,9555,268,7900,946,798,5637,196,5887,2536,4168,9674,9738,7122,352,9781,7737,2085,4833,3018,4531,9895,7561
305,83,46,15,1,2,16,47,84,306,8597,8687,8689,8691,8695,8705,8790,8801,8891,8892,8896,8898,8924,8927,8940,9030,9031,9034,9057,9060,9061,9070,9132,9137,9140,9142,9146,9193,9196,9198,9199,9200,9201,9202,9206,9207,9218,9307,9308,9311,9313,9315,9318,9319,9320,9321,9322,9323,9328,9331,9334,9365,9367,9370,9386,9387,9388,9392,9427,9429,9455,9511,9512,9513,9539,9540,9542,9544,9556,9627,9628,9650,9653,9654,9656,9657,9662,9663,9675,9739,9770,9771,9782,9872,9879,9883,9884,9885,9896,9986
4340,1055,407,7307,7236,121,1181,1761,6792,630,8598,3067,7312,1852,3794,8706,778,8802,5495,2520,3893,8116,1917,4627,8941,5905,6484,8525,4882,1731,7882,9071,1416,1165,2190,3633,9147,5620,7651,5344,2522,6817,6623,5276,4242,1122,9219,3436,4403,540,4373,2471,6035,2338,3299,1361,6439,5691,1973,7096,8541,855,5679,8402,3829,7030,7224,9393,2830,7924,9456,5315,7169,7386,4166,731,3458,4569,9557,642,7752,760,755,5162,284,6322,1772,3994,9676,8420,4607,158,9783,8321,4523,5982,2997,4051,9897,8064
95,141,509,2000,3354,2328,1957,3247,761,4513,8599,4967,6159,7044,5086,8707,1992,8803,6702,6326,5411,3864,3809,3795,8942,2405,6445,7511,2467,2415,7049,8438,4263,4782,4341,1291,7465,4813,4945,2687,568,7143,4082,231,2981,4385,9220,1920,5093,4400,4832,2903,4422,1776,4942,2454,5358,3309,5335,4190,9335,4397,5140,7627,5428,691,6520,9394,1360,7800,8174,2698,7262,6617,2408,650,4087,3542,9558,1876,6126,6681,1388,6772,603,5649,3941,4294,9677,7509,5279,3198,9784,7717,234,3330,1794,6379,9898,6022
66,86,204,864,1336,387,311,4213,4382,564,8600,7227,7356,5454,2587,8708,4910,8804,3184,6611,5193,8899,441,6033,8943,4102,2260,9035,1862,294,6971,9072,6019,1688,6048,2994,8043,4768,8048,5456,1566,7523,3463,1410,4654,6506,9221,5396,6605,2134,6664,3120,6957,489,2791,3358,6231,4697,1137,1703,9336,2635,6546,8444,5207,6523,2349,7942,3609,9430,9457,5436,6822,9514,2932,3533,5575,2163,9559,2494,6740,3589,3745,5401,4289,7472,6309,4283,9678,8288,5710,2920,9785,7718,4511,5290,7687,2537,9899,8228
6934,548,962,8586,5567,496,692,3805,6124,893,8601,5548,4304,5122,1382,8709,4216,8805,5568,4926,7584,7449,1829,3686,8944,2654,5578,8304,4954,768,7620,9073,5882,1486,3211,3245,7474,5050,6821,1326,1425,7658,4724,1937,4229,4764,9222,5082,742,390,2543,4859,5488,884,384,532,5211,1401,1918,3061,8224,5205,6643,8493,585,6913,7348,8171,2782,8172,9458,4409,6392,8332,4336,6776,2018,3145,9560,3719,8259,3862,1960,5546,274,7425,1859,2167,9679,6658,7279,149,9786,7595,4702,3558,6543,1601,9900,8156
32,13,14,21,49,77,160,795,3523,6266,8602,5638,7427,8692,7551,8710,7656,8806,7940,8893,8251,8900,8274,6963,8945,8033,8351,9036,8035,6562,6938,9074,7398,7796,3274,3614,9148,7504,7671,6735,3108,8535,6199,2933,7372,6163,9223,4558,9309,7066,7826,5266,4614,6700,7379,7045,6749,7877,8539,6712,9337,7886,2828,9371,5113,8112,8069,9395,6176,9431,9459,7375,6782,9515,7453,1716,8146,7768,9561,2096,9629,5822,1186,9655,4366,8418,5013,7024,9680,9740,7781,2084,9787,8148,5010,7378,6811,7734,9901,9987
6948,3268,1717,6897,5556,339,1253,3102,5004,2067,8603,5815,7520,4684,1386,8711,1031,8807,4199,1378,4070,6578,1943,2352,8946,2864,1650,7979,2189,172,7536,9075,5446,2992,1393,3131,9149,3691,6152,3270,2966,7259,6414,3303,1635,3068,9224,4138,5204,674,3843,4124,6512,2573,1599,317,5498,3664,4623,3637,7818,1483,3965,8062,1630,3673,7041,7896,2525,6718,9460,2608,7407,8565,1523,2472,3322,4982,7087,1098,7829,2444,736,2203,2592,6823,2989,514,9681,6967,4178,247,9788,6745,6947,4267,7020,2765,9902,8132
71,38,12,4,9,29,57,97,533,4873,8604,7443,8032,8269,6949,8712,7139,8808,8046,8149,7195,8901,7918,8478,8947,6007,8006,9037,6826,7517,8140,9076,9133,8141,6991,4460,9150,8462,8534,8049,6942,7949,7851,8187,7895,5289,9225,6806,8167,7994,8463,7653,8314,7995,8170,6501,8298,9324,7488,7600,9338,7934,8543,9372,7836,6467,8213,9396,7489,9432,9461,7913,8382,9516,7023,7377,7646,8258,9562,4948,9630,8349,2231,8155,5627,8511,7329,7971,9682,9741,8178,7256,9789,9873,9880,7999,8424,7171,9903,9988
23,42,61,92,262,241,714,2033,6324,3025,8605,7409,8182,8693,7177,8713,1352,8809,6726,7078,7241,8902,2112,7515,8948,7497,7100,8391,6013,3654,2046,9077,6716,3613,2144,3227,9151,6384,7948,6616,1495,6748,5651,1198,5294,3069,9226,6979,7610,998,4162,5285,1553,4436,4222,6121,7690,5389,7069,6017,9339,5754,3564,9373,5981,7120,7761,8405,4445,8307,9462,4587,4191,9517,3168,1804,6515,6029,9563,2584,9631,6614,3034,7603,5806,7958,3361,4169,9683,9742,4819,907,9790,7380,1027,6052,7569,7151,9904,9989
214,484,976,3125,3808,654,1949,2706,4713,3392,8606,3821,5719,6825,2483,8714,308,8810,5388,3435,4123,8060,3271,3802,8949,4053,3372,8230,1904,1833,3136,7920,1061,5871,2950,1297,9152,1750,5621,4261,1806,3398,4593,4112,3020,2279,9227,4725,1130,1576,3827,2721,5465,1436,3421,2838,3460,5261,5419,4952,4072,2811,4204,7755,3148,4699,5680,5508,2772,5972,9463,3979,4793,8236,1910,378,5466,4348,7802,1045,7943,4853,1221,5166,682,5448,6709,4913,9684,9743,3618,2363,9791,6113,2921,2613,631,5793,9905,6394
709,369,1212,5794,880,98,569,2650,6758,1542,8607,6598,7811,4649,3752,8715,4501,8811,2038,5509,4064,8903,3285,5650,8950,3541,3852,9038,1830,162,6114,8305,3504,595,2679,3775,7963,4238,6334,3957,1667,7430,4525,5112,5171,4017,9228,3254,7133,425,3696,4917,6500,1984,5058,2377,6573,1768,6290,1307,5837,1074,4205,2105,5954,5906,3273,9397,2850,8551,9464,3860,6649,8412,2785,5994,2077,2298,9564,2726,9632,587,1338,1882,1851,5574,6907,6482,9685,7927,7723,443,9792,6475,5762,5852,4624,1781,9906,8133
60,79,112,318,186,222,800,3560,5449,5222,8608,7916,5363,4318,7868,8716,3479,8812,7893,7074,3298,4226,1488,2462,8951,5433,4415,9039,5459,926,8185,5298,5730,6622,3689,584,9153,1636,4777,1068,1558,5957,6518,6038,4493,3684,9229,3943,7134,2667,6335,4046,7194,1139,4417,5961,7174,8222,773,1945,9340,1999,4007,9374,6883,7863,7161,8495,629,9433,8192,6084,3592,8098,6618,3861,5869,4358,9565,5506,9633,7763,1345,8272,836,8456,6318,5645,9686,9744,7639,1232,9793,6096,6476,5512,8076,5327,9907,9990
6725,2052,2076,7880,5711,125,679,3434,4566,3033,8609,4752,6845,4641,4960,8717,3294,8813,6846,4449,6534,3597,1698,4488,8952,4228,6663,8353,3898,3432,7572,8356,4803,1191,636,1893,9154,4763,6407,4774,1279,7903,4720,497,3258,1178,9230,3089,6430,979,6569,3308,4620,2092,3075,485,5949,5814,2892,5427,7805,3183,2659,1339,3579,4491,7050,7412,2093,7905,8309,1628,7128,7490,3484,194,2683,5150,8568,219,7704,2337,821,4651,350,5659,2283,2331,7615,8475,6537,628,9794,7292,4136,5042,3730,3443,9908,7574
4856,579,3053,6097,7240,145,2330,2350,2228,3161,8610,3704,7118,6583,1652,8718,3831,8814,6856,4933,7563,1561,3977,1093,8953,4529,6264,7444,3895,2103,6905,7599,5393,2090,1169,1673,6695,5775,7429,5101,1409,7652,3240,365,3837,941,9231,2099,6298,3913,5984,430,5286,3249,3508,477,6085,4141,6697,4410,5340,6095,2227,686,6164,3767,5078,9398,956,6378,9465,1215,5607,9518,2512,433,2773,5023,9566,266,8385,1664,2045,5220,2628,6626,4990,3307,4694,7291,6580,627,9795,7109,2984,6901,4837,4142,9909,7056
20,18,24,44,73,89,250,1218,4297,3260,8611,7275,8690,6855,5581,8719,6561,8815,8067,8894,7696,8904,6602,6034,8954,5783,7962,9040,7660,2799,9062,9078,7782,4762,3439,3716,9155,7638,9197,3791,4519,8002,7159,3606,6253,3607,9232,4783,7576,5767,6382,5596,6757,4733,5491,2961,8325,7399,6069,7996,9341,7368,6359,4821,5409,7394,8153,9399,4211,9434,9466,5818,8029,9519,7155,2396,6147,6927,9567,1959,9634,5683,1631,7769,1682,7970,3906,3885,9687,9745,8201,2333,9796,7832,7833,7297,6488,6219,9910,9991
4723,176,2665,8180,3995,348,1037,3173,5304,1694,8612,4249,5272,6462,2735,8519,2761,8816,5648,3625,6245,5874,937,5663,8955,3218,5251,7359,2902,3286,6568,9079,5562,531,3660,2978,9156,6288,5097,1023,971,7661,4258,4025,2743,4057,9233,4922,4579,745,2344,3600,5829,185,307,495,6240,2749,4981,3413,8119,2713,6066,6892,1692,1892,5119,8295,2593,8283,9467,2606,5461,8106,4008,5511,915,1127,8569,3054,7170,6919,2847,7226,651,7601,5955,2025,9688,8238,3718,899,9797,5303,4598,4125,6961,732,9911,6367
4516,1607,2760,7938,4629,245,1529,3738,5089,1392,8613,4691,7562,5842,3537,8720,440,8817,7347,3024,3497,2010,4505,3655,8956,6222,5273,8340,4642,2266,7789,7621,4808,1634,2746,1710,8532,5080,4631,2108,1012,6842,614,492,4013,3176,9234,974,6887,1270,5219,2954,4459,1627,3905,230,6039,5987,3978,6722,9342,4474,916,8121,4203,4841,4809,7785,1878,7055,8193,4666,6269,6444,2879,325,3143,4158,8416,444,7839,2964,1749,5260,409,5534,2150,6220,9689,9746,5699,1702,9798,8075,751,4143,5147,3086,9912,8202
1151,292,1028,5927,6684,136,1811,5687,6686,2165,8614,7228,7148,2458,6325,8721,6871,8818,6628,7725,5164,8905,781,2872,8957,1569,5944,6990,922,1642,7057,9080,6230,2026,1026,1479,9157,4681,6049,1880,990,6838,3386,6788,6137,5105,9235,2820,6250,653,6031,3822,4030,429,2148,1190,4758,4374,3347,3653,7260,2273,6344,681,7154,2826,7046,9400,3798,9435,9468,1001,7357,9520,6656,1176,3644,1471,9568,1547,7264,2915,928,7018,607,5826,4024,1432,4810,8515,7908,843,9799,2132,5265,4717,4843,2753,9913,8248
1312,1584,2211,7524,5295,839,3009,4303,5552,4690,8615,1799,1921,6921,6237,8722,4590,8819,5904,5128,6659,4244,3393,5487,8958,5173,6442,7015,1585,2727,4548,8151,3359,1494,2953,1512,8369,4770,1254,4045,467,5867,887,649,4220,1019,9236,896,7853,4200,4688,862,5397,1721,4625,3647,4404,4729,4947,3555,7709,3122,1372,1744,4405,1358,7246,9401,2035,8016,8557,2547,5878,6707,3012,344,3750,3130,9569,200,5963,5776,374,6868,892,4433,2220,4355,8578,9747,3783,2801,9800,5782,2066,3188,3501,4668,9914,8273
7001,2119,1075,8218,4968,208,968,3671,5863,2086,8616,5296,6987,4314,1414,8723,3580,8820,6937,6469,6150,3440,3758,3516,8959,4219,7131,8526,5405,1056,6004,7288,4749,4086,3038,1906,9158,3004,6315,1295,2020,6827,4288,1674,4185,2477,9237,1567,5577,2188,6863,2180,2063,1049,1024,282,7067,5862,961,4596,9343,3983,1269,8299,2793,7217,5849,7879,1517,7860,7744,4122,5709,5417,3924,480,3897,5277,9570,765,7932,1704,906,5182,239,5656,1341,1964,9690,8261,7189,377,9801,6619,3610,3681,5066,2704,9915,7391
100,119,482,1633,2318,1438,2285,2346,5085,2778,8617,3964,7053,7485,4520,8724,1715,8821,3461,4001,5052,7238,3138,5228,8960,3878,2303,7776,4744,1845,3683,9081,4715,2712,3765,2998,7592,3875,5840,3459,1058,4362,2568,1815,3493,1230,9238,4427,4457,1152,6377,2014,4935,2074,735,1192,4980,5033,3219,4932,8373,3648,5644,7909,3611,3082,2264,6910,2643,7837,9469,2055,5006,8383,2908,4671,1896,6432,9571,2200,7897,5126,1412,2370,912,1501,3629,5424,9691,7831,4159,602,9802,5996,2121,3376,6183,5100,9916,7280
25,36,54,80,105,237,622,2867,6545,6461,8618,7835,5833,8005,5720,8725,7026,8822,6275,5163,6206,1775,4669,5639,8961,5706,5496,9041,7616,1867,9063,7149,7367,2166,4785,4175,9159,3635,6076,2104,1147,6956,6787,908,5519,3141,9239,5485,8168,5034,7230,4716,7804,1908,5750,2647,7791,7207,3709,2825,9344,4707,3352,7113,4477,7557,7231,9402,1333,9436,9470,4822,6393,9521,5885,2662,2886,5570,9572,939,9635,5900,3779,7414,4736,7808,6002,7052,9692,9748,8336,6154,9803,6468,6178,6182,8425,5311,9917,9992
4903,1066,4126,7993,3070,2160,1207,3212,3569,2078,8619,2420,5008,3456,5065,8726,4823,8823,7197,4442,6781,8303,2240,2837,8962,6082,4619,6314,499,983,5983,9082,3345,5772,1810,2187,8323,1038,7289,597,953,6320,5244,2624,1891,2178,9240,4444,6299,2426,3926,2638,5605,1256,1005,973,5950,3544,4535,2516,7677,526,4786,7878,4792,4437,3818,5141,2599,9437,8501,989,5800,8413,3890,2153,1800,2433,9573,1322,4309,5181,793,6761,517,6708,6011,1926,9693,8421,5827,175,9804,4148,4863,1511,4384,1814,9918,7587
6310,652,1706,7668,2965,792,357,2956,7383,1365,8620,6064,7824,3841,6238,8727,5766,8824,5816,7082,7803,8102,1317,4389,8963,2117,5748,6396,615,1008,6603,9083,4773,5756,963,2369,8198,4306,6104,1308,322,6717,5623,1263,1319,2357,9241,3876,7242,1551,2905,1440,6906,478,1143,2962,7144,5288,6753,668,8225,726,4446,5453,5054,5502,6667,8256,3201,8471,8558,3066,5157,7673,5367,1104,2887,740,9574,883,3710,6533,4322,7780,3135,7686,6185,545,9694,9749,6422,331,9805,3253,2440,5916,5860,2129,9919,8159
1578,265,2356,6741,4455,1205,1609,3110,2987,4448,8621,4111,6134,4976,4343,8728,1611,8825,7609,3111,4861,7220,874,5518,8964,6785,5094,847,4193,2073,3747,9084,1594,4056,1624,1648,5808,3153,6198,2475,415,6929,2730,1570,1701,2213,9242,3416,4479,1420,2029,2286,4804,1466,5019,1550,5146,2447,5264,3363,6713,2069,6083,1217,4893,2931,1697,7672,2419,8246,9471,645,5200,8414,2507,3819,5632,4794,8164,677,5096,4721,2064,4618,747,6438,6791,1823,6793,7764,6646,3137,9806,2060,5907,1614,5547,2700,9920,7415
7827,1044,710,7669,2841,252,566,1899,6844,1271,8622,7748,6819,2277,3561,8729,6287,8826,5025,6836,5598,8906,1025,3958,8965,815,5455,7642,1379,1069,7222,9085,2539,2172,1606,2569,9160,3326,4264,3096,814,4069,5553,7084,5430,4386,9243,3670,4489,534,6677,2881,3934,300,3417,554,7212,5962,2342,2404,7989,1881,6285,1467,4065,4110,7542,7578,2616,9438,8502,1740,6994,9522,5825,2123,2910,1231,9575,2842,6157,4061,1831,4135,813,6353,4022,981,7310,9750,7591,774,9807,2423,3804,4290,5897,2691,9921,8428
69,68,78,273,786,114,1126,1411,6478,3665,8623,6483,7986,7487,1123,8730,5317,8827,7730,5752,7597,8907,5713,6666,8966,6889,6804,8034,7930,2139,8007,9086,6156,2399,4182,3532,1755,6878,7981,5784,1030,8211,4728,1189,2145,638,9244,2729,7750,4779,6775,2387,3874,5535,4988,1290,7393,6466,3489,3877,9345,5791,3601,9375,2365,6536,6539,9403,5098,8073,9472,4939,7452,8285,6122,678,5012,5886,9576,655,8509,3556,1120,7471,1233,6046,4509,6908,9695,3816,7484,3946,9808,9874,3234,7098,4737,4689,9922,6911
5646,730,1121,7735,7072,132,949,3698,2717,2564,8624,5392,7166,5121,2378,8731,3668,8828,6332,2897,7571,2860,2597,1767,8967,3404,5297,8392,2575,2615,6406,8231,3520,2486,733,2176,7884,3587,7086,5799,2017,7422,3059,454,4145,1608,9245,2633,7553,2675,5758,1816,2883,3396,4594,643,5077,4542,4012,5247,7955,3232,3707,1246,3938,4223,5844,9404,1177,7873,8559,1144,6086,7655,2221,738,2911,4270,9577,416,8009,1085,472,5271,1477,6360,3385,1994,7163,7013,6293,741,9809,7713,4036,4644,4439,3616,9923,7442
110,243,752,2498,2242,238,3276,3988,5477,4986,8625,7630,6139,4153,7138,8732,914,8829,7077,6239,4875,7771,4695,3367,8968,6349,7795,7706,4278,455,6401,9087,5857,7340,1503,1197,9161,2718,5830,2023,984,2856,5415,389,2016,3401,9246,1656,7554,2861,6175,3389,6558,2907,2771,834,7076,5630,6071,6329,9346,2140,2802,6997,4974,6985,7534,7966,1837,8045,8449,2913,6133,7925,2445,1236,3318,4177,9578,426,8386,5341,727,6682,286,6421,5941,1989,9696,8177,5523,330,9810,6030,2797,2482,7688,5124,9924,7629
2763,2857,3891,7618,1894,310,2193,2632,3530,5960,8626,4250,2505,6001,4817,8733,5152,8830,6599,6424,3027,3731,7326,5770,8969,3755,7021,8109,2508,1163,6008,5062,1516,3774,2901,925,8110,3230,4317,524,324,5497,3132,1620,724,2437,9247,666,6660,4040,5514,1216,3522,2194,1597,2767,4118,5002,1161,2796,9347,2888,3005,8374,5515,4759,6197,8549,951,8247,7374,4140,3216,4889,3284,3099,4225,4983,9579,256,8417,3046,1843,6810,278,4756,7051,4266,9697,7840,6601,314,9811,4380,2316,2406,4556,4722,9925,9993
7110,879,561,7104,6860,174,817,4218,6830,1472,8627,4630,7550,3801,2534,8734,4020,8831,5926,4456,5729,4865,3080,2438,8970,2692,6356,8291,4440,1521,7318,8357,5541,1510,1157,2015,7954,5352,6964,4285,2822,7541,5178,2499,3896,1366,9248,2171,4667,570,5249,2557,4407,1298,1300,367,7199,5643,2152,4165,8316,4899,4058,1951,4975,5056,6998,7385,3065,7864,9473,2612,7353,8030,4401,697,1953,3013,9580,501,9636,1081,1050,3921,251,5755,2488,1777,7608,7745,7604,376,9812,6400,7123,4824,4711,3378,9926,8108
134,356,898,3400,3911,2944,1421,2868,6588,4160,8628,2047,5248,8249,3310,8735,1340,8832,4114,5189,6313,6783,1846,4563,8971,3482,6453,7142,5771,2409,3678,9088,6703,6196,3812,1076,8090,6589,6840,5018,327,6437,905,117,828,1588,9249,621,5912,4862,7626,1405,6530,2814,4712,5064,3178,5486,6843,2205,9348,4202,4739,9376,3317,4586,6613,8447,2619,8003,8380,5234,7114,8145,1255,321,6111,3014,9581,192,4536,5920,466,5566,552,5652,3448,6577,9698,8087,7436,2054,9813,7219,3127,3959,7248,6080,9927,7640
1010,354,777,3528,5115,2991,1954,4027,5807,4234,8629,1080,3789,6777,5834,8736,656,8833,4835,6556,5090,8477,1554,1478,8972,4068,4709,5129,5529,464,6886,9089,2758,5563,1661,2304,7975,5549,3010,5641,1067,5530,1387,2579,3931,2081,9250,2233,5431,4480,2431,1737,1798,2657,3177,978,3316,2158,7031,7008,3220,3692,5617,1040,4632,2936,4647,9405,3450,9439,9474,538,4339,8175,2716,604,4209,1729,9582,1036,7628,4588,1272,5336,4006,3743,4994,1086,3223,8107,6946,687,9814,6362,6294,4325,4003,5345,9928,7088
7014,799,428,6571,7105,167,779,2133,6149,1108,8630,4268,6969,3976,1267,8737,4652,8834,5705,5866,5377,6348,2640,3449,8973,2805,5443,8460,6364,1265,6899,9090,4383,1179,1593,2941,5945,4469,6485,5156,2313,7010,5000,2852,2853,823,9251,3312,5585,427,4765,2975,4077,1743,2280,383,7294,4780,1282,5299,8241,4585,4335,2503,3097,4308,6259,7654,2889,8300,8410,3500,7365,7632,4350,633,2877,3266,9583,1201,8573,1239,1094,3751,536,5940,2059,3193,7586,4996,7712,576,9815,6683,5387,4327,2513,3084,9929,7809
7765,1097,458,7330,4431,182,676,4019,7043,982,8631,5898,8018,3742,3990,8738,5938,8835,4874,7257,6192,8204,1172,5989,8974,1251,7510,8435,4029,744,7421,9091,4589,547,1370,4276,9162,4838,7405,2794,2353,5868,5075,5565,3433,1398,9252,4940,2960,371,5708,5131,6415,542,1450,460,7245,4526,1364,4273,8343,3021,6624,6372,2873,6625,7439,6973,1844,8378,9475,3388,7952,9523,5258,897,2412,3199,9584,2546,7901,2116,816,4886,191,7255,2327,2325,9699,7699,6980,408,9816,3728,3640,5137,2011,3342,9930,8289
6974,917,279,7714,4880,166,293,2456,7549,476,8632,7495,7040,2710,3287,8739,1545,8836,3233,6433,7192,8041,972,5067,8975,2969,4592,8436,3339,788,7388,9092,4745,419,4395,3567,7850,2157,7532,6402,1113,7635,4883,4180,4256,3105,9253,3202,6635,605,3022,3226,6730,746,4601,872,4831,2443,860,4559,8327,1895,5726,8243,5160,5896,6131,8470,2504,8552,9476,4482,6865,8566,3559,2275,2786,2422,9585,2690,6058,1337,783,5665,689,6672,2607,6292,9700,7115,4673,808,9817,7733,5859,4931,2141,1150,9931,7810
56,31,11,7,17,50,72,144,977,6311,8633,8057,8364,8694,7724,8740,3649,8837,8250,8431,8897,8908,4998,8068,8976,8117,5230,9042,9058,6381,8399,9093,9134,9138,9141,6226,9163,7622,7727,8001,5979,7798,6595,9203,7002,7852,9254,8020,9310,2050,6564,9316,8315,7059,8212,7462,8277,9325,9329,8401,9349,5510,9368,9377,5321,8199,9389,9406,7698,9440,9477,5180,8096,9524,3140,4812,8318,9545,8506,3302,9637,9651,6474,8055,4540,9658,7129,9664,9701,9751,7108,7985,9818,9875,9881,5202,8584,7858,9932,9994
5291,1160,248,7493,6870,150,919,4901,5586,1344,8634,6373,7210,2591,5597,8741,4085,8838,5046,2218,4984,8909,837,3912,8977,5351,3626,8393,969,667,6978,9094,6162,1194,2290,1956,9164,4485,6351,5788,693,4612,6056,5763,4738,3381,9255,2375,4399,658,5457,3570,6223,711,4334,3272,4133,2019,3282,3778,8344,309,6607,7806,5975,4408,7728,8377,3551,7623,9478,1979,7914,8257,4992,2177,1062,2723,8570,3289,3884,1315,465,6448,857,7508,3197,2224,9702,8131,2585,205,9819,6799,6208,5102,4144,3290,9933,8115
27,45,64,102,244,281,1707,2845,4834,5524,8635,6975,8267,6404,7281,8742,3612,8839,7731,2750,6837,8910,5306,3277,8978,6464,5095,9043,1383,1653,7501,9095,6941,5104,5135,3568,8077,5333,4955,4938,2385,6053,3509,3405,5836,5953,9256,4221,3263,1832,2174,5246,7402,1406,7458,6363,6268,5020,7145,6041,7555,3208,4381,3081,6754,5507,3470,9407,1016,9441,9479,3643,6727,9525,3588,6930,4539,2030,9586,3496,9638,4700,481,8086,5071,7617,3833,6281,9703,8388,3534,3615,9820,4236,5151,6241,7370,2946,9934,7902
6477,1437,1342,7715,5494,120,997,3642,6051,2382,8636,4549,7287,4962,2421,8743,3699,8840,6747,3576,6358,5787,4052,2552,8979,4502,6670,7919,5661,2236,7038,9096,4704,1281,1965,1689,8341,5583,6465,5434,1746,6579,4898,452,2740,1211,9257,1417,5441,683,6343,2034,4132,1562,1214,447,6099,5550,3748,5027,8189,4643,1669,2642,3525,5858,6926,7401,2661,7395,7967,2561,7039,7807,3121,316,1838,5573,8571,212,8023,1854,1403,3172,351,5475,2366,3243,8010,7665,5828,588,9821,7271,4921,4156,5717,4372,9935,7770
52,75,106,421,1448,948,2555,3169,4830,2136,8637,6244,3189,7302,7432,8744,3445,8841,6369,6839,7613,7239,5292,6922,8980,5697,6024,7736,7167,2191,4553,9097,2270,1693,1111,1138,9165,5875,7739,5668,700,7697,5958,565,2620,4911,9258,5412,7859,2594,1696,2583,3766,3340,4884,6494,4999,4483,6094,4269,9350,5059,5531,5974,2147,6181,7373,9408,2261,9442,9480,5238,7070,7175,4419,784,1029,4989,9587,373,9639,2792,854,6567,882,5522,3945,3540,9704,9752,7349,1901,9822,7813,5696,5891,6920,5675,9936,8070
6286,684,1196,8363,6221,210,1182,5350,5127,1204,8638,7298,6983,1897,6081,8745,1666,8842,6436,3320,2183,6470,1355,5587,8981,5194,5403,8150,1526,304,7193,8186,2556,4570,593,1164,9166,3261,6841,1048,2332,7293,3645,6207,5764,4686,9259,3437,5790,2808,3518,2571,4805,1095,2600,1399,5109,4050,1170,5671,8278,490,5959,9378,5410,5545,7729,7976,1397,8301,9481,1418,6525,7435,4155,3222,1856,3939,9588,2684,4828,3134,259,6755,618,7156,2268,1451,9705,9753,7861,213,9823,6582,5744,4895,5381,2024,9937,7848
225,312,617,3149,1726,2248,2914,3159,2446,3888,8639,3314,6140,7047,4662,8746,3836,8843,6621,2604,6306,7619,3842,3337,8982,3796,3503,6457,3663,1331,6563,7676,6327,5237,950,1741,7196,2514,3997,2007,1065,7083,2368,403,2276,4494,9260,2795,4194,2292,6492,844,2393,2800,3519,2928,6849,1813,3513,4312,7447,3300,4613,507,5442,3510,6345,9409,1077,7526,8143,1718,3638,7679,2869,520,4486,2259,9589,729,6420,6045,1528,6416,4115,4265,6234,6079,7121,7208,397,2685,9824,6710,6527,3651,4958,7165,9938,6597
7251,3190,1997,8203,4421,260,609,2106,5355,1758,8640,5718,7308,3870,5943,8747,6263,8844,6060,4546,4575,4578,2880,3562,8983,4089,6120,6769,4605,1087,6277,6954,2930,1678,1565,1252,9167,3488,5902,2114,2839,5452,6217,4490,2701,2582,9261,1286,6300,794,7352,1970,3200,599,1363,512,6413,4208,1039,4107,8293,6042,1779,4470,4254,5855,6661,4510,1783,8359,7624,2362,4906,6365,4241,285,3727,5521,9590,358,8510,2943,935,2355,193,3908,5079,4049,8320,9754,7693,670,9825,5359,5325,3594,5722,2784,9939,7694
2120,3723,3366,6189,4428,170,2201,2359,5120,1083,8641,4151,6160,3379,2776,8748,3163,8845,7073,5214,3817,4799,6026,4042,8984,6429,6553,7178,5369,1765,5689,7173,3608,1592,4541,1662,9168,5011,6509,2563,1320,4970,5924,2752,758,772,9262,1530,4934,1155,4946,1168,5602,2043,909,1629,6211,6575,1489,5520,8328,3948,960,8235,4330,5631,4217,8496,1728,7092,7742,1898,6067,5903,3713,1115,4195,4836,9591,180,8302,1102,2693,866,456,4090,5633,1730,9706,9755,6087,338,9826,6118,5003,3674,3657,6323,9940,8337
7992,2948,506,7102,4634,177,379,3935,4453,762,8642,3968,7641,2293,3457,8749,4552,8846,3295,6552,3577,8350,1368,4292,8985,1560,3425,8479,5356,1116,6025,8439,2299,3387,4665,2999,9169,3722,6996,4754,723,5505,7468,2741,4230,5353,9263,3480,4840,130,3343,2450,6493,406,2061,437,6040,5734,1035,3856,7923,4243,5677,8546,3662,6451,4693,4324,712,8122,9482,3408,2388,8451,5239,5458,3735,1446,9592,3412,7969,4928,3196,2241,474,5673,1839,2990,9707,9756,4776,721,9827,3881,1493,3764,6834,3697,9941,8194
258,567,1434,2863,4037,502,2407,3761,2257,4063,8643,7201,1944,6976,3828,8750,2658,8847,7552,3338,1968,7657,2982,4675,8986,6361,669,8394,4081,2833,2581,9098,5525,4044,4708,2289,9170,3733,3170,3175,184,3596,4434,3044,4186,3814,9264,2278,7841,900,4054,366,6110,3259,4512,4100,2500,2909,4894,3940,8242,1998,3154,8547,3399,3797,3886,9410,1321,8284,9483,3221,7234,8125,1381,461,3144,5399,7162,1586,7502,4545,2094,6452,240,5476,3962,3863,9708,6909,5212,1351,9828,7441,5123,1184,6032,2686,9942,7273
1429,349,2453,6631,6738,111,2724,1175,4262,4173,8644,2757,3746,7500,2470,8751,5480,8848,6374,5305,5599,8025,2012,3472,8987,5284,4692,7876,5999,1444,4543,9099,5384,1354,1235,2463,7028,6075,6385,4985,2197,7588,1986,2641,2719,226,9265,1419,6801,648,5946,1559,6431,2959,5986,945,4775,3571,2244,4259,3928,5021,7135,1323,6296,3374,5625,8345,868,8094,9484,1391,5174,7907,3139,1090,2590,6000,9593,206,7821,1963,2935,3252,255,5188,3621,3909,6502,7674,7321,2986,9829,6828,3646,5208,2829,7286,9943,7249
1581,1683,3826,7397,3206,1109,1827,1350,5030,5278,8645,2056,5614,7322,3703,8752,4104,8849,7738,4953,6852,820,3754,5582,8988,6495,3753,6412,5143,1890,7111,4432,3423,1981,2918,1911,7708,4638,4396,2636,264,6992,5554,420,2457,791,9266,1213,7506,4465,4356,519,3045,1455,5414,2403,6993,2297,1641,3993,7566,1742,888,7537,5883,3844,4172,5555,845,8022,7440,4364,5134,7721,3920,152,5362,4167,9594,272,7361,3418,1790,5322,1022,6764,5368,6693,8512,7846,7343,1978,9830,5674,612,3853,6765,5045,9944,5693
3769,1228,2263,7865,5492,148,1705,3535,5594,2678,8646,7454,7419,4864,2439,8753,4714,8850,6155,6070,7048,7961,2095,4719,8989,1644,7539,9044,3902,827,4010,8368,4653,1535,2544,2742,6939,4503,7012,1538,830,5281,4564,2146,4127,580,9267,1818,3919,4905,6779,3050,1149,1088,1513,591,7022,6388,2972,3043,8294,3395,2871,6698,3526,6165,6790,7451,2287,8095,9485,2523,3932,6959,4568,446,3109,4591,9595,291,8038,964,546,5499,451,6215,5698,2904,8579,7647,7633,296,9831,6423,4915,2882,4026,2395,9945,7477
39,63,81,135,463,157,1577,3543,5608,5402,8647,7815,7496,4295,3953,8754,1942,8851,6375,4661,3705,8911,1496,2528,8990,4210,5532,5956,6271,3265,6283,9100,7392,3981,2122,2464,9171,6550,6861,7749,1947,8104,2294,6924,6940,4171,9268,3581,7842,1199,5601,3971,6403,2379,5970,734,5742,3786,8223,5139,6138,4734,7580,1289,4079,4282,6833,9411,4098,8408,9486,1612,5049,9526,2602,2973,4885,6798,9596,749,9640,3986,2744,3353,4379,4367,7181,1712,7568,8422,7336,3051,9832,7417,7746,5142,6746,7529,9946,8216
1003,1807,1990,7116,1407,1374,1660,2646,5185,1118,8648,6503,1456,6355,1909,8755,4674,8852,2832,2725,3332,7564,2567,5917,8991,2762,4919,8312,2949,1803,5125,9101,1782,6572,1469,405,2367,4342,5190,3112,1033,6923,1491,759,1738,2560,9269,1021,7843,2269,1797,1539,6752,2451,5339,3554,2810,4698,5591,2254,8442,1292,6218,6532,4277,3583,6986,8406,1082,8360,8331,2282,6434,6184,1889,1180,4197,4515,7585,263,4871,6473,589,7107,2310,2627,6542,5559,9709,3737,6258,1154,9833,7176,3152,3739,6186,6669,9947,6073
5073,2492,891,7754,5236,108,661,2135,6009,2722,8649,2315,6912,5561,4925,8756,3362,8853,4892,6903,5342,7204,1110,3563,8992,3711,6391,7636,4650,2070,7132,7849,4113,1238,1166,1461,9172,2102,6862,3661,2308,7103,5460,3485,1499,1752,9270,1430,6606,329,6498,2088,2971,1153,2952,863,6832,6246,769,5036,8152,5253,5224,4411,4755,6200,5406,7476,1427,7313,8411,2455,6107,6771,4275,313,5558,4150,9597,362,8333,3447,1439,2427,257,4760,3892,3076,7845,9757,7426,1555,9834,4096,5221,4359,2009,6719,9948,6784
195,115,418,657,1091,1903,1665,4857,6337,5560,8650,7478,6380,5921,3292,8757,5780,8854,5899,7649,1754,8912,424,3427,8993,2559,6594,720,6447,391,6508,9102,7540,6522,1690,1888,9173,6115,4705,5144,395,4537,616,970,6634,2198,9271,3869,5464,4941,2651,5501,4534,4847,3889,1771,6895,2250,7168,4248,3104,6443,5934,606,7784,2707,2511,9412,6117,9443,9487,611,2339,9527,5914,5474,7786,2386,9598,2181,9641,6960,2195,6169,5467,5354,4041,1540,2452,8580,6724,1371,9835,5761,4890,2490,2697,7605,9949,4004
936,1032,1274,3675,2436,363,1850,3026,4730,3771,8651,5332,6877,4868,771,8758,1587,8855,4320,867,1092,8913,2899,4206,8994,3055,1041,8240,6491,2766,4120,9103,4979,6338,4973,2524,9174,4514,3415,5338,2324,5076,5031,1063,2532,1928,7406,3040,6729,1580,1605,1015,6744,572,3142,1659,3757,3250,5394,2306,8329,921,7136,6984,1481,3407,3839,8142,3062,5925,9488,3017,7033,9528,886,2204,3850,3267,3762,558,6262,6077,2184,4701,1328,6574,6652,3949,8457,6641,1531,1533,9836,7285,5468,1870,7381,6242,9950,6173
2656,400,3846,7117,4337,757,1613,2478,6632,832,8652,7147,5580,2487,5853,8071,3072,8856,4188,7211,3351,8019,610,2538,8995,3344,4251,6505,4761,2751,7006,9104,4778,573,1385,2596,9175,3262,7518,4370,1598,7007,1458,3473,4038,2983,9272,2049,5032,1071,2374,4387,2919,1042,3937,1860,6265,2549,4233,5692,6692,4726,6731,1099,4646,2876,4522,9413,1691,8553,9489,675,4741,9529,2004,1187,2199,2974,9599,422,7888,1982,2495,5391,183,6651,5201,2836,5108,8581,6850,1222,9837,5968,3030,3904,3929,2235,9951,7382
229,439,590,3502,3963,287,2496,2817,5928,2769,8653,3248,4965,6387,5364,8759,549,8857,5213,4891,7457,7917,4328,5026,8996,5811,5444,9045,5664,2676,2548,9105,5283,3855,3225,3477,7980,5569,1934,4149,335,2416,818,932,3942,4239,9273,2142,7475,557,3776,3390,3028,3441,3214,4424,6273,6130,6612,5624,9351,4224,1546,1507,3582,2878,4561,8497,1362,7247,7820,3857,6866,7968,2347,696,6645,5839,9600,1574,8454,5669,3384,5995,1817,6657,5323,5439,9710,8101,5255,522,9838,3867,220,725,6102,3031,9952,8229
94,173,359,1449,2551,319,601,4435,3685,2648,8654,4496,7689,6479,6068,8760,4139,8858,6816,3126,5688,7575,3204,3966,8997,6023,7446,9046,7011,2736,7339,9106,1464,1518,2326,2668,9176,3474,5966,5890,1541,7740,7095,1159,3506,995,9274,2866,6093,705,6751,5168,4047,824,3590,500,6630,6514,2417,3438,9352,5527,3283,9379,3586,7410,6472,1756,4640,9444,8503,3348,8037,8317,2827,340,2854,5438,9601,277,9642,4128,1583,3085,1107,6859,3278,4930,9711,9758,7235,1713,9839,8297,4608,3015,6592,4080,9953,8065
5735,3333,2113,7959,4332,151,1266,3725,5005,1302,8655,5517,5745,3650,5184,8520,2917,8859,6885,7334,4201,2900,4231,3807,8998,4944,7172,9047,6249,1146,7027,6881,3659,3174,1853,1579,9177,3468,6590,787,1278,6408,3469,955,3410,2459,9275,1778,5757,3632,3335,2598,2175,2230,1311,1106,6915,6858,706,4023,8466,4095,3914,8445,2737,6917,7403,8498,940,7854,7413,4074,5769,4751,4687,518,3552,4452,9602,553,9643,1573,551,6280,187,6441,2002,2036,9712,9759,7499,216,9840,7306,2425,3454,4657,3356,9954,8338
28,40,62,88,228,181,1156,2790,6593,3854,8656,6010,8059,6701,4532,8761,4105,8860,7596,1793,5539,8914,4473,2798,8999,7106,6857,9048,8354,3879,8118,9107,5256,4131,6805,1625,9178,7328,6879,7332,3304,7198,7065,1723,1724,1974,9276,5707,5681,1734,4378,4257,4606,4164,2884,3041,5590,5727,6328,8255,9353,2732,5930,9380,5302,7438,7320,9414,5435,3824,9490,5768,7017,9530,901,5939,3768,6639,7034,707,8039,2934,3595,5038,5051,8334,7483,4788,9713,9760,5440,337,9841,7753,7945,6851,8040,7560,9955,8390
74,103,189,957,2493,159,717,3652,7274,1873,8657,5666,7091,4462,5736,8762,5450,8861,5865,6988,3823,7869,1258,5629,9000,3074,4710,8395,6848,767,7772,9108,4184,1504,2891,3058,9179,3291,6734,3547,3101,4849,6891,4393,2843,1572,9277,3991,4818,698,5929,3605,6446,1043,2844,2097,7533,6371,999,5009,9354,4101,5544,8403,3972,7593,7295,7756,985,8448,8560,4801,6177,8138,5035,660,4877,5870,9603,2309,8455,4196,1591,4829,404,6893,2442,4352,9714,8389,7928,1885,9842,4392,3851,5088,1938,4772,9956,7408
6243,663,2789,7875,6347,165,1927,3740,4615,2621,8658,3770,4924,2985,5103,8763,4943,8862,4547,4622,5973,7232,743,1487,9001,1875,5611,8061,1645,2065,6728,9109,6142,3604,626,2149,8440,3049,7466,5268,1089,7701,2497,4950,2208,3011,9278,2848,5919,1679,5731,3382,4497,571,3992,635,5798,4192,5233,4655,6397,4157,4735,811,5493,2115,3923,8281,3117,8472,8561,581,5482,8206,3987,442,2210,4784,9604,1402,8126,4929,927,7213,470,6714,1795,665,4075,7991,6642,525,9843,3566,6516,4429,4375,4152,9957,6933
583,471,1639,5040,4091,931,1158,3694,5653,1389,8659,7252,5694,5328,5074,8764,2577,8863,5843,6584,2988,5615,2553,4743,9002,1596,6890,6872,2155,1064,6786,8220,6297,3357,1834,1603,7790,3790,6529,716,2258,4015,2823,4888,4076,2335,9279,4565,5063,2715,5724,3475,5635,398,479,2005,5773,3578,1575,4039,7941,2091,6551,924,4472,5022,6566,9415,1647,9445,8562,3288,4176,7387,3656,1359,2631,5516,9605,2008,7559,3453,2079,7369,203,7335,2127,2694,8260,9761,7492,123,9844,3882,4353,5280,5226,1822,9958,8179
91,140,133,1373,2340,227,2768,3478,4916,639,8660,7366,6733,3933,5881,8765,1887,8864,3035,6691,1809,8915,6333,7946,9003,2855,4637,9049,5014,290,5803,9110,2681,3203,2526,5320,9180,5753,7124,3687,2926,8161,5343,6409,3498,3781,9280,1922,6696,2862,1303,4280,2216,1773,4338,2466,7719,6882,3255,7921,7556,2288,7767,9381,4331,7384,6662,9416,776,9446,9491,7282,7762,2781,5819,4740,2053,1309,9606,2394,9644,488,672,8100,459,5039,2381,6737,9715,9762,7097,276,9845,8114,7547,6012,6694,3280,9959,9995
7899,2734,1791,7315,4611,355,1748,3071,4825,1615,8661,5647,6103,4323,2448,8766,809,8865,5346,903,3073,8165,2087,3371,9004,4846,1237,9050,4298,511,7309,9111,4685,2402,3373,1294,9181,5348,4814,2807,2957,7323,5738,2125,4458,2951,9281,3355,2545,315,3603,2777,5263,1637,1131,842,5048,4357,4048,6943,9355,1454,5206,7904,1522,5838,4093,7977,3763,6143,9492,3573,7703,9531,870,2623,3091,2674,5932,380,8127,785,910,6481,1657,7355,3584,1225,9716,8024,5072,269,9846,7035,6794,4181,7090,2322,9960,7978
2614,1047,414,7062,6647,146,1133,4789,5969,1589,8662,7503,7530,2027,3377,8521,2413,8866,5604,1426,1543,8916,364,5240,9005,5229,1847,7428,1623,386,7973,9112,2779,789,3279,3194,9182,5370,6510,6061,1514,5057,2515,5701,4388,2238,9282,2518,5877,323,5642,4316,6796,728,4498,1141,6352,2101,1677,5743,8467,469,7277,6965,4936,6291,6389,9417,2209,7956,9493,1958,8144,9532,3591,2669,4597,2846,8507,1646,4581,1916,594,6376,3007,7757,5933,1415,9717,8262,4582,822,9847,6615,6869,5198,3476,4918,9961,7929
7828,1769,2223,7190,5910,131,353,2703,3486,1377,8663,4858,6768,2473,4703,8767,1651,8867,5634,3048,5177,4527,1871,5215,9006,5329,5451,9051,6350,1188,7152,8461,4811,1129,1987,2834,7650,5017,6463,2617,3239,7773,5462,2485,1525,1484,9283,3162,2977,394,5148,3599,7126,2380,1193,560,6600,1408,2360,6091,9356,3006,4670,7702,2234,6153,7577,7538,1923,6521,8008,3688,6057,8347,2039,1245,3536,4507,7722,1276,7812,1931,1305,5407,346,6078,703,1983,9718,6257,7344,275,9848,6354,5293,4628,4376,3349,9962,7250
6006,1396,4284,8517,5538,163,2745,3922,4956,1780,8664,4747,6620,6778,4820,8768,2215,8868,6171,6270,5084,6977,5472,5737,9007,5817,6950,7881,3967,1907,6125,8482,3726,2815,1616,1275,8533,3039,6511,1202,190,6321,4658,402,1260,3087,9284,1059,7160,3871,3095,2302,2521,2317,2655,1183,6559,4781,2075,5314,8542,4995,2764,4500,3859,6918,5429,8550,1497,7068,8205,3617,6813,4495,3297,232,1719,2895,9607,303,8099,559,664,6570,289,4937,3834,6302,8474,8582,5044,750,9849,7350,4084,4430,4872,2491,9963,9996
35,37,55,76,99,90,375,1375,2672,6015,8665,8058,7191,7939,4718,8769,2502,8869,7816,1500,3431,8917,4326,8103,9008,7675,5445,9052,9059,4907,9064,9113,6774,6820,3557,2390,9183,7894,6671,8232,4071,7512,7486,3147,7469,2680,9285,5165,7950,1329,3215,5741,7783,6894,6789,2143,7777,7400,8371,8372,9357,2262,7663,9382,3327,8113,8200,9418,5390,9447,9494,5470,8124,9533,938,3490,6036,8384,4313,592,9645,5041,1470,7823,5785,9659,7889,6931,9719,9763,5964,1343,9850,9876,7311,7272,8426,7648,9964,9997
7004,856,719,7158,5988,139,634,4402,6179,1112,8666,5942,7892,2666,3365,8770,2653,8870,3772,3334,5117,6629,1356,3328,9009,3380,5404,8527,4055,1739,8036,8529,5203,992,1259,3281,9184,4584,6210,4391,2922,7589,5600,3712,5024,1103,9286,2410,4672,188,3181,4245,5310,848,1390,336,7513,3383,1842,4800,7933,2031,6958,8052,3429,7411,7535,7431,2689,8173,9495,3167,7906,7935,4207,2110,1801,2898,9608,1788,8574,1148,1134,3984,297,6256,3695,1431,9720,8088,8012,223,9851,7036,7527,5308,6108,2468,9965,8217
142,280,126,2182,4097,164,713,5937,5952,2754,8667,5432,6835,2576,5747,8771,6319,8871,7203,7316,6490,8339,1060,4748,9010,5195,5132,8480,1185,2821,7009,9114,5654,2489,1224,1863,9185,3305,6450,5218,3257,5232,3238,2824,4746,3008,9287,1474,8083,1268,6972,2906,3623,1000,6513,2816,3927,7085,5526,7751,9358,535,5469,7997,2803,2780,7678,9419,5592,8554,9496,1762,7957,8504,5114,483,4972,6945,9609,1084,2274,2787,333,7284,1520,5845,1849,3150,9721,9764,6426,475,9852,5888,6528,2865,3229,2756,9966,7337
2831,457,3158,8181,701,1686,608,2351,6665,1452,8668,4626,7202,3319,6141,8772,4360,8872,6209,3810,7265,8918,2963,4731,9011,6188,6252,6193,625,2434,2699,9115,3341,7253,3329,890,8400,4137,7885,829,343,5357,5657,600,1293,3052,9288,3811,7433,3133,3165,780,6704,802,1808,2605,4499,5422,7268,2272,8489,1200,4481,8548,2626,6233,3397,9420,1700,8123,9497,3887,6760,7779,4742,826,2818,1975,9610,515,2804,3321,4134,6690,3296,7787,7101,1835,9722,9765,3961,411,9853,1654,1971,5796,6202,987,9967,8000
7606,550,1460,7695,4487,147,342,5110,6610,770,8669,7788,7960,1725,5609,8773,2540,8873,4660,7317,7215,8919,944,4043,9012,2774,6267,7947,965,775,6953,9116,5542,1552,1285,2589,8484,4293,6357,1785,1604,6711,5245,7223,5690,3915,9289,4617,4571,539,4677,3744,5804,412,1757,640,7611,4909,2927,2245,8443,812,7450,2441,6802,5618,7631,8053,4240,9448,9498,1784,8074,9534,6425,3224,1568,1079,9611,3185,6092,2196,1848,5489,370,7061,5479,975,8176,8423,7244,209,9854,3788,6303,5792,7000,1618,9968,9998
2028,1124,869,6935,1532,201,646,4676,7404,544,8670,2859,7182,3848,4377,8774,4187,8874,2307,5227,3462,8920,2100,5155,9013,6229,2083,8437,2586,904,2682,9117,5400,1248,5835,2738,8082,6650,7229,2578,942,3631,4544,1735,4307,4920,9290,5055,4957,197,2428,2677,4682,841,3056,1334,5913,6565,1051,3446,8233,2970,4271,8244,704,5935,5967,8044,807,8346,9499,2652,5111,8505,3917,5437,6214,1564,9612,3452,8286,5386,2550,3420,803,6679,2720,5603,9723,8239,1492,2089,9855,2392,806,5191,5593,4116,9969,8066
6673,1173,413,4845,6088,116,598,3546,6888,895,8671,6456,4914,3690,6418,8775,1299,8875,4009,3315,3119,8921,1220,4977,9014,3969,5892,9053,2219,671,7153,9118,6020,967,2334,3192,7797,4426,5584,6105,1463,3164,3947,3734,3023,986,9291,4078,6289,473,3182,4163,7080,763,3444,1261,5473,1287,2253,3901,9359,1395,5931,7319,5254,6043,5270,8154,620,7741,9500,4866,7460,9535,2858,902,2432,2336,8508,2414,8147,1602,1347,3549,1105,6814,2424,4949,8513,7278,5337,1600,9856,6390,4281,4991,1502,6544,9970,7548
6018,537,737,7582,6640,155,1658,1327,4609,596,8672,5786,7911,4963,3235,8776,1219,8876,4987,5116,3956,4867,2747,5347,9015,5252,6904,9054,5478,586,5893,9119,2301,2660,2384,4103,6027,5231,6648,3301,2519,7590,3116,2759,3517,943,9292,3156,4567,2179,2192,3368,5832,3483,1925,838,6555,2246,1877,6227,7720,1820,4329,7984,2243,6005,6944,9421,1346,7685,9501,2558,7263,5619,4365,1786,2980,3701,9613,1622,8158,881,748,7071,261,3858,1680,2481,9724,5778,7437,218,9857,7296,5846,4286,3106,3088,9971,8516
5700,1250,2517,6936,6876,109,994,4413,5820,851,8673,4198,6331,3835,1919,8777,1556,8877,5856,3430,5172,8219,1096,3974,9016,2080,4902,8313,3016,2398,7974,9120,3512,810,577,1759,9186,3419,5876,4961,2629,4732,3985,5210,3620,1475,9293,3815,6795,541,6260,3880,5001,695,3982,885,7290,5426,1508,5847,7667,1714,6736,991,4656,3782,4912,7844,3275,8409,9502,2138,6767,8207,4083,562,3306,2912,9614,334,7822,1046,1747,4475,1962,6762,3760,2371,6417,8335,7300,494,9858,7473,6410,3078,4354,2896,9972,8195
1480,270,1537,6225,6282,347,516,2637,4345,920,8674,5733,7237,7054,1011,8778,1301,8878,2942,4067,3960,8459,2929,5911,9017,5990,6766,8396,5274,3756,6637,9121,5217,1384,1950,2894,6216,4560,7258,4966,2022,4538,2411,2291,2565,1736,9294,1443,5682,825,3113,4951,3669,980,3195,360,5795,2186,3231,4580,6101,3883,2051,5106,2206,708,5374,6213,2098,6723,8381,3749,7150,6867,2361,2947,2728,4648,8453,2305,7200,1206,2461,5760,436,4454,4461,3925,9725,5349,3494,1709,9859,6366,5503,4484,6609,1640,9973,7164
33,53,70,107,302,491,1519,4887,7418,5007,8675,7345,7866,8429,7351,8779,5262,8879,7682,7456,6449,8042,2229,5383,9018,7726,8275,2232,7221,1072,7389,9122,7707,5564,1905,1571,9187,6174,6284,3706,372,7643,2109,438,6146,4557,9295,4869,7931,6301,5309,4854,8051,4423,3575,4349,7482,6576,7060,5481,8234,6531,2226,2072,5774,6212,7664,9422,4604,8379,9503,1988,7314,8237,4321,1227,5841,5099,9615,1424,7944,6763,644,7915,1976,7855,1349,8017,9726,9766,7019,1277,9860,7856,4621,5965,7528,7130,9974,6829
381,217,345,3951,5576,138,1445,2314,5977,2819,8676,6236,7758,7455,1013,8780,2225,8880,7659,3269,5889,7817,4562,5319,9019,6248,6549,8397,7184,1353,7479,9123,6307,2255,2938,3094,4060,6497,7331,5130,1136,7607,4533,468,2580,875,9296,1864,7112,2476,5801,2239,3527,3166,2566,486,7206,4032,2967,4645,9360,4215,2695,8137,2435,6272,6540,9423,3155,7448,9504,3799,7243,7801,3682,453,2663,5037,9616,423,8287,1663,641,6874,504,5777,2702,4255,9727,4664,5684,685,9861,7362,2755,5500,5175,3955,9975,7025
26,43,65,96,233,498,988,3210,4300,4005,8677,5712,6680,6627,5192,8781,2389,8881,7063,4896,6405,8432,5318,5746,9020,6995,3019,8252,3553,1969,7119,9124,5640,5991,4696,3042,7327,5918,7467,6316,852,7185,1865,2775,718,1858,9297,5864,7951,2041,6688,3293,6168,2688,6204,5373,3784,4574,5672,4260,9361,5324,6336,9383,3191,6255,6644,8105,3840,7261,9505,5287,7225,8452,3442,1967,5626,4771,9617,1242,9646,5658,4154,7146,1857,5850,6900,6247,9728,8011,4727,3083,9862,7910,6201,6127,1280,7834,9976,7814
2574,508,3003,8080,1171,2040,328,2249,5300,1509,8678,5183,3128,4468,5676,8782,1955,8882,4757,5382,6228,8522,3481,4368,9021,5158,6135,6003,923,1234,5557,9125,1685,5543,2529,2541,7637,3205,6633,1687,613,6342,3521,3813,1018,3360,9298,5282,2840,3873,3636,1476,3900,804,1226,1357,4106,5257,5269,1819,7965,1841,6194,3717,3179,4787,4791,8245,2705,7778,9506,2562,6797,7376,1330,4851,2044,1695,9618,1257,4683,5241,2373,5375,1020,6668,3585,1404,9729,8263,6803,1262,9863,1240,4767,1244,4839,1009,9977,8134
127,67,34,10,3,8,30,59,104,840,8679,8688,8268,8518,8209,8783,8135,8883,8081,8895,8210,8922,8925,8928,9022,7759,8523,9055,7565,6535,8528,9126,9135,9139,7883,8166,9188,9194,8014,7732,7964,8536,6419,9204,8091,7982,9299,8537,8487,9312,8130,9317,8538,7480,7983,8162,8464,9326,9330,6807,9362,9366,8093,9384,8375,8226,9390,9424,7819,9449,9507,7711,8473,9536,8054,9541,9543,8567,9619,8031,9647,9652,7544,8576,7990,9660,8577,9665,9730,9767,7862,7847,9864,9877,8265,8583,8585,7570,9978,9999
5985,4390,1423,8458,4227,169,1249,3777,5176,1753,8680,5823,3550,1886,4237,8784,5723,8884,7325,6341,7521,3079,4769,3467,9023,6047,5167,6496,4235,1014,7075,7371,4616,1991,2474,1241,9189,4108,5622,861,1792,5789,5416,2603,3702,3180,9300,1070,5372,2003,6596,1900,4363,1078,521,1380,6100,6864,1367,4750,8490,4034,2809,8280,1140,5821,7127,8271,1766,8308,7498,2812,2996,5884,4302,1229,4451,4852,9620,510,8215,5528,503,4848,143,6966,846,2222,9731,9768,7514,288,9865,5851,4129,2968,6123,2057,9979,7747
2509,1465,1498,5997,4018,161,619,2945,1117,1972,8681,2372,5043,4333,4272,8785,3785,8885,5312,3424,6089,8433,1670,4189,9024,4576,4416,6951,4443,1306,5420,9127,1142,1727,2510,1621,8485,3237,5447,3115,1536,4179,3548,3572,1203,2107,9301,3602,7324,556,5421,2343,3708,913,3077,1284,6295,4247,801,4796,8330,3129,4344,8063,4600,4438,5250,5728,805,8499,7543,2169,2923,8157,3499,2247,2401,4795,9621,2321,9648,5551,2418,722,1125,5662,1247,4212,9732,8004,6112,3246,9866,5732,2731,2649,2154,7301,9980,6148
6884,2130,858,7766,6304,199,487,4310,4816,1413,8682,4923,7867,3036,4964,8786,2595,8886,5922,2212,5408,5616,2311,3511,9025,6517,5660,8398,2465,930,7598,9128,4680,1884,2281,2739,9190,5029,5861,2770,1935,7525,4464,382,3428,1506,9302,2300,4927,1400,5993,3593,4347,694,1946,445,5805,3394,3331,4678,8468,2006,3000,8446,3538,6732,7032,5225,3426,7581,8563,3832,7558,7358,3311,410,1805,5161,9622,527,7445,3715,673,4900,417,6205,1335,3207,9733,7936,7270,368,9867,6346,3894,3954,6274,2733,9981,7099
3868,2664,2111,6166,2267,202,1549,1288,6428,4517,8683,2170,6970,7005,4476,8787,3952,8887,6699,5418,5873,6370,3244,4881,9026,5330,5749,6161,5275,2806,5061,8221,4246,1442,2162,1314,8441,3950,7058,3918,385,5992,4573,235,1915,1223,9303,2813,7516,3411,5980,2042,4844,2376,4418,1264,6062,5313,1468,2625,8358,4450,1826,3251,3903,4274,6873,7998,1824,7645,7186,3793,6655,4870,2696,129,4550,3492,9623,246,6928,2535,1052,4361,392,6507,699,6487,8514,8128,5751,2185,9868,7792,1985,4659,1760,7333,9982,4059
5425,1774,756,6968,6685,529,171,2256,5376,2341,8684,7338,7416,2979,5779,8430,3524,8888,3217,3098,3930,7716,993,5216,9027,1672,6773,8047,2588,153,6604,9129,6279,5016,1316,3505,8486,4978,6586,5047,431,7799,4016,5536,399,5133,9304,4815,835,2430,4441,4959,5199,1825,1505,3391,5895,2320,3531,2128,9363,2609,5971,7912,2783,2082,5848,8028,1626,8191,9508,1812,5070,7774,2484,5533,2644,3944,9624,2151,5579,2893,1283,7491,505,6383,2271,361,9734,7705,7205,393,9869,3729,7461,4447,6896,1966,9983,8290
87,51,22,6,5,19,48,82,267,2570,8685,8322,8365,8310,7670,8788,6538,8889,7987,8476,8311,8923,8926,8929,9028,7303,9032,9056,8197,7988,8270,9130,9136,6136,8530,4315,9191,9195,8370,8050,8292,8276,7760,9205,6756,6638,9305,7216,8342,8015,9314,8254,8169,8092,8324,6480,7233,9327,8540,7870,9364,8491,9369,9385,8376,8469,9391,9425,7463,9450,9509,7887,8214,9537,7625,8227,8085,9546,9625,6044,9649,8575,4099,7254,4583,9661,7830,9666,9735,9769,7890,7937,9870,9878,9882,7857,8427,7662,9984,10000
41,58,85,137,450,954,754,1764,1527,4253,8686,7681,6059,7346,6251,8789,3806,8890,7794,7276,6504,8434,3414,5588,9029,6151,7299,8367,5812,3849,6440,9131,5413,1840,3721,3264,9192,6676,5854,5081,918,7825,4183,2126,911,1855,9306,5053,6739,3838,6770,5169,5187,2479,5572,3627,6172,1482,7016,6674,8279,5179,4014,1940,6339,2849,5069,9426,3693,9451,9510,1002,5107,9538,5259,2885,4351,3090,9626,3241,7283,3465,1722,6330,1763,6455,3973,6386,9736,8264,7891,1462,9871,5978,4398,3980,5326,3032,9985,7093
