700,2896,2352,1128,521,7951,2083,7723,6453,969,8754,6377,8857,8383,8971,5571,212,4050,9049,6911,2904,5861,8009,6956,9175,2394,2661,3442,6800,3988,7687,9224,1412,2339,1786,2215,3530,9336,1988,1921,3202,2245,328,1515,4370,1201,3757,1456,5867,5076,1116,6704,6268,8406,8016,1781,5913,1922,5062,5361,7923,7539,4142,5627,1771,4932,7323,7274,3469,9542,4484,8378,9755,535,476,2674,262,5723,1885,1292,4694,9881,2533,7699,4542,8097,5293,4812,2308,1367,5968,872,4181,5040,7259,2290,6133,5709,4855,3326
1661,704,2684,2192,5002,8499,636,3238,6806,4803,8755,194,8858,8008,8972,714,2517,1323,9050,9116,4184,6427,7186,3912,8475,1464,4204,2366,7802,5662,7487,9225,7115,8159,2313,2848,1600,9337,2239,1562,5026,142,227,3942,4098,1555,2765,5089,5626,6697,2170,1891,3852,8047,5383,2833,1287,5908,6085,8263,9461,6050,562,3980,5071,6839,5929,2643,5371,9543,9642,9662,9756,6852,2783,2031,3702,7554,166,6663,3229,8494,2799,6186,6244,3744,7020,4084,3249,875,5343,2276,417,3970,6756,3028,5466,4564,2650,3655
1943,2468,4610,857,4257,8668,2807,5043,6301,5204,8756,147,8859,8156,8973,1976,2133,1501,7190,7966,876,6973,7815,5083,6790,946,3034,4032,7208,4138,3619,9226,5385,7606,4018,4156,1561,8213,4172,1447,261,2017,1063,3831,4911,4378,1701,6351,4308,5479,1399,1061,5018,7732,6167,1109,5028,5924,6640,6044,8556,6209,633,545,2252,5134,4875,7377,7502,9544,7432,9663,9757,6742,1014,750,3435,6727,627,5634,6433,8656,1011,7612,6195,6659,3843,1674,5814,1314,2849,4261,2485,961,5509,1173,5439,3732,5186,2279
5660,4090,1911,834,1523,8710,1440,5982,7318,3737,8757,478,8860,5885,7571,3065,2152,4017,9051,9117,2259,5118,6220,2095,5693,788,1597,3367,5964,2333,7233,9227,4633,3652,1825,3171,817,8602,2451,1270,1005,2776,1482,3943,2895,3079,4581,1858,4021,6822,2816,3864,6048,4740,6352,2693,6851,2189,7553,7235,9462,5569,477,616,1568,5454,5668,7000,5393,9545,2698,9664,9758,2965,4073,1265,1184,5732,2178,4447,3682,8480,2687,8136,5184,7758,6430,3585,6636,1409,3471,6191,777,2140,5825,1262,6017,3809,2284,1811
3488,2091,5870,885,1172,8620,2873,6285,6753,1929,8758,1037,8861,8226,6596,2847,1887,572,8540,8596,3099,3991,6744,2401,7761,442,1023,848,7449,1675,7015,9228,6228,7409,2587,3603,529,7630,1868,561,1546,1690,1805,3534,598,4087,3502,4526,3342,4596,2591,4612,3674,7853,5843,3058,4332,5019,6687,4397,8647,5815,1018,2974,1305,3193,2093,6845,7991,9546,7607,9665,9759,1647,2521,2824,2162,7337,950,7032,3948,7993,3359,6798,6325,5054,7438,5021,6586,1321,3569,6260,2418,786,6802,3610,5734,2779,4160,2834
76,50,20,4,12,21,54,77,167,3072,8759,8055,8862,8957,8974,8310,7549,7253,9052,9118,8115,9155,9161,9170,9176,7927,8138,7859,9205,7783,9217,9229,9324,9328,7620,6880,6199,9338,8214,6692,7702,7708,6809,7762,6135,7887,8078,8314,8193,9399,7545,7894,8261,9412,8419,8642,9432,9438,9442,9451,9463,9512,6252,7924,7532,8470,8584,9529,9536,9547,9643,9666,9760,9855,9862,7692,8013,9864,9870,8458,8588,9882,7203,9920,7962,9959,9973,9982,8537,5490,6601,8105,7338,8381,7806,7358,9996,7834,8243,7217
3121,2410,4430,481,1808,7672,559,7685,8106,1478,8760,3197,8863,8291,8975,4597,4497,2980,8593,3786,1840,6374,8045,3016,8530,3657,6142,1850,5902,412,6166,9230,4392,7619,3525,4905,186,9339,5227,540,838,2489,298,1863,2805,5270,3008,6006,4557,8405,358,460,3797,8327,4671,4127,4930,6819,6440,6485,5342,6583,871,3538,1989,2906,5718,6990,5155,9548,9644,9667,9761,7498,2457,1509,5160,1981,1733,279,5091,9883,3670,9921,5767,8121,7237,5653,1516,693,2376,5747,3727,2262,7562,1413,6349,5261,4107,2787
64,81,115,195,215,3984,2883,2478,7393,3927,8761,5294,8864,7885,8976,2877,2555,5143,9053,8205,3882,2453,8570,2558,8571,4413,1497,3731,8402,6094,8023,9231,2915,4842,6018,6148,1056,9340,1258,2371,2082,1851,973,5290,4054,3302,3484,6606,4654,8026,1723,3846,1983,8449,5602,2042,4014,5449,8421,7929,9464,7882,4368,4831,4806,5521,7120,4851,6042,9549,5271,9668,9762,4217,6371,2331,1973,7808,6303,4686,5862,9884,3413,8288,7357,7818,7476,6764,4924,1348,5011,5579,4436,3449,3541,2972,3876,415,4760,3264
3261,2321,2381,3420,4031,8563,1849,6681,3204,4224,8762,149,8865,8082,8674,3599,2862,7307,8175,8444,2069,2407,8033,907,6126,4724,3453,2731,6751,5425,4112,9232,6267,8513,5679,6108,266,8109,3546,626,322,1167,376,5556,2395,2516,4374,6607,5534,835,3893,5492,6933,6941,6612,1273,6775,5784,7574,7615,9465,3976,281,1436,3822,5694,7172,8346,7447,9550,8048,9669,9763,8168,2003,2646,4883,6426,523,4495,5498,5752,1917,8215,5677,4429,1618,5578,7660,752,2921,4486,845,1982,7056,1329,5047,1571,812,638
2943,5157,4627,2851,4249,8711,2218,7706,8225,2612,8763,660,8866,7858,8977,2265,3015,4649,9054,5212,1649,7590,8182,3232,7741,325,3509,4841,7159,958,7271,9233,4177,7370,5830,5465,157,9341,2938,1585,1698,2455,119,3640,4243,4693,879,6860,4802,8101,712,2633,6175,8194,6729,4153,5965,6721,6693,3223,6994,5235,966,6068,1549,4585,3397,7436,4944,9551,7850,9670,9764,762,1182,1359,2298,3032,179,453,5239,8657,4968,9922,5899,8527,6996,2928,4543,1015,2632,6091,2412,5451,5834,2434,3246,3352,1415,2443
70,43,14,1,11,37,62,88,345,5452,8764,8511,8867,8958,8978,8462,6976,8354,9055,9119,8446,9156,9162,9171,9177,8000,8613,6650,9206,9216,9218,9234,9325,9329,8046,8313,6795,9342,7403,4949,4128,4950,8192,9394,8297,8504,8489,9395,9396,9400,8485,8692,9411,9413,8468,8154,9433,9439,9443,9452,9466,9513,7719,9521,7990,8454,9524,9530,9537,9552,9645,9671,9765,9856,9863,7146,8142,9865,9871,9874,9880,9885,5236,9923,7633,9960,9974,9983,9988,3933,5558,9992,7428,7899,9993,7090,9997,7478,7376,3327
4709,3082,2433,2509,2614,8712,2601,7207,4085,5875,8765,1843,8868,7401,8979,1025,234,1403,9056,6523,185,6472,7999,4815,9178,4859,4662,2934,5787,3897,7195,9235,6484,7886,5546,3612,263,8514,448,955,172,3085,1803,5572,873,4438,7145,6407,4109,7136,1511,1749,5476,8219,3452,3573,5119,532,8063,7652,7458,5042,1389,5338,3520,5622,3194,7636,7793,9553,8443,9672,9766,3143,4916,3561,2534,4026,1069,772,5050,9886,1431,9924,3937,8392,6604,410,3716,1418,2010,4113,3694,6937,643,2855,5453,5196,6075,1936
74,47,19,3,6,24,56,82,211,3671,8766,7368,8869,8959,8980,9045,7720,7836,9057,9120,8633,9157,9163,8185,9179,6536,8125,7996,9207,8549,9219,9236,9326,9330,6762,7623,7314,9343,8209,7174,7893,7959,7390,8376,8303,7823,8505,7763,7466,9401,6563,7531,8516,9414,7736,8453,8643,9440,9444,8646,9467,9514,6264,7941,7817,8650,8519,8520,8422,9554,9646,9673,9767,9857,8040,6785,8189,7712,6294,4977,8472,9887,6073,9925,8171,9961,8609,9984,9989,7127,7226,8561,7010,7819,8482,7583,9998,6863,8509,7249
1266,1860,3454,2379,3878,8279,4741,6445,7729,3027,8767,767,8870,5551,8981,6378,1285,3679,6522,8629,3768,6496,7224,2789,5268,2529,2221,3105,6499,1890,7384,9237,3840,3091,2820,6320,878,6854,480,3838,2018,1453,3011,5440,4678,1632,590,5628,3773,7434,4402,5390,1937,8228,5933,543,3714,1517,7288,7373,9468,3807,361,3372,1261,1753,5611,5996,6882,9555,8039,9674,9768,1974,4772,1694,1411,7976,2567,8241,4002,6098,779,7257,3201,6070,718,6341,7832,1454,1551,1930,1684,3001,7290,1244,7341,1949,3581,2122
30,16,23,41,61,83,171,1377,5307,7229,8768,5770,8871,8960,8982,1326,1445,2100,9058,9121,3527,8294,6948,7140,9180,4569,7790,5866,9208,7227,8218,9238,8077,9331,7496,6644,6867,9344,3325,3968,1207,5079,6725,5810,7199,7175,4778,8506,7355,7645,7611,8210,7104,9415,8695,7410,9434,5914,9445,8179,9469,9515,6221,5339,6683,4890,9525,9531,9538,9556,9647,9675,9769,9858,8654,5941,3422,8587,8129,9875,8041,9888,6081,9926,8191,8498,9975,4315,8242,891,7516,7683,6013,7714,6406,7170,8562,7523,5618,5682
6889,1457,2593,3219,2462,8713,3374,4046,7843,4144,8769,305,8872,8672,7252,554,3188,4267,8680,9122,4152,4710,1829,1841,8512,836,1956,2254,8127,2124,5553,9239,5847,7456,2168,4192,416,7957,4059,2739,3756,353,3951,2667,4055,2760,807,4384,3378,6565,2609,6861,3285,7680,6102,3363,2064,5562,6208,7053,9470,3263,2109,1653,610,1422,4188,6128,7675,9557,8018,9676,9770,5039,3244,2264,4934,8135,648,6232,4782,7107,3604,5120,6307,6883,7102,1664,6275,600,1543,5417,1325,1145,5257,2114,5332,5489,335,2973
3842,1608,5756,3357,2431,8714,1768,6334,7874,3186,8770,214,8873,8393,8235,3055,716,4380,8302,8085,4106,1945,5194,2866,5716,1465,2488,3489,6145,4975,6100,9240,6231,5132,1147,6109,295,7879,2772,1092,574,500,3749,4350,5609,2602,639,4527,2033,5650,4416,6651,5355,7609,3961,2526,4639,3235,7214,7022,8605,3433,778,2998,1257,1557,4277,6678,7189,9558,8074,9677,9771,863,4134,2459,2174,7831,725,5891,4600,6700,2088,6816,5169,7563,3353,6585,6875,1591,3516,2584,2364,658,6777,3400,5657,3654,3127,1223
2822,1387,5158,2560,2047,8715,387,6642,7904,4717,8771,232,8874,8084,8051,3187,2347,2975,8566,6241,3493,2023,6674,2580,7218,2038,951,3361,6821,990,6899,9241,6446,7520,2328,5475,210,8271,2472,1767,1538,1196,1276,4474,4941,3481,1118,5644,4186,7928,3777,4068,4728,8603,6909,1729,4680,5684,6395,5423,7311,5168,276,833,2002,1874,3139,7088,7601,9559,8019,9678,9772,3266,2864,1947,2572,5297,997,2175,5105,8204,2154,6077,5859,7561,5813,6250,5666,968,3543,5595,637,1654,7304,3019,5900,3668,4348,2561
26,40,55,72,103,369,1816,4921,6719,4339,8772,3495,8875,5262,8983,5678,1010,5616,9059,9123,3416,7411,9164,4856,8634,3966,7791,2837,8323,7939,8477,9242,8011,9332,8029,7624,3341,9345,2409,3960,343,4765,4410,5647,4033,6315,7979,7901,3349,7450,7255,7490,7017,9416,7334,4281,7292,2080,8578,8469,9471,7948,3116,933,6590,7332,4407,9532,8307,9560,9648,9679,9773,8559,2374,5776,5505,7908,3328,7984,6178,9889,1171,9927,3665,9962,4586,4245,7739,4129,2441,5664,4114,5573,7963,5357,7964,4560,6054,3468
97,228,315,1427,2527,6487,354,4271,6953,1784,8773,6975,8876,6688,8984,4909,235,370,9060,8114,1078,6562,8330,5774,9181,7238,6514,707,7565,2207,8416,9243,6362,7695,5309,7940,6581,9346,780,1487,903,5888,207,2350,424,3974,2210,6243,5499,9402,939,7201,7112,8575,2880,5350,3102,3337,8002,8332,7544,6724,3455,5645,4630,4361,2001,8285,6977,9561,9649,9680,9774,8020,6097,2448,2668,5997,3952,2278,6595,9890,3754,9928,3412,9963,7166,850,339,3950,4502,4945,265,6444,5768,4089,5561,1948,6979,1695
7514,4873,1316,2311,4775,8716,1354,5555,4493,2922,8774,161,8877,7325,8591,3222,3828,6894,9061,8630,1364,6983,6895,1467,6035,3177,4658,1769,7026,3424,6515,9244,6101,8025,6447,6331,225,7958,739,881,1958,1317,216,5761,1732,4774,2889,6970,4439,1818,1521,6897,4986,6520,6386,2070,6468,6620,6012,5962,8648,3069,340,738,2186,6410,6717,7008,7670,9562,7351,9681,9775,8231,1861,1706,2156,3802,364,2327,4253,7028,2801,8349,6196,8021,5289,3393,6509,2205,4316,5973,447,3384,6572,690,5085,2487,681,2362
3095,3628,6389,5255,5582,8717,4872,5713,7101,5098,8775,2429,8878,8361,8985,615,496,3029,9062,8597,4096,3051,6781,3586,9182,2375,4170,1709,7777,3938,7642,9245,5894,4785,2220,3616,218,9347,1952,291,1089,296,2346,4674,5269,3444,2134,5952,510,4845,4347,4076,4971,8534,4505,1651,4729,1087,7635,8149,9472,6153,2905,3108,3729,5576,6972,4753,7148,9563,4622,9682,9776,421,3623,740,1637,8059,391,6492,3819,7374,3426,8068,5408,8035,7108,3540,2868,1631,3242,1246,1450,1471,7517,3959,5493,4464,981,347
101,181,793,379,2087,7118,4457,5633,7400,4653,8776,1330,8879,7900,8592,2390,1693,5793,8413,9124,1029,3084,1589,6182,9183,2792,1865,2908,6992,1682,2320,9246,4887,3742,4500,6262,2226,3772,1504,1495,2669,2542,1449,1563,2819,3836,2340,5164,3377,7743,5229,5897,4463,8239,4655,3608,5824,6136,7803,8317,9473,4899,3286,4616,1383,2625,6579,7697,6079,9564,8286,9683,9777,5303,3771,1612,1277,6763,3575,4558,2947,7617,3136,6130,5942,6952,6711,3867,5753,2258,3752,5665,3311,303,1226,2061,1826,3946,4487,2916
457,1309,1547,2711,1113,8163,513,1994,5280,406,8777,5848,8880,6531,8986,1248,462,2391,9063,7677,514,4225,8684,5142,9184,806,5619,1227,7943,3474,8037,9247,6115,5739,4525,6887,4469,9348,3584,1434,249,2946,422,1441,3658,4056,5014,3559,5674,8524,2926,3895,6574,8639,6898,4708,2680,7340,7807,7197,8065,6943,2825,244,4226,4044,2681,6308,3761,9565,8699,9684,9778,2786,3580,1923,4235,7493,3649,1253,6323,9891,2629,9929,2791,7065,6255,2900,967,3388,4199,4327,846,456,6132,3638,7035,4135,6660,2616
39,48,67,86,150,726,1341,5463,6022,6194,8778,4241,8881,7454,8987,7150,1540,4278,9064,7537,828,8146,9165,7422,9185,6270,7661,6361,7154,5058,8687,9248,7364,9333,6984,7412,1670,9349,717,1486,4641,3830,3364,5606,4635,4835,7386,5182,3446,8238,4274,3857,6598,8576,1596,3582,6387,3918,8551,7492,7682,7789,2753,6105,3304,6691,5207,8196,8347,9566,9650,9685,9779,9859,7040,4609,3763,3574,4554,929,6815,9892,2184,9930,5046,8426,5233,4947,4576,4513,2471,5570,4236,7113,5170,3138,7043,6401,6218,1176
1739,3785,2185,1908,1157,8610,2986,5012,7851,4846,8779,3724,8882,8362,8675,1395,1303,5372,9065,9125,3932,6654,7618,5987,8572,277,3254,2367,5887,5087,6900,9249,4475,3606,3526,1432,405,9350,1587,1635,3111,1213,3004,4522,3917,1336,4358,3689,4244,7868,3491,4478,4704,9417,7319,1529,5999,1687,3789,6409,7861,6844,3726,1110,1506,2714,1678,6469,4057,9567,5428,8702,9780,607,1689,2240,549,7067,1480,4582,3470,8658,3268,7349,6429,4626,7392,3356,6502,208,3832,6164,2894,275,5760,4053,5640,3054,1638,2865
2008,2260,5433,830,947,8718,3155,3651,6434,4666,8780,1967,8883,7787,8612,2285,1424,4822,9066,9126,2686,3911,7063,5819,8464,445,3020,897,6627,4574,3522,9250,4755,4086,3775,1335,3409,8355,2150,944,1598,1297,2199,3815,1406,1349,6337,960,2613,5703,4025,5472,3722,8186,5758,1507,3135,5909,5741,7980,9474,3281,2989,5334,2144,5446,6069,6539,5244,9568,5612,8586,9781,795,2477,1137,854,7093,4288,4216,3339,8487,1484,3931,5448,4389,6962,4868,5487,352,4602,4211,1396,3597,5704,3077,2089,3398,3854,1046
7568,1873,4356,1757,1098,8719,1970,5559,7275,4403,8781,2169,8884,7827,8268,1388,2481,4404,9067,7518,1460,4435,3427,6890,7926,2735,2540,2187,7753,4038,7321,9251,5035,4331,1417,6020,2994,7944,1124,785,584,499,954,1633,4445,2702,4897,3863,1148,7305,4659,2353,4263,8252,5264,2074,2858,5975,5191,7336,7947,4154,4919,494,2594,5319,4706,6575,3179,9569,8287,9686,9782,7825,5114,1896,2201,1713,4715,174,5116,6229,2901,6922,6210,6614,6615,3554,4853,378,2818,5179,3847,390,5548,2535,1386,3594,4988,1636
92,125,385,653,3551,6561,2079,7149,7091,5782,8782,2225,8885,8198,8988,5444,1514,6213,9068,8569,783,5340,3978,6180,7890,2382,2685,2426,5828,4427,8010,9252,1677,1136,3073,6369,5065,9351,3258,1047,3483,2953,497,3062,2297,4346,2756,6920,4383,5086,3358,3629,6709,7952,6731,987,6066,4779,8552,6103,9475,6421,3360,5326,2638,1068,3274,8335,7949,9570,8230,9687,9783,5318,4337,2182,1554,2022,1448,893,5211,8704,1190,8496,5419,7814,3987,3265,5855,2706,3227,5860,1397,4174,6978,1075,4871,2098,5432,1519
2919,5958,5884,3170,5057,8720,1125,6893,6588,1242,8783,4736,8886,7198,8989,1790,1773,1833,9069,8463,3212,6766,6375,6637,8176,1915,2326,1978,7178,4393,6512,9253,1700,3408,6225,1160,3023,8418,612,1264,4101,2197,932,3845,238,2617,2964,1284,4210,4877,4081,4166,6010,8220,7491,2513,6439,844,7595,7665,9476,7048,1353,4508,402,1662,7424,4673,1615,9571,5156,9688,9784,566,4969,2216,397,5708,4624,1837,4362,9893,2658,7813,4684,8172,5699,3039,2436,899,1830,4364,1263,5943,4297,3703,5358,3547,1093,2610
5467,2101,1338,2268,1665,8669,3220,5874,6286,4510,8784,2642,8887,8113,8071,870,2997,5067,8483,8598,3110,4219,3213,5317,7905,2361,2288,3030,7581,3506,6738,9254,5413,6350,965,4874,2076,7272,2392,1135,1493,1280,1490,1548,2917,4280,3410,1301,2063,3713,1859,4796,5074,7877,6297,1311,2014,3476,7596,8195,9477,4721,4672,563,882,2229,5672,5772,7467,9572,7950,9689,9785,6545,3801,3184,2438,3130,4880,1820,4328,6769,2503,6259,5215,7054,5051,1815,6355,1300,2814,4472,3056,1095,2716,2056,1423,1864,986,1007
60,38,10,9,33,52,75,124,1133,6347,8785,8854,8888,8961,8990,9046,6568,7593,9070,9127,8076,9158,9166,9172,9186,4411,5661,7031,9209,4467,9220,9255,5497,5377,5526,7144,4202,9352,6118,5223,9392,7315,7703,8296,7489,4642,7792,8100,9397,9403,8102,8507,8525,9418,8053,5165,9435,8258,9446,9453,9478,9516,6181,8284,6805,8442,9526,8651,9539,9573,9651,9690,9786,6532,7884,6411,2307,9866,8169,9876,6747,9894,7484,9931,7659,9964,9976,9985,9990,7002,7309,8300,5904,8665,8666,7128,8667,7125,7342,5197
3122,3277,1996,1991,3799,8721,2464,5395,7162,3793,8786,1394,8889,7524,8624,1398,821,3940,8567,9128,3112,5069,5398,2411,7071,2342,1812,3338,7582,466,6761,9256,3207,3042,1040,4386,747,8201,1076,1909,2369,1801,1977,4238,5232,3905,2730,1541,4661,6782,3743,6040,3798,7073,6843,269,6391,4516,7718,7809,9479,5224,2737,2294,1163,1404,6635,7210,4528,9574,3289,8223,9787,628,2208,2562,482,8486,4663,7299,3009,7050,2160,5656,5392,7638,3949,3503,7248,1550,1794,3890,1792,3646,4960,1222,5484,2460,3460,2671
182,531,953,226,2330,6179,4237,5735,8022,5167,8787,7548,8890,8275,8991,4731,273,1094,9071,9129,5538,4840,7402,6219,9187,205,2482,3430,6712,905,6235,9257,1459,1834,3335,2732,3066,9353,1903,2812,4918,1192,1766,2879,5217,1556,5832,3182,6939,7147,2826,4599,6345,8450,7528,243,6553,509,7546,5869,9480,8031,4531,6417,2424,5852,6599,6917,3447,9575,4828,6631,9788,802,697,1132,201,8211,4159,5812,2952,9895,3524,7185,7284,7005,8352,6648,6317,877,5121,5129,2203,4301,4836,2599,7129,3403,5950,2335
1024,4343,6394,3021,2603,8722,4151,6759,7734,5405,8788,3877,8891,8267,8528,2378,2793,3308,9072,9130,4473,6489,2425,5315,8573,2518,2628,2469,8324,1328,7408,9258,1857,3279,4433,4804,241,8515,1259,375,3147,311,629,4870,4726,1918,2981,4234,3282,4229,2721,4931,5701,8315,6849,2920,6147,3687,7871,7745,9481,4118,1595,472,1611,4248,6170,2809,7366,9576,6004,9691,9789,665,2159,258,1343,3431,511,6059,5394,8436,3664,8350,5245,6634,7925,2712,4591,2137,4420,6273,2310,3094,6363,512,6593,3605,943,1369
1804,3622,3892,2933,3231,8723,1358,6155,7965,4514,8789,441,8892,8060,8293,1391,1479,5022,9073,6760,3439,7211,6002,2507,7987,551,1510,3583,7641,2111,4458,9259,6046,5381,4123,5295,168,9354,2359,2253,2568,530,923,5696,4961,2788,1513,5762,3898,6803,2388,4700,5536,8407,5683,2127,6321,6629,6921,6129,7222,2912,2179,6149,2295,4920,4939,6185,5554,9577,7083,9692,9790,399,2029,644,886,4319,332,746,4444,8190,3256,8400,6392,7786,5833,2644,5540,467,2968,6702,2539,4171,6664,3550,5345,3894,1278,1115
6383,7295,6919,2255,2570,8724,766,6997,7380,792,8790,1177,8893,8244,8992,2559,221,731,9074,7270,3090,6151,7153,4155,8295,2303,2423,4255,8052,3496,7978,9260,4269,7133,4453,7059,396,9355,989,284,4777,464,196,4137,667,4372,935,3392,2713,6570,567,5520,7105,8693,7841,5044,6544,5032,6633,6293,7769,8066,3140,6548,3013,3784,7535,4997,4590,9578,7795,9693,9791,765,2249,1926,300,4927,224,1472,6443,8705,4394,9932,6479,8246,6616,3544,1337,1955,3860,1738,620,6207,7833,4395,6437,4716,3472,3380
27,44,65,87,148,1180,3532,7006,6694,7608,8791,386,8894,7686,8993,1622,2231,5216,8568,8541,2081,6087,9167,6916,8546,6290,5857,6521,9210,2141,6160,9261,8200,9334,6569,7385,3255,9356,3653,2356,123,3595,5480,6475,4589,4861,4194,7945,6156,4117,6914,7594,8001,8356,8187,5795,7997,7157,8553,9454,9482,8034,1421,3719,3043,7872,6995,9533,8557,9579,9652,9694,9792,9860,4511,4220,2164,5925,3221,3467,7427,9896,2626,9933,5438,7236,4665,4326,6780,1249,5442,7079,3776,2007,7085,3519,6158,4317,4423,4538
4783,2829,3888,3781,3490,8725,3693,5800,8107,4524,8792,272,8895,6643,8994,5034,1126,5096,7749,8682,1567,6367,7298,4552,4466,1532,1646,3041,5181,2726,7501,9262,4537,2050,3156,5939,502,6146,366,3517,515,869,2697,5330,5049,2005,544,5623,4825,7731,2499,5404,2065,7799,6251,1202,5949,4072,6813,6862,9483,3947,974,1775,1720,5486,2592,5370,7602,9580,7888,9695,9793,890,2924,1050,1114,7637,1879,7728,3329,5298,1553,7041,5265,7044,1526,6324,7622,1518,1444,3369,1965,962,6529,2600,7310,1609,4016,2773
6373,2575,3823,3300,4657,8726,3955,5464,7109,4035,8793,334,8896,8292,8625,3676,2604,4568,9075,4745,2971,1856,8599,1824,6277,1155,4640,3248,7329,2724,4116,9263,5322,8108,1751,2172,133,8256,3504,268,327,1123,1214,5341,3528,4843,2749,4818,1712,3271,2995,4164,6163,8694,4011,1871,4387,6797,6641,6671,6853,5726,823,3631,1426,2717,6300,6190,7721,9581,8161,9696,9794,4631,4541,1528,3939,3790,313,651,5854,6927,3613,7998,6353,8351,7121,4359,3997,1660,2672,5614,1240,1817,7626,3124,5190,3276,2635,350
6193,3003,6247,3305,3014,8727,3199,6276,7479,4869,8794,245,8897,7398,8137,3684,2176,3782,8131,8631,3965,2413,6335,1869,6817,2750,3850,2519,6985,3602,6198,9264,5823,6027,2416,5378,377,5803,522,949,1199,538,2678,2304,5282,2843,1318,5889,2440,6796,4455,5313,4459,8253,5198,2292,4479,2302,7196,8004,8615,3415,470,2634,1574,1606,5577,6958,7883,9582,8188,9697,9795,2694,3596,548,1628,6576,516,5796,3448,5733,2046,6230,5462,6735,2623,7094,5420,1164,3698,3230,1544,1361,7387,2299,6165,2158,1941,602
3953,1452,5443,4722,3557,8728,4095,4523,5389,4133,8795,309,8898,8036,8995,2979,1036,4839,7527,9131,3957,3260,7587,3783,7286,1725,3366,3314,6661,4499,4651,9265,5078,2062,2493,5574,320,8208,1165,1588,1208,253,3548,3986,5697,1905,1676,4401,3457,2291,4757,3587,4981,7567,6892,454,4906,2977,7709,7916,9484,5368,498,3440,2136,5335,7206,6513,6912,9583,7811,9698,9796,684,2419,4283,1531,7352,3617,6330,3555,4246,1800,7283,4767,3711,1558,6918,5915,1241,3164,1894,940,1702,6799,3106,5636,3176,1357,1111
3564,2802,4882,2852,5786,8729,2552,7243,7499,5415,8796,294,8899,8590,8996,2057,4105,5025,9076,5901,1195,5589,7215,2309,6670,372,4629,4762,6556,3322,7482,9266,6791,7556,5959,3967,110,9357,3975,919,403,2373,118,4756,2275,4676,3401,5928,4379,7356,308,5097,7163,7913,5324,4584,7372,7261,5641,4230,7209,4647,270,3376,3692,5907,4725,7804,7981,9584,8240,9699,9797,1375,1573,995,2942,1234,164,451,5919,8180,3650,9934,5742,8473,6748,4363,5470,473,3000,6617,1346,4865,6099,1898,5544,4432,4504,2821
6279,6201,3717,1788,692,8730,2528,6567,7820,5240,8797,4313,8900,8502,8997,4670,1762,3390,8681,6942,1590,4732,6708,7388,9188,1370,6203,4168,7707,1169,6152,9267,6986,7012,5023,2988,316,9358,4027,1178,576,3093,128,1382,3725,4962,2463,2314,4093,7431,427,5437,2871,8027,6582,3930,2148,7098,4766,5967,7019,7037,736,6481,2631,5853,7282,7027,2427,9585,8348,9700,9798,2766,978,2345,1564,745,398,240,5077,9897,2564,6982,5881,7639,6905,1252,2961,1296,4422,6032,1158,2751,5180,2566,1139,4203,5193,3450
5835,5976,6212,1356,3814,8731,564,5777,7168,3592,8798,588,8901,8962,8998,4893,5013,4268,9077,5518,1066,7598,2058,6611,8375,4746,4645,3434,8207,223,7773,9268,7239,7840,5938,2541,304,8688,5605,819,1754,3956,104,1774,3270,5643,1913,6385,4205,7970,801,4428,5422,7848,6720,5328,4908,7246,4850,7705,5811,7669,346,5979,2420,4701,6450,6657,1932,9586,8700,9701,9799,7213,4529,2055,5001,1065,319,191,5149,9898,2480,9935,6528,8255,7511,3295,2500,635,4559,7055,805,2358,6877,979,811,2878,1481,1912
2589,1644,2722,4045,3601,8732,2831,5850,7507,4723,8799,219,8902,6176,8999,1038,1327,5301,9078,9132,2020,4690,6093,6824,8387,826,2653,3166,4847,4737,7542,9269,5258,2000,4265,4490,945,9359,2992,2116,641,539,2315,3824,5539,842,2305,4092,4028,8116,2191,3203,3871,7474,6594,2282,3026,6007,6705,7193,9485,4157,1105,1582,2647,5698,3730,5387,6584,9587,7765,9702,9800,591,1990,2106,724,7932,1072,5272,3969,8437,2112,7158,4625,6830,4810,4100,4914,757,808,5299,4304,851,4578,3675,5281,1907,4866,1985
143,388,362,1008,4448,7891,237,7100,4381,3040,8800,6935,8903,7313,9000,787,568,1666,9079,9133,1274,6964,7934,7046,9189,4075,4619,3312,7906,4424,7354,9270,5895,6792,6632,6326,4634,9360,759,1181,814,1294,204,4620,1821,3936,4338,604,3383,3589,4923,7111,5275,7764,6143,4551,5991,1254,8579,8305,9486,5707,4360,5068,246,4415,3705,8390,7078,9588,7057,9703,9801,5781,6305,2383,200,7755,5930,6412,6122,9899,2755,8497,4637,8260,6311,1216,1245,2957,4247,2041,1935,3173,4854,4533,6282,2725,2442,1707
114,156,504,887,2882,7264,2967,6535,6471,4214,8801,6119,8904,6306,9001,1581,723,6295,9080,7572,2741,5108,4605,6398,8686,1476,3226,994,7754,1961,4367,9271,4145,7920,4169,6438,213,9361,1236,645,3778,1048,2108,3294,4476,2888,6338,5070,3024,2797,4974,4530,2161,8229,6078,800,3100,5878,7614,9455,7953,7483,4498,2155,2867,992,4195,4341,7560,9589,7838,9704,9802,8006,2956,1313,2343,7909,6036,862,5675,8706,3345,7555,5652,7375,7263,3633,5055,1108,4320,4015,3002,2380,7469,520,4808,4121,2930,2659
3012,5809,6511,4200,5161,8733,3669,7977,7715,4771,8802,3192,8905,8384,8626,2781,2287,4611,8028,6750,4544,4594,8183,2384,8547,1127,5171,3035,6968,3494,7538,9272,5386,7530,1992,4004,130,9362,4193,393,490,557,349,5279,4867,2708,2211,5367,642,7137,1060,4826,3800,8389,2338,1626,3900,6137,7052,6901,5821,6690,4942,4399,2909,5008,4385,5537,7937,9590,7842,9705,9803,685,3523,583,1875,2365,310,519,5304,9900,2163,8661,4295,3920,4793,4577,4547,1439,2978,4824,3423,2846,5106,2105,2565,2204,1882,957
389,434,355,2844,3144,7918,4400,5977,4221,5905,8803,491,8906,7821,9002,2999,1839,3738,9081,9134,1442,1735,7911,3513,8248,4366,4452,3318,7778,6504,5151,9273,5348,7110,1916,6057,255,8431,4575,570,112,927,4260,3816,2651,2227,3996,5873,4734,737,4878,5807,6428,7914,6619,741,3216,7444,8644,8399,9487,5737,1625,689,2892,3485,5254,7830,6734,9591,7320,9706,9804,7426,6422,3685,2682,6366,5906,5659,5522,5287,2363,7757,6053,5791,6393,1844,7258,1688,5150,4521,1832,815,7291,3183,1704,1058,985,492
4849,4305,5458,1756,4321,8734,884,7640,7194,2993,8804,580,8907,8321,9003,5604,4614,4336,8628,5139,2270,6945,7442,6174,7752,4964,2452,4078,7219,941,6703,9274,6517,7742,5213,3560,99,9363,5099,926,2778,2954,139,5402,323,3750,2386,4858,5007,7717,127,1247,3319,7462,1594,4425,6125,6507,5296,6915,4816,5935,202,4805,3120,3958,6666,7547,6281,9592,8471,9707,9805,5015,5615,1685,4623,1267,904,165,5945,8707,3283,9936,4832,8619,6706,4987,2733,1881,2357,6470,1033,3572,6452,1787,6140,4335,1405,3370
183,666,1944,1368,3330,7440,977,6723,7473,4250,8805,4298,8908,7995,9004,3172,2337,4698,9082,8542,2945,7014,5373,1469,9190,4799,1602,3536,7673,1122,4660,9275,5721,6999,5692,4601,682,9364,3985,827,1291,1030,2223,4279,2118,769,4001,4929,4010,6296,2317,3387,3615,7350,5922,2248,4712,6189,8003,6758,8030,6249,3477,4069,458,188,6157,7674,7577,9593,5745,9708,9806,5550,439,587,3445,5746,1088,2536,6154,8560,1927,9937,5208,6778,6360,3097,3634,2655,3887,3083,2034,3635,6333,3078,5185,2196,4491,744
1655,1090,2619,4136,2181,8670,3810,4881,7605,2052,8806,2377,8909,3788,9005,931,2422,5406,8594,8044,1211,6878,7550,4928,7481,1473,2641,3310,7566,5263,7069,9276,5249,5836,5122,4955,4933,9365,1186,2267,2520,710,647,3346,2963,2666,6242,6024,1686,7774,847,5177,2054,8433,6215,761,3396,4758,6263,6698,8054,6258,3718,6051,1290,804,6827,6019,4232,9594,4012,9709,9807,556,1051,2523,2758,6685,471,5673,4388,8278,1026,7684,4196,4936,5727,4834,1928,825,3045,4191,2501,3118,4227,925,5250,1984,1238,3081
818,898,2403,3061,3869,8329,4520,5695,6665,3101,8807,849,8910,7700,9006,2607,1272,3514,9083,9135,3391,6106,5063,1934,6112,3165,2171,3114,6003,3733,7260,9277,5921,6415,1001,4764,306,7308,673,565,2428,661,2348,3879,2969,3856,1880,5251,2544,3701,3293,5971,4291,7935,6380,773,6302,4790,8202,7922,9488,4879,914,1964,671,770,6779,7525,7643,9595,8491,9710,9808,4682,5893,1972,1741,8103,2217,7862,4769,4509,2417,7938,6382,7526,5535,6707,6486,1520,3881,2404,1084,1461,7513,1580,5274,664,1592,1043
66,90,158,486,1679,5474,2553,4669,7589,4978,8808,698,8911,8124,9007,3791,1428,2319,7369,8445,3681,6256,7455,5247,7798,2399,3324,3052,7880,4703,7829,9278,5715,7240,5740,5877,1639,7007,1120,798,1634,2242,2719,4382,4040,4223,5084,2198,3080,7946,3432,3607,5199,8479,5507,2147,5600,3386,7737,8095,9489,7331,4094,4417,2510,1962,3237,6834,7616,9596,7846,9711,9809,4935,5898,1750,2677,7812,4998,6001,2522,7854,1652,7994,4352,7676,3402,5687,2723,2839,3086,3109,2670,1836,3119,4182,5033,2036,4030,2449
3620,4421,3381,4178,3827,8735,4003,5187,5792,2286,8809,4409,8912,7570,9008,2615,1289,1696,7651,8488,2256,2709,6172,6460,6647,1334,4259,2059,7333,781,6546,9279,4711,3700,3916,4481,3290,8636,1577,292,382,832,2899,4302,4239,2770,5080,5175,1474,4108,4179,1828,2703,8490,5771,365,3811,5504,7365,7960,8649,6227,4070,4752,1206,2859,6217,4351,6322,9597,4408,9712,9810,337,4124,1614,1203,7407,5563,5586,4149,7863,1730,8233,4119,5336,976,5412,6037,1074,3060,2893,3243,2125,5864,3745,4814,1052,1533,524
96,120,758,1604,1772,7171,2845,4489,7029,5738,8810,2692,8913,5101,9009,160,3241,5308,9084,8429,3907,4667,5256,2984,9191,2548,1862,3131,7416,3075,6808,9280,5788,6713,1883,4209,5519,9366,3989,1295,437,1355,2385,2246,2165,1112,6695,5515,1281,7631,1870,6423,3071,7689,6096,2166,3267,5681,6173,8140,8697,6652,1522,2827,3044,6110,5876,6965,5594,9598,7049,9713,9811,6934,1681,1224,3659,7644,3760,6623,5759,7989,3479,7289,4460,4891,5799,3578,3160,1028,2695,2296,2035,3487,6602,748,3667,4603,4652,2068
4562,4579,5468,3767,5201,8736,3321,7504,7448,4063,8811,342,8914,6743,8676,2718,1419,3849,7033,8394,2962,2430,4282,6045,6767,2097,2479,1734,7470,2884,4340,9281,3570,1645,423,5253,1640,8533,1971,632,146,1044,2720,6039,4536,1846,1940,5736,2049,7845,4477,4894,5337,7725,5731,2727,5159,3593,8222,8118,9490,3579,1260,6458,1022,3074,4434,3132,7089,9599,8119,9714,9812,730,4532,1312,1619,8606,2652,8104,4913,7348,1225,7367,4173,7285,558,5910,6730,1535,2190,2853,3914,485,4813,1034,5818,3944,3983,1194
122,203,231,1188,3945,7250,1045,1502,8123,3499,8812,5230,8915,8673,9010,546,468,813,9085,9136,1021,6026,7081,7878,9192,4548,5407,1146,7389,5248,8466,9282,2911,5934,4185,7921,6752,9367,2011,3497,721,2126,184,652,803,3394,2832,5283,6169,8691,407,4773,6908,9419,2272,5379,4681,7399,6245,9456,9491,7907,1308,4311,6404,5879,1641,5790,8112,9600,7973,9715,9813,8423,5969,3404,435,5580,6801,5849,5450,9901,6530,9938,6418,8290,9977,1340,475,2415,5376,3104,409,6823,6402,5056,2360,1731,6025,2233
80,108,129,606,1721,6047,2177,4262,8342,2332,8813,7138,8916,8564,9011,5220,2117,5288,9086,9137,585,7956,8157,5112,9193,3482,3883,3848,7363,4789,7613,9283,1715,2804,6859,6257,489,9368,3994,3766,4956,3533,430,1230,3909,2598,6403,6214,7135,9404,1703,4323,6715,9420,5109,5027,5820,7273,8554,8064,9492,5953,384,1332,1237,3972,152,8455,7794,9601,7648,9716,9814,686,7058,4451,1980,6016,2398,6064,5719,9902,3405,9939,3218,8427,8474,2502,2578,2530,3406,7512,3299,656,4954,5688,3820,5363,3874,1429
89,126,178,455,902,3812,359,4345,8338,3458,8814,7070,8917,8963,9012,6224,414,526,9087,8371,1953,7266,8685,6490,9194,6359,6348,699,8465,3145,8601,9284,7205,7716,8062,7433,6881,9369,3233,1806,1719,3661,193,2439,419,2976,1959,4566,6696,9405,450,7632,7097,9421,4456,5837,5992,6810,7881,7936,7733,7559,2546,6448,4636,1746,2595,8298,6981,9602,9653,9717,9815,8409,4233,2032,1319,5840,3723,2690,6680,9903,1783,9940,4391,9965,9978,2128,259,3512,4702,3977,1485,6451,6573,4587,4973,1400,5525,892
93,113,536,1150,1376,7302,4418,7122,5117,5188,8815,2796,8918,8098,9013,326,1166,6120,8414,9138,280,5783,7781,4588,9195,1156,3411,2935,7844,4080,6537,9285,2581,3803,4800,4606,5547,9370,3748,1673,408,2323,1200,5061,3316,4570,5700,6784,2537,3262,2874,6476,5133,8331,6716,1035,6076,4506,8282,5126,9493,6216,3710,4895,3178,6150,8111,8521,4912,9603,8391,9718,9816,7961,4643,3463,1062,5434,1059,1210,5638,9904,972,9941,4689,7873,1802,841,6626,679,3113,3379,1777,5565,6233,2024,5488,5107,4461,1920
7856,6812,4324,2078,1466,8737,1279,7464,7296,3234,8816,5401,8919,8043,9014,6847,915,1071,9088,6312,2016,7025,8164,6015,9196,3577,6807,2213,8484,888,8015,9286,4837,7982,7134,5608,260,9371,4959,1755,829,5000,107,1680,3558,5421,797,4595,6726,8160,140,5744,6292,8640,6946,5923,1603,5029,6138,6902,6226,8058,1275,5671,4287,6346,3696,5947,1819,9604,8558,9719,9817,2808,928,1663,3228,1410,380,159,4062,9905,5088,9942,6998,8608,8089,1499,988,755,5617,5985,154,6318,7779,2691,911,4329,2525,5048
6667,6605,2987,2937,2950,8738,1737,6771,7465,2132,8817,1576,8920,8565,9015,5560,963,3795,9089,6005,1320,7766,7119,5993,7912,2823,3739,5004,8339,601,8237,9287,3355,7167,5806,5064,533,9372,5418,1219,3779,3137,105,1763,3259,5749,865,4485,4980,8147,199,5066,6390,8304,7423,4252,711,7646,5780,5816,7068,7599,505,6332,3123,4943,7597,5751,3636,9605,8456,9720,9818,3720,367,1621,1483,1764,141,251,6498,9906,2817,9943,6414,8589,7099,1352,2836,2219,5785,5729,1187,6014,5396,1692,984,2096,5841,2579
4999,1796,2841,3438,4365,8739,2764,7011,8353,2107,8818,550,8921,8964,9016,791,2746,4091,9090,7114,2145,5435,3588,1119,8343,474,2511,3443,7628,1572,6929,9288,6364,7724,4979,4534,145,8281,4449,840,3018,1049,2012,6131,5152,3565,1363,3280,2936,7662,727,4446,6200,8083,6477,1256,4797,6789,6755,7738,6480,3362,1584,3567,611,1779,3200,6869,7784,9606,7603,9721,9819,5411,6254,1691,3344,4371,351,1138,3982,8232,3189,8096,3683,8069,5961,1489,4862,1268,1942,1906,3521,1016,7534,1053,6858,4907,3103,2547
2300,3834,822,1235,4126,8412,1020,5951,7857,4122,8819,2048,8922,6936,9017,1220,3473,3686,8145,6848,1494,6543,6144,6234,7461,2774,3740,1339,7865,2759,6183,9289,5162,6969,4707,3704,1019,8432,4414,982,286,3214,1131,2701,3632,2982,3301,5006,3399,7371,2142,1893,4344,8148,4735,3031,5531,5686,8262,7164,6313,7396,3198,1455,640,743,3903,5351,5426,9607,8079,9722,9820,6222,732,2019,4668,3456,2514,669,5388,7578,3706,8093,4648,6770,4314,2293,2230,2806,921,537,3046,401,6494,2110,6372,3993,4042,2696
1162,2636,816,2180,4697,8461,4207,6989,7421,4903,8820,1534,8923,8622,9018,2194,321,289,9091,7847,751,6141,8216,4801,8430,1189,5702,774,8061,5260,8073,9290,4097,6525,5302,6783,1950,9373,999,756,3239,810,624,5730,2656,3269,2767,7221,3288,5459,586,6408,6500,8434,5599,3817,3813,2742,7522,8377,8582,6656,998,6052,5090,5801,7003,6653,6835,9608,8617,9723,9821,8259,469,784,853,1586,180,1099,5557,8659,3492,9944,2990,8320,6600,330,4496,2959,2606,768,1373,3999,7301,3642,5966,6557,6342,2329
18,36,53,71,98,383,1559,4976,7772,6082,8821,3624,8924,8965,9019,4325,4718,6669,9092,8032,5669,5552,5714,7541,9197,3648,5583,4888,7629,6625,8099,9291,6757,7768,7245,6871,6121,9374,6043,425,1498,2470,4535,5241,5680,6832,7704,7391,4019,9406,5399,5445,5956,9422,4572,4823,7169,6884,7775,8408,8167,8277,4296,6329,4922,3518,4512,4827,7988,9609,9654,9724,9822,5508,3365,1759,4786,7009,2618,575,6960,9907,3297,9945,6501,9966,6555,7353,5030,2543,4441,5478,4820,4821,5720,5189,5092,6837,7317,3880
91,135,433,426,301,6465,3141,6197,7297,1298,8822,6846,8925,5927,9020,2004,720,527,8415,9139,1212,1610,8543,6309,8548,3057,1669,1170,7551,4468,7234,9292,2637,4396,4300,3855,3421,9375,2387,1054,1822,1379,2815,5312,552,3839,6987,2897,4993,7322,662,6058,6424,8577,7228,3736,4140,6621,7277,7895,9494,7647,1823,5649,2577,2077,3818,7212,5646,9610,8457,9725,9823,5110,5306,2958,970,7713,5104,5391,5523,9908,3886,8273,5375,3774,6811,964,1307,1347,4130,6587,3298,5138,7649,3626,5527,4443,5502,3728
85,59,32,5,2,13,46,69,111,1650,8823,8855,8926,8966,9021,9047,5764,7139,9093,9140,9154,9159,9168,9173,9198,8312,8388,8574,9211,8249,9221,9293,9327,9335,7188,7875,6682,9376,9391,7280,9393,8326,6655,8153,7151,8404,7679,7876,9398,9407,7418,7869,8638,9423,8420,8696,9436,9441,9447,9457,9495,9517,7294,8441,6733,9522,9527,9534,8698,9611,9655,9726,9824,9861,8655,7415,8526,9867,9872,9877,8522,9909,7663,9946,8410,9967,9979,9986,9991,6836,7420,8459,8080,8709,9994,7439,9999,7835,8181,8247
670,1198,1393,1542,4892,8510,4492,5826,6954,5607,8824,634,8927,7030,9022,1451,2066,3287,9094,9141,4349,1810,5670,2465,6310,996,2941,2281,8368,2576,5845,9294,3168,3691,1154,4306,192,8689,3673,936,116,1408,3175,4482,5124,3146,3336,5587,4051,3928,4043,5912,7021,7735,7339,357,4553,5461,8580,8357,9496,6926,578,596,1385,913,4833,7324,7106,9612,5954,9727,9825,5940,5822,3759,1168,8203,3038,7216,4946,6904,3865,7910,6388,7604,6060,2948,6139,2030,3253,5773,2322,930,7740,790,6162,2261,3407,2224
49,29,17,28,45,68,95,254,1780,6009,8825,8856,8928,8967,9023,9048,3630,8311,9095,9142,8072,8152,8367,9174,9199,2630,3971,6491,9212,5409,9222,9295,2301,2235,5620,6188,4685,9377,5831,5144,6732,7152,2597,5349,7326,7429,7430,8467,7200,9408,6873,8177,8478,9424,8641,4284,9437,8110,9448,9458,9497,9518,4656,6971,7655,9523,9528,8536,9540,9613,9656,9728,9826,7974,8493,6425,1797,9868,9873,9878,7536,9910,7506,9947,8438,9968,9980,9987,8664,6356,6192,8460,7898,7955,9995,6786,10000,7917,7780,3508
57,31,7,8,34,58,79,132,1401,5917,8826,8266,8929,8968,9024,6686,6668,7610,9096,9143,7328,8386,9169,8374,9200,6473,6591,5346,9213,6831,9223,9296,7267,8128,5123,6336,5932,9378,5305,4864,7585,6062,5667,6467,7092,6891,7573,8448,7072,9409,6874,8251,8166,9425,6850,6710,8604,8550,8581,9459,9498,9519,5838,7346,4838,6865,7930,9535,9541,9614,9657,9729,9827,6959,7453,5980,4567,9869,7756,9879,6065,9911,7579,9948,8337,9969,9981,8439,7771,4925,7666,8380,7182,7060,8382,7187,7903,6542,7485,5805
287,1778,1458,465,5333,8042,2492,7919,7569,603,8827,7230,8930,8234,9025,1951,144,1392,9097,8529,2811,2515,6618,5974,9201,688,3089,3935,8476,3741,7204,9297,368,1345,3211,2512,3770,9379,1151,2289,1390,1705,209,1605,2099,2467,2757,5455,3275,7293,948,7181,5868,9426,7591,1101,6538,1209,7915,5512,8264,7896,2476,6449,4664,6405,7066,7972,5817,9615,8005,8703,9828,1475,2354,1672,189,7397,1500,5353,5983,9912,5009,9949,7042,8265,8401,2715,715,3576,6701,2015,2146,6947,7034,4440,8014,5654,4691,2949
4817,1995,4695,2768,4720,8740,2738,2173,5963,2167,8828,2406,8931,8539,9026,395,2025,2585,9098,6287,1656,6280,7279,2795,9202,3515,4910,3036,7095,1372,6913,9298,735,1979,3866,5593,1081,9380,4039,2053,753,1842,100,1496,4454,2689,1283,6376,5994,5766,1231,5530,4206,8257,4082,3764,3563,7824,7018,7746,7558,7727,2970,5621,2421,6288,2574,5053,3758,9616,7621,9730,9829,4926,5037,2569,1807,5103,1872,198,4679,9913,4688,7656,4465,4132,8050,2214,1809,1374,5631,4286,411,4563,3245,3656,2545,4020,1765,3498
4829,6071,5990,3639,5936,8741,3033,6266,7586,5624,8829,360,8932,7889,9027,2639,1086,1286,9099,8372,2506,4067,6649,6949,7519,1185,3825,2183,7123,4794,7816,9299,6184,4811,5163,4373,493,9381,3350,336,197,867,796,5846,4228,3734,5566,6339,2861,7451,938,1080,6370,6578,5060,1505,5706,5590,6328,8017,9499,6237,239,2662,4006,2699,3973,3441,6684,9617,7472,8653,9830,487,1793,461,1103,3600,420,5581,5125,8523,3117,8662,5513,7694,7124,5495,5957,672,3868,5483,1758,983,5259,1492,4049,3190,5568,1039
2907,4330,3926,2780,2966,8742,3278,5882,8144,3904,8830,650,8933,7486,8428,5380,975,2450,9100,9144,2596,6923,6283,4074,6991,418,1560,3049,6134,2803,7443,9300,3851,2649,4139,5872,248,6519,381,3250,1867,608,1142,5273,3331,2039,916,5911,6274,7096,858,4545,2710,7983,6740,2400,6067,5473,6527,4787,8535,4285,1539,1041,2372,5802,2508,4792,7413,9618,7839,9731,9831,621,1957,691,569,7303,1620,7165,2557,6299,2810,7826,6354,6592,6269,6903,7278,1104,1491,4768,1897,1331,6736,4275,5981,2138,2665,3414
3096,3088,917,2944,1886,8538,843,5131,7796,3875,8831,4398,8934,8090,9028,6034,1742,3461,9101,7751,742,4573,8269,6765,8086,3751,2495,542,6864,2447,8024,9301,4058,6518,5365,5778,3425,9382,5072,1711,285,1067,344,2188,324,3210,5725,3191,5542,8637,775,5503,6161,8517,5808,3609,6083,7515,7262,7184,6505,4215,920,782,2955,374,852,7805,6679,9619,8318,9732,9832,7460,5890,2071,3050,5286,4763,619,5203,8495,2648,8341,3224,8708,7933,2932,696,1785,4788,6211,2554,1565,2582,4034,1527,1006,6239,617
4104,3899,687,3317,2092,8743,1017,5797,7076,2325,8832,7143,8935,8370,9029,2627,278,709,9102,7828,547,4628,8373,7082,8635,5886,5858,483,7244,1613,8165,9302,980,2611,7220,7488,5896,9383,3995,2913,177,4985,102,680,839,4844,3804,2800,6924,8250,293,6940,6340,9427,4938,3529,2195,8133,8012,7696,7690,5081,2890,3037,4972,2771,400,7074,5320,9620,8359,9733,9833,8088,5755,2675,1079,5651,5327,824,5369,9914,5400,9950,3480,9970,7855,1077,444,3292,5728,5344,1085,3841,6319,3808,1362,1910,5364,2734
2676,3591,1000,3709,4687,8500,440,4958,7345,5093,8833,4258,8936,8212,9030,4830,599,659,9103,7446,728,6056,7760,5016,8217,5352,3272,528,5829,2621,7276,9303,5242,6818,7730,6399,5903,9384,4009,1229,582,2490,338,3323,153,1174,4175,5763,6988,8227,503,6564,5597,8451,4276,3962,5775,7681,6662,6478,5020,4550,1570,4141,3545,459,1218,8652,6840,9621,9658,9734,9834,7588,4951,1420,3174,4781,3419,649,4714,9915,2683,8607,2850,9971,7300,2121,302,2914,4759,5748,760,4593,3373,4412,3048,589,6558,593
706,2583,3169,2271,4187,8501,861,5871,3501,1381,8834,2115,8937,7667,9031,6261,394,4299,9104,9145,1134,6080,4719,5147,8447,1892,2280,2991,6597,3462,7417,9304,3562,4198,3087,5222,3010,7866,2073,883,220,837,2872,2588,2396,4240,4795,6888,4273,3552,1939,1438,5031,5988,4967,2785,6236,4494,7744,7801,9500,6613,2153,4696,2898,5329,5918,7225,6314,9622,7770,9735,9835,1350,4066,1097,1064,6206,1288,5424,3901,8660,1433,8508,4621,5127,4342,4256,4517,674,3902,4744,2624,4120,392,2085,3837,1153,4592,1293
25,42,63,78,131,764,2237,5658,2129,7045,8835,6745,8938,8385,9032,2389,592,2043,9105,9146,937,7131,6603,8158,9203,6950,7077,5506,9214,3721,8417,9305,7852,8325,7395,7254,4047,9385,2466,678,868,1853,5231,6876,6589,6639,7457,6608,6204,2006,6788,7281,6031,9428,3215,4470,7126,5178,8283,8555,9501,9520,5585,6549,6029,7023,5082,7552,6459,9623,9659,9736,9836,8424,6974,5172,2075,7001,6645,3708,6841,9916,4218,9951,6961,8309,7748,4471,3859,4102,3637,4965,4008,6483,5266,6609,5501,4212,6396,222
7379,2206,4770,3313,4917,8744,2491,6793,6171,5384,8836,297,8939,7500,8677,2752,763,5998,6737,9147,3627,6343,6577,3428,5827,1745,2344,4079,5115,5712,6794,9306,5414,7064,1402,5931,1697,7657,1468,2524,2437,895,3429,1624,4598,1299,1013,5354,2605,5284,4036,5300,4483,9429,7160,190,5779,1525,8117,7860,9502,2236,256,1884,555,356,7039,7711,7202,9624,8492,9737,9837,7463,3792,4419,4190,7693,5601,7510,4884,4848,676,7117,3542,4143,702,6533,5460,1722,2777,708,1530,2729,6289,3908,3343,1616,1960,722
22,15,35,51,73,106,431,2842,6495,7797,8837,8081,8940,8969,9033,2620,1895,6820,9106,9148,6124,9160,8184,8545,9204,5596,4747,6432,9215,2238,6419,9307,5710,6957,5436,6628,2830,9386,5202,4353,4539,2432,6095,5145,7192,5955,5017,7902,6291,9410,8132,6993,7404,9430,8344,3371,6856,5532,9449,9460,9503,8334,3351,3690,6776,7505,7810,8435,7747,9625,9660,9738,9838,7931,7414,6089,3511,8151,2473,7985,7776,9917,1179,9952,6658,9972,7316,6966,7419,4088,6187,7075,2925,4052,8173,4503,7503,6400,7269,2505
912,1761,2549,900,4638,8274,3307,3910,6397,5059,8838,3205,8941,6967,9034,5427,1425,5920,4901,8683,3437,5234,7231,4904,7967,831,4549,3375,7141,3964,6580,9308,1760,2408,4310,4992,3510,6838,1414,1342,1795,2940,2143,2402,3922,3064,4571,5214,2251,6896,2996,3163,3663,8178,2247,288,5588,363,7800,7971,9504,4546,2151,1657,1776,2798,5276,5075,7533,9626,7425,9739,9839,8120,4507,2445,2838,5972,5218,3896,2435,4898,623,8170,2446,2876,534,6265,6442,2840,1791,889,1966,2728,6673,1931,5359,4023,2747,452
84,121,443,820,1899,6866,4488,6455,3209,2910,8839,4761,8942,3092,9035,3149,971,2269,9107,9149,1443,7051,6879,7232,8600,3478,3549,2794,5347,4650,6768,9309,2244,1569,6462,2951,3151,8403,331,1876,894,1141,2813,2250,404,2228,6420,4355,1847,4963,4501,5410,3853,8221,7435,2923,4266,438,6041,8358,9505,7176,4071,6622,3296,5494,7691,7698,4915,9627,5655,9740,9840,734,6088,4013,1204,8319,5880,7722,3765,9918,2351,9953,4613,5278,5024,5146,4426,1813,3134,2707,2393,5541,6464,5192,6461,4163,5517,1727
317,1091,1552,2860,4948,8197,3417,7634,5219,5510,8840,1416,8943,3884,9036,5842,2243,3157,7441,7580,1009,7480,7383,3150,8206,1057,3794,1470,6624,3844,7701,9310,5757,7688,5094,5863,250,8398,1852,1747,934,2573,1042,5209,4099,3678,5366,6327,2135,8139,1003,3535,3142,9431,2444,1070,5166,749,8614,6049,8306,6086,3208,2571,3303,5995,2983,8141,6000,9628,8701,9741,9841,1667,2263,2875,2334,4442,657,2274,3680,9919,1129,9954,2130,3925,2660,2113,6030,2370,594,3539,3291,4996,3915,3354,5856,4061,4991,701
6787,3780,1191,2368,4312,8745,1251,6488,7362,2754,8841,137,8944,8970,8301,613,4183,6238,9108,8365,2688,6497,6384,2608,6826,579,2657,2960,7394,1503,6456,9311,6023,7837,6842,4222,299,8503,5717,2009,2483,2475,695,4354,2939,3862,1463,6416,3954,6855,1710,7183,6074,6559,6381,2887,6560,6699,4889,6466,8345,4022,274,668,506,4180,4029,6630,7347,9629,8134,9742,9842,7038,1969,1782,5447,5100,233,2538,5482,8143,1848,7986,5629,8411,3333,922,6963,1232,1583,6571,1152,1997,6646,694,5603,5916,1228,1998
3334,2026,5130,1233,4037,8130,1271,7251,8174,3436,8842,675,8945,8611,9037,3861,4376,3167,9109,3618,2200,3306,8544,3025,8531,3885,6092,2349,7477,1435,3206,9312,4953,8397,3796,2397,163,9387,6038,371,1106,2067,307,3677,3115,4699,2257,5128,507,8057,713,1217,3129,8452,1831,3332,4148,6804,6566,8518,4982,6304,1360,4303,2931,4705,6284,5789,7658,9630,9661,9743,9843,3251,5471,1306,6072,3464,705,252,6534,8425,3614,8299,7242,8122,7084,5564,1683,1130,3465,5457,2094,2556,7584,2828,6510,3747,1924,495
6931,1407,5325,1536,1333,8746,4208,3746,7494,4937,8843,236,8946,7564,6980,909,2131,2341,8595,9150,3697,4896,5321,3161,7664,1752,2414,2654,7142,1027,6516,9313,5591,7013,1728,5491,952,5135,517,2762,2782,318,2902,2856,2119,3125,1671,4742,3979,6127,4083,2763,2664,6868,4743,2743,3755,5610,6746,6741,9506,4333,1599,2232,866,4150,5285,6540,7459,9631,8308,9744,9844,6111,3645,2744,1545,7897,2532,7177,2550,5267,3660,5613,6551,4994,6906,5635,6114,283,2202,4375,229,1845,3998,4146,5689,3699,993,3598
3531,5769,4555,4357,4957,8747,4632,6870,7650,2881,8844,429,8947,7080,9038,4318,541,2013,7382,9151,5625,1718,7767,4990,5944,1344,3505,3007,3769,5429,5511,9314,2027,2705,4462,4776,1100,8038,518,2531,2736,2021,2586,4024,3621,348,1827,5575,3070,7116,3735,1524,4733,7849,5183,618,4515,625,8328,7557,9507,5516,169,4749,2740,4727,5839,6436,6271,9632,8092,9745,9845,1629,4692,3466,2504,8340,4307,7062,4254,6541,1032,8155,1197,6116,581,6168,7161,3068,553,2277,2869,4005,5639,1914,6910,571,3006,1477
267,597,508,1430,2985,7942,2209,4580,8070,4272,8845,4322,8948,7265,9039,1315,1508,5642,8364,9152,3225,4290,5844,4064,8532,3644,2454,959,7788,2775,4784,9315,2355,5174,5005,4748,2679,8440,1717,789,794,2222,2700,4048,3992,2857,4876,5140,1642,6316,3647,3826,3451,8316,1814,1512,1117,4677,9450,6435,9508,3707,3858,4738,1854,3368,6104,6672,6508,9633,8049,9746,9846,5045,4377,1740,1855,6246,3625,6223,4161,8272,856,9955,3873,6930,3180,3133,3459,1140,187,3158,2640,4437,5989,4162,3833,2745,2551,1183
7306,3185,3385,2040,4231,8748,1302,6728,5477,2193,8846,230,8949,8363,9040,5003,4970,5397,9110,5765,2139,7495,6524,1378,6503,4115,5226,3891,7668,2336,4751,9316,5430,7330,6177,3500,134,8690,3835,719,1575,1835,117,5195,432,5036,5441,7047,5529,2266,799,4886,5331,6205,3284,1968,7155,6938,7016,6413,7359,5102,175,2104,2273,4780,6814,7509,7671,9634,7785,9747,9847,8067,3418,1993,3919,2072,329,247,5970,7312,3152,9956,6550,6493,6061,4604,6123,1643,3486,5743,577,4103,5362,1002,5237,3566,1658,2123
7179,5514,6090,2212,4561,8749,3762,7343,4644,2234,8847,3148,8950,7627,9041,4369,595,4739,9111,8236,2498,7475,8270,463,7132,1083,4405,3382,7968,2456,7036,9317,5711,6368,6772,4730,136,9388,1371,776,2306,663,94,4518,2120,4683,2060,7268,5176,1938,630,6925,6357,8091,7327,1724,4176,6084,7543,5141,8583,7576,271,2084,3929,3273,7710,7600,6441,9635,8585,9748,9848,8162,1623,1866,2673,2149,162,1351,5926,8360,2318,9957,6474,8094,8224,3556,4077,3017,2496,4750,449,4940,6928,2044,6159,2870,942,1322
7130,5705,6240,1888,3195,8750,1748,6944,7156,5154,8848,333,8951,8245,8678,1999,4270,4615,9112,5892,1566,5724,5986,3309,7180,2886,4007,3315,7969,908,5113,9318,2283,6754,5978,3688,170,9389,3571,1250,1838,2784,109,3662,3921,5948,3053,6872,5648,5804,176,5584,5136,6689,7087,5252,6365,7521,6107,5798,7223,5225,501,5485,2927,5676,6722,6885,7256,9636,8150,9749,9849,7061,446,1488,4158,1630,138,264,4983,8618,4125,9958,5277,8075,7759,4902,5010,314,4390,6828,605,4857,6431,1537,2051,4519,573,2663
6749,5238,3063,1659,5416,8751,874,6202,6886,3257,8849,206,8952,8623,9042,3340,1699,6610,9113,8366,1627,8056,4966,3672,4819,1221,4309,2090,6457,3059,6932,9319,5937,6714,4242,5038,173,9390,5382,733,2769,910,312,5637,1107,5403,4556,5663,4110,5073,771,5148,6773,4540,6113,3067,7335,5500,6463,7654,8276,6554,151,703,1578,5356,6951,7024,7992,9637,4989,9750,9850,7592,3507,918,4618,3320,484,1900,5524,8481,1215,8663,5311,8369,4807,1975,5496,1282,3076,7529,428,3153,5685,341,5111,3923,2461,2494
6358,2102,3934,1601,3196,8752,2037,5690,6033,6552,8850,1789,8953,7892,9043,1593,2474,6055,8199,8632,1149,4000,622,5865,8280,1878,4131,1462,5883,4165,2835,9320,5946,6526,1304,4863,4885,7191,4293,646,1446,864,991,4617,1143,3475,3941,5750,880,4583,2622,6278,4294,7287,5291,3395,2790,3217,5228,6833,9509,5469,1919,4713,1121,3981,5549,7360,7378,9638,8336,9751,9851,7468,2885,1365,5567,1579,2748,3870,5137,7437,754,7625,4984,5722,3963,3252,6718,1055,4292,1161,1082,2028,5543,609,2045,2405,3643,257
1902,5314,2157,3348,3236,8671,2103,4754,4264,5095,8851,413,8954,7381,9044,5052,1714,3924,9114,7822,1963,3611,7864,6825,4798,5243,3590,1255,7678,4406,6379,9321,3162,4860,1954,6739,654,6547,436,956,1144,924,1889,3347,4675,2863,2484,6021,6028,1102,1743,1987,2929,7405,5205,1946,5630,7445,8126,7508,8616,4900,3990,290,3568,4041,3107,7452,4334,9639,6454,9752,9852,8379,4952,2086,1384,7173,5960,855,3159,5310,860,7954,4289,6482,5173,6272,4111,1324,3787,4167,1744,2918,4065,1901,5598,1205,488,1668
3181,3098,3022,3389,2312,8621,2590,3753,1269,4565,8852,3128,8955,6907,8627,906,479,4251,9115,9153,373,5794,6248,4201,6344,1799,3913,1925,8396,4995,6675,9322,5360,7086,5533,5851,3247,6638,560,1012,655,1736,1175,1366,3537,1708,1986,4607,5323,1310,4646,5754,5456,6676,6011,1617,5206,2891,8645,7726,9510,7406,3872,1031,3240,4791,5292,7497,7540,9640,8087,9753,9853,7975,4809,2563,1770,7004,4852,7247,2316,6774,2854,8289,5984,5246,6063,2458,3641,809,3126,242,859,4480,901,3154,5153,683,1877,1073
4197,3553,6506,3666,5632,8753,4213,6829,7344,5691,8853,217,8956,8322,8679,3821,1159,3695,7750,8395,3829,1243,7782,5374,6117,1798,3712,2241,7103,5221,6253,9323,5592,2324,1239,4608,1004,7867,1193,677,155,1096,3889,5431,5528,2497,1380,4147,896,7653,4189,2903,5041,7870,6677,2645,4431,1716,7575,8333,9511,3906,525,3715,2704,5210,5316,5481,7471,9641,8254,9754,9854,631,2486,729,1607,8007,1726,6298,4060,5200,1933,7241,3805,7361,1648,6955,6008,1904,2761,3005,3047,282,6857,1437,5545,4450,3806,614
