2.17897568279867	-2.12760102735858
15.8483016789325	-15.7055504338469
15.8626727277878	-15.7464307340438
1.43169042427407	-1.39404687364258
10.1177997710176	-10.0250489244155
8.757291851852	-8.95302463490373
13.0589692256441	-13.0414601888532
12.2971744974607	-12.1740622622121
16.5573483813879	-16.4071759699304
13.1829583692589	-13.1781790052304
0.0272018767525061	-0.027073609256351
14.187826485778	-14.0810736020584
17.8273882232836	-17.7286230185098
16.4132943008341	-16.298833111745
16.8782558334174	-16.691974490562
1.36001648397491	-1.35143241435303
17.9878712409041	-17.8509594238581
0.788760946288442	-0.785009868127926
17.9684082637487	-17.8337133286497
13.1856734158491	-13.1010130673833
18.0402852078375	-17.9099492958299
0.958208063040034	-0.958983441136351
3.26641641014989	-3.24658872774806
10.4731983652201	-10.3738997720336
1.12973871648641	-1.11819393310586
17.4242966414364	-17.2705534873319
16.1400922267783	-16.0385383468226
2.6475806665214	-2.7144066697722
9.9294930870444	-9.75736096876447
16.3366150597937	-16.2262098490437
16.8227663740222	-16.6965020865628
0.628677500220203	-0.619629252532617
3.65828066031322	-3.48190398678614
6.70734525271997	-6.52710142800811
5.99053205783884	-5.92763520417552
10.3939721550585	-10.0886830494155
1.19122095667728	-1.18115974608077
11.058407496264	-10.9017579709348
16.6083838250546	-16.5214096372048
16.0842956344861	-15.9669165770012
7.27142602218989	-7.37887234785988
18.2423540897493	-18.1351531122953
17.6871290735244	-17.5417238013601
5.99314678850595	-6.0600453125697
15.353906676524	-15.2060512419929
16.1113666406365	-15.9417873185685
2.06022982748103	-2.05569126320007
13.8743553919661	-13.6943397565179
15.2432566570484	-15.1661160234626
12.2603603486951	-12.1045442149499
15.0468699859078	-14.9495289134026
7.22765043732896	-7.07187131609216
16.9625260319118	-16.813306529786
15.6337508644083	-15.5070150672955
17.8386039240436	-17.7244815554999
14.6445739623699	-14.4918493269673
15.1813299916844	-15.0954960983155
4.40052789134688	-4.3174431804505
12.4298202451442	-12.2861060838002
15.8146377132122	-15.7409012974936
2.22600853801984	-2.12947083313547
6.46954528254449	-6.38603363566423
9.73453351923442	-9.65754333823254
0.658526501004943	-0.654729411746382
16.0073050133902	-15.868982070009
15.2383693812119	-15.1104448017508
15.5560565892253	-15.4390498642524
1.2310296350716	-1.22758200998397
15.2200946627044	-15.108576396607
3.44710501405942	-3.47659492475255
1.01116361620599	-1.01572469804245
17.1281204685461	-16.9922604445302
17.8529572568796	-17.7119645237732
3.5821796161738	-3.57839008846857
16.9701974186372	-16.8735525324878
10.7434948620065	-10.785059801012
9.8993506868508	-9.85081519848868
10.7274638837309	-10.6100972459005
0.479730872663472	-0.47355265024305
8.31017176722385	-8.3916298381097
1.75848734439059	-1.78244065261695
7.59917690545372	-7.80908089598242
12.7133674698322	-12.4424501261492
16.3576486069024	-16.2265618024699
14.8132841700166	-14.5524635739667
5.99865391899895	-5.89926813160561
15.4023676951527	-15.3015098725861
3.9828921591168	-3.98402962231804
0.764766003702118	-0.756330360430202
0.302784501711426	-0.311182520623255
17.0822225653452	-16.9470465062828
15.8370926210707	-16.1201861384646
0.527147796644747	-0.53208482520063
7.45209129857385	-7.4001717155274
12.9497465467614	-12.844021161371
15.8473196642259	-15.8230675100616
16.148090610698	-16.0177453101685
18.1047193154345	-17.9881605461583
0.458967067692938	-0.451779629007377
7.96038393570115	-7.92965669367677
