-12.3446021203637	12.4728683622353
-0.490867399807059	0.502418620065509
-22.3126600214953	22.6230921560923
-11.3781715571816	11.511936904343
-7.54192150334296	7.60397130504655
-12.6449522655067	12.8353508056395
-4.76068408610299	4.81571973954734
-8.95560800795954	9.06369740878195
-10.113140288522	10.2609179951935
-16.1084712923728	16.4326705085871
-17.3685225175069	17.6208391243704
-16.1959142335256	16.4678504770549
-15.9403951043592	16.1812745243916
-13.0647793316126	13.21785898291
-12.6004897001475	12.7529385860087
-6.60758005868186	6.54582629721105
-18.7261942221517	18.943156617087
-12.0282082619258	12.2611520615722
-17.3519836406868	17.7072189154366
-11.9564349391398	12.0930051554581
-19.2107426022071	19.4844710162207
-19.8224528696186	20.0932754604047
-15.5420916342913	15.8202049479299
-13.1761743255219	13.3271746511612
-11.1031940443542	11.2613218002684
-12.5561426663992	12.7223393163764
-12.3228772335628	12.478672658682
-20.764116993542	21.0958688546106
-15.3725642492702	15.6680662110295
-14.4360970622327	14.5686914308702
-4.14759354854092	4.37198595612764
-4.14800474136082	4.10784730828038
-9.52973634307298	9.47705410192326
-9.97626657303285	9.94416958742619
-0.677503441117142	0.667625756027054
-7.94638599503827	8.29589150323516
-8.88237769795198	8.81335336218268
-4.4116364368019	4.40872947577907
-17.5720748662699	17.9550357471624
-12.7245907608884	12.8910107709729
-18.6804731383093	19.0219639197635
-17.7592889324567	18.069835268785
-9.18029602895725	9.27562118780789
-4.53761606351122	4.53043889434477
-11.0363746850258	11.1852010641792
-16.0525837639448	16.4221083090834
-22.5901759666567	22.9032453723983
-2.66737419918902	2.68616902927966
-11.9676288071724	12.1053288449387
-12.7019828480675	12.8443840831657
-17.217876088825	17.5379879671584
-16.1125703578405	16.3491099767534
-13.9981483164008	14.3912403080455
-17.9421321068789	18.2502765629658
-13.0942758328035	13.0229556358171
-13.3732528780301	13.7821825899876
-14.1130047990175	14.4788393202007
-19.7693195389578	20.0230344135354
-16.258278231172	16.3610642091661
-4.72803555056328	4.81080244775089
-3.47877752379584	3.48038530623492
-7.63927582082493	7.77977164885809
-20.9717888786495	21.3006027646381
-2.30227268735991	2.35468701365272
-20.0949765403733	20.4098096398232
-18.0013739205917	18.2642931594532
-21.8677910668987	22.2095366576948
-15.0737353197957	15.5092725034118
-18.2130122490058	18.5275446275004
-22.9994834930436	23.2992821651384
-1.44995458114963	1.47587036453968
-4.85046020318061	4.94047809947344
-18.2687763855956	18.54755848706
-20.0938920178867	20.3967892728208
-6.84506928022985	6.89614986747318
-20.7022506778359	21.0101452421429
-19.6700967668662	20.0414679383498
-1.66439003238533	1.64356020117961
-21.399572084839	21.7069837799053
-9.19708746521339	9.26876455245436
-18.9935546435502	19.3590365069745
-2.42598079882775	2.39964041285373
-14.0971347508983	14.3038590820002
-21.3539383004227	21.6437787517287
-2.70756645246139	2.71583223109294
-7.65580678513789	7.73815998984869
-12.0791886912009	12.1998965732415
-11.4065833789494	11.5168671042519
-11.723625487684	12.1124928227837
-2.96920507267969	2.96780158713963
-16.6820758370897	16.9800377210672
-19.6762767508826	19.9954019928336
-3.40366997678659	3.40228571015588
-6.19283011774435	6.22634227051395
-4.21889931704474	4.24585696848995
-20.1152592894611	20.4860051326565
-15.274200727336	15.5756851370729
-5.12493346116548	5.15243250171708
-17.6414563735185	17.9956678556735
-8.90138961569214	8.94645405349501
