0.0180341238113846	0.123227131760095
-0.0449146501190213	0.671772783598534
-0.058421282845652	0.678764104132657
-0.0132005540842307	0.0949879987939347
0.00700424426345066	0.382091543729509
-0.0833915055107298	0.242804253615735
-0.05262529847834	0.496127290718062
0.0668130027577398	0.542064508568988
-0.0358040216024709	0.718998150367538
-0.0681055633994772	0.489982734613141
-7.6898280026121e-05	0.00091323709648959
-0.0211008885127763	0.566156448519052
-0.100237596197591	0.722555109664015
-0.00234231496411266	0.650339994254771
0.00470508795410828	0.719817480248496
-0.0175604249268136	0.0683860410934514
0.0146726738430374	0.700959495415162
0.00334154716924552	0.0478076399216535
-0.0503627343719395	0.733017408880946
-0.0284240564283633	0.506553746911901
-0.0286378957379228	0.716109358014405
-0.039998256615002	0.0499405827709065
-0.0527524467539241	0.150011080464858
-0.0242847036466183	0.38145567362502
0.00433854405714343	0.0346476632107685
0.00520940546763985	0.718526542158098
-0.0672793676601654	0.632390543437114
-0.0359513381442816	0.0673078638779976
-0.0427256217894202	0.479338033796691
-0.0325090866787501	0.641528451854986
-0.0853050995777811	0.681125091676371
0.000928262472624424	0.0403201360497067
0.0300349568332751	0.21436306439486
0.066186431895707	0.314157939983268
-0.108564725527295	0.28294716764421
0.044309148317256	0.594905284596307
-0.0120531538900189	0.0384993127546689
-0.0147886416860664	0.502038855740989
-0.0831409956815626	0.65541730136411
-0.106530778939338	0.709459556773167
-0.140855928376467	0.271786725221627
-0.0891587775316606	0.715921828545725
-0.0745499045690849	0.715355505576875
-0.117702623770287	0.231159424019855
-0.0171660958147253	0.617251180494819
-0.0088735227129509	0.654807773254174
0.00189238151747115	0.00991772480469058
-0.00570744582154136	0.597624579006746
-0.0129508155029055	0.549923683829034
0.00524622433114542	0.540890565532724
-0.0441807833679659	0.622632815262585
-0.000959777430686871	0.386831253926352
-0.079316869562466	0.728970007733417
-0.0588386768839693	0.641910766752435
-0.124270239748821	0.686545626068981
0.0465359818950564	0.601997492810836
-0.0994589492494257	0.647641907125093
0.00207949014668675	0.162734635893155
-0.0292365997290981	0.494218700744904
-0.0843491006024311	0.620710889853412
-0.00585933030538339	0.049371597988191
-0.00402008860110533	0.318916441754216
-0.104843323173146	0.51754856620387
-0.0196125436622255	0.0497175577284015
-0.0983112500838494	0.646199804946981
-0.0454337510066051	0.621804920063605
-0.0927866922241747	0.634407278857291
-0.0107572680028775	0.0243878838712944
-0.00423225923129277	0.659393368417776
-0.0147515771177153	0.106012734152276
-0.0234074972836474	0.0270183851999468
-0.0328201859042456	0.700656745418462
-0.0452534582271892	0.726784292646895
-0.0245043053196876	0.0868301552876552
-0.0299639904412708	0.664297486329843
-0.105591742283997	0.340837429968554
0.0508838182590438	0.427817569985636
-0.0730576785580667	0.440295611277775
-0.00788776173690378	0.0179063101667857
-0.172687392217343	0.235226841080445
-0.0191242546254027	0.0453489821989591
-0.118170408261691	0.241558321352251
0.129196186419494	0.583144536340501
-0.0319958599099278	0.637392857170967
0.0327019412947723	0.654629010921023
0.00503189926804293	0.31048098798613
0.0204270062048478	0.661096263149335
0.0795056086363037	0.147166687048981
-0.00430447287249645	0.037738903296005
-0.0139021188475644	0.0330903613951716
-0.0797263179277536	0.743532124135353
-0.262486655490233	0.593101280812315
-0.00703376671291091	0.0188285608556561
-0.0241926192954134	0.317194404453742
-0.0582067797150274	0.497570475618244
0.0593813109926433	0.581024147798689
-0.0478678211257303	0.649062892145005
0.0205871481186152	0.723216724528462
-0.00266746989827594	0.0246407915511865
-0.0328912034246376	0.313940748059826
