1021,3274,166,1234,3382,1948,2911,306,2123,2148,5756,7694,6006,3293,8074,3988,4795,7835,4499,5727,3954,8560,8577,5131,5826,3990,8668,5074,196,7686,4686,8769,5143,5156,8849,4139,7033,7418,5914,5121,334,8961,7551,7410,6625,5808,3143,6082,2572,4557,67,9092,768,4842,2789,5583,9160,4583,5706,1013,5688,4355,4520,2231,9262,3771,4600,9363,4175,3852,2832,3579,3268,94,4569,3111,6412,7583,7547,3356,127,364,4761,1231,6153,5331,3258,8099,4632,9553,9651,5812,9729,9829,6769,1676,5035,9901,6933,4684
6066,2724,5671,2637,3951,3156,5676,492,2012,4741,2361,7716,6426,6453,8207,3061,1382,8121,6454,6535,5418,7715,8578,2764,4601,6225,8669,3046,555,4631,2609,8368,4450,6321,8850,3556,3928,7085,2166,3605,2461,8962,7709,5080,6604,7564,5798,5144,4597,3509,251,8029,6470,4908,3533,6946,9161,3328,2895,2135,3587,252,1066,1300,9263,2446,567,9364,7096,2142,7621,689,3112,177,4565,987,818,4012,3045,2734,519,1573,3022,8459,5768,7014,5692,7663,6257,9554,9652,3367,9730,9830,5008,423,225,9902,6745,6027
3430,2860,2305,2058,7307,3847,5375,463,2544,648,6894,7985,1738,6729,8339,3354,605,7737,2916,3185,7078,8391,8579,5309,3673,6948,8670,4269,1509,7114,6020,8770,6930,6844,8851,7004,7010,7672,3789,6691,382,8963,8397,6607,3424,1725,6813,1050,5414,3620,130,9093,5964,6293,2568,1805,9162,4563,771,213,5245,2642,2837,940,9264,6764,5455,9365,4823,7055,6768,1447,360,268,6491,1506,8162,6771,2836,4282,86,795,1825,2632,2304,6878,4305,8254,4484,9555,9653,1841,9731,9831,6302,4676,5163,9903,6649,6262
2606,2743,2896,1124,2321,3708,4874,467,1540,3291,6015,8010,5377,6138,6704,4329,3074,8532,5831,4275,6464,7702,8580,1445,1872,6263,8671,3811,224,4524,5102,8434,3709,5878,8852,6628,4196,6392,1019,727,3201,8964,7829,4599,5516,4664,6032,4670,4615,2940,80,8159,4728,4131,4501,5194,9163,3271,743,2771,4351,186,1449,2618,9265,6038,936,9366,4299,5985,4837,1346,4938,106,2961,3077,1153,6873,6853,5274,244,2027,2284,6545,7087,7148,3972,8468,6512,9556,9654,5856,9732,9832,7232,1474,3762,9904,6131,6585
3630,1957,1551,1145,3129,1108,6005,566,2730,2183,1282,7022,4733,5554,8423,3176,684,5059,7443,1800,6594,8341,8581,1388,7545,6255,8672,6348,189,8001,3460,8771,7644,4251,8853,3810,6914,6857,7054,7251,386,8965,9061,6799,5702,6142,4338,7217,6528,6521,70,9094,1286,6626,4159,1349,9164,2725,1090,307,6034,857,4930,1162,9266,1009,1039,9367,4084,4638,8251,3635,2969,206,6127,3012,8123,8221,7843,4319,240,971,5353,4833,6349,7394,6898,7624,6240,9557,9655,1029,9733,9833,8420,7347,2271,9905,5007,5298
6882,3846,4081,3594,4320,958,4951,749,1721,5596,1020,7204,6162,5865,7501,1759,2053,7860,3289,5174,6802,7655,8582,2190,5997,6677,8673,296,193,5628,4602,8772,5440,5978,8854,1266,1862,2545,2430,1781,3596,8966,8398,5001,7059,6075,4463,5250,4731,3323,227,9095,5995,4967,4392,7039,9165,2745,1686,1745,4083,1075,1053,862,9267,1086,310,9368,4491,7045,7982,4774,3641,460,3797,1807,4940,3680,1726,3482,1136,1260,3140,9504,6798,5254,5373,7959,5429,9558,9656,6640,9734,8481,4136,1922,443,9906,6552,6221
5943,2280,2486,1242,5033,1481,5204,730,204,4380,3691,7122,3679,3459,2669,2878,1742,5590,2387,2622,3441,7631,8583,4646,4953,3281,8674,1431,1105,4751,5912,8435,2978,844,8855,5302,785,3067,4959,6437,3416,8967,7931,2504,4386,5855,2342,3158,3119,3952,2514,9096,6738,4031,5616,2801,9166,2256,3248,1741,3513,311,3121,2586,9268,5454,5048,9369,4760,2464,7056,3301,3845,2658,2362,340,6044,2788,3950,2720,744,1539,2540,7814,7092,2056,2741,8255,3407,9559,8258,5626,9735,7509,3216,4013,2179,9907,6026,2870
6673,2006,3879,436,7197,2426,5642,1258,1326,753,3414,7389,6402,2137,7464,2947,4704,8313,4657,5384,6063,8136,8584,4511,4077,2369,8316,3115,187,6659,5776,8773,6682,4385,8856,2954,4745,6664,1361,5192,827,8968,8101,4526,6984,5990,6710,4660,6507,4561,77,9097,2132,2322,1378,2595,9167,3515,1876,549,4839,3555,4263,415,9269,819,5122,9370,546,6243,7661,4119,4110,246,3792,3785,7271,7653,6631,2588,98,1671,2902,4494,5886,5751,6040,8092,6591,9560,9657,5259,9736,8482,7032,2309,5675,9908,4226,4074
8044,2709,5505,1918,7259,3863,606,545,1531,3737,3543,8154,4706,5782,8386,5680,759,7908,4550,6751,3622,7626,8585,797,1487,2007,8675,696,1583,2066,3536,8369,3674,6435,8857,5269,3315,5342,4244,3100,1335,8969,9062,3473,6520,6305,2868,3957,3252,1735,231,7791,5771,5200,2824,5172,9168,2638,5208,2257,2405,962,2026,1465,9270,3395,4490,9371,4469,5164,7963,4406,4679,884,3512,508,7314,2316,2610,3507,457,1715,1886,8072,4645,5246,4928,7402,5219,9561,8359,3874,9737,9834,2920,1900,336,9909,6206,4182
4871,2930,2172,2827,4033,2049,3808,615,1110,1438,7751,8045,5837,7303,7952,7224,3104,8533,2723,8000,5941,6174,8586,3652,5236,5388,8676,6189,353,6132,1785,8774,4687,6335,8858,4517,3839,5931,652,910,1832,8970,7628,6195,5329,7273,7123,5844,7135,2533,438,8450,6866,7019,2314,7255,9169,3420,3296,1237,4387,178,1002,456,9271,7247,277,9372,7008,5282,7512,754,4539,164,5297,1353,2554,4850,4832,3563,218,828,3782,8296,5190,6381,3224,7770,6062,9562,9658,6297,9738,8222,5559,232,3645,9910,5921,7191
1707,704,1680,474,2413,303,2668,1366,233,3959,1161,3843,5806,2716,7205,3570,4478,1981,6651,3526,7043,8127,7002,750,6970,6278,8677,2444,101,7405,1690,8775,5858,5644,8859,6010,4766,6678,701,5666,4022,8971,9063,3502,7362,5924,3700,6149,4701,5383,81,9098,548,6285,7489,3523,9170,4092,4315,4002,2197,2116,3995,2539,9272,1665,787,9373,4743,5434,7608,6568,6013,813,3900,2830,8020,7480,5657,663,2519,1704,4271,7194,7491,4963,5234,8058,6848,9563,9659,5880,9739,9835,6467,5108,4726,9911,2576,4611
87,158,343,294,867,321,1276,1028,1701,3637,1011,5333,1508,5565,7806,2570,2963,5591,6547,3989,7594,8561,8036,859,6486,7284,8678,4371,173,7097,1377,8776,6775,6058,8860,4594,6582,6106,3963,6845,2538,8972,9064,6847,7724,7327,1610,5396,3923,5046,156,9099,739,6763,7758,5803,9171,3770,6199,2656,2775,2443,5153,2565,9273,5503,370,9374,4209,7462,7793,7040,6429,1674,6317,3319,9483,8202,5992,2187,3218,938,3188,7518,7645,5462,6111,9530,7767,9564,9660,5708,9740,9836,7250,5902,3371,9912,3043,1802
8421,733,4575,2174,7857,2259,3372,1181,217,1748,3911,6265,3228,3162,7984,2439,3181,7058,5466,3486,2541,7420,8128,1155,1038,6229,8679,2679,2536,5411,1402,7484,5664,4573,8861,3434,1894,5729,1895,6600,1280,8973,7810,3998,6217,5099,5833,4763,2110,4000,2203,9100,1773,4115,2101,6003,9172,3177,5425,249,1394,1608,3232,2772,9274,4240,4158,9375,2089,6178,7650,3791,1491,953,3476,1097,6281,5327,3337,2810,1203,1241,810,7739,6869,1324,4999,8244,3924,8331,8152,3683,9741,9837,2169,4508,4176,9913,6650,929
2118,861,4117,856,7408,2516,4137,2470,373,4036,755,6192,3985,3546,6740,3157,3346,6956,5736,3447,6118,5991,8587,1973,1455,4772,8680,2957,2059,7243,4080,8777,725,854,8862,5966,2861,5989,3200,5432,1782,8974,8158,3914,6465,202,6539,2578,4591,4116,1236,8375,4898,2311,4163,6065,9173,1651,5039,2979,4339,833,763,882,9275,3125,3837,9376,3648,6116,4510,916,2791,3037,1284,1214,7727,6803,3757,2682,1104,2080,1971,7815,7269,3217,4627,8256,3256,9565,9661,4533,9742,7998,5226,2520,3016,9914,6668,3754
116,219,738,520,3290,1368,3170,1340,144,2345,1024,5291,3350,982,6707,2104,5993,6368,6068,3682,6927,7826,7762,2890,4894,837,8681,3567,1791,6558,1250,8778,6581,6248,8863,5262,5337,2440,5165,6831,3388,8975,7425,6028,7103,7017,5574,6473,6205,4703,1607,9101,4198,6672,6614,4605,9174,3056,4634,1006,1681,302,4049,2334,9276,4334,2925,9377,996,7603,7494,3471,4192,2388,5003,1980,4475,6744,3064,3721,258,2031,3540,8413,7381,5535,6620,9531,2211,9566,9662,5670,9743,9838,4203,3138,4095,9915,6241,3253
6820,2452,3122,917,2074,220,3250,972,1784,3896,898,5716,6565,6404,7906,2076,1313,4970,3805,3219,7169,8562,8087,880,6705,7120,8682,4860,108,7272,2067,8779,5448,5177,8864,3021,5867,5038,5524,6899,1629,8976,9065,5983,5482,6399,2248,5263,3830,4278,75,9102,764,7370,2882,6476,9175,1941,5494,2193,4208,1364,4738,737,9277,4887,133,9378,6100,5948,7877,4530,4553,500,762,3313,6430,8080,7623,1582,1078,1893,3610,7393,5600,6701,6702,7646,5042,9567,9663,5862,9744,9839,8083,4801,2784,9916,2207,2613
7920,308,4862,1959,7611,3126,5538,2768,124,1687,5284,7983,3251,6954,6967,3276,1544,7110,5244,3884,1146,6761,8588,328,504,6652,8683,1112,3432,4620,1498,8392,4008,4412,8865,5636,967,7421,5303,6414,1446,8977,7319,6085,5379,3806,3134,3619,2289,4671,2150,9103,6438,5057,3727,6022,9176,1656,5146,271,2198,398,1334,3392,9278,1617,3245,9379,3621,4155,7785,4161,1522,2081,4292,2380,6208,7340,4086,4616,1422,1994,361,7735,7076,5395,3905,7934,5601,9568,9664,1490,9745,8259,4273,5094,3577,9917,5409,2995
349,301,843,452,1355,614,1547,1367,139,3813,1033,4649,5584,3131,7529,1763,4923,3943,1545,4301,7192,7708,7638,1027,4571,5882,8684,3132,143,7615,1834,8780,4535,2140,8866,5437,3956,5634,998,5705,4713,8978,9066,6961,6793,7378,6077,5397,2852,4856,354,9104,1115,5915,6814,5542,9177,2522,6531,3851,3686,1350,4050,2505,9279,3623,970,9380,6619,7497,7941,6743,6176,1477,4482,1411,8163,8180,5929,4051,1458,1504,4642,7013,7481,4071,5755,7890,7566,9569,8303,6236,9746,9840,4942,2569,3226,9918,2808,5054
6728,1109,4111,2804,7238,3783,1191,625,1058,4777,3353,7891,5386,4685,8424,2157,4884,4668,2200,3506,6632,7533,8589,2549,3930,3390,8685,4384,3327,5096,4724,8781,2434,4267,8867,5919,1670,2944,3871,4617,1731,8979,7386,4653,3168,5160,2415,2141,4330,2390,2661,9105,2249,6037,7093,6770,9178,944,5130,242,831,969,1930,2088,9280,3514,4202,9381,3041,5517,8170,3890,470,2479,3106,589,6432,6117,3364,1783,1631,1315,1403,8253,3722,5979,5231,9532,6462,9570,9665,5499,9747,9841,4362,487,617,9919,6488,536
2955,1001,1298,576,1272,223,1482,986,201,5210,1238,5125,6444,5661,7149,1336,2330,3603,2881,3945,6356,8427,7872,1516,6334,6216,8432,3398,121,7515,3238,8782,2812,2417,8868,6172,2680,5970,2222,7332,4173,8980,9067,6482,6778,6969,4626,5242,4861,4525,72,8404,417,7310,5349,3085,9179,1829,6459,4109,4786,2945,3464,1719,9281,4123,210,9382,6088,3451,7392,4918,5180,668,5004,3082,7656,7454,7597,1314,2740,3049,4259,7026,7236,6575,6718,7755,7411,9571,9666,6134,9748,9842,7824,6543,2005,9920,3025,3857
3593,1227,1571,2099,7563,2820,2318,1486,1178,2972,5895,7668,2170,3107,7965,4106,2336,7807,5890,4167,3186,7977,8590,3877,4239,1222,8686,3767,2384,1461,3980,8269,6449,5315,8869,6186,4979,6749,636,6548,2037,8981,8399,444,4920,3494,2767,3005,6071,2011,1848,8405,6379,3072,3576,5679,9180,1059,5786,779,3500,2641,2782,1696,9282,347,2292,9383,4331,4028,6377,748,3996,2594,4129,572,5352,7821,6324,506,629,650,955,7862,6039,5354,5486,9533,3183,9572,9667,4085,9749,8260,7219,2015,3773,9921,3057,5173
3047,1810,3763,2862,5811,1343,4474,659,1887,5328,3066,6669,6390,5873,7210,2761,1716,7695,5723,5866,6382,7993,8591,3075,3840,5981,8687,3974,1189,6621,3152,8783,5346,2625,8870,1576,6494,7126,1283,5428,1867,8982,8441,5365,5887,7581,5510,3442,5604,4197,569,8109,4290,6309,5126,3632,9181,2272,5672,681,3117,1048,1588,433,9283,1329,1351,9384,6924,5461,7525,5285,1430,391,5748,276,6658,2391,3339,1819,132,922,1435,8297,6358,6200,3205,7302,4619,9573,7989,1975,9750,9843,2854,672,2488,9922,7060,3503
25,20,17,28,45,65,136,482,2346,7020,1439,6484,6310,7535,8192,2406,5814,6977,8013,4026,8143,8563,8592,5627,7930,8054,8688,3946,1734,7946,4243,8784,7359,7741,8871,7075,7523,8038,8068,8318,7355,8983,9068,8047,7887,7559,7596,7955,7537,7538,1235,9106,5573,7962,7792,7900,9182,5687,7296,7068,6602,3272,5773,5557,9284,7888,1200,9385,7448,8098,9466,7468,8201,7754,8150,6504,9484,9491,9498,6511,6220,5435,7476,9505,9524,7658,7677,9534,7789,9574,9668,5083,9751,9844,9894,8363,3915,9923,5762,7279
6925,3234,6655,2245,3165,2777,2524,2018,1218,4225,5872,7858,4990,6359,7568,1529,2061,7848,4911,6693,5519,6273,8593,988,2956,7358,8689,2760,275,4897,5497,8436,4017,4971,8872,5214,2583,6561,396,1851,2017,8984,9069,4053,6450,7100,5233,4755,4376,1767,350,9107,6036,4568,5645,4054,9183,2573,2025,1694,2962,493,602,1210,9285,6004,731,9386,5179,4849,7733,2557,3651,532,6128,1073,4623,4125,2908,2797,419,1448,2204,8460,6974,6371,4052,9535,4921,9575,9669,4608,9752,8362,2853,540,431,9924,7145,5775
3288,939,4934,2032,6916,4368,1169,2008,111,3717,6816,7643,5216,4293,8165,2288,2143,7861,3102,5863,4261,7227,8594,4864,871,4816,8690,1912,2124,3178,5182,8785,4250,5842,8873,3410,5967,3491,3128,5691,1269,8985,8196,1685,3030,5304,4346,3726,3383,3568,3076,9108,6685,3986,6610,3475,9184,853,1977,245,2335,912,851,3902,9286,714,923,9387,4402,2604,7560,741,522,2774,4996,2416,3260,7633,3335,4340,1387,374,3429,9506,6735,5933,4799,8301,5523,9576,8094,5290,9753,8265,6654,3766,1827,9925,6098,3699
6636,2453,2721,2269,7799,1821,4570,769,281,3742,4794,7574,4875,3617,6998,5183,934,7472,5426,3373,1192,7746,8595,3360,2427,4157,8691,3743,437,603,3169,8786,2981,3758,8874,3794,4949,6124,3710,1934,2651,8986,8400,4888,4309,5175,4168,2513,3649,2230,1871,8406,6896,1969,6748,5906,9185,1240,4680,1828,1538,552,1471,2044,9287,1891,2379,9388,4308,5112,7539,2469,3322,2694,2619,1772,7666,7037,5018,1164,1054,1889,2936,7903,7028,4304,405,8414,2510,9577,9670,1330,9754,7441,5006,3850,1224,9926,6056,6014
18,29,27,44,63,93,485,286,400,7077,5026,7999,6492,5683,8518,5211,5078,8534,3573,5898,7571,7978,8596,5611,4787,6918,8692,5783,1801,7660,5757,8787,7558,6171,8875,8077,7604,7396,6787,7652,3774,8987,9070,7996,7572,7051,7673,7430,4916,5925,895,9109,6073,7403,7840,6370,9186,5685,7364,2041,3824,5372,4140,5791,9288,7183,7108,9389,7118,8069,7440,7233,3310,5707,6598,2838,9485,9492,6780,6734,2792,4089,4408,7850,7508,7180,7237,9536,7376,9578,9671,7483,9755,9845,7756,7846,7287,9927,7541,5605
7181,3378,5380,2555,2822,1470,4477,428,1798,5653,1397,7413,4991,6593,7705,2499,4148,8248,6362,6046,5508,7921,8597,5040,490,6861,8693,1014,329,2993,4102,8344,7137,6642,8876,6123,5287,7009,2629,2347,3040,8988,8039,5257,7530,7063,7005,5460,7297,3206,239,8451,5529,1337,4258,3650,9187,1678,1628,2319,3321,122,1325,1142,9289,2912,734,9390,4890,7156,8056,2559,4433,195,2621,1843,5909,6074,3466,4507,690,2188,3249,8461,7266,4142,2352,7805,6834,9579,9672,7214,9756,9846,5087,317,886,9928,6148,1201
6394,1937,1106,1641,5852,1755,4353,1151,1683,1881,2833,7717,6576,1903,7884,3591,2483,4398,4700,1255,1723,8428,8598,4145,5268,3003,8694,3944,432,7436,5069,8788,7003,3684,8877,4447,6676,6411,6340,7170,366,8989,9071,6364,5412,6357,3836,4847,6711,4130,66,9110,6323,2477,3629,1907,9188,4917,1520,560,5223,503,4264,1022,9290,949,5593,9391,3333,878,7630,2696,2034,96,6717,2241,7469,7822,7057,3873,262,963,3311,4775,6101,4950,5986,6706,6533,9580,9673,6943,9757,9847,7278,6766,2156,9929,6963,6498
8004,2383,4770,2935,8174,1852,407,975,1410,3769,7021,8184,2677,2498,7665,6515,1154,8282,3865,7818,2022,8062,8599,3733,2849,2412,8695,359,3199,925,4455,8789,6353,5700,8878,4957,5582,4027,4456,6024,1602,8990,7290,1962,4100,4359,4545,1328,1107,855,378,8271,3255,5817,6809,5132,9189,2212,4868,1289,3370,1299,1664,1640,9291,2030,2633,9392,4945,5620,7794,2989,2798,2456,1303,1149,7147,4229,6290,3664,977,881,3203,8181,4312,3098,3604,8469,4818,9581,9674,1793,9758,9848,5917,2697,300,9930,5851,5196
7175,1892,2242,1846,4075,3501,5376,2240,478,4221,4752,7816,5632,3897,5518,1158,3035,3761,3827,4992,5381,7828,8600,4723,3462,4633,8696,678,1148,5278,3504,8790,5777,1744,8879,4925,890,5784,5493,3468,2571,8991,8177,4636,6092,5714,4613,2758,6424,2776,1318,9111,5630,175,4836,2363,9190,2879,2441,1612,4133,1910,1301,375,9292,5369,2581,9393,3825,3968,8118,2719,3495,1488,2176,1938,5761,5669,5750,1888,126,1128,860,7958,5215,5005,5840,8203,4151,8473,9675,2575,9759,9849,6001,2851,1137,9931,4749,3707
24,19,11,30,40,62,110,670,919,7176,8494,8500,8011,4099,8519,8312,7519,8535,5829,8554,7349,8564,8601,6121,4983,6928,8697,6624,5088,7245,5633,8791,6759,3405,8880,3270,8395,8951,7696,8319,1906,8992,9072,8229,6981,7216,8348,6446,7831,7264,6808,9112,6982,7299,8161,7894,9191,4826,8111,5639,5721,6733,1882,5984,9293,7186,6983,9394,5399,8070,9467,6218,8016,7895,6630,1854,9486,7616,5658,4976,4830,5358,6542,9507,8327,7372,7796,9537,7088,9582,9676,6804,9760,9850,6277,6158,8233,9932,7459,7693
7712,1010,2786,2420,7664,1450,644,1823,1441,1693,2983,7971,4227,2386,5877,3309,5267,6479,5410,4184,5796,7580,8602,2783,4069,2134,8698,3718,1627,5710,5097,8792,3204,4486,8881,1724,332,1838,462,1179,2154,8993,6885,4373,6016,6279,633,3755,5779,1749,1604,9113,5171,2146,6500,5502,9192,2356,2161,1061,2277,3088,3189,1815,9294,1613,2252,9395,3316,6202,7942,4141,5484,2186,4193,928,7879,7674,6952,883,777,1611,1923,8003,5655,1134,3659,7776,1102,9583,8138,4783,9761,9851,7404,2889,5184,9933,4742,5903
6758,1354,3538,1778,7366,948,1138,1369,222,3139,5109,7718,4901,4206,7864,4397,4582,7027,997,2064,4228,5061,8603,1515,4913,5561,8699,3347,3090,2688,6481,8793,637,4994,8882,6613,2600,3053,4663,6472,2149,8994,7502,2125,6737,1225,2967,2265,3888,1960,930,8226,911,4156,2358,4721,9193,2072,3960,1637,2038,723,1913,1008,9295,5289,2262,9396,5188,6451,7948,1163,2635,257,4546,2703,6252,7734,6047,2117,403,1605,1737,8009,6810,5522,5635,7729,5044,9584,8474,4439,9762,8483,7155,2683,4328,9934,6641,6303
49,32,14,7,13,38,57,100,544,4869,8495,8501,8133,8278,8520,8530,7761,8536,7938,8555,7740,8565,8604,7911,7444,7289,8700,8433,2168,8262,7886,8794,6633,6968,8883,8288,7763,8396,8217,7747,7384,8995,9073,8088,7940,8289,8270,7416,9091,6550,7543,9114,8452,8008,9156,7697,9194,7422,6657,6052,7856,3338,5476,7773,9296,7972,7324,9397,8199,8455,9468,6908,7820,4870,6897,5058,8355,9493,7968,7294,3292,6617,7283,9508,9525,8300,7187,9538,7943,9585,9677,7101,9763,9852,8205,7200,7918,9935,7678,7951
2463,2264,2473,904,7239,632,4566,863,1198,3380,3804,6546,3697,4418,7649,2399,2458,7102,1196,3317,4880,8566,8605,4190,2354,2877,8701,1473,1273,4580,5017,8795,4765,5959,8884,1976,3105,1092,3881,4314,1873,8996,6907,661,2762,6409,5014,3144,5161,1415,1046,9115,1663,5106,5874,3034,9195,2078,2869,835,4449,2014,3198,3159,9297,1642,5265,9398,1970,4912,7091,1117,4559,961,4790,2394,4420,3938,3120,2381,1190,1129,2590,7226,7203,2120,4429,7935,5370,9586,9678,1598,9764,9853,4274,2506,6283,9936,5534,5677
6697,2408,3547,1287,7641,379,3815,2096,1466,3796,4665,7321,594,2299,7382,3858,3981,7240,5495,2094,671,8185,8606,1156,3734,5431,8702,1901,2175,4881,4302,8437,4736,4438,8885,6339,3578,6445,4295,6499,3116,8997,7782,2517,5684,4658,4467,3711,6223,4448,578,9116,6570,715,6942,2472,9196,1274,5900,1874,1616,2060,1483,1199,9298,200,3701,9399,3552,3849,8114,4919,2366,3207,1083,1682,6447,2431,1499,1914,1513,2298,3004,7387,7306,5954,4421,8415,4400,9587,9679,3798,9765,9854,2933,3175,3856,9937,6755,238
7050,1729,3949,2695,6795,2713,5667,475,811,3483,5506,7442,4424,5507,6890,2828,5359,6825,345,6002,4493,7414,8607,468,3059,4643,8703,808,2173,5802,5797,8796,805,5065,8886,6011,4854,4358,2990,6244,618,8998,3778,1916,5348,5498,4644,4364,3678,550,1718,9117,3300,4562,6474,4513,9197,1442,3926,957,3492,756,1042,2876,9299,6109,1037,9400,3882,6113,8179,3695,2749,2589,3089,1040,6228,7326,4753,3493,1307,1379,1356,8381,5648,5820,5218,8033,5427,9588,9680,319,9766,8484,6874,521,2052,9938,5138,6367
7367,584,4767,1393,7768,3439,5564,90,1400,3597,5401,8189,4121,5119,8309,5734,4654,6934,4691,4819,5793,7351,8608,3787,2326,5737,8704,3069,523,4993,5937,8797,5341,4207,8887,1949,1297,6140,646,1339,2103,8999,7925,3750,5237,5703,3173,4174,6313,1209,445,8102,6292,3747,6185,5295,9198,1389,6332,221,2617,351,1204,3142,9300,2809,4717,9401,5558,4521,7569,3969,4348,900,4585,1259,6583,1023,1847,2839,1357,1621,1995,7827,6995,4006,5795,7470,3693,9589,9681,6164,9767,8485,1263,3042,1065,9939,5828,6103
3921,885,901,832,7625,1114,2224,1822,728,2221,7331,8502,5960,6154,7579,5513,4771,7778,2351,7185,2659,7308,8609,2051,3978,1004,8705,3449,2951,5956,4178,8798,793,4551,8888,4758,4813,6647,1000,4926,1534,9000,8401,3723,5389,2281,3431,3977,6261,1323,2421,9118,4234,3666,5550,6151,9199,3351,5868,411,3739,291,746,2737,9301,2746,4678,9402,3644,5848,7870,2055,4394,1924,1736,2785,3658,6355,5577,330,794,2247,1997,8063,5794,1166,6239,8470,4800,9590,9682,1035,9768,9855,6944,5072,2278,9940,3362,2082
3093,1100,3907,1777,5465,4046,5322,807,846,4252,7690,8277,4956,7140,8279,6517,5095,8537,3829,7836,5520,6235,8610,2742,2000,4094,8706,4820,384,5972,2070,8228,5279,3677,8889,4097,4885,7334,781,2660,858,9001,7742,5547,6665,7487,6903,5949,6597,2537,579,8148,6634,6538,2937,6095,9200,2727,5608,1954,3633,190,597,1319,9302,6510,718,9403,6605,3748,5901,2733,5273,654,5512,402,2528,1804,1560,978,362,2303,2509,8462,7047,5300,4064,7257,5275,9591,9683,7277,9769,8204,994,216,2040,9941,4356,7015
114,55,35,9,1,5,22,47,71,534,8496,8503,8516,8234,8521,8531,8365,8538,8366,8556,8006,8567,8611,7618,8315,8367,8707,7199,8216,8764,8768,8799,8371,8027,8890,8373,8949,8952,8956,8440,8958,9002,9074,9087,8374,9089,8448,8449,8290,8147,7588,9119,9155,8453,9157,9159,9201,7313,8198,9260,8112,9261,7208,7759,9303,8241,9362,9404,8454,9463,9469,8379,9480,8079,8242,8090,9487,9494,9499,9503,7570,7657,7617,9509,9526,8467,7974,9539,7798,9592,9684,8115,9770,9856,9895,9899,8491,9942,8246,7919
943,499,3436,3585,7598,4030,4289,1857,1926,1708,6622,8504,6739,3241,8208,5228,645,8214,3136,4859,5133,8568,8612,588,5347,5459,8708,1373,2627,5690,7129,8800,6689,6338,8891,4547,5942,4762,2086,7506,254,9003,8225,1569,6198,4988,6549,6666,6314,766,128,8349,6862,7067,2875,4968,9202,3719,4446,152,2865,3109,3807,418,9304,7053,5940,9405,5612,4003,8032,6333,267,2092,5581,1183,8356,6110,5086,686,272,604,448,7766,1880,3662,6350,9540,7073,9593,9685,4020,9771,9857,4255,4378,3305,9943,4630,5753
8132,656,4534,2814,7790,2816,4896,2191,140,3456,4759,8155,4188,5719,7777,5889,1292,7637,5936,7173,4876,8023,8613,687,3553,4576,8709,1702,3703,5910,4669,8801,4322,5207,8892,6939,3735,5767,1228,6456,1468,9004,9075,3937,6141,2228,406,4596,2235,3190,3254,8197,4010,3987,6950,5081,9203,2574,5823,194,3653,2466,1212,2317,9305,5178,4165,9406,3615,3903,7901,4651,724,3530,3994,927,6342,5731,3020,770,414,1312,1780,8164,6296,253,1131,8416,1795,9594,9686,2396,9772,9858,4029,1983,2216,9944,5800,5367
5124,1264,1088,3269,5260,2905,5553,1603,658,3458,5689,7730,4177,5726,7521,2468,3032,7151,4827,5313,5509,8067,8614,3702,4579,2736,8710,2208,1824,6345,1069,8802,5531,6603,8893,6139,4428,5665,3844,1480,876,9005,8402,4980,3282,5134,4041,1632,4034,1362,2732,9120,6115,902,3444,1270,9204,2872,5804,1464,4436,390,1951,3606,9306,845,4853,9407,3334,3225,7688,2773,1252,2126,3240,1071,4586,7011,2846,2891,1275,2167,888,8298,2093,6018,408,7975,2960,9595,9687,1219,9773,9859,3690,4899,956,9945,5457,4147
6083,1935,1345,2286,6442,3171,3984,512,1133,1940,5022,7859,5145,5149,7522,4212,1341,7614,1559,6090,2726,7979,8615,5323,5467,4247,8711,2206,2811,4776,3273,8803,568,1552,8894,3231,4413,4062,4180,4825,1261,9006,8219,3487,5905,2681,4822,1553,1853,1615,2250,7875,3694,3557,4843,6384,9205,1845,4058,608,3554,371,1187,2301,9307,3872,2518,9408,3642,6012,8200,2551,3130,2562,1703,850,6209,7030,3826,1747,1005,1120,422,7609,6380,1406,4955,8022,3497,9596,9688,4866,9774,8153,3979,3704,3280,9946,5296,4204
2109,1658,3413,1548,7397,1789,2779,1170,1118,1890,7132,7323,4138,4628,7801,1157,4383,7675,3655,4452,778,7803,8616,2907,441,5123,8712,4537,2614,2454,5356,8804,5084,5098,8895,5351,5062,6566,1085,4039,719,9007,8002,4183,4544,2532,2171,1344,4878,3688,2893,9121,3096,981,6662,3266,9206,3391,3019,1294,3384,3428,803,3324,9308,6042,4236,9409,2684,4811,5504,2910,887,1139,3411,1561,2210,5305,3349,2958,283,1645,2073,7610,5869,2364,4554,7811,4682,9597,9689,2423,9775,8059,3052,4223,3775,9947,3545,4791
7337,2503,4982,2818,6687,2729,6513,2663,450,3752,4612,7713,870,4021,7357,2003,3518,6493,4128,4370,4200,7837,8617,1220,984,6905,8713,5939,662,5922,3433,8805,3386,2121,8896,1440,5913,6197,440,2100,2856,9008,9076,2886,5361,7023,4805,2320,5899,575,3901,8272,2770,3024,6181,6425,9207,3006,3011,1535,3060,498,3581,2903,9309,4892,665,9410,4481,5570,8252,4265,3036,1568,1675,745,1666,7813,4667,905,1034,1267,2841,9510,7130,6448,3179,9541,2496,9598,8475,2254,9776,9860,6366,274,5760,9948,5733,1556
2436,2227,4425,1502,6328,3193,4764,796,439,1484,4237,7198,5801,5334,5527,708,5491,5221,3455,5579,5962,7496,8430,5027,2796,266,8714,2445,612,3262,5841,8806,5963,6406,8897,5480,3488,4683,3017,2766,1205,9009,8442,5090,6242,964,5390,3625,5070,2823,1497,9122,4873,5085,3055,5319,9208,1758,3922,346,1381,563,893,2593,9310,1391,1779,9411,5673,5621,7488,4224,3689,1754,3149,2357,4855,6343,4969,3627,869,643,1799,8274,6388,4514,4466,9542,5116,9599,9690,5578,9777,9861,3953,3361,2476,9949,6783,960
7457,2529,4430,2556,6319,312,4986,2699,188,4076,7012,7800,5277,4656,7589,4135,5114,7731,3777,5159,1215,5988,8618,1308,3039,5444,8715,4427,1695,5770,2432,8137,1421,4572,8898,6772,5695,2261,4846,6846,1826,9010,5404,2300,5754,6168,4779,4127,5730,1870,742,8250,5299,3728,2700,5772,9209,1936,4769,1185,2728,735,547,1052,9311,5469,1797,9412,2948,2428,9470,3588,3345,1226,3590,1268,4270,7301,4788,4531,125,891,1375,8463,5663,932,5025,6170,3007,9600,9691,4352,9778,8486,4946,518,4457,9950,5763,5722
775,2643,3099,1813,1581,2523,4096,442,1844,5928,1472,6308,6690,6722,8235,1404,945,8141,6979,3997,7207,7557,8619,4614,2686,5699,8343,868,181,7687,2806,8807,4343,6671,8899,5474,3942,7437,6326,4354,3583,9011,7743,5030,7252,6855,4542,6417,4939,6009,85,9123,3671,6712,7465,6726,9210,3663,2623,2780,4960,412,117,2039,9312,5654,510,9413,6532,7325,2628,2306,3409,767,6965,2880,3307,2112,841,3779,1812,2689,3955,8357,7662,5836,5405,8182,6765,9601,9692,6053,9779,8487,1485,1586,263,9951,3933,6210
37,50,61,73,261,909,2932,2906,313,6489,8385,8505,5930,5765,8522,7473,7670,8539,6523,7477,6752,8569,8620,3081,7346,7452,8716,6919,631,6777,4047,8808,7190,7819,8900,7809,6159,7281,4444,1879,5540,9012,8167,7439,4693,6876,6540,7052,2676,3084,1978,9124,7282,7328,6421,5241,9211,5288,5556,1476,2805,394,1221,6840,9313,6294,1457,9414,7007,8411,7517,5408,4603,611,5470,3745,2243,6833,2181,2611,2591,4407,2474,9511,7635,5788,5879,9543,8073,9602,9693,7315,9780,9862,2501,1865,6374,9952,4981,6534
1094,1533,5185,2350,7368,4195,6468,344,112,4716,4784,7944,5213,6212,7986,1830,3550,7201,1546,1595,5976,7398,8621,2970,6519,4902,8717,4661,2929,3788,1739,8809,6670,3463,8901,7139,4652,6880,5515,6530,1202,9013,6891,4459,4694,6709,5489,4480,1956,874,2315,9125,5920,4509,4905,6108,9212,3394,6336,776,2433,954,565,3418,9314,2084,674,9415,6544,5712,4995,1771,170,3236,6238,3661,4389,6035,1523,514,585,1057,3195,6269,3964,6601,4288,8471,5464,9603,9694,4817,9781,8043,4152,314,3602,9953,4711,3155
5904,716,951,1688,4025,2502,3760,1060,950,3192,5077,7817,5597,4043,7166,2603,3014,7304,3765,6193,1521,7534,8622,3044,5252,3828,8718,1652,2194,6325,3764,8810,1208,4598,8902,6797,4112,6980,5424,3599,1972,9014,5202,4279,6226,3670,435,1769,6245,2378,683,9126,2484,3992,5024,5127,9213,3180,4442,2217,3712,230,2515,1360,9315,4697,4541,9416,3445,5602,6886,2414,664,1479,3640,2065,7379,7179,4689,2874,1554,2159,700,7490,6801,4470,4437,6407,3517,9604,8476,717,9782,9863,5749,3467,3667,9954,798,1808
931,1646,480,2195,7701,1172,1173,2482,338,3148,7460,7945,4997,4778,7669,4863,5301,7390,4516,7241,3303,7910,8623,3607,3103,5261,8719,5463,1713,4838,5475,8811,4914,4487,8903,3983,4361,1764,5528,4590,2475,9015,8345,5220,3435,6420,5575,3369,2151,3716,2270,9127,6471,4317,3848,5010,9214,821,4287,626,1864,801,2754,1558,9316,5847,1597,9417,2630,5326,2232,4171,1127,2648,4215,655,7265,7119,4889,1374,309,1091,2494,7795,6306,4927,476,8119,2702,9605,8477,3329,9783,8183,7316,580,2226,9955,2147,5472
6663,2778,389,1659,2497,5235,2511,1012,1673,4241,4040,6646,5181,5063,7267,1135,3592,7383,3519,2218,3565,7726,8624,2083,3614,573,8720,4965,1296,4367,533,8812,5067,3402,8904,6527,2534,6191,5944,5974,4431,9016,6812,4479,4286,6069,1530,2602,1878,5415,1459,9128,4574,4672,5650,5047,9215,3705,3685,1861,1756,89,3013,4549,9317,6608,965,9418,5780,2567,8078,5031,4985,3009,4629,2111,3904,2974,2339,453,1594,3073,3097,8464,2826,399,591,9544,6276,9606,9695,4395,9784,9864,4904,3522,3634,9956,4593,5614
59,39,15,2,3,23,46,69,337,3385,8497,8506,8517,8065,8523,7752,8157,8540,8227,8557,8249,8570,8625,7953,6506,7808,8721,8144,6964,8765,7471,8813,8037,8372,8905,8186,8237,8953,7995,8320,7550,9017,9077,8446,7339,8040,8239,7869,7291,7769,6694,9129,7947,8149,9158,7117,9216,7613,8291,2164,8113,6851,5809,6987,9318,7916,7841,9419,6852,9464,9471,8103,7261,7065,8295,7854,9488,9495,9500,8071,5345,5958,7552,9512,9527,8171,7775,9545,8082,9607,9696,8334,9785,9865,9896,8490,6893,9957,8064,8024
7929,2398,5927,4476,7866,451,4528,3477,1786,2329,3940,7577,5764,3961,7333,3365,4609,6937,1243,2438,3876,6818,8626,3561,4357,7157,8722,5230,3267,5324,1427,8393,4835,1152,8906,1714,5402,4529,559,4285,1915,9018,7225,5821,5832,6931,4650,4253,3991,772,2579,8110,4829,6104,2492,6280,9217,1639,1796,630,2924,479,3202,425,9319,1753,483,9420,5445,5622,8457,2634,2664,1016,3601,1407,2670,6418,4257,2323,697,783,2553,8465,7150,3898,3516,7710,3454,9608,7855,5490,9786,8305,5789,103,4699,9958,5945,5438
5813,2491,3973,1750,7642,758,6271,1859,150,3687,4879,7395,1454,3793,8236,5693,1816,7779,1790,6215,3261,7228,8627,3283,3071,3215,8723,4055,2999,4841,6396,8814,5363,2900,8907,6122,5567,3336,5488,6378,2010,9019,5709,4907,6590,2223,2807,3551,2068,666,526,9130,1866,5093,974,5135,9218,2063,3600,1424,1031,3154,1460,826,9320,6268,5888,9421,2343,1643,7260,3784,4268,649,3759,1144,7949,8104,3696,2419,176,1644,2160,8326,6892,2340,804,7576,5609,9609,8332,5280,9787,8488,3656,1998,4802,9959,5854,4035
7531,3161,4341,3461,6150,1452,4327,935,1216,3263,7825,8422,6579,6211,8176,7084,2857,8541,1730,8426,3243,6776,8628,2799,4472,7162,8724,5020,688,5037,1974,8394,4419,5500,8908,3427,4497,6537,488,1398,1987,9020,7178,5193,4564,6497,6093,5398,7107,3087,1902,8407,7144,7104,2128,7246,9219,2639,3499,581,3297,147,1469,320,9321,4415,198,9422,6441,4473,8324,2214,3286,465,5774,817,1898,5311,4639,2244,355,639,3559,9513,4088,5681,2587,7482,3714,9610,8478,6823,9788,8173,5595,137,2964,9960,5320,6996
7847,2744,4964,2626,3855,1211,5894,1413,712,4060,1279,6966,5824,5560,7492,1265,1654,7691,4238,5364,6254,8007,8629,4214,3975,6854,8725,4284,342,2507,4160,8815,5977,5969,8909,6387,5423,6081,3891,1310,2997,9021,7744,4222,6196,3729,5822,3341,6935,2608,1417,8408,4797,3496,5946,5769,9220,2266,2385,695,2512,97,3529,505,9322,702,937,9423,2437,6403,8353,4502,5442,814,5413,2451,3740,4019,3184,1925,146,2152,2946,9514,6157,4465,985,8172,5091,9611,9697,5660,9789,9866,5430,574,1587,9961,3426,6234
8492,1096,4867,4543,7274,1285,6805,915,2020,1467,8266,8507,6623,4091,8209,7504,2029,8390,3363,8285,4310,7961,8630,2953,6536,7188,8726,6455,205,6569,4924,8438,6941,6431,8910,3406,6059,5638,564,2722,647,9022,8321,6008,2897,2845,6025,5846,6915,2087,607,8409,7407,7221,2115,2282,9221,3332,1195,148,4468,1072,2425,235,9323,2662,358,9424,4498,6452,9472,3859,1007,211,6179,691,5652,8081,7479,4681,179,920,1507,8042,4098,6985,4377,7833,4607,9612,9698,6258,9790,9867,7928,228,6563,9962,7249,6835
4812,3031,558,2367,3359,513,6298,1762,2307,2711,3820,7606,6920,6643,7548,4321,4792,8194,6884,7016,7142,8018,8631,5728,6049,3029,8727,7322,259,5079,6247,8816,4122,5089,8911,6837,6064,5973,3343,5864,1385,9023,7447,6086,2863,6858,2939,6029,5998,4347,83,9131,992,6256,1869,7044,9222,3741,6410,866,5271,2550,1600,180,9324,7111,322,9425,6286,1176,7842,2079,3790,84,1098,789,3801,6322,7113,4254,134,973,2105,6936,4414,6929,6253,7213,5893,9613,9699,4814,9791,9868,6988,999,5610,9963,4434,3731
6586,2712,1333,4401,3400,705,4718,2442,892,2489,4365,7503,5416,6478,7913,3732,1044,8542,3279,5952,6224,6849,8632,4231,5586,7542,8728,5496,473,5603,2748,8817,3094,6957,8912,5701,3015,5481,1036,1946,3489,9024,6822,5281,6644,6372,6136,3375,5217,2815,530,8376,6789,6094,6629,7599,9223,2652,3698,1077,3221,413,736,335,9325,6923,82,9426,6645,5548,7902,2302,4023,430,6152,621,3934,4604,5647,1623,848,698,3612,9515,3749,6232,5147,7651,3366,9614,9700,5447,9792,8129,6754,167,2130,9964,3883,6389
48,64,88,234,899,1985,3936,1194,1171,6480,6926,8508,7125,5643,8524,5248,6311,8543,6427,7511,7433,7309,8633,3566,5314,7505,8729,4781,669,7453,3167,8818,7152,3878,8913,4506,5232,7090,894,760,4276,9025,9078,6496,7590,8048,7556,5682,6373,5393,1041,9132,5715,6458,5403,7957,9224,2883,3187,2580,4584,677,710,1500,9326,6461,599,9427,6881,5450,7458,1390,5104,815,7209,2531,3208,7174,4144,4941,1877,2258,4063,9516,6307,6129,6061,8330,5938,9615,9701,7540,9793,8306,6346,454,694,9965,8139,7417
7863,2599,3875,1609,6865,1159,3127,1945,792,4256,3357,7960,1412,3816,7992,5110,2024,8134,3220,7263,2566,8019,8634,525,2447,2131,8730,542,2460,5142,4567,8287,2360,5539,8914,1527,3275,4375,4462,1650,2274,9026,6219,2471,4538,1668,3348,2377,5785,959,2987,9133,2465,4104,4311,2787,9225,2493,751,1348,2653,1322,3417,2328,9327,2919,4943,9428,2054,5897,8412,5451,4961,2855,1710,2178,7896,1899,1409,1717,1111,2636,1905,7897,5552,4906,1245,8275,5525,9616,9702,4422,9794,9869,3572,1806,4690,9966,3340,4245
8247,706,2871,4360,7682,651,6721,616,1933,2220,6067,7567,4248,7463,8210,3692,2678,6978,6796,3917,7350,8571,8635,6618,6791,7671,8731,7143,556,6572,6577,8819,7536,3665,8915,2984,6383,6487,4810,6906,226,9027,8403,6900,3474,4153,1063,3510,7070,4435,113,9134,2023,7474,7466,2596,9226,3575,4186,169,5861,3146,5224,264,9328,1475,3295,9429,6567,1774,9473,5032,455,192,1606,583,7728,7823,6994,2267,138,348,577,7804,3010,7072,7109,7106,5659,9617,9703,4893,9795,9870,7223,1839,6554,9967,5045,5536
51,34,12,10,8,36,52,79,484,4210,8498,8509,7883,7128,8525,8389,7719,8544,7593,8558,7976,8572,8636,6524,8195,8014,8732,2909,3608,8766,7406,8820,8847,7254,8916,6863,8950,8954,8218,8957,8959,9028,9079,7435,8089,8447,7932,7620,7956,7639,6972,9135,8160,6732,8049,7787,9227,6648,7475,8352,6460,7431,5330,7426,9329,8169,7159,9430,8292,8456,9474,6165,9481,7171,7933,6667,9489,9496,9501,8091,6843,5961,6264,9517,9528,7578,7700,9546,7844,9618,9704,7360,9796,9871,9897,9900,8384,9968,8206,6887
7500,1917,4495,1991,7532,3114,1251,1101,692,4391,6347,7445,1232,3108,7722,4005,4324,7312,5101,6114,2938,7348,8637,840,509,6715,8733,3676,3078,6320,323,8821,5206,282,8917,2867,1510,5957,1327,5975,1863,9029,8443,5240,3211,4659,3885,4009,5148,4169,761,9136,5696,3419,1565,6385,9228,2033,3730,2016,3675,1443,2655,2864,9330,2481,4748,9431,2449,5662,7561,5551,5053,1150,1711,1722,7967,5999,1840,561,357,1541,824,7721,3948,4281,3050,8382,5478,9619,8479,3626,9797,8095,3613,3854,4523,9969,5857,4977
4004,1775,1493,2192,7647,3643,2717,1015,1494,3227,2757,6674,5227,5825,7907,1765,1625,7042,1858,2966,2707,8116,8638,4242,3548,6756,8734,2019,926,4078,5615,8822,5994,1537,8918,5742,2904,5049,3197,5068,699,9030,9080,2986,4038,5532,3095,3079,5294,1116,2138,9137,4782,2071,6508,6327,9229,2246,5251,363,1952,2781,298,2790,9331,6125,3223,9432,2667,4852,7167,4011,1856,921,538,2422,5071,3569,1025,4166,660,596,1316,4194,6344,5113,4675,8100,5082,9620,9705,5247,9798,9872,2934,4313,4219,9970,4189,6207
115,640,131,995,3054,2349,3803,477,2666,2577,6019,8175,5792,5307,8120,4872,6792,7937,5965,6635,6741,8573,8639,5360,4332,5015,8735,4821,420,7893,5932,8823,4828,4768,8919,3397,4294,7873,1437,6408,458,9031,7619,6807,5187,6007,2802,5745,5433,5711,74,9138,1047,4154,2290,5530,9230,4708,5066,427,6041,5043,4201,1030,9332,3835,4622,9433,6043,5613,2673,2965,3393,120,6188,2615,7371,7898,7764,5076,168,623,4975,1580,4962,6072,5544,7788,5052,9621,9706,6612,9799,9873,7412,1080,5186,9971,6233,5128
7514,657,3939,2564,7031,2558,6551,501,2113,1751,5286,7510,3834,4363,8085,2706,5492,7361,4947,3537,6588,8429,8640,1495,6917,6700,8736,1309,952,6912,6194,8824,4773,5562,8920,562,2075,4958,3841,5168,273,9032,8346,6838,2341,6076,4937,4606,6230,3833,461,8187,2598,6757,1305,6949,9231,2348,6973,161,3899,3285,2601,1099,9333,1525,5566,9434,5646,2952,8325,4300,1070,182,4987,2090,3191,7311,7889,4719,155,388,1432,7276,1489,5355,4416,7899,5947,9622,9707,5955,9800,9874,7586,635,5526,9972,3541,6661
4931,2793,3110,1505,6270,1647,5871,1635,496,5073,6960,8025,6986,5339,8211,4840,6736,7909,1396,6352,6156,7451,8641,6023,4149,3520,8737,5155,847,3265,774,8825,4185,5629,8921,4552,5758,5896,3927,6369,3448,9033,6398,3277,6638,7461,3320,2205,4747,913,2858,8350,6522,6175,2794,5157,9232,2753,4618,1662,3244,278,1820,1239,9334,7423,171,9435,5137,3781,7680,1132,2102,209,726,933,502,6584,3965,1511,1288,1549,2605,9518,5781,5674,1026,7083,6719,9623,9708,6000,9801,8489,6183,154,2848,9973,6564,6137
896,3214,4803,1601,3532,3298,6784,517,1257,6329,3908,7587,6698,6895,8310,1992,5487,8545,6555,4754,5151,7115,8642,4101,3490,3867,8738,1968,265,4666,1119,8826,3918,6830,8922,2139,3368,5918,2691,2365,4382,9034,8347,6609,7356,6958,6017,5747,3358,3971,877,9139,6187,4307,6330,4453,9233,4637,2136,864,5624,392,331,3681,9335,5818,256,9436,7248,7486,2747,693,2435,208,1320,4068,409,3379,1794,2133,3065,2327,4732,8230,6574,7195,6097,8472,5400,9624,9709,6703,9802,8223,3531,638,369,9974,6746,6529
8364,1849,5013,3399,7757,3611,4390,3660,1868,1352,3672,7882,2530,5766,7802,729,2002,7544,2392,5923,2751,8026,8643,3780,1590,4079,8739,3976,2996,4504,3753,8827,1045,6354,8923,4556,1174,6021,5686,6573,752,9035,8444,4710,5357,5533,4118,3818,5759,3174,2672,8055,2931,1408,4082,6428,9234,1140,6163,1517,3194,367,1478,1660,9336,6030,5051,9437,3246,1578,8220,3823,2004,1103,424,2294,3935,5717,2263,1988,1429,849,1095,7086,1125,4720,6578,7765,784,9625,9710,524,9803,9875,4283,3147,1555,9975,4744,6720
5607,387,5198,1126,5805,3151,4246,3508,118,3819,6713,7912,5589,5335,8212,5987,7066,8142,6184,7062,6203,5421,8644,5834,1655,4780,8740,3909,3527,7229,5103,8828,3895,3715,8924,5694,5452,7438,1503,5021,1740,9036,7704,5318,3631,6237,6301,5002,5555,3993,711,8264,7018,4696,7353,3589,9235,372,6289,401,1896,459,203,4635,9337,4798,1175,9438,6126,1746,7035,1636,2213,2114,4886,153,4725,1626,1003,495,1728,2108,1699,7871,5787,4272,6850,8232,5916,9626,9711,3150,9804,9876,820,3196,600,9976,6904,4891
3233,248,3389,2646,8106,4298,6989,838,2332,1423,7852,8190,4555,5336,8126,6282,5255,8546,4441,8108,6731,8574,8645,6947,4024,7343,8741,7189,1444,6875,6589,8829,4073,6440,8925,3284,3018,6999,6300,7116,123,9037,9081,7095,3628,5885,446,4162,4581,5189,1067,8351,2803,3070,3080,2459,9236,3941,5036,107,2701,3404,4522,2182,9338,5449,4714,9439,5243,1213,9475,3242,641,95,1811,1342,1392,8458,7654,2373,145,587,376,7584,2404,6695,5875,8034,3860,9627,8333,1700,9805,9877,7698,816,4410,9977,6859,6592
2480,489,1958,4280,7600,1188,4793,4048,288,2215,7338,8337,6921,6167,8387,6490,6434,8046,5980,7206,6518,7345,8646,5387,3457,5034,8742,2201,1113,6724,6913,8370,6413,5201,8926,6595,1177,6680,1965,7317,305,9038,7830,3869,4070,7293,6144,5830,6742,3831,212,8377,6060,3374,7478,3870,9237,2943,6251,472,1950,1405,4191,786,9339,172,5511,9440,3521,979,9476,1692,2582,447,6070,381,8380,3832,830,295,297,3113,825,7950,5253,5191,5850,7936,6557,9628,9712,4417,9806,9878,2462,3237,5117,9978,4933,6423
6048,2756,2127,2410,7275,1079,4306,1372,2411,4396,8060,8125,5732,7041,8425,6922,3118,7714,6391,7923,6057,7994,8647,6688,5028,1697,8743,2407,554,7429,3947,7939,4677,5637,8927,6291,2547,5441,1667,7318,551,9039,8028,4277,2225,7573,4218,5926,6525,3646,129,7676,3330,7064,7329,3344,9238,4323,6901,1630,6143,1247,5225,1290,9340,1186,2283,9441,5350,852,7964,3894,2988,333,4318,91,7689,989,2372,119,184,3706,571,7380,6953,6031,1672,7585,6287,9629,9713,4610,9807,9879,1939,889,4220,9979,5118,6781
8493,537,2543,622,8307,4883,5571,2046,543,1249,3446,7424,6361,5292,8035,2714,3982,7354,6105,4061,5968,8314,8648,4831,3542,4674,8744,3314,2500,5029,6190,8830,6753,4998,8928,4262,1557,7141,5835,6201,285,9040,7230,5618,4877,1589,2324,5592,7286,2180,270,9140,2898,6962,6400,4806,9239,3931,6501,105,5891,3668,1550,1698,9341,471,5343,9442,2219,2927,9477,3962,570,383,4807,529,5739,5911,788,1963,269,1084,642,8124,3086,7029,5892,7365,6864,9630,9714,6828,9808,9880,2817,5306,5799,9980,5617,6824
5332,1575,2563,1536,4808,2548,4900,914,1787,4015,7215,7892,6514,5537,8193,5407,2892,8547,2835,7706,2542,6161,8649,5382,3484,3235,8745,4966,318,3932,1648,8831,4662,6811,8929,6091,5843,6559,1384,2985,1512,9041,6133,2158,6341,4423,4903,4103,7127,1720,2671,7738,6050,5950,4056,4296,9240,2585,6615,1207,1942,99,1593,1306,9342,4973,385,9443,5209,4909,7507,4756,4007,2233,3302,1295,941,4698,1836,1277,397,2042,2129,9519,6794,5316,1634,7748,6477,9631,8304,4042,9809,7845,1955,199,2840,9981,2239,6909
3505,2698,1996,3331,2915,906,4673,2279,1401,3654,3539,6782,4489,6750,8140,2650,2923,8166,595,6155,6084,7341,8650,5129,4249,6786,8746,4503,675,6288,3137,8832,1347,6990,8930,2592,2375,6312,1518,1619,2355,9042,6991,4936,7134,7415,5738,4464,3920,3892,1904,9141,5640,7222,2715,6656,9241,2036,6526,1705,2968,613,1165,791,9343,7256,151,9444,5752,5075,7427,1566,3480,339,5011,834,3862,4757,5543,1953,1017,434,3213,8466,6433,3182,1809,5477,3063,9632,9715,5907,9810,8335,6119,293,1679,9982,4344,6997
7969,1246,5678,2325,6351,5055,4735,2735,160,4857,8107,8510,6505,6405,8267,7168,5649,8548,3264,7707,6079,5392,8651,515,2616,7399,8747,4366,822,4707,1649,8224,3443,5436,8931,4037,3580,6275,790,1817,1733,9043,7629,2834,6457,7732,6971,4695,4460,3135,380,8030,5501,6653,3450,6315,9242,1964,3421,1414,2400,243,802,1967,9344,5272,586,9445,7105,5569,8057,2829,5060,721,5625,535,1338,3535,1453,1376,287,2403,1501,8358,6096,3866,6683,7880,4640,9633,9716,6135,9811,8130,1921,429,968,9983,6815,6976
149,732,316,809,1966,1712,5741,990,2521,5362,7049,7554,5876,4211,8280,2831,6246,8261,6337,4935,7193,8342,8652,6376,5176,2992,8748,4066,214,7549,3528,8833,5585,5815,8932,6436,5744,7632,1233,4014,1986,9044,8145,6173,6267,4488,7163,6788,5325,6180,104,9142,1814,5229,6033,4374,9243,5136,7158,2973,6227,325,260,3544,9345,5568,1562,9446,7231,1927,1855,2359,6509,191,3534,707,2153,3062,2821,1425,486,4527,3308,7160,7526,6102,4230,7736,6959,9634,9717,7622,9812,9881,2685,1291,2285,9984,6829,7006
2645,1792,2552,1911,5385,1932,4952,3564,541,1592,7648,8511,3616,4922,8281,6730,7288,8549,5368,7679,6375,5340,8653,1943,5724,7369,8749,5016,197,4164,3381,8834,2448,3669,8933,4809,4595,6160,1278,1803,1419,9045,7954,6099,6284,7634,6541,6250,3999,4170,377,8273,6839,5541,4451,6779,9244,4369,1761,1999,4592,1585,236,464,9346,4388,280,9447,7164,3558,5996,680,3479,215,2755,1860,557,7234,6616,5203,539,2708,2941,8021,1543,5000,6045,7565,2959,9635,9718,3377,9813,7745,6696,250,3751,9985,7432,7048
6222,1180,2560,1908,6611,3958,4655,2338,109,2942,4625,7640,1563,4342,7834,4789,1426,8061,4727,6821,5720,7079,8654,2478,2917,292,8317,2344,3229,1618,5623,8835,1919,6827,8934,6716,5419,7373,4018,5453,2752,9046,6725,4715,2107,4126,4233,5468,5485,2731,3299,7876,5120,5169,6182,5746,9245,1835,5697,289,2980,284,4213,1788,9347,3387,634,9448,4844,6360,7582,1897,3657,3239,3886,165,2991,4845,2825,903,610,2389,1709,8231,5810,4172,3376,9547,3425,9636,9719,5934,9814,8417,4440,2162,1768,9986,1961,4709
3812,2710,3001,1089,7970,3582,3586,1141,1244,2561,6883,8191,5439,4065,8075,6419,1143,8340,4349,7575,3647,2765,8655,3294,3913,1182,8750,2370,2631,5422,1885,8836,4804,3033,8935,6080,5588,5310,4641,4350,720,9047,7981,3153,4113,6107,3738,2275,3401,2310,2001,9143,6051,4740,5599,5100,9246,1944,5264,620,1752,315,2894,2487,9348,3639,1049,9449,368,6503,6819,1657,1130,1302,4443,1564,4120,5212,1087,1281,980,1567,2607,5740,6055,3970,3485,8245,3209,9637,9720,6147,9815,8418,3287,1624,3141,9987,1371,4336
1332,1669,4739,1727,4454,653,6386,2649,873,3967,865,6443,6260,7172,7885,1380,4132,8076,6439,4044,3636,7342,8656,3618,2091,5009,8751,3868,516,6826,4485,8837,5514,2843,8936,3511,2393,6877,5293,6773,1358,9048,9082,5790,6747,2687,6054,5050,3437,2048,593,9144,6466,1770,5338,4729,9247,601,6932,324,3720,2122,157,1416,9349,4974,1614,9450,5908,6316,7000,4059,1653,829,2097,1383,4057,2738,1051,4146,1032,872,2238,6415,5743,6975,5139,7904,6422,9638,9721,4815,9816,9882,1661,2922,1596,9988,6684,5641
4932,1842,2409,1370,2976,2813,2675,2028,416,3325,7905,8512,5698,5238,8156,3776,703,8283,6714,7377,1122,6637,8657,4536,1254,1230,8752,5473,1984,4882,497,8838,4984,5546,8937,1570,4458,5606,5598,4688,507,9049,2693,1982,6800,6393,4972,3919,4865,2647,4399,9145,6774,3091,6681,5971,9248,2098,4297,1167,2237,159,553,3756,9350,6686,466,9451,2155,5860,7330,6089,3027,2297,2490,3164,5883,7138,1524,3038,1837,976,1633,8243,5019,4216,5456,9548,2612,9639,8276,4515,9817,9883,3412,1093,2035,9989,2371,4518
41,58,76,163,682,1081,4090,2457,842,4624,7991,8513,7409,6955,8311,6760,7280,8550,6213,7161,7555,7780,8658,6295,3725,4045,8753,1684,947,7038,2202,8839,5572,4232,8938,4589,5982,7374,2527,1689,3247,9050,9083,7485,7915,8146,7602,7153,6087,3800,2998,9146,7493,7025,3470,7391,9249,4461,3472,2535,4199,1262,685,782,9351,5158,918,9452,7467,6832,7878,1909,5140,481,6951,2184,2844,7094,4087,4705,404,3352,4266,9520,6556,7562,1931,9549,7089,9640,9722,5471,9818,9884,5935,713,6120,9990,7711,6860
3560,1123,5321,2718,6553,2021,5205,2050,395,3916,7812,8308,5092,6675,8388,6606,4381,8551,2229,8268,4001,6485,8659,3595,740,6204,8754,3744,410,6363,2705,8840,4692,2750,8939,5816,3598,7295,1193,3469,1574,9051,7853,4303,7133,6560,7024,3026,5778,1462,1929,9147,6790,6723,2295,6767,9250,2253,1831,1456,3259,174,1068,590,9352,5111,393,9453,5258,5549,7973,4577,2085,879,5849,1160,2644,5807,2196,1256,237,1526,2508,8299,7071,6146,3966,8093,5951,9641,8383,6516,9819,9885,2455,304,709,9991,5312,7061
7699,1082,229,1436,7750,1492,6272,2657,1217,4505,4404,6395,3101,2926,7612,2759,3048,6587,4858,2977,5249,7838,8431,907,2692,1884,8755,4834,1311,4403,3802,8122,1395,4067,8940,4746,2234,6596,765,4393,3304,9052,8445,1532,4734,2654,528,491,5853,3574,2095,9148,3571,3124,3145,3638,9251,2077,1920,1691,3889,2739,421,3478,9353,3210,4105,9454,4260,4107,8293,4432,5594,2145,2994,1990,7927,8052,6318,619,1399,2485,1993,9521,7131,4483,5012,8302,1451,9642,9723,2859,9820,9886,7300,2353,1229,9992,5881,4205
54,33,16,6,4,26,53,68,183,2273,8499,8514,7428,8066,8526,7914,7388,8552,8005,8559,8135,8575,8660,6911,7980,7685,8756,7786,4500,8767,8263,8841,8848,7924,8941,7456,8117,8955,7849,7966,8960,9053,9084,9088,8323,9090,7591,7692,7363,8015,7305,9149,7839,8240,8410,7997,9252,7926,8378,8031,7375,2185,7235,7784,9354,8041,7725,9455,7865,9465,9478,7036,9482,7498,7832,7684,9490,9497,9502,7046,7401,7681,6889,9522,9529,8328,8329,9550,8257,9643,9724,7760,9821,9887,9898,8336,7990,9993,8131,7771
21,31,42,60,92,326,1271,757,2368,5479,7449,8515,6078,5150,8527,6817,5105,8284,5162,8286,4496,8576,8661,7220,7434,4648,8757,4512,2276,5256,7081,8842,7400,7703,8942,7753,3403,6299,3768,6679,2424,9054,9085,7352,7034,7783,5563,4335,7154,6112,4548,9150,3838,2251,7772,6842,9253,3408,6867,747,3713,3724,3842,3481,9355,6841,4291,9456,6502,7344,5344,6214,2495,5166,5394,3525,7495,7917,6868,2308,1622,3000,1577,8151,6940,4954,5283,9551,7659,9644,9725,5713,9822,9888,7196,3166,7258,9994,7499,4978
4519,2293,2888,2526,7182,3002,3887,1875,2429,4712,7636,8084,3864,6692,8012,5735,5417,7592,5576,7683,4785,7723,8662,7242,5056,1055,8758,2842,908,7080,5167,7781,3498,4948,8943,6708,3172,5152,2418,6397,592,9055,7874,2800,1677,7268,2376,5170,6992,3058,141,7720,4150,7212,6331,2819,9254,4540,6872,2043,4143,993,5107,1321,9356,2291,2296,9457,4824,897,8354,3549,1989,241,2620,102,7446,2177,1706,290,135,3440,673,7218,6727,3023,3772,7667,4016,9645,9726,2199,9823,9889,2397,2165,3906,9995,4722,5545
2982,162,6599,3008,7298,2260,7528,2382,449,983,6259,7867,6463,4492,8528,5266,6806,8215,5838,6785,6177,6938,8663,4426,1979,7211,8759,5587,2665,4851,2209,8843,6416,7546,8944,7627,1074,7099,7001,5270,255,9056,8097,3821,5366,6762,4532,2047,3925,2640,1620,9151,279,7082,7292,2918,9255,3910,2971,142,2450,365,531,1818,9357,5631,4796,9458,3257,6856,5839,2873,836,1418,4187,2763,1076,6169,875,6401,799,341,676,7165,7136,6870,4929,7851,6365,9646,8480,6879,9824,9890,2975,3133,2268,9996,2255,4072
8188,356,1883,2189,7419,1757,5276,1197,247,3746,6562,8338,4578,6571,8529,5308,946,7868,3786,4560,5420,8096,8664,3123,5064,812,8760,3817,2062,5619,5953,8844,2144,6274,8945,6304,2584,6249,4409,5521,1760,9057,8238,2597,5199,4337,2901,2928,3822,3861,1420,8178,4114,5115,3028,3312,9256,2333,5443,598,2899,1293,823,1223,9358,5195,1331,9459,5446,3609,9479,4326,1433,2525,3929,1363,7335,5845,2949,1184,426,1434,299,8017,4372,3222,4134,7527,3452,9647,8360,3230,9825,9891,4989,2704,2163,9997,4737,722
43,56,78,185,679,1317,3083,2312,627,6910,5154,8053,6469,6699,8213,4345,5023,8553,3853,7112,7202,7253,8665,1528,4647,7285,8761,3396,1168,7098,5884,8845,4405,4588,8946,4179,6266,7595,1766,4445,3318,9058,9086,7146,7270,8168,7797,5668,5827,4848,806,9152,7524,7516,6231,7922,9257,3893,3562,2057,4124,1743,1064,1043,9359,6130,624,9460,8050,7520,8294,3306,6483,352,6145,1542,6639,7262,6888,5870,207,1732,3092,9523,7455,7121,6871,9552,5141,9648,9727,7244,9826,9892,7553,1062,1776,9998,5406,7513
4379,327,1850,2402,7124,1599,5651,527,1248,4750,2009,6627,5378,5239,7450,2690,2921,6580,3068,5458,4944,8086,8666,4235,5718,1056,8762,3051,2236,1579,5317,8846,5222,4702,8947,7069,4895,2546,4621,3326,2769,9059,7987,1519,4915,800,5859,3160,5580,2401,1463,9153,5483,2313,4558,3453,9258,2674,2950,2013,3438,511,2106,3355,9360,3465,2884,9461,5374,2887,6902,924,4181,1206,2331,1121,7320,7385,2069,2374,1018,2045,1253,7988,5819,1304,780,7749,1428,9649,8361,2467,9827,8419,4093,4730,2866,9999,4032,5197
7074,2624,4316,1386,7881,582,4325,773,609,4411,7177,7601,4910,3342,7607,1833,4587,7184,3809,6945,3880,7336,8667,1147,494,5725,8763,991,1359,5371,3423,8439,839,4217,8948,3795,3415,6660,2913,6495,2119,9060,8322,3584,1496,4333,1947,942,5704,3814,469,9154,6993,1638,6475,5041,9259,2337,3278,1572,3212,3163,1591,667,9361,5391,3736,9462,2914,3422,8051,2795,3624,1584,3524,628,7774,6166,2395,2287,966,1928,1514,8105,6836,2847,4471,7605,2850,9650,9728,3799,9828,9893,3912,2885,4108,10000,5656,1365
