0.0234599049030215	-0.023670566030716
0.0185694922701261	-0.0228771023932529
2.33165617598167	-2.01239399012493
0.151400824233053	-0.16342731085639
0.178753362741765	-0.167860067727541
1.82542896124204	-1.52055054455819
1.51215020727976	-1.28446234573722
1.22378910168349	-1.07886446619074
0.0759475509117554	-0.0843567153517499
2.2286679350196	-1.95561711573833
2.17033104371514	-1.87221502241975
0.110564979060087	-0.0851090782281079
2.1353284876311	-1.86627904568131
1.91155155505197	-1.6495026865553
2.2823263567505	-2.00449171697284
1.78888278256737	-1.48811570006257
1.76528547404	-1.48897173448529
2.27749395206943	-1.94878558337354
2.03548378919296	-1.77494328871381
1.53244358035323	-1.24817228119376
1.8639398166932	-1.6340998086621
2.14571227323632	-1.87226492431894
1.61426508048533	-1.43869550401866
0.262884064811811	-0.294508405009086
0.0872283224626842	-0.073740206355879
0.513237614530011	-0.414937181134128
2.23051143379753	-1.9094090680331
1.32033306303044	-1.13363826117873
0.586605385659335	-0.521889822115058
1.95611382441317	-1.78853442468542
0.330616616345892	-0.309173786362305
2.29835491011152	-1.95896228471449
0.825266805433304	-0.791104691550838
2.0487799673743	-1.71470373464649
2.34876760069145	-2.05283009128332
2.33166417114219	-1.99714367247323
1.36973392078619	-1.23074021841288
1.92343177756413	-1.67195735010277
1.55144539472317	-1.29981234746476
0.145195547966941	-0.12162369184963
0.0961738938539169	-0.0909366720622556
2.19192369158091	-1.89899366907651
0.22266703817623	-0.194709782595897
0.623993963407759	-0.532816958207337
0.361682594349329	-0.296383878136838
1.26008748093948	-1.07732048401887
0.797255635970595	-0.677236926919326
0.129860182126023	-0.153373733437723
1.9327348749991	-1.61839378388082
2.03760077750899	-1.78379220336639
1.10961615702088	-0.928979821988425
0.445136608532686	-0.362861434572006
2.09791406612325	-1.86587615950393
2.17295426240274	-1.94972443265401
1.64722119836783	-1.4312934561582
0.0247954422208947	-0.0218228087967882
2.18243860077741	-1.86926088203009
2.12527044837646	-1.763553344757
1.86233448353236	-1.61674009295582
2.17531649959506	-1.88049651553552
2.06496031421135	-1.71072146967046
1.73072852219566	-1.50056412606634
0.0558448851819916	-0.0490702121762566
0.916390855072968	-0.75388447946459
1.69054147725884	-1.48138725423871
2.37434844195713	-2.10480371188246
2.15420146952167	-1.82963059450831
2.059539089883	-1.72869216659523
2.14846179168872	-1.79104128410527
1.24864640685445	-1.11490486427686
2.36209582532631	-2.05010362930053
0.0111086710363918	-0.00953788227877804
1.65046935056365	-1.40940924976047
1.7480460173833	-1.53890962229281
1.6426982653235	-1.44006160759163
0.159997350179313	-0.161530773598756
2.09917300579963	-1.85756880380138
0.265081707604469	-0.301313713052275
1.5240779059443	-1.31541927809632
1.16884921954461	-0.995603936604428
0.54617815075062	-0.497363909721911
1.8682211472022	-1.62781581896962
2.33670025882166	-2.02791286194435
0.682132558096809	-0.582676493309476
1.06479767275479	-0.87533897342717
0.685881488515152	-0.573022837962157
0.885067715881058	-0.765232330908066
0.93795008971838	-0.825803459664851
2.01730014938817	-1.75338699819148
0.53096030051653	-0.458973146569172
0.402461372350052	-0.380741592684646
1.25253943804659	-1.15616811292597
2.35635707476275	-2.02574543726659
1.24302493187657	-1.0355685164967
1.12336505126048	-1.04958652660756
2.30529556881478	-1.99574469498535
0.298706677246232	-0.290814230430844
0.919392913538902	-0.870644438112447
0.475763633059819	-0.453722883487187
0.979299867325552	-0.882811028227766
