0.0874865136663409	0.0957869929186261
0.148019865669725	0.156676832274312
0.330429726166181	0.317372988336569
0.275444922521868	0.217040737773747
0.416685057495496	0.373984142781565
0.0274980151712206	0.0260082705475656
0.393909240532147	0.375280809291381
0.266124332497645	0.255448948551571
0.0470295967184409	0.025289277584286
0.272595257129312	0.248409908342759
0.00575731743394776	0.0105072651277567
0.21392115180676	0.213320256820861
0.0129320319474078	0.0183459790815617
0.0375731995645445	0.02596531716895
0.00457758037833364	0.0108391642359474
0.129561160904413	0.0836835638160092
0.294411460878955	0.246733862274383
0.362275370446472	0.315870856193807
0.0432233438796468	0.0416134004718422
-0.011489463861062	0.0134541727949414
0.0933086413381039	0.0587071921274122
0.145445840173166	0.112567458431363
0.0182319267066377	0.0765601552329856
0.0253746210002982	0.0934954458065683
0.0647010417390722	0.0780781415506248
0.362134467601836	0.370832037037189
0.271282834675899	0.277033399828494
0.169016301452583	0.205988242317038
0.130592950135265	0.110092176536829
0.320668810505347	0.277244635631103
0.14868039136663	0.119156753887029
0.0171937372250933	0.0117095071447604
0.142452247577701	0.11654734130469
0.0643067602987672	0.0712652474396052
0.463970325835946	0.383157855155903
0.454691094150537	0.375233853624439
0.530041456694623	0.369124418189143
0.0602611601871137	0.0594848466125404
0.103054873346605	0.0657352243913954
0.345972517095822	0.346445703233428
0.094718673160632	0.0727270182324829
0.280732565695313	0.350858534092606
0.37080355033195	0.339977958248409
0.326932197344097	0.282579541523036
0.393390161128726	0.351444675512096
0.381486171693577	0.36974997106169
0.432620680784494	0.343435988417949
0.391353555846415	0.350088781400205
0.240953976413926	0.234266379023797
0.135206455668997	0.0996255764169789
0.339812058897395	0.348762278903489
0.411793429003216	0.372885192236165
0.25020072808635	0.241768390384997
0.169812457155886	0.138322419154759
0.357612568356302	0.311942136158513
0.165347293217902	0.197171187882349
0.19348439861453	0.158725531965499
0.171803376752704	0.156973171337285
0.0445066493640513	0.066325799049055
0.139876050929946	0.148554547126077
-0.00399626647568956	0.0182192469451176
0.172432861576271	0.164404457829491
0.487794310504993	0.341127316587843
0.361938010874353	0.246669361706788
0.367943274676478	0.260118458749285
0.162356158221498	0.219461235599162
0.24991147541774	0.223920032501321
0.301250545916904	0.252122615737872
0.308058040107009	0.27456474924896
0.015154426400201	0.0105562906386093
0.124700151236116	0.0981667063447919
0.0158165281380167	0.0122126385836801
0.0288975303619352	0.0234064936945809
0.0255430259888232	0.0511450268376139
0.26823055701981	0.199210949381163
0.332179140531554	0.354730137133456
0.0555255028530199	0.0397560414899151
0.0507978029118704	0.0741065932387849
0.033606094349762	0.120168468222265
0.00385123518314786	0.0308117353845587
0.231135083770069	0.239856510103194
0.0602861463806334	0.0712282740868375
0.377025092136449	0.364915863190525
0.092004490161598	0.103744184683135
0.323707128874439	0.324438243999671
0.0791517750234186	0.103072287819981
0.100756959923376	0.0880651416167293
0.0955366643120686	0.0651451946424988
0.0671986333341289	0.0452304102474651
0.358895973778613	0.354317884578815
0.411526575416849	0.377551039922573
0.331556807124203	0.263873341478258
0.328403179957437	0.361835224164787
0.316725962223238	0.228369058610734
0.312644476545046	0.255786359014599
0.347013268081032	0.358037941796918
0.160247653994583	0.154727506595746
0.356067028481225	0.376626960412768
0.35413522589459	0.330443301256761
0.364886743816339	0.361665371408884
