0.24376593808507	0.114034945299426
0.0113780355003371	0.0312740276106468
0.365824456356389	0.451504783268487
0.202461808281574	0.125393504698959
0.10888746009136	0.188673510999461
0.19737736223848	0.372183988231135
0.0769191076136211	0.0532254117834125
0.101095141339216	0.234888698333696
0.187381692023064	0.136365203603315
0.305045137354292	0.405175435492078
0.271214598452638	0.302174347615234
0.254417447645963	0.322089536745684
0.249967965747526	0.357025368824932
0.205136610307201	0.230227339206343
0.198785807686844	0.19310234278568
0.0280353542066029	0.0145405501657949
0.283371653240673	0.322176456372158
0.149610049931025	0.392039500498192
0.36487340026737	0.416753706051942
0.103280091744503	0.321974080843667
0.326270252117331	0.428936282787236
0.350061121242977	0.25073100047148
0.319097828684729	0.218757242737768
0.250230699606397	0.315165817887564
0.207611467482427	0.29107539912318
0.214216248120939	0.264270311963929
0.145172999526305	0.213716961096052
0.365659031524497	0.477837190789634
0.349501814060458	0.401183663892198
0.185748483922359	0.262075053457125
0.147922360703878	0.196933186828517
0.0229639712577624	0.0195556021112168
0.0993554942318765	0.183453164785215
0.0301357188894499	0.0427889156355819
0.00345932309751739	0.000772186118722388
0.15390945592441	0.216379461577168
0.0955617687399957	0.106839063364447
0.058705552606415	0.173679046493819
0.297254449993185	0.398849976889924
0.278407466877054	0.221591317523635
0.33559580534189	0.235808703955436
0.35423659571018	0.270228677707865
0.149828182065621	0.0957554964527892
0.0374641567303867	0.0462124224689264
0.206795194232597	0.263747335674152
0.255794061035682	0.406641212368031
0.364834676517657	0.453697258473903
0.03819280351165	0.0535970508344983
0.155196127575159	0.255187954152625
0.196657625958316	0.183409672022681
0.291953717406566	0.405919537193736
0.2362322165368	0.312931989392144
0.341462555055506	0.340231034975055
0.350288675176217	0.359868223488714
0.0196365477785953	0.0368417737553323
0.339783828740066	0.269682433209834
0.304111156759807	0.240586198630588
0.31201400229193	0.440480044088209
0.205485550852879	0.264681277839468
0.0927648187589095	0.161133744259178
0.0390110525947585	0.0517098927317169
0.0906920525376086	0.0724296502620416
0.36243852224965	0.460938321955625
0.0499391566628998	0.00423219107399578
0.358088919562542	0.41966284887737
0.274719110823378	0.405721270397355
0.360535389759565	0.442005106952232
0.335069939682699	0.412638499489777
0.367872375205206	0.481016376659135
0.369988048270802	0.460130104272694
0.024065554611395	0.0343253927228966
0.0861100508477625	0.177127604150119
0.365892122593096	0.384402331116294
0.354973310917528	0.352974191170326
0.0896369455193528	0.197970863328821
0.348874104545677	0.440292771695432
0.339109774358129	0.445052587620492
0.0116613755700345	0.00601409080355716
0.3689848757816	0.428718210145859
0.147835187694872	0.181174125127193
0.332875786790409	0.420683292328408
0.0258798253343211	0.0720120060902477
0.247426595421537	0.207158527996523
0.359720918818541	0.462461505077067
0.0201369929663361	0.131794724681402
0.0940674459994736	0.140427356559606
0.180910535258315	0.27851312856893
0.194065881804969	0.0919355371186493
0.198152572036741	0.56469742715877
0.0526022892869407	0.118156124315081
0.274472578225803	0.336902586261329
0.34217338669861	0.163514553044805
0.0366414136530928	0.136100060253753
0.0168275995655898	0.0310116418837805
0.0184179700762696	0.114605518554599
0.364751165781944	0.413621051937214
0.367171793195943	0.389308459501937
0.0561373563491267	0.0890571680535024
0.333199222158605	0.428455525027836
0.138445555379307	0.160095825142136
