0.196607515481217	0.0282139583108517
0.695457957779851	0.137304998474948
0.746015132750195	0.139440324242605
0.0874334684352037	0.0150491947044914
0.500985586424894	0.082249870740707
0.207190654768305	0.064328828246225
0.470658823448738	0.111451409433564
0.450166969018463	0.10457529337582
0.734032768823807	0.13678649452758
0.511167747686948	0.106729533323
0.00110461441130242	0.000190206562349947
0.656024043446782	0.116486213536427
0.769359192634527	0.140744152332212
0.715646481762739	0.125665341205078
0.818641261848815	0.139138666634963
0.0586970051613784	0.0136706111574973
0.842200873199972	0.142503599930087
0.0356774671195615	0.00842249960180736
0.808614491833467	0.142657734975569
0.562428873839454	0.100018689609717
0.782180991575795	0.141377918946705
0.055992228939795	0.0127354841301597
0.103163879113733	0.0124943557536231
0.494902642610695	0.0817282555275843
0.043285866316441	0.00979228545927185
0.765075721307473	0.134694604561953
0.69161324961789	0.124511118370414
0.0898596361723745	0.0144959567968964
0.53835404328267	0.0898412040921932
0.559891302759874	0.129005495245909
0.765694068289354	0.136701917916465
0.0372542477025465	0.00775291686163253
0.264712166335794	0.0396576485857341
0.37590255494155	0.059185454786974
0.278955697971647	0.05969719975745
0.59111096573395	0.111619577136753
0.046465839008429	0.00430842851090133
0.612523477498877	0.107918967055783
0.764703195233469	0.130445558340865
0.802143216671826	0.142417767732414
0.203090764739517	0.0304862018566635
0.794005776431739	0.14293657153682
0.815305996217614	0.141579262158538
0.118133648066797	0.0231040005144107
0.759750749202041	0.135285790033248
0.696410003060341	0.137153803106338
0.0289327091345312	0.00261298348312751
0.686930554974069	0.119405805210421
0.580911585111075	0.110080171826446
0.546343593605983	0.119664615863892
0.690536415869864	0.119880248314678
0.386850457413734	0.0725102170338313
0.759811177426006	0.139960248476665
0.73781632094466	0.13617744816943
0.728085163128433	0.140801691394147
0.662010362252627	0.120855981943182
0.690260614900594	0.123620622112471
0.290890138953735	0.0277104307577994
0.612954585329204	0.0999944907696617
0.743469167157404	0.116599784889007
0.0684870297507097	0.00809867148566761
0.393919761085682	0.0646938708800264
0.522188926524734	0.0898579698107541
0.0282084738160535	0.00803216520170841
0.747498737452234	0.132466674785128
0.752272221581269	0.116977232067626
0.700700582655687	0.128311153698667
0.00875826068548732	0.000606082197629
0.5725017134056	0.130529464581127
0.107050415284682	0.0168383310780779
0.00391481888260578	0.00061620549473651
0.672218794980775	0.137986233085439
0.798983948657913	0.138831166043361
0.24508041549219	0.0222847598779666
0.750092186391866	0.143644508102485
0.391462455566607	0.0613209827682746
0.572546359416863	0.0844769464029518
0.494940819827842	0.0804976017643082
0.0734209450085167	0.00455544295516236
0.251831783518552	0.0311444231371931
0.0187627258747912	0.00454415365474691
0.158437062583511	0.0524253672535945
0.660542818127149	0.116745351833013
0.720958473661681	0.127469468524903
0.809470214818154	0.134053014191884
0.295945642565428	0.0553338934067179
0.725430231906358	0.134876176438371
0.138121281310452	0.0281152271664412
0.0346595062792444	0.00911191344264376
0.00871809991436087	0.00197641431687414
0.846016624746106	0.141870209782473
0.361971129331947	0.120370680060222
0.0212919828410311	0.00367653431846643
0.323802039238539	0.0671651539132655
0.573156211532611	0.0914454271607483
0.661535723958682	0.121740155867084
0.730579025517835	0.128881447760865
0.800232703794746	0.144884022616855
0.0239720152024561	0.00438897457047079
0.364105960528128	0.0596905051168823
