0.30744006830525	0.131875061914029
0.0788855981212536	0.0361142435978972
0.0474658112635422	0.0235670199078431
0.0197604445061667	0.0252363413061096
0.166223297742109	0.12783595043153
0.354015691811889	0.164575669011843
0.214119527115584	0.229551457609268
0.0488346067349184	0.117878115829727
0.263434456176421	0.164962773155904
0.129333457999794	0.0718403228518654
0.273416300420355	0.115318033418071
0.415743826776315	0.199737295671025
0.234128255263489	0.231202398353762
0.113215473421376	0.158938202698201
0.335782058093216	0.123769938101584
0.44653858185603	0.377403517310971
0.0863663813019614	0.00946249381022299
0.395742087586575	0.216477874775374
0.29076975233978	0.252165970194792
0.440567177156748	0.334210079976627
0.0600572891874359	0.00600562522355086
0.275063112873667	0.262899438192911
0.123140777117468	0.268684864054089
0.235623606213281	0.0550487269490955
0.174557583604166	0.110372283728354
0.110848642597499	0.0171409269573606
0.245294368168528	0.252061890537427
0.202897602731195	0.0757695361599428
0.250442170241202	0.154543507757652
0.35304187250944	0.238447507437673
0.205174384136961	0.200456956653617
0.456815284522181	0.329960587906645
0.258511377969871	0.119197405337724
0.373910904880992	0.170999759243138
0.455597800337987	0.302636550056717
0.178401568869011	0.068422443580202
0.330961289310734	0.272064516513961
0.463580729570502	0.305716648612241
0.251434640594462	0.212335329206963
0.284177043065137	0.222317369048019
0.178269695377501	0.199250410869325
0.372335005432646	0.292653446077707
0.307982219552287	0.222925596291084
0.398637163904591	0.261486298586832
0.365169822560146	0.174754073527913
0.131387421808302	0.0411052696419558
0.250391106554883	0.190065375480317
0.0322570749736786	0.0175530037705441
0.439001312333071	0.169088312396489
0.252389881980564	0.124090751139546
0.431181195626303	0.342831535975136
0.197455302542626	0.0526444748705768
0.0827490064073644	0.000845311766683339
0.256010981454375	0.234099182184939
0.188191695784138	-0.0495727399854722
0.191198581271164	0.0787969811274709
0.195469718209315	0.0178069258228117
0.0119674499037007	0.0355674330210773
0.154385725397103	0.189609999277317
0.0909625785731051	0.20179199369851
0.237123989662274	0.160648763205341
0.299984368411613	-0.0241808298783586
0.39771050621867	0.277812986794453
0.375049152314276	0.252124075022494
0.114744392017993	0.0501195786738695
0.39322788156238	0.124987190110891
0.240536310107693	0.216630784965501
0.332008226260875	0.157693352285256
0.258877572022623	0.20436947119498
0.240207890760448	0.119725250886062
0.232093756349506	0.225950431335262
0.190892517730459	0.216502194916101
0.334618072737027	0.272749315285064
0.0464302535191964	0.00476151921616077
0.130529284895507	0.118075921527836
0.385134721390222	0.27547710736017
0.0644133090752565	-0.0111663565156067
0.208789125684365	0.0812402265454572
0.20456714740361	0.0781256291118746
0.427564571429171	0.146573214287641
0.132791306754314	0.0629727403408828
0.225825590599104	0.179976205191537
0.0222992776410776	0.0520721453506193
0.124280012053542	0.148536718907141
0.433125025668097	0.296140911687832
0.447396692297902	0.243451807118229
0.183656273849074	0.0767239256338134
0.189801178590992	0.265997873323483
0.333513762987771	0.216494931812153
0.0668671158870255	0.0392911014347024
0.451307549332641	0.317204459706159
0.463547509393683	0.285881895343799
0.407518517873436	0.279482017284775
0.452472442483437	0.25510089749437
0.205709945445627	0.253587834149513
0.427666434561049	0.17414540679349
0.464491123121709	0.317368680366249
0.0706092768078875	0.0372385496496327
0.467932057593481	0.308925250385362
0.443154943902613	0.188594719093081
