-62.8185529193651	63.0940642584713
-18.3966331131459	18.4995075220173
-11.8860356312192	11.9482079635056
-26.5843254985117	26.5777985619225
-62.3643186596626	62.6106648350321
-93.6276673273814	94.0620007788791
-53.0632219607399	53.3724682408527
-16.2434260384056	16.2633818907312
-70.968123331319	71.2139462210327
-31.4177132810917	31.6037796036196
-63.769423209743	64.1645397801124
-90.5945576748471	91.1366731920223
-55.1681306800496	55.4155137397274
-25.1932658535778	25.2755871613694
-65.3594603775175	65.7854134545469
-114.306289902576	114.91477024458
-21.8249907077199	21.9177915848425
-97.8229685855026	98.4367866423786
-84.5784257080253	84.8384663499556
-109.217201671374	109.834541003003
-44.3899238970223	44.408534945287
-73.23774230863	73.5500198492289
-46.0635751558091	46.2013797137006
-75.8577229010777	76.1585111500688
-46.1026273988452	46.3505643525059
-25.6617938206176	25.8050229957475
-69.0179552066413	69.2517387449374
-26.5561519291121	26.8014904696434
-67.148454814508	67.4254425614362
-83.7189789926066	84.1156987721588
-49.9657433971798	50.189779184026
-98.2567469457219	98.87504201113
-80.3628967170156	80.7549475445319
-101.831699443701	102.347571215485
-97.2397561176839	97.8117780199034
-41.0054422730512	41.1903039354818
-80.6173131462261	81.0034053943056
-96.0712279694994	96.6145065173035
-62.7371767018503	63.0690647514384
-66.5763316731098	66.9282913822933
-50.9102393098635	51.1087130621971
-82.2686839574997	82.7861604703307
-74.0820597306477	74.4697859416939
-85.493181936651	86.0261965105224
-81.4942233077563	81.9573203283873
-34.7037426580131	34.7746252900511
-64.7099276251045	65.0331126674532
-20.9262657613227	20.9728139584461
-94.9544280090154	95.5376618962512
-50.7295081668221	50.9825504433727
-112.333477627665	112.919569664757
-42.8174312051663	43.0542949042348
-29.4329206695407	29.5100205005293
-67.3296216847817	67.6458916414781
-41.8239376427953	42.0784132754203
-54.8134093096357	55.0039530321899
-51.8702768168249	52.101785765731
-10.9258495130753	10.9364929066628
-34.4231031371573	34.6473403070654
-43.8551478678257	43.9381426195875
-52.2778912926499	52.5392931304514
-75.0291091887877	75.4580920826855
-74.7631493073282	75.2886044433723
-86.4401387379005	86.8715379406035
-26.3990046511016	26.54753966397
-89.0538416151314	89.6168123777746
-66.8020539795107	67.0815458544126
-56.5243529548905	57.0039958207258
-68.260629952389	68.5440170788523
-42.9043727377147	43.2025813741406
-57.9387110212063	58.1298489198625
-58.7413973763302	58.9248842348196
-95.1233917643358	95.609391105131
-17.5210733792911	17.5696272017483
-40.7406483836977	40.8925097646807
-102.36935491027	102.846663968556
-9.96855678173401	10.0091615980008
-51.2375257143068	51.554461736197
-38.3488184176282	38.6036305165834
-98.9896197481512	99.5113475643392
-36.6494471335033	36.8310320233162
-65.9790038498156	66.2960435712111
-19.7543530384658	19.7648168594234
-36.1317524674167	36.4201171297865
-103.923238570273	104.504128289952
-103.830731032101	104.408180348474
-48.8477594602796	49.1001309775876
-49.9834517279691	50.193014450932
-76.6279887715472	76.9837793357111
-18.9171477409485	19.0018246022227
-116.810462236481	117.373324689237
-84.369638426626	84.956471849178
-105.362138884404	105.929944569135
-114.1494204963	114.770141752624
-84.8433045408	85.1407022212315
-107.213042335191	107.817634973968
-111.845157412331	112.396752667507
-15.9869523188295	16.0927246362813
-87.0992581081959	87.7878064014797
-105.832659971698	106.432389158761
