-0.241185466667066	0.524325482012832
-0.318038009685313	0.54152316008467
-0.546534737198515	1.04392790652241
-0.483104594549275	0.81021683479395
-0.0792651093410249	0.196891472363737
-0.505014656903932	1.04801018106307
-0.424843216465083	0.828979416693269
-0.392625604166621	0.622914940628864
-0.695918438499562	1.14628712703145
-0.26298689048431	0.407214041699332
-0.362908405155249	0.630226829517708
-0.171242912830366	0.388143333169061
-0.198735534337832	0.544720855488271
-0.27457485575257	0.636204717923346
-0.211834584613107	0.374794171506032
-0.260964682952222	0.476833693794503
-0.529425007064917	1.03689204323828
-0.242661519285096	0.478238471927765
-0.242557513720487	0.510931297325534
-0.538312707507916	0.79072825613298
-0.150441235174012	0.482519320989946
-0.177796564634289	0.602084444865331
-0.503226296190203	0.749460252777853
-0.404364073892804	0.716169561428752
-0.570604631062317	1.09588426429396
-0.57800085863332	1.08614602027222
-0.269621089144823	0.553487364279076
-0.468461906031677	0.872582589132292
-0.0672072481265789	0.245585771465161
0.0855574963280279	0.135559533381779
-0.235321449451267	0.534591894766011
-0.40447606077786	0.697258404841308
-0.647479991887751	1.20074164604191
-0.231630627106809	0.567983951639913
-0.204521711760026	0.431610257320364
-0.28541427773917	0.616474868086137
-0.565927618442724	1.05154548311971
-0.0347791353338018	0.0432197231620796
-0.604365310695588	1.16780352955245
-0.284786174487951	0.429148072883612
-0.80949362389879	1.08903087571855
-0.0704204518853487	0.232293797364445
-0.602114016219017	0.884907149466159
-0.0524778073661358	0.0754765004094133
-0.00562439642534976	0.284337322598732
-0.696524509167017	0.986334699704298
-0.206577363111117	0.445180636146957
-0.21951972921532	0.333569626146125
-0.414592635749882	0.789522236440451
-0.479880493757523	0.814436555943091
-0.244369234243464	0.489774217437612
-0.560392782337212	0.923578485844963
-0.29913297175186	0.696588345920961
-0.256631485096309	0.703129057095305
-0.588128292601823	0.950541280641949
-0.703331920336362	1.07784954062356
-0.236199416080088	0.349487815703789
-0.0275846918519316	0.126262619892708
-0.0550597086570693	0.0819242248310736
-0.713416179117029	1.03231240018336
-0.0583496650026261	0.118896121650206
-0.0269609059649977	0.274512716399233
-0.225900769987523	0.53931842554143
-0.451424726768471	0.84162700849588
-0.143523649510118	0.49942996001202
-0.492611009906623	0.84469262455621
-0.00738923684277098	0.27113630443226
-0.0729808796846998	0.0999892716601685
-0.277080735808935	0.564611118499898
-0.0606658745172605	0.207450665161221
-0.623047190548192	1.18896020854672
-0.271678645830138	0.638370921667043
-0.179787479627802	0.424573497964217
-0.0479890104813369	0.0684386560125153
-0.434732364669788	0.733256382238122
0.0513066324803108	0.192932035431604
-0.535706501368111	1.00724192425687
-0.401179868418676	0.834820167120249
-0.347646439909047	0.463910569836972
-0.514587790826029	0.781469190315892
-0.413029665892366	0.778037321750036
-0.282110405324533	0.519587111420151
-0.691599380581997	1.18811979243593
-0.0209280691465887	0.156944281835821
-0.337251857958322	0.658327843990247
-0.317602697873768	0.647963679484475
-0.0943205049457944	0.072313592866506
-0.58993563853955	0.876974107069972
-0.0498606835882566	0.107518320933719
-0.480720589295211	1.02479886886099
-0.678745753031736	1.16773123900077
-0.680751722097453	1.20113401956641
-0.0609315257570791	0.0956968445737862
-0.464154591013711	0.914402991668734
-0.0846168453220014	0.140173107381817
-0.494378318122634	0.956218265940237
-0.501035105988507	0.928767728765866
-0.649937744073105	1.13567662029932
-0.033933605871969	0.0410479908201848
-0.539209541663925	1.0541799405629
