1.60941865401863	-1.25036875999098
0.186791272499773	-0.155278702973225
1.06898801701	-0.881483622888873
1.08337598767142	-0.816926432330795
0.63468349235122	-0.497331228919042
1.23763990110024	-1.02897190681536
1.10400851301514	-0.865952605130283
0.488637582964009	-0.385226351003502
1.42262035970329	-1.07094243809579
0.513441640926119	-0.425170741619789
1.36782119554207	-1.08553453175533
1.0360144398461	-0.808560227821682
1.18765565524996	-0.933045843826692
0.699252501310687	-0.521259575344956
1.44355739711868	-1.12171612606171
0.44566658245977	-0.337957049257743
0.825532609211819	-0.643144283459758
1.09416435250607	-0.832049716017554
0.555560497665511	-0.420897444390977
1.69824226352399	-1.34566691348665
0.492334264868183	-0.420466111399855
0.30851875139387	-0.195375074851754
1.28291657972519	-0.972517890593444
0.858799606073228	-0.587332897760215
0.340842276288784	-0.214550466922251
0.243895428256267	-0.256214511595506
0.27564862241852	-0.238056909022776
1.44436796765331	-1.13669657767916
1.2194177854358	-0.895631866358579
1.55907740877501	-1.25024244675754
1.10813514372616	-0.876548305367912
1.63862664922323	-1.29340737069361
0.226193605938208	-0.175296993298696
1.62797436979184	-1.29727265924709
1.21654353724989	-0.908526124190438
0.931035174202613	-0.659510882336288
1.11751173579599	-0.87459524107593
1.21404974939053	-0.949710142054711
0.998666226927727	-0.782310617449651
0.71100046053836	-0.548274677827482
0.0535631294920731	-0.0408840279222547
0.559441147674835	-0.456519877910838
0.80512968963511	-0.654529790237437
1.66147833816166	-1.28702101347821
1.67754980989092	-1.32778678733872
0.0697990091316465	-0.0697336452009765
0.315359754541774	-0.25782075849614
1.0866282635085	-0.852739281626898
0.993755538074693	-0.812125551030676
1.10860445481822	-0.882891478440103
0.58544359129507	-0.465559001956344
1.50776519871659	-1.18070816883326
0.360542789126773	-0.323437613325282
1.05398369958494	-0.802402339149229
1.41393989323533	-1.12411916142619
0.323495262451708	-0.247272738838488
1.0460135367731	-0.845492264128009
1.32278607722139	-1.05838916773025
1.58222103855249	-1.21501496946228
1.4465729374637	-1.11091996103322
1.43116838757062	-1.14214177567235
1.66483203043026	-1.29928232725221
0.906981553071423	-0.704333585167149
0.579440658858907	-0.45138062902587
0.604561445300894	-0.456380992142344
1.29713065674709	-0.985393107957875
0.73569591093623	-0.606120844881079
0.529619234521361	-0.455294149619184
1.65344806672316	-1.2947020943111
0.426362138735956	-0.335458664081323
0.460054244212988	-0.413862794402312
0.448215121359473	-0.434200861070033
0.429918853405255	-0.408087323806522
0.886980167143603	-0.738567444519439
0.965776485476931	-0.752173730837902
0.475287874371718	-0.398614763548479
0.158201015720722	-0.076607508352329
1.290846492625	-1.00138789566021
1.12716325655054	-0.852473049124289
0.661904184417588	-0.599257605966111
0.786043068159252	-0.611229215002034
0.691144644861849	-0.589171063770557
1.40701565058398	-1.06003492960178
0.400245438627126	-0.282255788266862
0.633910116601404	-0.483940750072593
1.46394406566541	-1.1198447961072
0.49733227932746	-0.397186972785409
1.25502079165171	-0.930957017803255
0.987706902808685	-0.667426642104596
1.30714800223634	-1.00792086755934
0.975568424725589	-0.819816701091104
1.09309175499449	-0.837767832124186
1.17007904769106	-0.827803703610105
1.55708971604078	-1.24563679921217
1.5771125611311	-1.21564507527591
1.42951146328164	-1.17680238109944
0.632926860768028	-0.476814275301242
1.42591649524244	-1.12699849499513
1.59446953982609	-1.2854837372219
1.63879614345201	-1.26135472573511
