-0.36754910712285	0.352498406960592
-0.159461900627606	0.155098311149343
-1.26260052779571	1.40142857799321
-0.352966124424551	0.396458804676614
-1.50304894036534	1.88108495844989
-0.105638888388793	0.106389053159266
-1.61277246553228	2.02476637460873
-1.62506031857257	2.03747224674448
-0.050959812286153	0.0592966742043824
-1.51617169127865	1.9374732127561
-0.12547037069347	0.134537689677789
-1.33305821826293	1.70125110823297
-1.53292796967313	1.961818246503
-1.37526033883006	1.83346396120768
-0.459010117027627	0.418745724632468
-1.55051950330704	2.01296649338083
-1.578187025476	1.8991912692629
-1.63293688175568	2.04948148749785
-0.0507711898773379	0.0599772544194884
-1.37024768078355	1.72951493704865
-1.44594925597017	1.82552129233291
-0.167094897623665	0.217029630490485
-1.4734132384141	1.88805644469966
-1.61629040686459	2.03439797942538
-0.108430446323615	0.125892107449781
-0.0216494489397488	0.0260864480150726
-0.923001867313174	1.2797957720346
-1.64929150410011	2.06589811755382
-0.0790919968582865	0.0903970857488415
-0.152835911472331	0.19275556685577
-1.55945354336991	1.98061696769419
-1.39493545554616	1.70102751100134
-0.290168496137433	0.323430224727688
-1.55951870324408	2.01478335422688
-1.60975835636933	2.0142606823194
-0.18108237130856	0.213767098391698
-0.072599088823488	0.0939949619685525
-1.36571688479921	1.77489536444833
-1.40059234063971	1.80043565261898
-1.52688777717143	1.97935565245063
-1.25644809183145	1.64601226663221
-1.55125362990359	1.97640977335205
-1.45724347409436	1.84258033596878
-0.97566870116032	1.24762705076046
-1.63380649964261	2.03682149422288
-1.49373671617422	1.9376913575638
-1.27249408067652	1.69331430083339
-1.38843290788507	1.80095631384623
-1.59690293036482	2.01238267096219
-1.4434398759904	1.85845149288878
-0.229885404219462	0.297323149137678
-0.0987677715087076	0.111479222182232
-1.58197784425591	2.01408275874294
-1.5745072860179	2.01221076771308
-0.335463728651291	0.471420056969309
-0.873299321319726	0.882783017048301
-0.555060387604476	0.803329396760619
-1.02937364094304	1.17642268936602
-1.28355379046805	1.33980114731102
-0.53189243729707	0.581517628284965
-0.249806677748331	0.331656196233237
-1.01521229607027	1.28056926968192
-0.943475822514358	1.26644036941685
-1.21440810032265	1.56904576274714
-0.941178535641828	1.05555563651332
-0.935291172002889	1.00298589161677
-0.212895271426454	0.244137291138308
-0.539033763377339	0.767727924315522
-1.56734997643705	2.00127634903982
-1.0739853545151	1.43357959677851
-0.0300572113261731	0.0455475424641069
-0.0654326787905759	0.0896517216087362
-0.0609178647246671	0.0738774774233022
-1.56668884245768	2.01210248180525
-1.60015351669312	2.01807617935492
-1.53753335800527	1.9958696483404
-0.320624088182703	0.419509636133635
-0.0976441333792445	0.125733421891249
-1.47738166918016	1.90569133745192
-1.58185491833651	2.03493075978266
-0.017856062572387	0.0234366859311048
-0.132827459392076	0.157155880744788
-1.4368433304346	1.80951949459617
-0.0819432376555264	0.0969743263405873
-1.44390316217027	1.87909672756983
-1.39747942828657	1.68080488958513
-1.33095241611818	1.77429640223889
-1.423164816314	1.72489575004615
-1.28768589672857	1.56706645090215
-0.00498540376866369	0.00658531208905414
-0.169393884055157	0.233833098249265
-1.31063223070927	1.60892703266685
-1.52160973066811	1.96932350925621
-0.465861216151961	0.607998839537869
-1.56249839788535	2.00085496936839
-1.58679661072116	2.02020325902931
-0.114941175354172	0.153413441696059
-1.46756735380925	1.90658138871448
-1.49461378345718	1.92357409666858
-0.153136256280497	0.205689559420454
