-0.1467886873662	0.446755505328492
-0.194879954479025	0.452629223433605
-0.348363266627925	0.888103427497351
-0.317062538737261	0.686426045032257
-0.034454039044917	0.162644458350132
-0.303914036093245	0.888248952218271
-0.277897591867109	0.709809156066889
-0.303725103845496	0.547692575746591
-0.480232346813088	0.981108338919052
-0.182183978019698	0.347358879326405
-0.23770849191226	0.53519552505625
-0.0664642037006541	0.31344449113752
-0.0421165159516736	0.433050753733343
-0.12481532150421	0.524089628826704
-0.123002768890952	0.31112914199935
-0.156553755147559	0.399524061874427
-0.310377312243703	0.870606878199043
-0.140953638086179	0.40113753212921
-0.192257187888503	0.455994227807114
-0.392107535607587	0.681107953087732
-0.0122168309164173	0.382534024182829
-0.00158946773864591	0.474887447728907
-0.396282193781665	0.66056247925185
-0.253329358596055	0.603571782837522
-0.339516536843554	0.920920005451481
-0.367352411062429	0.922347099334592
-0.149044756980486	0.462318680898603
-0.298701398841607	0.740937226202651
0.011042896601151	0.190382596159243
0.150936238434891	0.0878853766547934
-0.0918521477952653	0.432118535197222
-0.263374471197824	0.591033531842865
-0.405483617946483	1.01570783562741
-0.0986390246065811	0.467524826470308
-0.0956530803925568	0.353008329587741
-0.110111506419211	0.494210462519022
-0.369712034236308	0.896963196290606
-0.0285997677326109	0.0383793820912491
-0.370812056917737	0.987330235726226
-0.20880146326584	0.370903641439828
-0.63319571875385	0.953800897836615
0.00943825335254412	0.177611058551503
-0.462026766756156	0.773575459600551
-0.0405281954262769	0.0660380397619969
0.0972165713876947	0.210666499612823
-0.551293116872312	0.86888515097673
-0.155350270087662	0.39348505352137
-0.176151336054261	0.295817042540146
-0.296009191144706	0.686858870958415
-0.354749723636182	0.709969342126554
-0.110372170177136	0.396100516095586
-0.418082152543414	0.805743362687422
-0.168292891283749	0.589830977028917
-0.136355079690104	0.598629767256668
-0.449860255725093	0.833844901214445
-0.45843610304203	0.904786620632229
-0.139240447578675	0.285289142034289
0.0165045276401731	0.0956420124084252
-0.04228119164569	0.0716716007641061
-0.551160759747121	0.903650530170998
-0.0169260948792852	0.0918028360483738
0.0483123887740192	0.216181817471504
-0.10510750083309	0.44690531967742
-0.278114837171101	0.709991702492643
-0.011891222022432	0.400795481815478
-0.356107330934452	0.732779273825403
0.097970052656489	0.197480743370852
-0.0565189683130255	0.0873765704896086
-0.149028395202125	0.469224648495633
0.0111413302347623	0.15824621214507
-0.387614075444416	1.00678435466042
-0.12655507771291	0.528179324672252
-0.0863648491281279	0.352719477643455
-0.0360393332573206	0.0593692157157432
-0.292132719129599	0.624823046174062
0.122651969272116	0.139311825737123
-0.348265511413729	0.859168574190955
-0.236744715629098	0.705414634280803
-0.27454945751265	0.407410955089456
-0.344611862278061	0.659824104244551
-0.252919482820496	0.656189104905782
-0.177382239842486	0.439548979329504
-0.461552965881653	1.01228156284849
0.0283082880658832	0.120871588870732
-0.24029657952405	0.57323784172275
-0.253446108923545	0.578615349397105
-0.0907664806634798	0.0695110549834484
-0.474392987981564	0.777674698456024
-0.0266576823874193	0.0897740889540306
-0.308415539774908	0.879588081269347
-0.455708836608884	0.996288282422306
-0.444491654818636	1.02056846270291
-0.045839257781695	0.0834732375069481
-0.266738574463109	0.76560256263045
-0.0604293527663653	0.121012790814109
-0.294769323450209	0.804398796545334
-0.323821485668963	0.790454155483878
-0.435084588588996	0.969405777865685
-0.0289658292697074	0.0369400566976037
-0.324983420819566	0.889300228536111
