0.0371970553613513	0.00169995142145506
0.0485425727090436	0.038524881779051
0.305620094899638	0.105782753029467
0.123040499502668	0.0470924166937446
0.483374916003904	0.176670232225225
0.174593449069003	0.0293036149953304
0.431054713846657	0.238522890649085
0.0842126498896079	0.0292661764585261
0.0300049681520558	0.0461479399608169
0.334044605298603	0.0505490424627741
0.00168114673839932	0.000808275592484
0.100836654113856	0.0339778588875545
0.137330739859957	0.0190851805691756
0.14952577112765	0.0904256452868072
0.163627373932444	0.0503425981540363
0.370130816478847	0.121962851958384
0.424305279686584	0.124370129819014
0.461010708577686	0.15744449410897
0.226197635761597	0.125780067825828
0.115619220637309	0.037795447539388
0.0691048794091929	0.0880494527938272
0.0906891971406097	0.0287225579246791
0.116750999647738	-0.0128822486109208
0.0551622843518251	0.0123705414276689
0.233300970580269	0.0223208435227103
0.477265080010152	0.171004182371602
0.40014469184957	0.209061036527232
0.0553871658802793	-0.00343976581144564
0.369957960655824	0.118423725052597
0.496767561817118	0.194407613096501
0.216343704836329	0.0706857629033574
0.213147498045375	0.0697560158792847
0.043102464056236	0.00945947501983419
0.150846137169699	0.0572161835682465
0.436095096115983	0.167885004783809
0.45365350616417	0.177256296576572
0.358908287208386	0.179968685767989
0.0348187861906647	0.01498523662797
0.125023985645411	0.0122651268235342
0.486168051960447	0.20174866867031
0.0977334109242362	-0.0118246108065988
0.469671995939839	0.182882640598449
0.449988302061599	0.191930332904833
0.174973539498807	0.0264020480532853
0.323466357995429	0.226601900246611
0.435131258665432	0.10201504504509
0.373182845708313	0.231646695093076
0.49096556721438	0.180999545596065
0.31217192283727	0.148456219740607
0.410369347672381	0.108605410118059
0.346386041172473	0.168497419499917
0.382919355706823	0.171959576796503
0.369365283201387	0.176086652702402
0.289533375410778	0.136634184516874
0.221792961374317	0.0872084818694383
0.00957719055863889	-0.000924206895957764
0.111860602145444	0.00783122020312074
0.12939869543635	0.0213913700168917
0.470511022040299	0.195022920425105
0.226793253641693	0.132057257533674
0.267672530619769	0.11645646342155
0.0706940467082534	-0.022692373768625
0.154049505469194	0.0145581008819441
0.0258213350561743	-0.016069512894608
0.053079505968754	-0.0219507914003855
0.413795948050132	0.186523837136774
0.403655310535673	0.221421133017291
0.207612312097527	0.0962546755084823
0.428800278074814	0.18886888964678
0.05281481090538	-0.00255871385156114
0.397466156454966	0.123698405250208
0.204065878468708	0.000530808588490809
0.037892934974702	0.00445605447679194
0.11134886377111	0.0104975036966921
0.127812550682388	0.0202942053731283
0.334808809103455	0.151698309767893
0.0762136112325332	-0.0120751901158535
0.3504561100063	0.207712975350103
0.0194867352846627	0.00330067080401847
0.357771256300808	0.254692825320402
0.223855406934383	0.120674307069281
0.0599618528235595	0.0195106721859216
0.483509820688192	0.198873979571531
0.289966192805452	0.134025325793914
0.425466909527708	0.212597351342545
0.156938015681983	0.0280022952259145
0.202414574665809	0.0557609604683116
0.394590554276358	0.200534913041439
0.0624624185688187	0.0688631433808783
0.48078696193222	0.159662049587106
0.466520241124171	0.117288236612122
0.334985451335835	0.172881500332426
0.449101715236441	0.137068907287867
0.367512555880606	0.176113012843252
0.116369437441066	0.0357348360867262
0.438046170938544	0.117586255358411
0.145658580509472	0.0184383465453808
0.469675147408637	0.181204623194383
0.474747501568238	0.241907055542921
0.442206089628171	0.10842543496254
