0.12727651259453	0.0381967562960486
0.580671694422407	0.188265435931952
0.575481624129709	0.188956652484472
0.0796019767630928	0.0236214909757695
0.369712069181248	0.10238454154332
0.138151067403639	0.071156681303815
0.400831455628877	0.14477939991196
0.572995001090436	0.15111567011151
0.643347420825726	0.194911543303586
0.385835059323105	0.138851963074207
0.000770108662080661	0.000257875842305328
0.509589953777697	0.156188241037218
0.587480073109127	0.192219903987932
0.615805932341122	0.173574082680695
0.683940480662136	0.195599173375454
0.0454023071966658	0.0196346705233748
0.673989795304148	0.191936189221451
0.0476782712785319	0.013523373615596
0.647177462858001	0.19512171226529
0.454230306031013	0.134395108044491
0.650746360825641	0.192052577887096
0.00823610455577816	0.0128005420653794
0.103541131251409	0.0306891034768184
0.333293183146636	0.105420855934569
0.0346990130268752	0.0110070168555971
0.686123556260338	0.193299300505335
0.539192240380704	0.16511342556127
0.0332972730399227	0.0143682509505407
0.41449655936215	0.126873144027393
0.558100691559909	0.184262517491782
0.561270478226014	0.182242743601138
0.0385779898882624	0.011288011861613
0.23053305120584	0.0595279900888311
0.361401410395464	0.0862292655190487
0.159958396567867	0.075797748497658
0.593093325078945	0.169997340696521
0.0276034277189306	0.00814634650059896
0.454667488260517	0.139460697751642
0.541942176669035	0.173387297243221
0.562714654075066	0.192779081671195
0.145747805518981	0.0530304404631846
0.590561058353385	0.191534627978451
0.603062584070972	0.192582455868997
0.120239678196426	0.0492543484933184
0.553593736790901	0.175398006703338
0.604916822962929	0.180510365877848
0.0120503119264533	0.00216581698771749
0.554750542239859	0.164655287761382
0.511579114895408	0.145550894825022
0.499870079543398	0.157865932986485
0.551260400348474	0.16380240297687
0.358918452802254	0.108560463765268
0.611555610845885	0.196016888088043
0.533871082092747	0.183020454991688
0.519871921361836	0.188869846482079
0.613971641073694	0.163815381585161
0.512068713052438	0.175468182207185
0.16417614007904	0.0384360180883177
0.442723976163652	0.130366629125095
0.510835130705197	0.162054101275627
0.0448665663134183	0.0105453598104278
0.301426643220178	0.0835391034461241
0.392432165104902	0.134511342025728
0.0291768040073237	0.0122313992698004
0.51000311212879	0.176446303552905
0.541409929613352	0.168853916399337
0.507969891919683	0.170717106411308
0.0162783535574876	0.00392484569707845
0.608835814702663	0.185383953927685
0.0863403049405607	0.0279876713294986
0.00612466046858368	0.00468114730605927
0.623977155566213	0.193406390388192
0.64184177537496	0.19655134683439
0.0603897839208334	0.021515121343914
0.590066187815384	0.185151688282473
0.226598776163539	0.0855477817094124
0.451436945698298	0.118393965260144
0.35085513608511	0.113770072358849
0.0113637409946069	0.0032199128866027
0.0740273617597504	0.0469578241652212
0.0277471856518371	0.00956467401264736
0.11079960634549	0.064841578550375
0.671301182564544	0.163997314243138
0.569137980364476	0.173184367245032
0.646483603946776	0.180400981626889
0.294924904695505	0.086494051838872
0.642625639358295	0.18071245152499
0.220645384771458	0.0385721461045591
0.0299885521884716	0.011150915498721
0.02251096930801	0.00539584385049285
0.625917964351983	0.199155644973858
0.29835379023075	0.160090764010484
0.0109882986496244	0.00493918038670398
0.269471953495532	0.0899934047658874
0.420918003305206	0.128715602187057
0.601566231292339	0.162088125427622
0.564957911989124	0.175991099092087
0.706096065477161	0.194386437784942
0.0199204857718174	0.00714304731861034
0.264318228518542	0.0845678500134426
