0.63445782218377	0.182189938550712
0.626975488329305	0.183490283578073
0.403789267766881	0.117837406848738
0.651601477351585	0.187091751325298
0.267426553879014	0.0619081121015681
0.261635046087677	0.0735569652641165
0.0109403417470228	0.003021653100068
0.192969349787919	0.0696740030683086
0.0168698548963791	0.00442175346884769
0.340910984477189	0.132244931852062
0.0495505944391571	0.0101088631201848
0.128556167574245	0.0321661279441983
0.644391492355853	0.187262561859722
0.296645817254032	0.121092151989379
0.0473366772247048	0.0165813605281453
0.0221552579212768	0.00868904213575897
0.549577588893562	0.162066381409394
0.579580412356729	0.182495195697957
0.564418530776342	0.183291680495123
0.519194822321446	0.171605223483009
0.122748544204862	0.0392914994217592
0.547682726121106	0.160807467597464
0.106122040143609	0.0278661203956606
0.505792410041253	0.152418193118475
0.676861420822912	0.17481679220814
0.654128368319641	0.191496563408173
0.54773834492203	0.176266389552655
0.123220894600372	0.0402227954696092
0.590003944390634	0.185236828209449
0.13191587829061	0.0343217517012953
0.622912365191901	0.176029746840641
0.0138230564578544	0.00375293077032922
0.592137388415382	0.177531011776325
0.208204550496908	0.0643494880338958
0.388716361470353	0.111895594925217
0.515932034823293	0.143000643561555
0.170770412843366	0.0385763271394628
0.651778538321518	0.186996425412746
0.602148245821782	0.18248718068789
0.608348002557058	0.181359243531228
0.45501820300237	0.135779937028286
0.0291951546245712	0.0131950636685929
0.0489430441727127	0.0254836027856649
0.612011550333169	0.178437190618764
0.557011083034021	0.178985023265959
0.577404838618597	0.180957852317221
0.702749266026875	0.182388029541594
0.0976358746306924	0.0229737009223453
0.100717423760044	0.0274556330322884
0.118641376454182	0.0486861289705306
0.577537148502604	0.172784971961399
0.672649162416352	0.183241031320105
0.636614985712317	0.18901927857918
0.167083876509913	0.0566449707031551
0.677521046907312	0.179228219936095
0.624004857698661	0.189311923863479
0.158725863482889	0.0539615752284817
0.191821851876029	0.0448551549023568
0.499468740914322	0.145290517325806
0.624174617762852	0.1803818947294
0.370465450816375	0.105474077576764
0.334432949166	0.10696586059831
0.0286430141067201	0.00634462094711777
0.119578528012075	0.0312243899927418
0.420695889875364	0.0727313848126403
0.669494272169508	0.186800492749755
0.121399558460767	0.0403047230247055
0.0142085158630626	0.0042630279887458
0.510758455132135	0.149066008826517
0.544642988692825	0.125200936411181
0.601286078706508	0.173416000336437
0.0322348567907671	0.00559709374684549
0.552881345696698	0.186747509523863
0.118474029778698	0.0451060738754036
0.037317396410516	0.0127018315438664
0.400214394108374	0.112634565325298
0.108170001943341	0.0193562305782147
0.594855736121343	0.177497396262871
0.571231263271364	0.17995380666068
0.623946775008775	0.180487582433629
0.0244001575547914	0.00687430610128932
0.270904279507214	0.0691895032591531
0.491151550735377	0.138250149595224
0.0936475947840906	0.0243086929681113
0.638807895709915	0.190074359284009
0.507615763285115	0.154230829885098
0.580128754526582	0.186628633500031
0.662502008202601	0.191692652104684
0.64533645171332	0.187015307447289
0.0189545274481507	0.00695519157727261
0.042590176919202	0.0150510771320926
0.0405275919707624	0.0145632345853203
0.528893650608779	0.149626773080064
0.108315004627372	0.0375844134542507
0.387684131570219	0.109161212873001
0.527827874531102	0.140463969529614
0.583374412093655	0.1762207005205
0.0639151083788641	0.0178820461038441
0.0184727202635279	0.0124111642066204
0.009870079925865	0.00285365611411481
