2.27383012302479	-2.09532870815848
1.51096532319217	-1.36308428387047
3.68591410435723	-3.37639647579518
2.45442694811498	-2.23662147540812
1.26478867234223	-1.21832887873948
4.02188927648417	-3.67992894177806
2.8606167857648	-2.52421118841391
2.03128010880132	-1.77563650629653
3.76585117736061	-3.41709462353497
1.48042529748805	-1.3897159691154
1.78836289645459	-1.63699375702641
2.18627462166408	-2.16996073366148
2.50220230205	-2.4670476753734
2.6595646649651	-2.523495622048
1.21101318664723	-1.17916276361801
2.16029311485834	-2.07551653464458
3.64811763989787	-3.36145983492031
1.61185196327936	-1.50373252943221
1.40703850917395	-1.04887365564118
2.62532595680383	-2.469086937243
2.11902303971888	-2.09207779677208
2.64624523676818	-2.58219663534714
2.44304078591312	-2.14739972555656
2.29202272952565	-2.12503300437002
4.05155187413805	-3.78232415649114
4.06704562183522	-3.7744884422808
2.44266148319089	-2.32019175467877
3.21395776686514	-2.98265305758563
1.46308094602276	-1.48229636268298
1.17250277937513	-1.18272657812154
2.79303355702683	-2.73519279895285
2.40485729846569	-2.18065318467518
4.44300894787575	-4.1209353398585
2.27895433069557	-2.12155925457058
1.98742607327514	-1.89838340911
2.61956034039236	-2.62410178698514
3.51664363811553	-3.17951625845114
0.170498884308593	-0.160288041346239
3.98339099421386	-3.69519582197559
1.57980608180506	-1.4464109974072
3.77465061941314	-3.41363372086262
0.741943098446511	-0.756884719174457
3.22339966096429	-2.92545960174505
0.231842137463475	-0.206712705706419
1.42437995192966	-1.46203341158977
2.87379462456375	-2.50962134961502
1.13299876548355	-0.882026172531903
0.914413435897051	-0.785885774725278
2.5311086937539	-2.15566355429777
2.94435735329185	-2.59568078349959
1.81948214359501	-1.75959863535216
3.04082930885362	-2.69787467562769
2.24178649778688	-1.95056339658893
2.83797801634253	-2.58209742635933
2.98030703420464	-2.56160981534324
3.85686844111163	-3.65129441166195
2.00758573313407	-2.05426749203914
0.9357920795388	-0.943798533044448
0.221530839706291	-0.194998806530746
3.96638647033834	-3.65377957354701
0.576647435639666	-0.599484147095501
1.3848480152363	-1.31947662411496
1.73749326082023	-1.59879306037396
3.22126764545165	-3.02708028442251
1.6115070621574	-1.47895188954748
2.79119379412423	-2.48923271035973
0.73279978483651	-0.733171635411822
0.248119749239521	-0.225920910218695
1.64255084709891	-1.50935817275131
0.640646802640457	-0.639959684737792
4.22823645331102	-3.91288213273462
1.97678261006974	-1.82154394990935
1.584699955577	-1.47075394415203
0.272607734509598	-0.257456615610089
2.2741545473916	-2.00025926323509
0.593530487609012	-0.572299237134025
3.85379671177469	-3.56373088504588
3.16082450808995	-2.90234414297459
1.5349846255346	-1.37226093551916
2.33650351160692	-2.2066163602093
2.89467736356366	-2.73345433501689
2.09657752226704	-1.96213079163329
3.7205445852438	-3.36336502944298
0.77435735008321	-0.753119739343073
1.86892238941747	-1.5587129173091
1.88992325258986	-1.43797522197945
0.330316830466529	-0.312802927527077
3.20959760990779	-2.83684748450696
0.552927415436735	-0.535662107911025
3.89690448861829	-3.51468972716593
3.78666821316201	-3.43825169072771
3.63485336155846	-3.31029288030391
0.284902776468406	-0.249981973348047
3.21081368432101	-2.9908963383178
0.331801821715226	-0.278565738546471
3.50663731881677	-3.22100339763664
2.87941017432908	-2.57115304309735
3.60572669999864	-3.24078804027013
0.170545670661218	-0.158856071040071
3.67281579292038	-3.367137847232
