0.966113463871567	-0.729127387969213
1.03366761326884	-0.867838482471575
1.94048960956915	-1.53877689121664
1.52581379147575	-1.27801494459696
0.373010916203999	-0.276398644882504
1.94686487803916	-1.50060913471045
1.52773082002738	-1.19545408081663
1.12803009009685	-0.943168752053428
2.13725656859171	-1.79173660362727
0.764928259629024	-0.659324480336276
1.18065784687683	-0.973260852167152
0.755829900350448	-0.586661889630864
1.06938490928507	-0.794433098560771
1.21285042893995	-0.921118515194483
0.718705474386665	-0.596916613807126
0.903585017208264	-0.736787964533342
1.95353638759947	-1.55020970599948
0.9016336772073	-0.714301546244272
0.89230832708957	-0.65246818963631
1.47569465531548	-1.29448372427702
0.944220244758076	-0.674709975221041
1.18261800557388	-0.838203978322079
1.36002860876485	-1.16865608502534
1.35142919999134	-1.11115021730222
2.06460720460201	-1.64898215614254
2.0253484439931	-1.61861616982608
1.04569725266628	-0.818658350153064
1.62811431880034	-1.30571429874525
0.488932217845789	-0.34536623584209
0.286306132498564	-0.093032737563863
1.03970961460613	-0.805753807903752
1.30952964272028	-1.08401996607553
2.25022203710485	-1.81252789689539
1.08060730778865	-0.806289412607557
0.832528581843838	-0.655531109949282
1.21251632670161	-0.960977754005096
1.95292045059675	-1.56290596403618
0.0790182366448478	-0.0737995887546867
2.18490094152417	-1.73343728068378
0.79632531027647	-0.689298993771876
2.00782316072417	-1.81643091038952
0.469712029065461	-0.342911382129442
1.62423414169873	-1.41228015087065
0.138586479702074	-0.121608506505785
0.575163498020265	-0.341674243903929
1.79880374454719	-1.58336126916281
0.786094346389075	-0.575354839060693
0.600159322366055	-0.508976783181388
1.43150097211539	-1.11716039255984
1.48344313810328	-1.21212789337998
0.9587881377314	-0.774664764240363
1.6837311379263	-1.39224478388626
1.28807076941331	-0.953961851820408
1.28330751408837	-0.896489197047724
1.72475413113712	-1.4332633342661
2.06211645115121	-1.8020163054044
0.689937410549576	-0.620546848013546
0.255426298390245	-0.176184403156923
0.150020830678805	-0.129608981376307
1.89297958866625	-1.65561890850428
0.243092909692694	-0.200842760075409
0.52854564014173	-0.315267973101293
1.02039603202086	-0.763861497950991
1.58154465750128	-1.27385485840058
0.963119400717978	-0.667620424919884
1.54628099712842	-1.2624888065296
0.557291998557239	-0.339504084049147
0.184533495320237	-0.165699443623648
1.07295847508922	-0.845420753368033
0.420782175146912	-0.305957283045415
2.22192386610807	-1.76890568893625
1.21052211434381	-0.911914204748842
0.801380515189877	-0.60069542194464
0.126926236770672	-0.112331278416725
1.37124270163396	-1.14133448278917
0.387703754117013	-0.174740992828842
1.86840976168645	-1.48767495706435
1.55625976753682	-1.20155168845759
0.853226134339579	-0.773747247896967
1.48791297248045	-1.30171212014148
1.46148625149309	-1.17267027531932
0.974504070595006	-0.78734212022325
2.21966387492772	-1.83391467736547
0.30997946503802	-0.195981040772146
1.19010563313202	-0.91850123316733
1.13306216600166	-0.839129051318494
0.126041257778199	-0.15028167602302
1.579997077009	-1.35329278421948
0.202698903599411	-0.156008644044737
1.87450720498592	-1.415861800382
2.17796943789474	-1.79668622744423
2.24691807402125	-1.83997177251539
0.175096082772723	-0.147896103440846
1.72694262741564	-1.36987320728169
0.258727398322554	-0.215143639129566
1.79854407399246	-1.4314678647344
1.72906930371048	-1.38697128835839
2.1150479973814	-1.7332979620607
0.0740029455893039	-0.0695729715389056
1.97550797320847	-1.56279143052058
