0.241677015868021	0.162751432637449
0.0540603959633465	0.0108452618905233
0.59090512474532	0.259386818575448
0.282236534346041	0.134901553655289
0.198555440824376	0.083441058727688
0.366086132772537	0.138139255728486
0.119680979815069	0.0580434736156685
0.302884282136849	0.0812954881392908
0.277060594118678	0.142648094934761
0.531184474386111	0.201579589260647
0.440115868980212	0.198974055245308
0.46141334071517	0.172809207974816
0.320582471089422	0.149662977183252
0.245393507852536	0.126943997346408
0.363252274838223	0.135514101718988
0.0543014311351176	0.050125202806977
0.45384315748235	0.208799295056964
0.361043111675396	0.117626933933534
0.509169006261845	0.221287528918065
0.333588295212166	0.0910140848834763
0.4942204552685	0.228379524973297
0.423346345541131	0.23926549012462
0.420651345461016	0.222778230395173
0.320315226499597	0.185180965106076
0.32551956821453	0.143166285158333
0.376400218161003	0.13146194155185
0.359730662291933	0.142108466300167
0.626005644299424	0.233899678936735
0.334408183477452	0.221769305971274
0.340938846413529	0.146821869621667
0.269689981239997	0.0812732465673646
0.0536696001915165	0.0422615926779525
0.143877452893244	0.0928806361455521
0.1758113120422	0.0633579467137094
0.00461488436324484	0.00452504307117295
0.377769942969297	0.0787175710842667
0.0955590770402286	0.0889969770588655
0.142337964260968	0.0386503622697936
0.529414074663965	0.219491190674205
0.328052180787823	0.171072446378493
0.571333094603311	0.257284765910586
0.492351190343533	0.248632775111429
0.189882089270936	0.100697345129789
0.0558457363047249	0.0266971085682632
0.328888253621755	0.131853183016266
0.527582774989169	0.195717479888611
0.523469908712788	0.254060520466862
0.0358540609956975	0.0231979232199512
0.174369517511208	0.102328591626897
0.334538861655481	0.154461772160983
0.502592285943464	0.198029887754725
0.509475302327424	0.173305008267695
0.407930670553729	0.20590800817819
0.54090167351178	0.240152413415563
0.158609001483832	0.0669606171481224
0.558263859909628	0.203259239403047
0.433754260315038	0.2079750892246
0.49421521445632	0.222222720439453
0.395479106184376	0.14301256811719
0.120266722858711	0.0597506224792257
0.0690608877750149	0.0255120674932253
0.257768157993779	0.0868195166012002
0.599014613372328	0.248888998818738
0.0424219656182806	0.0364778069461096
0.550154385729587	0.246823732306943
0.441697944682692	0.193371948145772
0.631999212653565	0.241481304308647
0.615543870652607	0.205533589903977
0.480978331584564	0.244385947645194
0.601002572983843	0.25500660984476
0.0547502652083985	0.0181949984250247
0.174870464167494	0.0588297747455528
0.438972132241235	0.247843769923362
0.540956083098077	0.252467479573176
0.236345598699015	0.06023519592533
0.595629968214852	0.251809030662037
0.54211127346568	0.243060455785634
0.0101837786991101	0.00928071241549611
0.488207485803755	0.24847047188015
0.182113342652199	0.10425414630681
0.596853931100799	0.239005997504557
0.027539427645796	0.00746117317835988
0.295907146812253	0.165056948156914
0.573108722888524	0.256012239371914
0.0414033633418726	0.00967662511914472
0.164703745307832	0.0673625096516399
0.246544075439288	0.128254578048689
0.277551711598563	0.145596877640685
0.540075717582715	0.141093133423785
0.121771764255373	0.0370340517411604
0.385419417321917	0.192061654041475
0.473692712787416	0.246491788332827
0.0676286491924226	0.0213386796854896
0.0842570319210593	0.0176431107519637
0.115679609342357	0.0180399841120736
0.48491113560822	0.245193012632531
0.55134914020755	0.251948628139599
0.148931057525584	0.0406621032601977
0.565296937205828	0.234365822883075
0.139066345660369	0.0951125313261216
