-0.382670531867022	0.973891753847823
-0.0422064141548946	0.106393396659296
-0.249758180215619	0.631901203563314
-0.2037078345446	0.655122789017567
-0.155241807155388	0.370623336464035
-0.255730059025154	0.662728922041899
-0.196343215937577	0.689473029586625
-0.0484051591358192	0.188985677224432
-0.261147623345543	0.779576927781222
-0.0626312733617841	0.28263533110021
-0.328789734167359	0.771143662999759
-0.277992840851482	0.702703406183111
-0.236651167697074	0.702754799400603
-0.137656688631264	0.406821494273437
-0.325673610296024	0.893863595388555
-0.110092495888185	0.253377806861623
-0.149199020982644	0.42674938731883
-0.198206214199915	0.616731828537368
-0.0836260869854756	0.364778450562848
-0.27448627795741	0.945960093585555
-0.106795353735737	0.291086371268616
-0.00737042785411232	0.0398030091547957
-0.37523465722895	0.952227140205758
-0.219873341053213	0.580884315850235
0.000352549723909437	0.105429933862
-0.0196066033240758	0.0753539042953698
-0.0726232011913544	0.187488924884137
-0.337620296090322	0.932379780036771
-0.245338601185521	0.776465224397341
-0.400772826504842	0.907604086680719
-0.260503609098294	0.681459789369042
-0.346691618426223	0.890196239208459
-0.0882802740904583	0.157157847518992
-0.373670823572432	0.937645709714872
-0.233435333924945	0.718456287955916
-0.168037421483043	0.520174842315419
-0.289146952417633	0.705624577861144
-0.242985200239487	0.691643775947479
-0.27075418659147	0.667723592096478
-0.138344380284583	0.422661540231124
0.0125853283143999	0.0740235316214005
-0.029347752132271	0.279380293405314
-0.259989822751452	0.478280974694439
-0.366485873221411	0.975196217975353
-0.36382023943946	0.996696486552674
-0.00876042047954204	0.0462627493471241
-0.0466911900903927	0.197709953631084
-0.207604126462844	0.665187323409023
-0.199708871396326	0.585968591340468
-0.32637836494578	0.743419656970109
-0.148042079287256	0.390228950991788
-0.291791810742106	0.83692071466593
-0.0726613173368231	0.146757457040514
-0.190151938529563	0.566408073161073
-0.335876454108895	0.838067749012301
-0.0451883843676508	0.185006740034272
-0.236863931061134	0.592902868818051
-0.253023162395193	0.762709867837656
-0.433045054116815	0.984230777141776
-0.221200765023809	0.794738080305943
-0.270394740455735	0.800209694754563
-0.353069544414327	0.985311482852017
-0.160908143715529	0.559042428949266
-0.157365246902566	0.366323967837839
-0.139315666750782	0.415293085502291
-0.274613996747363	0.781642354765054
-0.0996784979253236	0.372867399249576
-0.122319024947352	0.293725333193025
-0.310051470285686	0.949941050031049
-0.091708306538429	0.216542848077736
-0.0769612885711691	0.249453881229649
-0.0647377688898203	0.187528284755625
-0.0634648663286835	0.175955133349993
-0.149300835755136	0.482561391304928
-0.239632514665357	0.569046151541526
-0.0488707087477528	0.237382897662856
0.00426728215216763	0.0686744233499116
-0.255848508336954	0.775188156078852
-0.160311772362256	0.583371672798615
-0.299236449802321	0.500380855228579
-0.184138751343917	0.521958058090606
-0.231762522034497	0.46487874857393
-0.301737542240156	0.791043788435951
-0.0607149926973731	0.218178789389715
-0.0800861479327531	0.384340022430862
-0.26950186232587	0.850028458812038
-0.101540899866919	0.276530267225572
-0.177129364165304	0.707352372373527
0.0172164550934753	0.438503746832882
-0.154489941218285	0.68578371490806
-0.329328190865353	0.656285178206429
-0.237895206452006	0.626711819393036
-0.27022791206891	0.767842871907779
-0.302071588438969	0.910333002173907
-0.364331692418079	0.929346534347528
-0.356450722918726	0.93809484870223
-0.150972505604325	0.457790591590721
-0.357429167855231	0.869163318687542
-0.410949853895875	0.977943785707954
-0.35769629414692	0.875831200338243
