0.770095671254282	-0.815255497627934
0.415734213300103	-0.424259450439678
2.01789765953574	-2.00686436684068
0.620963816782488	-0.618464436473116
2.23595243429601	-1.71352159230849
0.0225830048056181	-0.0112251922859678
2.20931477928388	-1.65772280952292
2.27399193455871	-1.82103121000114
0.0530494233020825	-0.0437335616890348
2.26201347632042	-1.76165192785762
0.0937614376713847	-0.0759411366628425
2.07281504066951	-1.68460164428055
2.22300790915121	-1.72616454584785
2.32956728775342	-1.89871229815938
0.892151079662356	-0.972570683643886
2.12480730142041	-1.67538418063263
2.2243730587565	-1.72069926806134
2.23493010976193	-1.64075994964013
0.0770980262488166	-0.0612919067225743
1.55547794149224	-1.12738296721375
2.00866778094728	-1.5563272696094
0.494576728009167	-0.451640761538536
2.24515683882478	-1.73863362629727
2.25785801289845	-1.74692827261754
0.093764236094199	-0.0597019079242181
0.0198399841452389	-0.00634723266102407
1.49942421146768	-1.1631550113779
2.04960601197957	-1.56901656950911
0.0966806794567285	-0.063805094972785
0.353675339704339	-0.335067404896032
1.95504481728754	-1.48566713343987
2.02171997837557	-1.52693254584004
0.207531251538678	-0.180611340401742
2.23095063452489	-1.71866070432252
2.16650756947555	-1.66599596140654
0.277272134874909	-0.232615927234189
0.146677061722601	-0.132035649829205
2.0941178683722	-1.57834266392887
2.04512338354802	-1.55700302088686
2.26305846188233	-1.82428760605483
2.18617280364287	-1.72465884396479
2.13401456370512	-1.64149821893235
2.15548809556068	-1.65484549086475
1.46499946779194	-1.15800854754246
2.22351818162183	-1.69304163037346
2.23355450379986	-1.70212863791597
2.08686477760226	-1.57154259394597
2.17047520530683	-1.68468197778164
2.25564583597231	-1.7734382106868
2.20004062712344	-1.66064963176637
0.543483523198369	-0.484421763805454
0.0454547571907355	-0.0230683884274689
2.23916722309452	-1.69289662727699
2.19839939313383	-1.71424237962478
0.153462709331441	0.182281091379403
1.36351785765182	-1.4184686241417
0.531427263489416	-0.178742388073302
1.65342800062768	-1.54597992380178
1.35552289124148	-1.35594761652023
1.28619490816062	-1.26375167539135
0.175372487322464	-0.0745049237365607
1.49601114844206	-1.18727191234032
0.710505259136883	-0.285861960808433
2.22337918639355	-1.82842841627468
1.64433974312511	-1.49573336127363
1.910250603506	-1.90009295341302
0.174911678632384	-0.109409830362628
0.316234019815222	0.0536324424394729
2.23788301332339	-1.73605696771755
1.70834069068881	-1.3297815196002
0.0480942512063516	-0.0346124168092346
0.0759031527383074	-0.0399082143676784
0.0749313640639475	-0.060201642148992
2.26223772833333	-1.70057273104346
2.2575423700861	-1.79443701272729
2.25410450107699	-1.71988315016081
0.302402536215892	-0.217561481431914
0.0982119629117625	-0.0512835576500042
2.15155767146588	-1.64819329352107
2.28730353990402	-1.79736824812149
0.0222256237366308	-0.0123230203093907
0.154251867280238	-0.107949721528563
1.98152578684438	-1.47458853765153
0.0963661684719906	-0.0672040744508683
1.81289141980508	-1.35089330692249
2.14515885943375	-1.64019572271203
2.0675660766737	-1.63293503362459
2.01362639368659	-1.54125419922993
1.7720715740583	-1.38095887348321
0.00503518291485487	-0.00343244368454841
0.296731555830091	-0.223504829467914
1.61120645560878	-1.20085391504349
2.14392356189609	-1.61410574983949
0.78665846308582	-0.624554410743195
2.25072971085827	-1.72139509626939
2.27839614355014	-1.7913175455077
0.163196117774926	-0.117767715091898
2.13988941183622	-1.67292236500822
2.19227547634022	-1.65822519505185
0.349398488670907	-0.257067672580025
