0.290832877350282	-0.308042671383922
3.36352143458997	-3.19380428496268
4.02951747187419	-3.77095361236556
3.56033460037504	-3.28660985237486
0.510529620842239	-0.551454184076543
4.57926765443343	-4.36522009787546
5.17992947449514	-5.01368744942943
4.54984945309656	-4.25728327948133
2.58377042299258	-2.40870088430394
1.86594915121891	-1.72666928851065
0.486363601174075	-0.466586519963993
0.356121470650566	-0.353318835731473
4.91787540751561	-4.69825330406778
5.16517030672895	-4.97673871238041
0.408993700096444	-0.368742647781145
0.575910754387609	-0.566360077122097
5.15571387440081	-4.96826152743225
0.472853732609254	-0.459572651131843
5.01965744561051	-4.78022963242477
0.0837383318852991	-0.0750716420428569
5.2080787203342	-5.01854836520283
0.58158884455886	-0.536294513788299
0.139848740135423	-0.127297735608113
5.21281398805189	-5.07486653532463
5.11185473957664	-4.89197096050263
5.10483179074874	-4.91142000625681
0.392758017230245	-0.386604165852275
5.243499612788	-5.0729275244817
4.34992027659169	-4.06233668715221
1.3309972134675	-1.36948875932889
5.11388490336333	-4.88437444293685
0.253812437919858	-0.229342920522098
5.10167307481057	-4.89938615168525
5.16474130896794	-4.98991154283638
0.133655490011689	-0.122325670168609
4.61825097336616	-4.40013229134798
4.99621386981653	-4.83478911919746
2.84437487333894	-2.70608522374123
3.92709442937732	-3.69898100802065
5.01568888983083	-4.78365788861067
1.11802260165387	-1.12884236897376
0.0415041497454925	-0.0444570482246809
0.989352154678688	-0.997496161358144
4.21382240871981	-3.96043115416094
5.00861668173147	-4.77960165946501
4.88275627403539	-4.68963684470945
3.98799012650444	-3.71451949726935
4.52599379286029	-4.28389602769923
5.13744669025099	-4.95056336336058
4.39976687436787	-4.15334740386374
4.40641168521501	-4.17186036804279
0.499387156791948	-0.477677462889872
4.16196466259114	-3.98833214124552
4.9343750831294	-4.72992812958028
2.3959459518861	-2.23490025887592
5.05280042535057	-4.89497185746166
0.148435044560001	-0.148014386244217
3.50167996554639	-3.2435612271255
5.10683256996334	-4.88034503485899
1.20677913469674	-1.28772986348488
4.18576581157906	-3.92713716401047
2.49701853430176	-2.25797604823918
3.88714616909267	-3.562236972352
3.66819888496033	-3.41218930962771
0.386776274711504	-0.399543820014273
5.03624081025915	-4.8330406235215
3.95588514396653	-3.72332454212954
0.0397905227908469	-0.0333574890871866
5.1408368291804	-4.94556619385028
4.95185308851787	-4.77629991180893
0.789043112642968	-0.867413425033285
4.93333469093284	-4.72026045141591
2.85171477246532	-2.72075325763072
5.10083947511981	-4.92550566124704
5.18332412576701	-4.9829814463948
3.8692798832046	-3.6268999501909
0.391529489984544	-0.379167242988718
1.07818973631726	-1.13012992654157
0.775665537547288	-0.855494730203211
5.10026851570206	-4.91931537906325
4.42729953733291	-4.1969790000526
3.14322294307958	-2.89619874415394
4.57312534179231	-4.31206020708014
0.371982623311018	-0.387438679010849
1.14827505571961	-1.05016628940995
4.82645849788441	-4.61779759429068
4.2990137195823	-4.05422742612636
0.746181866858708	-0.707836277180248
4.97972118377065	-4.75527897358432
0.483597440468734	-0.495802156639762
1.08475576389517	-1.13884834361086
5.21767294998805	-5.05859923847559
0.136472509136994	-0.131633372287572
0.847383581998624	-0.825883404216796
1.10765983214057	-1.20654649010652
2.93089265842964	-2.81530059100375
5.17430904614453	-5.00974746376155
0.471990551288878	-0.5081280109654
4.58298294364814	-4.31668985801527
4.58980320242398	-4.31558420389174
