0.158245903394152	0.0549465638868235
0.593812587570622	0.275941622490202
0.644371905245198	0.279387545127687
0.132663701121411	0.0443751782186058
0.385646434159097	0.136569199002369
0.0232488547812774	0.0933592262913093
0.356487810064278	0.177710346054322
0.506547508765342	0.208314916343027
0.477581845605771	0.26729619366637
0.245650797440932	0.172378243569572
0.000815422567501576	0.00703289209382488
0.472551425359156	0.196445855039146
0.626860820726623	0.271419998539475
0.581821216288701	0.244632114348155
0.662630642074371	0.268005411729285
0.045950452772024	0.0276448294332343
0.622995279857514	0.279070790281247
0.0275338104608659	0.0147286974829003
0.630127374985167	0.281831323538235
0.434692529140292	0.192329216401568
0.618969234307724	0.278684321270705
0.0190014737772061	0.0130233336066478
0.0933415320107543	0.030904183183079
0.348949358963664	0.154994442459572
0.0269718975913632	0.0188429063047604
0.635834418745139	0.274749447085586
0.556167304847133	0.237101516135761
0.0193865749109952	0.0246523237163004
0.438877931800695	0.160924112603779
0.508484975213347	0.262424974397548
0.636884189163824	0.268215830182956
0.024193449156115	0.0150729112518663
0.237859008479826	0.0687017049327328
0.355695715668143	0.10891721617854
0.126675997669174	0.105389738665059
0.573126876184549	0.228206268209427
0.0369514912533504	0.0101317709367716
0.426535715256454	0.19889117230997
0.544349800109441	0.254335266951134
0.507006153632714	0.266573784196729
0.126117994174754	0.0647751156244608
0.650270123815898	0.276608423694194
0.62725198415723	0.274677841351342
0.0818126682868448	0.050094565738796
0.592168663307294	0.247229462333513
0.661870458366982	0.260766605639065
0.0430127876315018	0.00802051712677975
0.453750052425072	0.207919236517792
0.484598652183452	0.212350402565817
0.480355522513518	0.229842014210901
0.547894193862678	0.232171190940115
0.304508968125621	0.13456677717039
0.582005556472735	0.274841189165389
0.520829442354708	0.271737652297576
0.571302156877989	0.276939029414708
0.503203234138416	0.236551709258175
0.581127684736807	0.245045273517975
0.160609649867773	0.0599553395661279
0.499297559993613	0.17984456026954
0.551813550539778	0.231915741284903
0.0894697678202431	0.0215568297153897
0.237189032936593	0.111018248604789
0.388931713612349	0.180369389196258
0.0226398853434366	0.0125734548091063
0.563910706449607	0.255275923604013
0.533871189736703	0.243876944933509
0.574010773768736	0.245128072361314
0.0227977333286617	0.00347338290244469
0.547413349530153	0.271360129274117
0.0456349392455554	0.0432757091002875
0.0368716542147192	0.00885406328110577
0.573174450556838	0.267537017004898
0.639102826280118	0.280842592163927
0.0469600286048925	0.0391758771228024
0.573018726672222	0.26931134263631
0.280138599621316	0.140984184699438
0.363503889217364	0.175042360852966
0.376230751095084	0.154747098227451
0.0504045668617793	0.00662022197546719
0.222566123439078	0.0768235467584413
0.100444657536007	0.0221558861148403
0.112671733630923	0.0946269276859756
0.524256272488945	0.22917122038827
0.562901597356271	0.247773572088699
0.644381113633017	0.257673121808312
0.257774134662127	0.114036038727291
0.588324318475282	0.265458084402546
0.144124094823842	0.0524565759759922
0.0274305795850321	0.0173762355226782
0.0181592488809543	0.00506594891462192
0.608003805250482	0.271474898258641
0.372054038572362	0.225609444007959
0.0106536414469592	0.00787613950355998
0.256364442974932	0.127183261608215
0.427536902535537	0.178797576768398
0.525782799170082	0.250222979770444
0.542979488325803	0.246955074453373
0.616624443208279	0.281264437500865
0.00369676950183502	0.0183506064851931
0.291246398639983	0.126909946068081
