0.18368833947364	0.633133891802212
0.184716669771737	0.642485764074501
0.118488340969391	0.41787382338446
0.18797592134296	0.67662076703786
0.0615583879108687	0.280727160895958
0.0735748156787203	0.280950565595164
0.00304172645516564	0.0109140179246566
0.0706643863703581	0.193668697590722
0.00443744401733638	0.0172816028927773
0.133685173808941	0.369699400739938
0.0094061471909454	0.0741006867774874
0.0316172903443913	0.153519735451359
0.188352772168355	0.663863272343848
0.122873207144236	0.3119343668101
0.0169473262535545	0.0425785830550216
0.00868913183079197	0.0278963443318679
0.163578316344189	0.547769736318007
0.184316652536814	0.587569942524471
0.18516642710908	0.575713968859928
0.174303360659148	0.498715884029684
0.039484187692104	0.133269073322837
0.162036615209916	0.553294592160069
0.0273521370851344	0.132281613077355
0.153885816881707	0.505206886487336
0.175588969505563	0.675496919084138
0.192713569863851	0.670872077132469
0.178709625150839	0.53392225336336
0.0406571103126103	0.125920579225697
0.187210152265991	0.593443164310792
0.0337034289840253	0.161629550296117
0.176865648725541	0.641265938660515
0.0037709005741528	0.0141781207517982
0.178696502837533	0.611293038603976
0.0648461634920516	0.215596396128244
0.112494972731116	0.400231463877596
0.143816093551515	0.523232231942649
0.0386472456610371	0.167129601660911
0.188086080670955	0.666333125150986
0.18377309827041	0.621239610055917
0.183282507559989	0.600834476640151
0.137222914464462	0.447775013399285
0.0134559874653822	0.0296603217438692
0.0260157710508133	0.0518330646682989
0.179857515904388	0.616702008553473
0.181337040033381	0.546296638579004
0.183168448843704	0.568837297833604
0.183082876860794	0.707851586105953
0.0220066128837456	0.134683817285488
0.0265602825182934	0.14214916450102
0.0483313260580997	0.169001222840181
0.173752848106084	0.602933323820975
0.184005172258223	0.688105497029882
0.190278402302573	0.655528724039618
0.0561404993297411	0.218128500420293
0.18003184758858	0.680509200496906
0.190576366780494	0.646068871551726
0.0545338353001454	0.164690516496451
0.0447369888148787	0.196076223302399
0.147254895362295	0.470886771837389
0.181946116689098	0.621992438207135
0.105860305222282	0.386904576563434
0.107782730335054	0.349269726956838
0.00636765672739668	0.0272935638942625
0.0311989589674354	0.124763067931718
0.0722520359172162	0.402195484684192
0.18791225207803	0.67804753645484
0.0409397986991762	0.11681659538574
0.00430015416236902	0.0144518052626693
0.149840726412795	0.530160203267243
0.12520582188234	0.540803842492886
0.175952077878637	0.561187369705885
0.00531150618176902	0.0401886781539079
0.188727214535199	0.570853299493194
0.0453841773866627	0.137662058400112
0.012825269101652	0.0390442969318009
0.113460345661049	0.400793762761463
0.0181564817287737	0.144286518099643
0.178300071539079	0.627125513964623
0.182199891319485	0.56213866204391
0.181909239631368	0.626797452721562
0.0066561671951522	0.034961213308048
0.0686535935344953	0.303712679229467
0.139105434533314	0.498321644351458
0.0235262959758655	0.127065143198702
0.191390435453856	0.656048343761668
0.154834885127606	0.543735101934205
0.18864603835184	0.587307422408012
0.192811566519312	0.679703967748783
0.188036238911775	0.667193155854239
0.00702995210729157	0.0203145330015533
0.0152712419416035	0.0425053197418028
0.014800081673091	0.0401160939224402
0.15010702084923	0.553798974056205
0.0382114156380484	0.104193214134862
0.110897917979259	0.350776644429253
0.141497377487428	0.517414165277776
0.178236361849667	0.573579333949163
0.0170614550407935	0.101092883405752
0.0122927504157649	0.0378471244640018
0.00289043970868768	0.0094290026778014
