0.105614389570663	0.338644488429932
0.00374787265666029	0.0213195104988572
0.176968785235428	0.728217881350638
0.0875135417814516	0.35210304580886
0.0515709449020403	0.221223599235689
0.107575227283596	0.410271976417613
0.0402619946448355	0.137594099702411
0.0583016186772145	0.305726218917906
0.0879171409331998	0.318859546362687
0.137638260536971	0.606678768897455
0.137440219315919	0.57874752476388
0.123197237977379	0.590013783754052
0.120719412624343	0.553922581297092
0.102648395839176	0.398536398827509
0.0982549188809587	0.391316932430971
0.0365086282540389	0.093012885595848
0.140666959254592	0.58435321673317
0.0916826964187699	0.470291946146882
0.160687206702017	0.629830886080366
0.0654367383593375	0.430058045603438
0.154421825817108	0.628711127038034
0.17181261733183	0.606500784648091
0.161168937538317	0.480552532014176
0.118872768018166	0.361491448529682
0.0925039475688964	0.355416789391148
0.0961412619633095	0.408993065739312
0.0935154353119477	0.395979057768919
0.17055136574864	0.708340585829603
0.159312647609438	0.496971805827308
0.0978830186013486	0.439744299929318
0.0499003287663306	0.268911905118307
0.0199986098439124	0.0639565682099459
0.0541054486498548	0.168792935138219
0.042192003855141	0.23577483587618
0.00239019765817454	0.00905933689528691
0.0739933855815893	0.483150512518967
0.0539682820314523	0.127936631869513
0.0202375907324943	0.112345890035774
0.151217783883111	0.689922325080918
0.114880544909862	0.370430697392064
0.164803043081227	0.654835251837442
0.167372702689995	0.581999445543424
0.0739949223863421	0.262752756143995
0.0229052884762536	0.106081541043224
0.091960434937656	0.344521943816738
0.134324150131114	0.660032990729403
0.177374497672726	0.740262425175408
0.0153917031380846	0.0818049075976343
0.0791498975431495	0.398410126302738
0.0979298764662716	0.385409122283526
0.142979543018709	0.630754921235535
0.116010051846775	0.567198980831663
0.145064420343444	0.582448150256643
0.16402023012343	0.594375397477031
0.0463009995992177	0.300767219302125
0.137640908712077	0.593632482587478
0.147981877261261	0.550898445099284
0.150548880751122	0.637891828383348
0.105850521390369	0.457071294281092
0.0387605912423401	0.169034061376888
0.0211983169457755	0.0799418942569865
0.0621194062120847	0.281416657870262
0.172229941656709	0.708861331894894
0.0236452392852269	0.0834861479433614
0.17334638215244	0.659004097270639
0.132246571460415	0.625969573281681
0.172209411548934	0.755865212304445
0.143781155437481	0.66990438749627
0.170314296119582	0.595956712749859
0.175967361707	0.745015475293875
0.0121562165417349	0.051749224714009
0.0380633280692353	0.182881429499104
0.168380608121686	0.565255849126224
0.170093231057134	0.654205423924774
0.0411421640948844	0.208863083828958
0.170934729544513	0.68008219871047
0.161559180266884	0.73094893976029
0.00839750777532672	0.0198247948936475
0.176772502237018	0.691548776980946
0.0642721558953015	0.262164519548929
0.165912191814402	0.689108429232605
0.00648479918122295	0.0469682018204023
0.119058400346052	0.453736391775561
0.175102266094496	0.675437433054003
0.008613313554826	0.0886098595052857
0.0501839733136839	0.249899272045788
0.0861179223632472	0.367975677650764
0.0918201750766814	0.318269589406643
0.10683209455338	0.585898276350245
0.0152300645702665	0.0723153844803545
0.157988793335089	0.551439232279161
0.172357393059604	0.650175776474235
0.0154914485537685	0.0877749109884427
0.0182156463287589	0.221407418308123
0.0114010811480015	0.157726033541446
0.172203042009925	0.721067410689001
0.161276954822489	0.494773542196552
0.029241460141228	0.148896869103781
0.156283637213155	0.650216024882551
0.0663922152728241	0.218025631206596
