-2.33654408216891	2.57180977442069
-1.80027368607976	2.00055812370459
-4.30074197324476	4.74731205524521
-3.30573664914691	3.48043697009472
-0.882386388917055	1.00941013622158
-4.35336100664932	4.82706989341943
-3.72420340920346	4.13259595115419
-2.87878600242653	3.12981832967619
-4.87809683054294	5.25421559707498
-1.9335031484807	2.07804804649331
-2.69857383455664	2.93078948426182
-1.48188169349339	1.67479071169174
-1.89474303171686	2.10155262498343
-2.68717344119129	2.91755666194568
-1.64361381462312	1.78031772654935
-2.1552499156253	2.33094714082314
-4.21139105733191	4.62739432585737
-2.17036799253709	2.43149574127476
-2.82872906280558	3.15795451496203
-3.4691709728287	3.68559699967565
-1.71989619037544	1.96906719701293
-2.19569884051589	2.38035781055906
-3.49673824983034	3.7085621926297
-3.25653361205015	3.57696472956953
-4.67952226250425	5.05938107643636
-4.23664492661091	4.68676508751634
-2.41013173212614	2.69419904284802
-3.75823793434305	4.13043962443445
-0.962172510231822	1.08350271992836
-0.135973898872135	0.213900115953663
-2.19375255219912	2.52940293583549
-2.8421921846988	3.13146643229716
-4.99787056372653	5.51488403711809
-2.34246960297542	2.6048490950496
-1.64679772706743	1.80298133338302
-2.37770827949726	2.54298511054591
-4.46694540494603	4.94733733896141
-0.375628979618042	0.387555458687278
-4.90531711798964	5.40460397810504
-1.91160114856679	2.05924799614076
-5.08080143847404	5.49022518721548
-0.679798291153236	0.772062465960554
-4.13468033573726	4.4447452292094
-0.369801640036606	0.396006063069175
-0.946455734496868	1.08558916406721
-4.8583607753995	5.33359704391193
-2.01881983370182	2.25718477460115
-1.56199320315729	1.68711161247731
-3.31394912707323	3.63572638851365
-3.42215280456332	3.85479683630854
-1.30311029579527	1.42309057858408
-4.45844185547014	4.89620122661403
-2.86971185476902	3.21652990003079
-3.17356771085083	3.47557251979205
-4.49671439412771	4.88829755533972
-4.11679121674673	4.4696527925338
-1.45495635926947	1.66484618122747
-0.481959556882921	0.622418030785368
-0.359994192193139	0.391134597802914
-4.62274616518053	5.00445155788332
-0.55904536005665	0.701168933743273
-0.881458213012792	1.02823943607543
-2.29152567864936	2.47899801876141
-3.52554128380402	3.88765493632689
-1.47810921383925	1.65024515220395
-3.93205325694019	4.24686563688474
-0.458429406850723	0.573940429419031
-1.02348206946392	1.04039812912959
-1.96287851799226	2.14529010576097
-0.631451658269044	0.748004752762157
-4.23714171648236	4.79987179018301
-2.17038417340009	2.33296939063817
-1.43921487691485	1.64668734541111
-0.591176915528804	0.600593397848535
-2.88918402112057	3.17343528238095
-0.612035624276711	0.750528626692669
-4.22747655540427	4.64742200585229
-3.27633186868486	3.68264131198483
-2.14834203826584	2.25035774057505
-3.01989848035833	3.21893432261977
-2.76463903385001	3.09026220893879
-1.71986642416082	1.96784393515008
-4.9891344352379	5.44271405542285
-0.734042703883274	0.901769698186925
-2.86197813181048	3.2633401284341
-3.31381283331664	3.69809167251065
-0.0136207664318469	0.268797018418679
-4.08177527018175	4.30047077180454
-0.908794046740395	1.04977777734742
-4.21171572766496	4.73079509909784
-4.75461378890132	5.02661449738516
-4.94601511409075	5.3569305035598
-0.422405957260868	0.458489555037415
-3.83865308785333	4.23954063300736
-0.597514977752873	0.627879661835275
-3.96536949181067	4.35328003935924
-3.85742467711642	4.16160366017836
-4.81540114025381	5.06837499905364
-0.546261468536319	0.535778913547441
-4.0779943647962	4.5428567565254
