-1.76908068837483	1.91349371304511
-13.000664688405	13.5818091895142
-12.8313194179672	13.4118259302132
-2.94057029489112	2.99415906718573
-8.06040715448593	8.40880308049388
-2.38005999494862	2.57113390712776
-7.35389171654303	7.80887918569936
-10.0547816803215	10.6320115483852
-15.5026153460185	16.1046811610851
-8.44876847304726	8.85885568114327
-0.0154766090146155	0.0162934523160976
-11.5723438369492	12.0659014400609
-16.8383959210603	17.3559291226246
-14.8370434434628	15.3941960668396
-15.4542033779614	16.0973810184564
-1.15727203149358	1.20715702085858
-14.6057619162615	15.2509007409933
-0.880624833352282	0.929197897618183
-16.8077798620907	17.3878982319224
-11.7523153018489	12.1567417044652
-16.0164914339234	16.6112010089999
-1.1490849929536	1.15308832496954
-6.15206235460579	6.17557116375203
-7.43527892337638	7.76535040371076
-0.314650155196461	0.358186417875786
-15.8352933896495	16.4695520973316
-15.5068903375509	15.9642160406247
-2.22547947267044	2.23461603375936
-11.6750465550959	12.031492602283
-10.955650962821	11.5498422059552
-15.7245190930674	16.2242500347246
-0.537248752201095	0.580459306223081
-4.29041607666206	4.5158310329985
-7.02310601746156	7.36047453691219
-6.09490685308916	6.24044870723122
-11.6292404497011	12.2231072414454
-1.5129136909623	1.52160906003773
-9.77894879387918	10.2302061055889
-15.473482048695	15.9463478865558
-15.0041937361797	15.5350148897781
-11.1357690752593	11.1341310590688
-16.543091896647	17.0684495289048
-15.9229728563403	16.4742102780974
-8.03266867475276	8.06204225278362
-11.7653041731965	12.325902536726
-13.7629760534693	14.3411213869456
-0.225853609936627	0.236157078081651
-12.5613439120863	13.0916012815665
-12.6770451397238	13.134839928689
-8.22176233920229	8.77458557904689
-14.7984712389505	15.2795157220832
-7.49792838983826	7.856358884716
-16.0687443948609	16.6304173167145
-11.6322889140802	12.1877523941429
-14.1478869328177	14.64853748823
-13.2580627992542	13.8305380300202
-14.6410196100347	15.1047247979107
-4.74095436995589	4.86241404325214
-12.1452464878482	12.5247267940065
-15.2461780211788	15.6767549834229
-1.63984893167849	1.66622915571474
-7.88944747223777	8.14756258250256
-12.6339430534074	12.961003834184
-1.00168282570255	1.02794525118471
-13.8776403680424	14.3558386355209
-13.4396928004694	13.9454815631438
-14.4790807932756	14.9349782828687
-1.28220150803835	1.27834477723348
-12.0681735125711	12.69076829959
-2.59139324166722	2.6647692735534
-1.07771499023836	1.06904693552423
-14.4025550463084	15.0052647708647
-15.8837608724923	16.4790851681981
-2.35888268919099	2.40227354153636
-13.1177982207008	13.7012080165224
-8.58789766130529	8.76248908131539
-8.43281664922082	8.87661597043144
-11.3115920928451	11.5943050616092
-0.856817753187398	0.855597035246406
-8.92730424592311	8.89090706553834
-1.6179468860811	1.62668979211538
-5.13880439944627	5.23966278389291
-11.5505628429368	12.2124237281318
-14.1073369605899	14.6334044214234
-13.881967666242	14.4980336545565
-5.99039498826687	6.28418822065942
-14.0815653391348	14.6902163118661
-3.21883896529537	3.42508425581475
-0.326715148010192	0.365614425680711
-1.78103747068217	1.77547118521612
-16.7881415714171	17.3540503762214
-13.3903011515091	13.6494757369137
-0.440687539405321	0.449865329256585
-5.61210130691161	5.89406378199968
-11.918723549729	12.2789506007427
-10.8280940643776	11.4338466294057
-13.7103214648408	14.2441436989318
-16.0225105837233	16.6740556277158
-0.411322331523546	0.432964700109221
-6.74215392984972	6.9886511420357
