0.764301571264983	0.202283400959265
0.0774123433414301	0.0241093814244324
0.440752427357801	0.141142989660168
0.534008419921325	0.137794742980894
0.291069522595203	0.0819535174096287
0.537369218388297	0.150186366811112
0.510884877704344	0.140753341971553
0.286900368925674	0.0391178806447559
0.702375041609344	0.181084926931309
0.209878275787523	0.0676640390187421
0.621126860303585	0.174478638451185
0.413720495596224	0.158283855048602
0.533734148006687	0.156769414566633
0.326661025793664	0.0978465758244264
0.656445515742741	0.192383927452916
0.223098838949089	0.0546701342921424
0.38856383830826	0.104268885513591
0.549241766490437	0.13294329196525
0.278945364811922	0.0680056918417671
0.780068917327852	0.213979871691204
0.178661166565593	0.0686539503405952
0.237426754094041	0.0209229801836127
0.55801539411561	0.188761197148833
0.473176609744137	0.11249102097354
0.266663291690166	0.0219086239475598
0.0796601179029127	0.0200509840479279
0.0955532903551502	0.0390429652894034
0.630806180414873	0.19698206332799
0.619390829989877	0.15675503944208
0.680157503772703	0.20449072971063
0.507922085816451	0.14049170537269
0.755426947289933	0.207398105719847
0.104145672240404	0.0297298225280762
0.729844786414024	0.209318757650109
0.594730732983266	0.159619551630174
0.527238328284236	0.108182088467131
0.530950092446177	0.138021949441534
0.569226408287763	0.153045869330905
0.445431576231959	0.134242286960743
0.32697991722969	0.0947049251519777
0.0263865737442299	0.00663279734954927
0.244744800747169	0.0702710470739135
0.369220905604429	0.0957742585954724
0.790636725677752	0.20969743502761
0.775670162445524	0.209900978087098
0.0257303752430822	0.0059395720312823
0.140056918887471	0.0386168546033088
0.49960997866131	0.139601769132318
0.420778860519015	0.129571819510646
0.475502610052938	0.15064140205834
0.271369153202689	0.0722471104448417
0.694982633210194	0.193988856448604
0.155843279870362	0.0354532481725153
0.501449716027738	0.138333085247498
0.631483205981823	0.183521673602352
0.158190383617488	0.0403939335726239
0.475513976038981	0.127781786526971
0.596328720922063	0.167190338482796
0.756703785792031	0.202034267843793
0.718866602964669	0.17464774032445
0.661085744563115	0.176051784498844
0.784547072059539	0.20939926603161
0.436383989199368	0.112020024791672
0.269885342204837	0.0744787346108712
0.292415870541288	0.0786819601085837
0.641562180882654	0.161680478372624
0.328315332920241	0.0879036353572128
0.202985138168359	0.0689405623674747
0.776808581986066	0.207386380887834
0.194872694383539	0.0547882961173646
0.168901520984762	0.0559422248103739
0.136151791378272	0.0538863757680436
0.145002771000763	0.0491022540851188
0.357203617638131	0.117435937221734
0.461914771327724	0.119418107000183
0.222410693994223	0.0502964554783695
0.150199576384838	0.00857733843790316
0.63905924886132	0.152949755566555
0.537236219643457	0.149193687383797
0.2485814485056	0.0770755155597662
0.369941130623257	0.0997571136737257
0.279155080344217	0.0862438100367798
0.719129130892995	0.169647589720181
0.229016749900934	0.0462407792924919
0.274969758230079	0.0924703327836801
0.679360343812302	0.196293869829652
0.217973496891851	0.0653900589734361
0.644109897049358	0.155753076482972
0.56136448027291	0.125798843662269
0.625435753957004	0.16516977478864
0.387919301165052	0.128715806607705
0.552426239851132	0.12908757124745
0.622053554449209	0.15161183257058
0.690503457897328	0.200972670289818
0.747910202524433	0.202221334589335
0.568682232009654	0.196872288975521
0.306332677677389	0.0828729573628412
0.61743293923558	0.194529286237077
0.698675628094204	0.205623828501161
0.786613467989107	0.207064717280351
