0.00828713385531294	0.0666253957630719
0.0970008649261084	0.509619818078181
0.125752978577382	0.563565226730618
0.126459224825381	0.562232916906335
0.00949773508976645	0.130014885712589
0.137125370360978	0.764502954827383
0.138989935805019	0.807304112632994
0.126465606101235	0.760094782360259
0.0638471751444036	0.46154220257028
0.0582598673246523	0.280168913645646
0.0130437073816651	0.0803673117257986
0.00895378171213725	0.0505622878505867
0.133893770074141	0.776692983666836
0.138839738970499	0.822780725725253
0.0168770016452881	0.0857610456175657
0.0146400523152417	0.0822632746501262
0.139184958414102	0.817758755447514
0.0122577147449038	0.0697228839962622
0.138297813809193	0.831108553931391
0.00356360165953678	0.0165704900097194
0.138282310482184	0.820609661224872
0.0244971992728489	0.11046208040999
0.00436636207282566	0.0233157436316183
0.139417060783194	0.815957140720014
0.141020051696694	0.805885116147446
0.138043582502028	0.830154479466174
0.00979929982252228	0.0422940595754145
0.138187017272629	0.806705449920802
0.123328993953978	0.768660271738725
0.0344144682396144	0.146303775527949
0.138267077759661	0.808150393885345
0.0129629033584432	0.0585281589147338
0.137505638368645	0.824253815311124
0.13751538344022	0.78681589960628
0.0068659738636028	0.0338609249265053
0.125288983802265	0.747134594927984
0.13452998134946	0.787161100814492
0.0812097343581376	0.523114906532436
0.11364555343015	0.582967319950854
0.135525995717446	0.778261335034521
0.0185875408063482	0.200538017043417
0.00256042360396678	0.0210880427647848
0.0275963466374676	0.171354966899663
0.116428598995507	0.673072932130323
0.13758740348666	0.815344042807053
0.130245390465674	0.810503309397071
0.13481962685081	0.641287523565845
0.135816688661281	0.714989081659025
0.137937218781798	0.80618149904174
0.133033545532629	0.664601336496336
0.133927433890505	0.648216200099714
0.0159993810843817	0.0684676975060974
0.115155211964535	0.667313243713132
0.133918618905873	0.783877504771061
0.0818215293676212	0.515445939000664
0.129312430312968	0.765540186073997
0.00726374449487164	0.0475220426462135
0.140144397655141	0.806452296117548
0.140260959171655	0.804562427908431
0.0123782867901236	0.177585113673695
0.126820840006229	0.465516823252656
0.0937854888706263	0.466844000158267
0.12803038302826	0.760557431114771
0.135563850544534	0.6784687885604
0.0151412394195013	0.145010353361201
0.136068406112903	0.808850107908805
0.111729638532894	0.659476115389584
0.00267072752923515	0.0112486176491719
0.137124304619157	0.814968330395167
0.12920099746552	0.756803308693088
0.0103530765638689	0.0775461534456983
0.135087496185563	0.762176232526091
0.0725010201677095	0.490705830172094
0.136427721346571	0.642906596598191
0.136659747480979	0.798937672384313
0.136113992506839	0.804444293980116
0.0131995784742185	0.0943848356364465
0.0152497546345329	0.0795742730344582
0.00364136750183698	0.0182511485167629
0.136726856307956	0.826175015063812
0.135715208570024	0.698763758765582
0.12030520522474	0.488993225530283
0.135861315699252	0.796683459962286
0.00813084599463135	0.142495545405398
0.0486586603682683	0.286565243672703
0.136308153801894	0.824287224415243
0.135762860908307	0.71429526834242
0.0280421129270222	0.138056677330609
0.137710135758671	0.835195266015224
0.01058737588877	0.0534213194485463
0.0170331846313777	0.094903642902623
0.137321847879219	0.820174586323768
0.0034789919900603	0.0130561372871
0.0178408894088765	0.0663447742904123
0.00744334530563242	0.0345223402722774
0.0783628558025692	0.458267884179032
0.137487394223966	0.820205360634037
0.00726313165439685	0.0256708677686945
0.135437188398644	0.816216912402498
0.137675868906386	0.832179267164907
