-0.358504782785283	0.34394178104864
-2.09740135495758	2.36845742116308
-3.91624721984527	4.26070547802953
-3.61306600431629	3.9654766189109
-0.386460770013713	0.363655105962139
-3.76859048478486	4.07720362235107
-4.11468403501563	4.44912211737616
-3.58802554401895	3.96823779267307
-2.5897377031474	2.68616405958874
-1.09227168727767	1.24413678174896
-0.572857293654029	0.580102731445333
-0.401571485380181	0.411030132499918
-3.97533630709773	4.26786611162548
-4.15873011712449	4.51336282538595
-0.536759749493554	0.561965704330605
-0.769442280271766	0.778629094112465
-4.18141450613651	4.50175457523816
-0.463107692357735	0.481513007445093
-4.18450085462914	4.52349049412224
-0.375413333413997	0.362013192863731
-4.16884730075359	4.51694898393409
-0.599566698997669	0.680879058541307
-0.196610632415132	0.195751943067739
-3.92223577084523	4.32269015241232
-4.2416949836373	4.5354418313205
-4.27743429664157	4.6050713478803
-0.336224527218328	0.360425282448507
-3.88159661499932	4.26425443606183
-3.36633123641591	3.76384863928776
-0.873187242821445	0.956649809790831
-4.19277273741476	4.492997064904
-0.369067864874137	0.380906326190157
-4.06581204137524	4.36765692552897
-4.027582832739	4.38983567027149
-0.134996695370531	0.147801904154133
-3.7825760540882	4.09560804402952
-4.11841048840432	4.42877749716614
-2.46442841105961	2.67339990535537
-3.40375598052308	3.65783118916173
-4.11908870950087	4.42109798044672
-1.18477549871064	1.23246935435317
-0.010863560847188	0.0125079761572377
-0.76039211962438	0.800840960658735
-3.63076087166457	3.90194408771799
-4.16070647216301	4.50654953760494
-4.06805153642608	4.36698436129973
-4.11325214323064	4.42538894921859
-3.92278545956274	4.25020476387881
-4.22387107640922	4.52415287972986
-3.73201680057014	4.08105017356283
-3.65168080449488	3.9534941791813
-0.408498830612898	0.440341665635006
-3.58824470037329	3.86169064753944
-4.07291630981525	4.38869552996029
-2.30751269069111	2.52648841017797
-4.06424806839006	4.39148272711017
-0.121753996014752	0.127479383138631
-3.69980900478301	4.03502461351357
-4.07326458881749	4.44436439724018
-1.50808825909507	1.53367337120391
-3.74565346104828	4.07435936114702
-1.76908022205145	2.01254369490788
-3.23854257380761	3.6242954030778
-3.3813523338903	3.65961725012405
-0.112403305690577	0.133273833807791
-4.16773723902183	4.50432599242218
-3.15387738338469	3.47980326478876
-0.0939854105569049	0.0951363345579689
-4.01145834037536	4.35236909524295
-3.93379800138309	4.24973719742706
-0.322634196978311	0.320219340816606
-3.88817086209268	4.22731882809806
-2.5814156353118	2.76411688678431
-3.72141761147694	4.00409990429118
-3.99591553246399	4.3374249959748
-3.83440878134464	4.15162408032385
-0.504001655758402	0.510220562160464
-0.676333994013493	0.700823142159395
-0.459225138561272	0.450332273804046
-3.93618130334827	4.26552489150621
-3.29927243081771	3.53961945338064
-3.00830120911283	3.3154621816092
-3.53608525862152	3.87898755765762
-0.364921908599659	0.375350490140883
-1.18013267612595	1.29551763402823
-3.97963905351846	4.32173753065809
-4.09577375599324	4.41169765245522
-0.646103385273002	0.697096454775127
-4.1007231700888	4.45434397646902
-0.188083535132535	0.223094022626705
-0.331650375320146	0.367404560425718
-4.13881645410468	4.48592436102451
-0.118700681102703	0.130281153755702
-0.504454343390197	0.541765078606273
-0.487942979040104	0.484747378794877
-2.27210131465118	2.41688619798815
-4.26732871007907	4.58215113604973
-0.118937801472004	0.146308049809266
-4.16336011267897	4.48346152855635
-4.05262401948075	4.4038138004988
