0.0690430385381488	-0.0650720368985772
0.634139632117986	-0.263775531372272
1.04940048588292	-0.512759444995561
1.00419435540009	-0.476542562156428
0.0717305957469928	-0.0753598599763433
1.02119091266501	-0.53237487633758
1.09143772966933	-0.553865730737446
0.991105081518427	-0.430473195944124
0.629965594076368	-0.413399192359593
0.359910815007773	-0.164167694679966
0.128746488928697	-0.0926767262715294
0.0907261412201777	-0.060167363098918
1.03822764655186	-0.552599657274682
1.09908957449224	-0.534293721364513
0.136417274470928	-0.0860277335544503
0.16541719755095	-0.115763698449523
1.09235365173008	-0.565807425491176
0.111935359454774	-0.0704139765963636
1.09569287459768	-0.545751739413074
0.0694877565917616	-0.0626776495013868
1.09891023524036	-0.54154627746932
0.179405002331529	-0.0680976612152769
0.0434395644416731	-0.0350561328838395
1.07552518981595	-0.473583040937826
1.09903512842628	-0.599420512540519
1.11500337226548	-0.574361249260659
0.0848978971979827	-0.0429769674898989
1.06074910759647	-0.481612995412402
0.944709715323546	-0.376245160807268
0.228396731917579	-0.0982139770953978
1.08584374312261	-0.57952728574004
0.0946026060521768	-0.0674438419634189
1.06895271127996	-0.57016484983128
1.07035219632933	-0.502166756256045
0.0416917937598479	-0.0237304388491966
0.995494557176611	-0.493181180181657
1.07384629605685	-0.559839601980335
0.651964188369225	-0.319618955707249
0.909992173994912	-0.495626381185282
1.07760895115611	-0.574490590296459
0.243334584204027	-0.124877757221318
0.00312736870864839	-0.000975233459539583
0.185995323228902	-0.106858464127206
0.954498455090683	-0.508370145855201
1.09275725906982	-0.536935821473677
1.05454553318585	-0.554135784957787
1.07272964977326	-0.557894906022108
1.04714233848573	-0.525944433623116
1.09413166663031	-0.588235315391467
1.02212295342057	-0.490430164218172
1.00355864896692	-0.532703286525367
0.113320942268938	-0.0631091530514724
0.932343948785384	-0.481326532458238
1.06525984858255	-0.5482921157122
0.613709485885116	-0.27474907595285
1.05785490848072	-0.524814212751872
0.0312080607930371	-0.0198021951870672
1.01846640451552	-0.504894759569914
1.08713738252782	-0.508671946124265
0.279175452734896	-0.161213179734446
1.0203458066856	-0.510168522811219
0.575577865842507	-0.259501198867085
0.936868128848326	-0.392712692300793
0.941270567596179	-0.510444325255467
0.0408654973523204	-0.015151131989505
1.09229718994395	-0.5469819565597
0.867966123978389	-0.384322167183212
0.0230161254289698	-0.0180341088598756
1.06213205520338	-0.51964679160237
1.03042726199676	-0.519101187430153
0.0694837046981734	-0.0560026205641036
1.03793617912582	-0.505108963194622
0.638829444799795	-0.320234711629193
1.00884879170902	-0.552927225443813
1.0630803116208	-0.524279871148564
1.03959455358982	-0.539127881627418
0.112493364617642	-0.0806545150939472
0.155686574344573	-0.0954575904444291
0.0849250332117819	-0.0680171319635297
1.05300603142308	-0.533492591596982
0.927334990033005	-0.54641031109974
0.86779292025084	-0.422408586098376
0.996900594509923	-0.485837559446803
0.0747059359314877	-0.0429522992291419
0.340951502227668	-0.172595371488906
1.05687009126924	-0.515457680918061
1.07549289489763	-0.557386745338665
0.18111729368672	-0.100670029226624
1.08673416132085	-0.526076658429914
0.0630312228574348	-0.0186435311766699
0.102809829162688	-0.0529430672435921
1.08866737016736	-0.532073588284397
0.0333370470738111	-0.0160575696216843
0.136142718239611	-0.0757827026200544
0.0977916359664729	-0.0748786349679246
0.589381424602619	-0.334791732643273
1.10845548240969	-0.583144880980178
0.0437115939369137	-0.0104220846971356
1.08787820043537	-0.561252599418406
1.080239126174	-0.525934924506678
