-0.00203794007372805	0.010464176886643
-0.045657345352569	0.0366997991924613
-1.09648215287002	1.5708895272307
-0.0364951888383618	0.0539975747423025
-0.0103007928518375	0.0174748672220024
-0.966904161752259	1.38216801498073
-0.484073613301722	0.791899828433807
-0.615938772077535	0.868523936810346
-0.00939363736384336	0.0185523849998785
-1.11653405053527	1.54091620373359
-1.10368007543125	1.50505282288863
-8.31540145005812e-05	0.00065744416699445
-0.990295894455323	1.45253341073943
-0.913763588282838	1.37241681137392
-1.1126390204049	1.56641970559275
-0.962016399512474	1.38150345462843
-0.797173042747807	1.17047635627249
-1.12168224464427	1.57802282931264
-1.0136636258463	1.41098671667811
-0.784413446311359	1.08556627730381
-1.03736960894771	1.32997854294117
-1.07256729524093	1.56098244071137
-1.05070150579744	1.44618996762845
-0.0861383468649153	0.106985943414885
-0.0264810850305935	0.0344142370364805
-0.282874417046454	0.425070016083345
-1.05729421454242	1.49343813587674
-0.567999283719029	0.807968921386241
-0.325486497108432	0.449680726988798
-0.994696153868524	1.36599702748895
-0.14350005579381	0.216095302224487
-1.11015847563657	1.54538766092608
-0.628686534541606	0.688159248791883
-0.790439751837474	1.243402969493
-1.10071694445846	1.54277324535519
-1.01227347774832	1.5420208508157
-0.528135129296053	0.719908404600887
-0.941130911857127	1.29579871674973
-0.853576420036432	1.21570764762058
-0.0958767625362262	0.125279455620399
-0.0541439975618823	0.0599983905358274
-1.08707609305199	1.53066638834854
-0.0211874705470233	0.0313579257072498
-0.383176481911655	0.535851045376149
-0.153444649857241	0.229544860730733
-0.49373326159335	0.740007670702952
-0.460839552096973	0.627861445472572
-0.0177950484032528	0.0199263879691875
-0.98988815446052	1.37770390284881
-1.09743645149127	1.50728091856129
-0.510525017312389	0.684524311424386
-0.21069903206764	0.282996182232242
-0.986649984651296	1.43445283666251
-1.04699553296586	1.41280906804483
-0.810696676307975	1.12609310776611
-0.0118129700587484	0.0149374537229514
-0.978089342380777	1.4298491906235
-1.06985999400513	1.56416266481938
-0.883362848302738	1.22550817728195
-1.05605500472676	1.48686301821471
-1.0598284900925	1.51056404387427
-0.841296324135055	1.18856943493929
-0.0267999654567917	0.035197793579469
-0.424289844554495	0.612730695984644
-0.958000689650169	1.38468083531707
-1.13558817480639	1.55314209775812
-1.01506570319202	1.46033053031401
-1.1453012182208	1.59107691909676
-1.00324506630124	1.49657682905092
-0.728822307012946	0.964790893495258
-1.06813590665543	1.56621481053949
-0.00956900158542123	0.00966816835352878
-0.764729237416921	1.15558821603251
-0.775759017004025	1.10670950939198
-0.871382993434817	1.19731186875351
-0.0656337121089481	0.109331136404944
-1.09191707976706	1.51885211746601
-0.106701079004032	0.143185915701867
-0.723412958719823	0.968028614339336
-0.578839654331256	0.809628100305238
-0.170820655322224	0.216974405422123
-0.891194426247395	1.22143073563734
-1.05284427858631	1.54402814694528
-0.260530479976401	0.383662595916039
-0.368653256756296	0.595337008018635
-0.284314364441974	0.404256569978711
-0.368345984799154	0.558206969456409
-0.494108240752307	0.664335284620375
-0.953629066599321	1.34713127289907
-0.283470395258861	0.406845427856082
-0.182277395525851	0.240512002748786
-0.648507610326849	0.78544507195089
-1.15076133108184	1.55935455207352
-0.540375658947228	0.776732504550611
-0.733489520473099	0.882517146291771
-1.09006240074365	1.5412173110283
-0.141195814981382	0.204935805242494
-0.224146408087197	0.239776138936388
-0.352343222390203	0.399207879246481
-0.351602400496902	0.541392299414375
