6255,3372,1997,8267,4944,1340,1111,1958,4452,6740,8334,5162,7241,6116,615,8440,1989,8538,6926,4417,7231,2799,8642,4523,8677,2088,6017,5370,3411,440,5671,8786,6027,5123,3110,95,8892,3625,6261,3453,1196,2753,5386,4560,6970,4294,8991,3656,7430,1012,2033,2128,1039,4735,2511,6844,3932,1959,2142,2839,9088,2220,4292,9112,6921,2360,4130,9180,205,9281,9332,1530,3267,358,6499,2550,5506,4835,2644,410,9452,2003,2108,7384,2482,6299,6431,6945,9563,9663,1965,125,9765,4468,2559,6169,5458,6779,9874,7937
6998,711,2823,8268,3388,90,2488,3440,4219,4000,8335,7659,7374,7183,1028,8441,6646,8539,5839,2280,7368,479,8212,4396,8678,4397,4569,5222,3898,1744,6279,8787,4807,5788,1405,352,8893,4684,6830,4314,317,6930,5696,3943,7370,5852,8992,3158,4619,3244,7419,200,5741,1161,4554,4049,7040,4645,5847,1377,7607,7477,6604,7924,6753,892,5359,9181,942,9282,9333,2859,912,2635,3861,1761,1068,6411,8110,381,9453,1081,1491,6276,1315,2589,3999,3052,9564,9664,4204,151,9766,7135,7574,5815,7426,6815,9875,8261
2272,2503,1992,8269,4451,56,2889,1029,3178,5255,8336,7604,5495,7485,875,8442,4747,8540,6756,5653,6235,1876,5818,2808,8679,5247,1953,6413,6275,2005,5841,8788,2348,6325,3045,1666,8894,2518,4354,4264,847,6898,6075,7828,2427,6435,8993,3275,4471,1024,7038,297,5419,1584,4627,5142,5735,652,3599,658,9089,7555,7115,9113,6858,1598,6832,9182,970,9283,9334,3430,3231,1332,3767,5045,896,7331,7974,259,9454,907,1914,4306,5759,1025,3332,6467,9565,9665,5915,59,9767,6866,6814,5594,7277,2763,9876,8111
5455,1721,2972,8270,4780,57,405,849,4811,3967,8337,7906,7150,584,305,8443,5291,8541,6536,5187,7069,2896,8001,2052,8680,6298,7220,3451,5201,586,5827,8789,6668,2832,3353,1582,8895,4943,3527,6321,3168,5613,7507,7625,7154,3027,8994,2485,7640,3171,6619,1539,5885,3173,6127,5432,7311,2174,4208,1110,7851,1625,4963,9114,2021,233,6763,9183,178,9284,9335,794,709,516,3900,5999,2664,7806,4838,1922,9455,2006,3294,5510,4046,7332,3849,6770,9566,9666,6485,131,9768,5784,8030,6228,7515,5883,9877,8166
7562,1509,3652,8271,3695,1341,671,1142,655,7308,8338,7718,3987,3247,5186,8444,5167,8542,7366,5689,6851,4330,8056,3425,8681,6101,6769,4271,6699,227,6911,8790,7787,3105,5112,313,8896,3813,1460,4749,565,1504,1745,4426,4867,1878,8995,5338,7797,3636,1215,4900,6187,3765,2535,6144,4872,4823,5423,1563,8135,4711,5755,8164,7758,104,3947,9184,408,7505,9336,1224,3766,1525,7000,1097,4983,2615,5600,102,9456,5705,2940,7705,1928,686,5923,5934,9567,9667,4273,675,9769,7339,7911,1619,7378,6385,9878,9974
4506,285,4010,8272,5480,477,336,166,4153,7414,8339,7907,7088,2505,1331,8445,7051,8543,7496,5481,7708,7466,8643,2942,8682,2782,7690,2066,5122,157,7632,8791,4513,7153,2586,2124,8222,5677,5701,6842,2932,3166,5115,8975,7133,3848,8996,4801,8076,1535,4053,585,3864,4419,6462,4672,7346,4698,4253,488,8136,1107,7023,9115,4622,369,7589,9185,145,9285,9337,1077,4831,203,7276,5770,3031,4249,2215,1485,9457,2862,2421,7617,2319,7261,7240,7681,9568,9668,6147,160,9770,4345,3378,5906,7810,7686,9879,9975
6803,3472,3948,8273,3329,215,1875,607,4126,2195,8340,4308,2607,6310,1212,8446,5216,8544,5437,2695,4213,319,8644,3709,8683,3249,6469,2414,4378,1130,5366,8792,6692,3326,2840,324,8897,2059,6493,4945,375,6942,4443,7867,6095,4514,8997,5715,3484,2014,7431,1474,3757,2442,2814,6096,6188,4957,2592,5991,7884,818,3965,7885,4040,537,3998,9186,1057,8108,9338,2305,2056,2492,6035,2311,7353,5897,6559,670,9458,978,474,6115,2481,2018,4720,3831,9569,9669,5036,370,9771,6457,7398,7046,3533,5846,9880,7568
4158,1740,1634,8274,1098,384,944,1127,530,4106,8341,7006,5658,2046,2865,8210,2646,8545,4557,1373,5567,3578,8645,2893,8684,1860,5465,5056,4233,1197,5028,8793,4090,1855,2886,113,8898,4635,4470,3879,1217,4793,4459,4078,5880,4247,8084,6240,6524,2409,7438,168,4172,2547,1418,5099,5657,3351,1762,5856,6576,4392,5406,9116,4655,809,2687,9187,1667,8145,9339,2060,4414,3257,5951,2772,5345,6989,7253,385,9459,3759,529,6880,3004,6082,1885,4815,9570,9670,3974,1841,9772,6301,7188,5712,5953,2160,9881,7957
2655,829,2512,8275,3074,51,3839,2781,1741,4690,8342,7811,6991,4640,697,8447,7423,8546,6323,5144,6143,718,8213,1901,8685,2246,6392,6465,5171,1580,7352,8794,1436,5803,1982,869,8899,5312,5283,6211,1083,6046,5324,7678,7078,6533,8160,2955,2567,4315,6396,340,5443,1356,4842,5117,7031,5153,6611,762,5310,7396,5957,6705,6736,295,2930,9188,1119,9286,9340,1927,1633,1243,1565,3136,2324,7140,8256,170,9460,1923,1492,7548,4520,2846,6150,5942,9571,9671,6897,115,9773,4836,8049,5470,7169,5732,9882,7912
5519,2694,4721,6381,1006,424,934,766,4021,5627,8343,7583,5057,5095,1810,8448,6585,8547,6540,2928,6053,873,8646,4369,8686,4177,2922,228,5091,68,5967,8795,4235,5126,4474,581,8900,4055,4614,3021,578,3423,4411,7103,3395,1869,8998,5141,5203,2571,5611,4940,4985,2630,4412,6241,7487,3278,1502,1058,8161,2673,5305,8144,5358,2468,5236,9189,545,7759,9341,2604,5413,519,4879,2078,5771,2594,5507,140,9461,1465,1780,7469,4965,4971,4124,3072,9572,9672,3574,1797,9774,5221,5522,5995,6739,5462,9883,7779
391,36,20,8,1,2,9,21,37,393,8344,8434,8437,8438,8439,8449,8537,8548,8637,8638,8640,8641,8647,8676,8687,8777,8778,8779,8783,8784,8785,8796,8886,8889,8890,8891,8901,8967,8968,8969,8971,8973,8974,8976,8987,8989,8999,9069,9071,9073,9074,9077,9078,9079,9080,9081,9082,9084,9086,9087,9090,9108,9111,9117,9177,9178,9179,9190,9280,9287,9342,9432,9433,9434,9436,9438,9440,9443,9444,9450,9462,9549,9550,9551,9554,9555,9558,9559,9573,9673,9763,9764,9775,9865,9868,9870,9871,9873,9884,9976
5928,2950,2069,8276,1163,97,2207,2121,1479,2540,8345,5614,3733,4353,2098,8450,2012,8549,6319,4336,4834,6826,7814,3568,8688,1174,3843,4331,5223,1072,5253,8797,3112,4272,3349,786,8902,3196,3655,1783,628,6686,3410,6883,2570,4497,9000,3659,6920,2154,1932,771,4063,5252,708,5783,5444,1306,5445,5377,7947,774,4754,6506,2336,854,2910,9191,1079,8198,9343,1417,1510,3439,4525,4083,4889,1988,6531,702,8258,4303,632,6570,1888,6491,4692,4261,9574,9674,3495,1775,9776,5909,7050,4473,4639,5295,9885,7964
4457,2181,2876,7780,2622,43,1990,441,3773,1470,8346,3469,3028,4562,2983,8451,6667,8550,4791,3359,6036,1138,8157,3014,8689,1812,3846,6505,1547,1516,4054,8798,4612,4151,3772,692,8903,3250,2218,4091,2710,3476,3946,5873,5183,5010,9001,2326,6012,2739,5702,515,4589,1719,1689,5538,4724,2564,5918,4916,6263,5225,4725,9118,3696,482,1573,9192,895,7838,9344,2958,4743,1075,4488,3215,3299,6145,5621,1343,9463,793,2261,4097,3345,4884,3576,3713,9575,9675,5882,772,9777,3609,2288,3903,3368,5189,9886,8174
5478,5076,3837,8277,4349,159,2786,1402,1432,6486,8347,4979,1813,6508,332,8452,5675,8551,6136,7533,3318,265,8214,3862,8690,6198,6003,757,5414,1731,6834,8799,6709,4702,1419,1513,8904,5642,5392,3203,559,4812,1524,3592,6119,5343,7981,3683,5988,787,6327,4630,5832,4387,2817,6888,4654,2698,5762,3777,9091,2723,4379,9119,5485,2792,6088,9193,1628,9288,9345,2338,532,1756,5737,2989,3260,4136,5200,177,9464,1463,2392,7045,3993,843,3740,6538,9576,9676,5924,73,9778,3156,7080,2323,4132,5699,9887,7131
7003,3936,2417,8278,3924,109,1906,299,2802,6155,8348,7415,5566,421,1063,8453,6960,8552,3894,5588,6846,7630,8040,3564,8691,3701,5243,1506,5996,1018,7407,8800,7575,3180,3015,1165,7988,4539,3436,4403,1973,4597,3204,8126,6372,1613,9002,3964,7606,268,3188,1329,2848,4887,4961,6475,7358,2137,3627,2603,7934,6080,6081,2863,5412,130,4510,9194,276,9289,9346,520,3467,376,5170,3920,5664,5994,7215,932,9465,4368,2028,6724,3281,5932,1372,6473,9577,9677,5814,2978,9779,2209,3660,4959,4588,4716,9888,7618
1155,2665,3272,7360,3841,134,3122,902,5380,5301,8349,7920,5834,6051,561,8454,5786,8553,5943,6757,6625,3446,8083,2334,8692,3953,7111,5438,5637,1852,7390,8801,5660,5217,3426,475,8905,5983,6029,5960,486,6128,6058,2877,7395,4037,8131,3442,6013,1589,2532,226,6801,1747,4779,5367,7028,1572,5165,2436,6511,6472,4849,9120,7074,286,7391,9195,458,8199,9347,3066,637,2437,4587,3567,898,6765,7716,199,9466,2464,2671,5401,5259,1357,1809,7319,9578,9678,6107,91,9780,3654,7963,5785,7209,4022,9889,8151
3509,2047,2563,8156,2801,649,2250,1206,2517,5768,8350,3540,4386,3051,2275,8455,5425,8554,4973,5329,3555,601,7237,2161,8693,1361,2835,2249,3441,1169,4546,8802,3721,3977,1660,1181,8906,2858,3111,2971,1964,6489,4129,7107,4044,1423,9003,2281,4608,1519,4975,3531,3821,2616,3187,5316,4413,2440,3148,1750,8193,4433,2344,8077,5309,2020,1975,9196,1409,7572,9348,1824,4227,2717,3269,2449,3911,2268,6234,990,9467,626,1293,4974,1448,5941,2522,4144,9579,9679,2947,1832,9781,1390,4583,3930,3853,1255,9890,8051
427,495,2155,6285,4496,83,2093,752,6063,4287,8351,7881,7342,7486,390,8456,5752,8555,6929,7722,7475,2953,8013,1960,8694,6812,7550,6094,3172,2105,7232,8803,3296,3899,2019,2861,8907,5263,2577,6488,2359,6973,5888,8977,5629,6173,9004,2731,6014,3560,7155,753,6454,2177,4868,4481,6773,973,4193,918,9092,7693,6786,9121,6068,672,5993,9197,611,9290,9349,2625,683,1317,2345,5049,460,7680,7948,461,9468,1117,1303,5137,3604,2041,6768,3681,9580,9680,5062,117,9782,7229,6606,6181,7442,5208,9891,7317
6322,4103,2606,8279,1908,322,1345,1701,618,1566,8352,6589,5070,5454,3432,8457,5261,8556,4695,5169,6148,3799,8215,1819,8695,4524,2795,3566,3942,994,2856,8804,2044,4268,3399,664,8908,3434,4499,4107,357,4757,3069,5869,6011,3852,8085,2383,4048,2163,1768,4814,5592,3593,1308,5404,3385,770,4710,3976,8137,6087,3811,9122,2253,3018,2670,9198,689,8008,9350,2312,883,2805,4266,1495,2545,4796,5509,751,9469,5094,1056,6059,1512,1999,4071,5778,9581,9681,6658,114,9783,6468,6885,5328,5746,6409,9892,8152
7222,1626,4335,8206,2393,64,1940,484,5555,7025,8353,7235,6292,4280,2961,8458,5471,8557,3157,5256,6976,245,8216,3256,8696,4428,6660,4137,3738,467,3954,8805,4707,4705,4703,493,8187,4729,5374,5357,129,6598,6448,6954,7004,2722,8132,3012,1850,2569,6620,3613,4551,1235,2420,3854,3616,4243,5974,3888,6823,2178,2791,9123,1656,3895,2880,9199,1187,4163,9351,1843,929,2297,6422,2087,4507,3871,7522,269,9470,1203,1687,7543,3071,2734,5015,5601,9582,9682,3693,996,9784,7002,5033,2143,5866,4464,9893,7735
6718,3579,3132,7854,4058,1789,1674,498,2619,3067,8354,5729,1194,2903,3379,8459,5624,8558,1807,3518,4422,523,7303,3338,8697,3022,5925,2162,4059,589,5757,8806,5982,5342,859,730,7249,4956,844,3921,795,5113,4085,7746,4275,4694,9005,1275,7566,553,6113,2521,4708,3834,3199,5647,5254,1909,3517,2587,9093,5023,4803,9124,6213,1451,3819,9200,903,9291,9352,2318,1100,1421,5344,2141,2107,3957,6015,688,9471,5319,1382,5639,647,3912,3752,4574,9583,9683,5196,1569,9785,2875,6153,2648,2794,5692,9894,7658
6507,610,4819,8280,1815,731,646,2422,2221,3744,8355,6900,4773,740,3632,8460,6131,8559,6052,1016,6231,1791,8648,2071,8698,2645,6529,7700,3697,262,6731,8807,5202,558,4244,1983,8909,4933,4310,5916,1267,872,5059,7719,4290,1734,9006,6104,6955,1949,1462,2836,1823,1693,2820,3590,5968,5172,3822,2225,8138,4906,5240,9125,6809,126,4187,9201,661,6456,9353,939,3960,2507,6345,3826,5833,3775,5227,481,9472,3280,2216,5829,2099,2395,6216,5958,9584,9684,5717,580,9786,7087,7299,4733,5498,6775,9895,8262
3125,1551,1588,7564,1695,218,2706,3058,2894,6824,8356,6874,4086,2226,293,8461,5417,8560,6201,4536,4629,767,5528,3239,8699,3295,6171,6329,4516,916,6410,8808,7273,3768,2201,407,8910,3406,5781,4679,999,2290,4453,7428,4926,5087,9007,4460,6258,890,6956,1159,3519,2139,3586,5273,5608,3606,3211,2690,7079,7197,5533,9126,6205,372,3115,9202,433,9292,9354,2002,5269,790,5825,747,6359,6879,8257,826,9473,5956,798,6552,1438,2135,2198,6737,9585,9685,1730,2686,9787,4997,4885,2186,4833,5190,9896,7106
2613,1729,2807,8281,3333,1265,721,835,2171,3176,8357,6659,6108,5970,1334,8462,2308,8561,5098,4122,4908,2371,7769,1820,8700,4656,3064,3876,5086,920,5938,8809,6064,4362,817,812,8911,1216,1836,2455,2032,6872,3552,6495,5017,5007,9008,3323,6996,1032,6953,3664,2483,2419,1498,3619,6105,464,3060,4893,9094,5763,5071,7275,6304,3723,3134,9203,343,8046,9355,1676,4224,2982,2102,3869,2332,6222,4976,1406,9474,2016,2126,3424,1179,4624,2391,6236,9586,9686,2501,184,9788,6476,6678,1604,5756,4334,9897,7871
23,31,137,522,582,206,1709,1759,6790,4357,8358,7872,5578,3285,1974,8463,5402,8562,7411,7637,6320,3728,8649,2536,8701,830,7745,7146,5733,1777,7369,8810,5403,7172,3241,1122,8912,5743,5103,5475,3542,7576,7066,8978,7639,5843,9009,4613,7901,1088,7338,825,6159,5248,3856,7245,6863,6204,7474,6587,8107,6166,7437,9127,6076,239,7791,9204,1008,9293,9356,517,5159,1268,7729,4175,5799,8149,5550,926,9475,2357,1378,7695,3499,7234,6627,7457,9587,9687,6985,476,9789,3107,4972,6134,7840,6651,9898,8073
6021,4783,1892,8282,4284,2688,1352,668,3597,6791,8359,8012,3902,3538,5055,8082,6937,8563,6426,6725,7016,4366,7857,2013,8702,4840,6073,315,5276,154,3629,8811,4160,4863,3547,728,8913,5893,2314,5134,1149,3585,2283,7108,7325,4211,8231,5005,6862,435,3340,5989,5643,2406,1299,5900,6398,1652,3407,4802,7941,705,5022,9128,2140,509,5807,9205,659,8029,9357,483,4416,347,5796,1561,5050,3882,1497,620,9476,5962,2470,6766,3240,5014,6368,2813,9588,9688,2146,1736,9790,1413,6818,1536,5494,7181,9899,7999
3808,3804,2091,8283,1400,663,2203,1714,3116,5523,8360,1738,4652,5496,3142,8464,4839,8120,5275,931,4981,2206,7613,1972,8703,603,4169,4489,3698,1680,5855,8812,1616,3633,2038,1227,8914,1853,745,3528,1700,5101,3498,6471,5026,3421,9010,4620,6220,1236,5947,781,4181,3906,1769,3452,3532,1754,4139,3374,5749,1978,1225,9129,4503,1638,1339,9206,1606,9294,9358,1280,3641,3040,4905,4006,1946,5323,5213,773,9477,4732,966,4521,1123,6284,3588,3557,9589,9689,4912,1640,9791,2151,5845,3935,4399,5850,9900,7178
4897,1459,3623,8284,4052,80,974,2238,4553,1772,8361,8020,7204,969,733,8465,6412,8564,4828,7102,6137,6170,8090,1091,8704,2471,7351,2252,1261,444,7279,8813,7820,5748,1314,1305,7638,2912,6335,4693,1396,7012,3258,8127,6639,3380,9011,4445,4668,2173,5260,1023,6397,2085,5678,5194,7500,4463,7017,1157,7252,6097,7214,2821,6838,171,4338,9207,387,9295,9359,278,6243,1050,5546,5166,2632,7622,6578,1677,9478,1364,2661,5649,2466,7161,1602,5726,9590,9690,7105,173,9792,3159,7845,6588,7189,6078,9901,9977
6424,3746,4047,8116,3301,1420,1534,1469,5229,7329,8362,6539,6730,5868,4270,8466,3321,8565,7042,6026,6446,2946,8093,3114,8705,4278,4805,1051,2796,472,7008,8814,6043,1792,3376,232,8223,5198,4636,4405,784,2851,3118,2461,2654,5336,9012,5325,4813,1517,1276,2131,822,4388,3405,4217,2235,2578,5352,5949,7888,2973,5467,9130,6957,791,5876,9208,360,7440,9360,277,4673,1473,5599,3855,1684,6934,3877,156,9479,6596,1839,6671,2898,540,6151,6544,9591,9691,5718,1607,9793,3127,833,4816,7094,2317,9902,8263
1919,940,2057,8285,2707,78,1863,3062,4568,2596,8363,8037,5163,6936,1379,8467,6545,8566,7262,3890,6915,572,8170,2236,8706,3093,6423,7517,5879,1213,7481,8815,2788,5426,2204,743,8915,3335,6287,6336,1128,6434,5479,6532,7727,5290,8232,1549,6383,4042,7798,249,3317,2237,3886,4305,7067,1751,6242,1763,6681,6577,7176,9131,7198,192,5986,9209,1054,9296,9361,2120,443,4866,6402,4537,1112,7143,7694,209,9480,862,1171,6312,3823,3389,4581,5593,9592,9692,5779,71,9794,7316,7870,7537,7580,7118,9903,8112
2166,3889,3477,8286,3779,487,2144,2295,3270,4542,8364,5428,3769,6564,4230,8468,6574,8567,4133,7379,6856,2106,8122,3581,8707,5887,5831,5713,3994,823,5389,8816,2663,4297,2991,775,8916,2489,1938,3252,188,5917,3120,6038,6453,2434,8233,2553,7679,2633,950,2674,5870,2244,2638,3703,6018,2965,4559,2101,7541,5517,3715,9132,4663,3103,3104,9210,1166,7880,9362,1427,512,3647,4439,497,5469,5294,7590,132,9481,2897,779,5019,1903,827,4937,2624,9593,9693,5434,312,9795,6635,7060,2493,2929,4545,9904,7846
6,11,18,29,101,54,814,2365,5674,7848,8365,7837,7707,8055,2737,8469,6947,8568,6975,4820,7723,1344,8650,7350,8708,6121,7137,6857,6085,2700,7874,8817,5078,7526,4081,457,8917,5894,5573,4915,600,5828,7673,6752,6005,7212,9013,7473,8005,5516,6374,761,6843,4372,5896,7577,8237,7656,7553,7595,9095,8143,7420,9133,7902,6922,7518,9211,3450,9297,9363,5461,2682,6174,7916,6221,9441,7296,9445,445,9482,5609,2684,7698,3631,4141,6007,8010,9594,9694,5160,3291,9796,7836,7458,7597,7918,6380,9905,9978
3622,4035,4424,8287,2498,1011,1776,1017,6477,6182,8366,7068,7007,3037,802,8470,2519,8569,6132,7842,7344,5508,7968,726,8709,6796,6938,962,2119,337,5734,8818,5596,6414,4784,118,8003,6669,1521,6676,3663,6030,6265,7098,6727,6072,9014,2789,6903,2812,1152,7259,7608,2818,3919,5422,6644,383,4186,871,9096,2797,6498,9134,7683,306,7492,9212,320,9298,9364,1350,4534,556,6873,1490,975,4986,5346,681,9483,1678,2760,7949,3840,7490,6001,7989,9595,9695,1894,72,9797,6891,3233,6516,7928,5151,9906,7802
1592,2843,2701,8288,5038,77,1977,2443,5456,3307,8367,8038,7089,6675,949,8471,3243,8570,7361,7502,7724,551,8103,936,8710,5812,6876,1944,640,725,7875,8819,6302,6366,3063,995,7547,6004,3315,4644,1391,7053,5672,7668,7714,6129,9015,1248,6904,4167,2631,1753,3043,1882,3394,2997,7005,788,5369,2354,7852,7491,6701,8064,6450,502,6733,9213,368,8200,9365,511,763,1847,6864,4664,2075,5011,6124,2873,9484,1178,3809,6451,2822,6634,5977,1859,9596,9696,6354,39,9798,3521,5235,6840,7749,4848,9907,8066
6673,3600,4683,8117,3297,1038,3966,2370,6009,7768,8368,7660,4580,1475,4769,8472,7030,8571,7052,7058,7323,3675,8651,1631,8711,4770,3931,527,2263,194,7599,8820,3373,4881,3653,280,7824,3646,5809,4154,623,7592,5400,3221,5804,3089,9016,6262,7499,2465,3543,2176,6140,4941,3121,7578,7766,1001,2349,1558,9097,2164,6270,8097,6859,46,4544,9214,413,9299,9366,598,1900,807,4080,3061,6688,7260,6339,92,9485,6817,756,7573,2527,198,3615,7549,9597,9697,5518,3390,9799,4550,5108,4601,5416,7282,9908,9979
2262,1156,2277,8289,6229,66,650,463,5354,4995,8369,8177,7230,3850,1124,8473,3601,8572,7034,7849,7804,5929,8217,1114,8712,1998,7771,2104,1713,348,7649,8821,4191,7048,4007,2845,7932,6203,3492,6395,5355,7049,6212,8979,7482,7310,9017,2054,7662,1842,5722,554,6032,2790,5326,3096,7483,1060,5526,542,8045,3666,7627,9135,6077,284,7542,9215,172,9300,9367,644,3206,346,6933,5536,2356,5107,3170,3758,9486,1435,2576,5459,4121,7385,7434,5586,9598,9698,5174,120,9800,3577,4490,5037,7753,6154,9909,9980
28,58,219,841,1511,176,1991,1360,6249,4535,8370,6309,7302,1375,1407,8474,5747,8573,4425,4228,1632,6690,8652,1274,8713,7073,7375,6037,2537,2114,7416,8822,7263,5946,908,158,6927,5440,6217,1985,1865,6693,6610,2327,5669,5210,9018,4934,7020,4135,5396,819,5042,4830,7039,4446,7022,2726,7972,5889,9098,6280,3474,9136,6210,508,4108,9216,2352,9301,9368,1818,7207,5844,6655,2366,3485,7830,9446,1644,9487,3800,1146,5881,4258,7706,5584,7117,9599,9699,7861,470,9801,7998,7976,2990,7538,7636,9910,9981
7201,3313,3056,8290,1537,1570,746,1743,4491,5937,8371,3402,3688,6405,2058,8475,2333,8574,2758,6090,5570,3427,8094,3328,8714,1415,4147,4011,4183,279,3008,8823,5645,4968,1162,485,8918,2127,2556,5148,201,3507,3558,2375,2294,4173,8133,5961,7732,1702,2844,1748,1645,2996,1683,6375,2866,3429,4168,5798,9099,1116,4073,7925,4248,1576,5340,9217,870,9302,9369,2374,2986,3268,2469,4295,3465,6283,1821,355,9488,4611,1370,4111,2837,3175,3138,3996,9600,9700,5013,1346,9802,6940,6735,6662,5595,1231,9911,7847
5449,3741,3283,8207,2523,1253,2363,1229,2963,4069,8372,6713,2629,2169,1095,8476,5499,8575,4852,4967,5350,3634,8653,2516,8715,4410,1943,1917,2196,1349,2637,8824,4229,4240,2617,957,7953,2389,1597,2809,2035,5079,1136,3718,4547,2445,9019,3143,5597,1022,5740,2610,3400,3679,1831,1009,4360,1318,3009,3833,8139,4318,4628,9137,5241,1333,1540,9218,933,7835,9370,915,2742,1437,3271,4024,4408,5408,6582,462,9489,3624,1483,4718,2116,4095,5002,3024,9601,9701,4014,1503,9803,4615,3961,2438,1717,1968,9912,7977
2765,1609,1643,8291,3537,105,1527,1426,3036,2773,8373,6256,5913,5373,4004,8477,5500,8576,4824,6961,4752,2892,8218,1404,8716,5482,6157,2122,3017,1617,6708,8825,1893,4466,1392,1041,7449,5602,5714,2152,946,6288,3838,4989,5287,1590,9020,2779,2652,737,6640,544,5670,1019,4324,2346,4179,2089,5173,3290,8162,4758,5673,8244,5723,1912,4438,9219,1529,8172,9371,2134,3443,3559,5927,3674,777,4855,7494,961,9490,431,1289,3730,758,6526,5460,1704,9602,9702,2233,570,9804,6629,7386,5935,7539,6719,9913,7892
3575,634,4478,8292,4104,86,1090,1397,3747,6291,8374,7672,6907,3684,220,8478,4320,8577,6804,3086,7035,1458,8654,2623,8717,4358,7565,7330,4159,923,7304,8826,4323,5560,1304,1062,8919,4440,7551,6447,2548,4598,5895,7206,7267,5483,9021,3049,7674,1185,7833,288,3694,5308,5315,5583,6050,5368,5317,840,7588,6482,6551,9138,5860,504,7530,9220,63,9303,9372,1259,1135,367,5871,3232,3225,7128,7702,792,9491,1696,1635,6408,2761,3573,4853,7676,9603,9703,5623,141,9805,3669,6355,7217,7767,6560,9914,9982
3282,6062,2703,8293,1477,138,3661,2529,5230,6868,8375,6432,5034,6590,3342,8479,6509,8578,1916,6794,4522,354,7744,4606,8718,4389,3352,4667,5185,1188,2967,8827,993,2293,4402,1070,8920,4953,7065,3331,335,4505,4882,8128,4207,2509,9022,2316,6138,3523,6351,665,5288,1578,5948,6307,3933,3140,4931,4326,8238,6722,4276,9139,5564,3506,1794,9221,1636,8249,9373,2935,536,2197,5704,4602,2895,6200,7917,52,9492,712,1472,5976,429,1627,6436,657,9604,9704,5802,1735,9806,6908,6342,5150,2745,2764,9915,8264
2911,2881,924,8294,1455,47,2133,673,5891,4625,8376,7862,7182,6130,1044,8480,4910,8579,6680,7472,7356,6117,8179,1416,8719,5157,7345,4223,1336,1164,6324,8828,4925,6419,4198,1711,8188,4120,6158,5646,1422,6848,3463,4990,7650,5411,9023,3082,6738,2368,7413,503,5124,2878,5131,5766,5835,2539,5048,900,7521,5984,6367,4593,5286,329,6525,9222,365,8250,9374,800,1384,959,4313,5282,901,6813,7997,353,9493,986,3545,5820,5106,2735,3054,5114,9605,9705,6990,53,9807,3073,7897,3807,6563,6528,9916,7710
1256,879,3743,8295,1873,84,1931,451,6230,3916,8377,7945,7463,3128,3026,8481,5464,8580,6968,6464,7524,2766,8655,1003,8720,1514,7865,6783,1132,491,7775,8829,1300,5418,1662,1752,7843,3119,7417,5972,3253,7443,7468,8980,7701,6225,9024,1669,7955,1307,7971,400,6948,4750,5149,3235,5703,4556,5072,1450,7404,3414,4680,9140,5068,583,6854,9223,135,9304,9375,1205,2296,345,5371,6633,2051,7493,5398,1703,9494,1383,894,5540,5565,6839,6958,7990,9606,9706,6361,181,9808,2867,5683,7610,8011,5138,9917,9983
2806,3544,1291,7114,2411,371,2024,1688,3761,2499,8378,6875,6049,4616,3078,8482,5051,8581,5688,6608,6176,1533,6022,1154,8721,3123,5720,2378,3412,945,2486,8830,4595,4328,2217,1049,8124,3514,1921,2070,881,4970,3873,4722,4604,2993,9025,3501,2435,2450,4899,3248,2497,2891,2759,5211,3727,842,1069,3080,8007,3692,4427,9141,6114,1249,3875,9224,983,9305,9376,1282,526,2708,4894,3181,2321,4922,6806,1134,9495,2474,1710,5691,2258,3860,4582,4088,9607,9707,4647,155,9809,5780,6845,3908,5016,3915,9918,6618
2923,1037,2775,8053,3988,142,2301,2528,4746,2966,8379,7301,3497,4592,263,8483,4515,8582,6445,6340,4677,447,8057,2995,8722,5176,5395,5760,2597,884,6269,8831,5548,1764,3214,1742,8921,3151,1624,5753,1757,2299,4822,7132,6362,2001,8086,1733,6238,3925,6259,2803,2373,3630,3780,5277,6744,1476,5939,3149,8194,3266,5837,9142,7116,418,3079,9225,917,8067,9377,3174,225,4772,4741,4225,2640,4149,7513,596,9496,1556,695,4526,3827,2208,5399,5237,9608,9708,5347,175,9810,6273,7441,4348,7190,5278,9919,8052
1471,1271,6125,7958,2462,123,2115,411,3210,4901,8380,7980,7899,3962,2824,8484,5147,8583,6245,7736,7465,4321,7864,3748,8723,555,7712,7774,3488,1045,5341,8832,992,5774,4728,1082,8922,4737,7418,7309,3739,7785,6995,8060,7764,4857,9026,1587,7715,1500,7402,592,4311,6417,3923,4384,2634,3184,7166,2494,6196,6687,4675,9143,7645,469,6364,9226,212,8251,9378,1244,741,453,6331,4441,2039,5477,2307,189,9497,1219,1089,5903,6093,2915,6935,6745,9609,9709,6980,247,9811,1614,5551,6024,7807,4043,9920,9984
2900,4267,2551,8296,3459,61,1610,1838,1099,6810,8381,4430,2214,1574,437,8485,6519,8584,6952,5349,4697,595,7687,2999,8724,4891,6373,6293,4512,1242,6530,8833,4145,3945,1723,2082,8923,2426,4998,4730,1902,1109,2276,8228,6449,2945,9027,3880,6483,885,3153,287,3262,3090,4008,5362,5990,4356,3979,4508,8239,6666,5656,9144,5581,760,4658,9227,704,9306,9379,1712,3520,1348,3205,4850,4382,4861,7703,1113,9498,1790,1270,6500,2168,2826,5250,5372,9610,9710,4742,74,9812,5640,5863,6020,6268,3471,9921,8088
2157,666,2284,8297,2480,193,951,1002,1467,7171,8382,4651,3794,5527,1749,8486,4748,8585,6343,4543,6197,3638,8656,3314,8725,5585,5742,2676,4657,1172,5765,8834,5945,4269,4001,1021,8924,1301,3770,5226,541,3583,2351,3978,6928,1805,9028,5805,6895,3844,6643,234,5390,2072,2581,5327,2300,1335,5638,3525,7203,5405,4958,9145,6440,2329,5792,9228,690,9307,9380,3223,1412,700,5300,3648,1353,5000,7450,1611,9499,2733,1804,4873,2259,2184,2079,5963,9611,9711,5207,75,9813,4590,7216,6278,6754,6517,9922,8265
5083,1399,4195,8298,3226,179,3334,3316,3913,4734,8383,7699,4109,2959,208,8487,6186,8586,5061,5681,6479,1646,8104,3612,8726,4789,7394,7037,5794,2853,7512,8835,6178,5981,1264,422,8925,5591,5158,6060,648,7462,5293,4115,5874,4794,9029,3348,6594,887,7620,257,6056,5520,4888,7383,7014,5322,5505,1190,5246,6266,6547,7348,6943,165,5663,9229,255,9308,9381,837,1801,636,4263,1439,3617,7286,7962,326,9500,1673,1718,7623,4461,2399,1651,7424,9612,9712,4116,296,9814,2793,7596,4810,7786,2593,9923,9985
2849,2265,5121,8299,1915,88,4575,2948,4579,6045,8384,7841,4442,6702,563,8488,3842,8587,5854,5197,6760,468,8657,3602,8727,3991,3346,7258,2080,2439,6741,8836,785,4538,964,1104,8926,6074,4596,4921,727,4332,4221,7992,4265,2473,9030,889,5589,3973,6670,1575,6484,4374,4023,2335,5539,3587,7071,3680,7748,5648,5848,8016,5192,1956,4706,9230,1067,9309,9382,1445,1218,3820,5750,2451,846,6777,7943,42,9501,377,1066,6622,3102,1428,7129,2271,9613,9713,6400,283,9815,7157,7076,5745,4920,7018,9924,7782
1941,922,6682,8300,5541,321,587,359,4649,7711,8385,8435,6425,6601,1544,8489,948,8588,7540,7585,7193,6827,8658,2304,8728,2322,6350,4903,3699,323,7682,8837,2641,7064,5381,1257,8095,4764,3358,6192,3254,6047,6742,8229,6999,6649,9031,3458,7594,985,6852,1234,6595,5337,3714,3673,6971,1770,3448,382,7641,1230,6612,9146,4312,363,7776,9231,202,9310,9383,1040,1788,213,5886,5952,3137,5800,1567,2768,9502,1891,2728,5001,4131,6553,5933,7101,9614,9714,3562,149,9816,2453,3234,4176,7545,7221,9925,8204
4415,3401,3716,8301,1101,2247,1324,2193,1252,6789,8386,5684,3075,1434,1204,8490,5552,8589,7142,571,5090,4142,8659,2377,8729,1675,6382,5628,3691,356,2636,8838,6393,338,3668,1295,8927,4659,5421,4777,921,500,3197,7756,6377,1148,9032,6628,6534,2657,3302,2347,3556,1899,2591,4909,6784,988,5435,4947,8015,3480,3325,9147,5985,248,5043,9232,811,3914,9384,1388,2337,3980,2022,3677,4283,1825,5731,1201,9503,3778,1322,4028,3087,2260,4030,4715,9615,9715,5097,2452,9817,6048,7168,4031,6223,5617,9926,7452
2762,535,3201,8302,4532,94,1139,2136,2724,3571,8387,7743,6607,6825,549,8491,3251,8590,4455,2994,6356,1433,7770,2668,8730,7254,6992,6665,5205,1520,7284,8839,4134,4404,3872,1970,8928,1586,3787,6057,865,6994,2588,7160,6986,4860,9033,3950,5177,3771,7083,579,4300,1904,2852,2828,6807,1559,4157,1887,8240,7041,5776,8024,6749,851,5081,9233,341,9311,9385,3685,591,1603,3391,3001,1052,6562,8165,778,9504,1238,2034,2713,4238,2011,5119,3002,9616,9716,3320,82,9818,7136,7603,6798,6706,7355,9927,6788
3858,4633,3263,8175,4329,244,667,1874,4301,2830,8388,7318,3042,6391,1560,8492,893,8591,6371,4309,5534,2917,7558,5431,8731,2025,6707,3742,5525,560,3639,8840,7264,4914,2382,1531,8929,1995,6514,3551,2677,4216,3322,8230,6334,2842,9034,1716,7099,432,7196,1365,2325,1926,1464,3554,4162,1828,3496,6729,7313,5736,4854,9148,6253,186,5082,9234,614,8146,9386,739,574,1907,4045,3377,4454,4250,2954,1720,9505,3563,1010,7125,3019,3144,5634,5706,9617,9717,6308,524,9819,2526,3099,6083,3682,3816,9928,8089
6906,1202,3347,8303,3444,1074,1312,1220,1816,5069,8389,5554,6624,639,2030,8493,5058,8592,7784,2320,6427,569,8660,3011,8732,6460,4806,6023,5092,442,2239,8841,6246,1827,3785,241,8930,5851,4844,5441,867,3437,4082,5102,4033,5245,9035,1195,6250,3796,1854,3910,874,960,3535,4038,7202,3341,3364,1541,7508,3927,3034,9149,7091,291,4883,9235,406,7739,9387,1898,3228,1452,5356,5620,5698,3515,5228,1659,9506,662,2017,6850,3790,5214,4119,5388,9618,9718,2704,1103,9820,6442,6917,2558,4339,6833,9929,7803
1496,1518,3370,8304,1173,67,1929,436,4739,4350,8390,7410,3264,5892,1085,8494,2712,8593,5840,5872,7270,6459,8661,2410,8733,5707,6697,6698,2222,1581,7243,8842,3776,6233,2447,698,8224,2913,4500,2618,755,5910,5810,2267,7244,5127,7664,4877,5685,3236,3732,350,6677,2968,2887,1548,4982,1493,5919,1288,7554,5378,4804,9150,5242,2364,5318,9236,1026,9312,9388,3106,2541,3344,2243,2167,619,6600,7298,490,9507,3791,2601,4477,2223,1121,5821,3745,9619,9719,6103,136,9821,5407,7208,3784,7210,7109,9930,8032
5502,5420,4364,8305,2415,60,3046,3025,1856,6951,8391,7399,4381,6780,693,8495,5676,8594,6555,7367,7151,1864,8219,3851,8734,3435,7247,2924,5618,643,4492,8843,6209,5257,1208,1381,8931,2752,6433,5563,89,6338,971,2068,3409,6102,8191,3550,7529,1924,4487,3147,6549,3393,4299,6219,6248,1655,6092,6041,9100,2245,4237,9151,7167,2938,5448,9237,1834,9313,9389,878,617,2092,3863,3929,937,7123,2390,609,9508,2653,1386,4646,3050,415,6441,5727,9620,9720,7389,32,9822,3536,7927,3375,6882,4907,9931,7783
3710,1180,1962,8306,2747,107,1881,855,4015,4316,8392,7459,6755,6967,1013,8496,5486,8595,4498,6376,6070,4262,6963,4851,8735,6260,930,6981,5209,1618,6118,8844,2649,4759,5181,1784,8932,6055,6295,4765,2165,5610,5789,5744,3983,5530,9036,1996,5379,1555,7363,446,4642,2291,5104,5472,6652,613,2575,1362,8140,7364,5476,9152,7100,958,6214,9238,1258,7984,9390,3303,2777,2045,2914,3719,235,3934,7853,243,9509,576,1579,5012,3085,594,3720,4744,9621,9721,5830,147,9823,7531,6597,5220,7340,5193,9932,6672
2771,5767,2130,8307,3365,214,2269,2211,897,3896,8393,7191,5635,3129,1061,8497,5816,8596,3711,2614,5311,1325,7815,3938,8736,3487,5003,2981,4892,1557,7152,8845,5195,4110,828,1199,8933,3428,2934,3384,373,4775,4118,5823,4231,4782,8234,2309,2544,1186,5332,1266,4946,4068,2626,5754,5543,2560,3182,3038,8195,2714,3030,5901,4688,1211,3135,9239,1682,7973,9391,2520,604,3526,3789,998,3572,7104,5215,899,9510,3154,991,6360,2692,4436,1328,3020,9622,9722,3735,641,9824,4448,7501,2679,2621,3995,9933,7978
5120,1414,3222,8308,4218,1939,782,682,2175,7624,8394,7647,3486,4669,2964,8498,1665,8597,7448,7211,7236,3150,7929,2901,8737,2542,7036,2412,2960,302,7408,8846,3756,6615,2783,414,8934,3982,6494,6603,803,7180,6978,7412,7859,6919,9037,1849,7059,438,6139,6251,3124,3336,3292,2748,6808,981,4927,1294,8141,656,5093,9153,2754,1385,6654,9240,333,7805,9392,426,3897,271,6167,4444,6177,6193,1478,2380,9511,1327,2678,4342,3830,6379,6887,7226,9623,9723,732,1232,9825,3092,2251,3053,3584,6712,9934,9986
1691,2048,1976,8309,4827,100,780,1629,5452,3319,8395,7886,7584,4034,1737,8499,2980,8598,6579,7546,6811,4713,8180,1639,8738,1102,3076,4210,5008,412,7159,8847,6314,4298,1862,2090,8935,5836,7195,6218,4101,7436,6747,7429,4199,2227,9038,3678,7213,1708,7255,264,2681,3847,3589,4394,6758,2689,6542,987,6165,5484,4768,9154,7199,261,7200,9241,566,8173,9393,789,1036,590,5575,4161,2740,7646,2620,1482,9512,1787,1755,7156,4751,4391,4996,3803,9624,9724,4365,133,9826,1833,4800,4648,6886,3605,9935,9987
5693,4025,3708,8310,2148,714,1806,1543,3750,5410,8396,5054,2868,2882,2150,8500,4482,8599,5025,1454,3483,2372,8220,1840,8739,4565,707,4418,4246,1014,6480,8848,4484,3817,1600,1292,8936,1047,5139,4798,2042,6439,3363,952,6728,3814,7877,2956,3922,2228,2113,3415,4260,1398,2705,4215,5067,2658,1957,5875,7256,1971,2029,6034,5490,2303,799,9242,1330,7740,9394,2205,4726,956,1767,2697,2384,5914,4761,602,9513,4241,1183,4609,4114,4012,4736,5046,9625,9725,2385,810,9827,3217,7451,1920,2908,2241,9936,8205
148,108,616,1795,1501,2504,1829,1715,3360,7283,8397,6941,6561,2693,927,8501,7062,8600,4239,7822,3013,6696,8181,2696,8740,5694,4182,246,5487,1126,6333,8849,3541,4105,2402,1046,8937,3117,6264,5604,3208,5330,1430,8981,7337,3418,9039,6987,7571,388,5231,1000,6694,4541,5930,7626,6979,4079,5132,955,9101,7534,6762,6931,7032,631,6109,9243,506,9314,9395,378,7535,423,5393,3815,2741,4434,7579,1363,8259,3032,3288,7717,4087,8025,3857,9560,9626,9726,5492,3812,9828,1140,4212,3202,3611,6142,9937,9988
5128,3874,2936,8036,2906,857,1724,1374,1369,3522,8398,6828,2798,3549,1621,8502,3832,8601,1630,3461,2916,2975,7873,2190,8741,2819,4076,2787,2546,1150,2909,8850,1209,4152,2031,852,8938,4251,4196,2194,310,5488,550,2656,905,3984,9040,1993,4475,2394,3403,2496,3802,2397,2749,4232,2508,3337,3806,3621,4599,5512,4039,9155,4277,3057,4380,9244,1042,7741,9396,2339,3724,3610,3494,2767,3169,4948,7144,1260,9514,3786,935,5622,2179,5233,2036,4518,9627,9727,4527,1030,9829,4291,2467,4437,4895,4992,9938,6689
7387,7349,4950,8311,3081,510,2103,1297,2730,6925,8399,7400,2979,7218,2240,8503,7629,8602,5811,7110,7525,328,7883,4393,8742,1612,4390,275,5515,253,4178,8851,6726,5268,629,1170,8939,5249,7291,3658,699,6575,5654,6303,4984,5666,9041,6593,7280,977,4406,4760,6067,4799,3569,7692,7347,3287,4254,3084,8241,1593,7126,9156,7488,2827,4255,9245,909,8252,9397,593,685,349,5877,1326,5491,4785,2430,473,8098,4870,311,5711,4874,1774,7327,7470,9628,9728,4019,904,9830,1657,5493,1160,2719,6160,9939,9989
5178,976,3160,8208,2531,627,1368,575,759,4099,8400,5730,4530,1951,2639,8504,876,8603,5966,1883,5979,1277,7893,2970,8743,2189,3968,1877,3645,1176,4875,8852,3091,3909,1507,1583,8940,3672,4036,3343,2602,5335,3362,4809,5039,2153,7868,3867,5606,2506,5314,1457,4289,3366,806,5060,4696,2219,4325,1608,7994,4717,3818,9157,4509,2834,2582,9246,1214,6923,9398,1246,1811,1778,2510,2691,4363,1870,5383,1059,9515,2933,1080,5497,2361,4650,5267,4064,9629,9729,4385,633,9831,5363,6180,3884,5364,4020,9940,8113
14,10,16,24,34,49,282,928,3937,7453,8401,8118,8021,7777,4351,8505,5024,8604,6631,4618,6782,972,8662,5180,8744,7969,7931,8780,6691,3289,8186,8853,7677,5650,8027,4691,8941,2331,6684,8970,8125,7634,5574,8982,8129,7829,9042,5116,8034,5758,9075,1984,5088,2580,7021,4864,9083,6939,6759,5890,9102,7720,5907,9158,7889,2270,6421,9247,7281,7995,9399,7503,1961,8109,7480,7942,3490,6389,9447,7904,9516,2595,3229,4767,5333,6913,7817,9561,9630,9730,3511,454,9832,9866,7944,7514,7072,8150,9941,8114
3246,1554,3473,8312,4421,128,2199,2962,5394,5030,8402,7754,5429,6135,525,8506,5304,8605,6512,4504,7516,1739,7922,1799,8745,3618,6715,6892,4401,1605,7248,8854,5899,5859,1948,492,8942,4206,5382,6772,270,6849,5020,5140,7498,4778,9043,3033,7250,2549,7251,231,5376,1895,5716,4858,6878,2660,4631,868,6521,7915,7134,8197,6341,316,6889,9248,251,9315,9400,1930,796,1528,4009,2992,1725,7297,7821,289,9517,1546,1647,7455,2255,2605,3005,7288,9631,9731,4699,99,9833,4727,7905,6185,7611,7033,9942,9990
466,722,742,4125,3273,1822,1596,880,4337,5751,8403,6156,4643,4304,3475,8507,5904,8606,2755,531,2725,1553,8663,1247,8746,4075,5797,7047,1499,1131,6703,8855,4960,3949,2987,1342,8092,3662,4662,3997,3481,2367,4062,7795,6800,3939,9044,5619,3940,1766,6066,4286,1781,1313,2744,4878,4951,1564,3524,3971,2985,2095,3644,9159,3383,703,4548,9249,562,6899,9401,2732,4096,2408,1658,3259,911,4333,5772,1577,9518,5387,941,5415,4376,5724,4017,5849,9632,9732,3367,765,9834,2405,7653,3006,3350,3505,9943,7913
41,25,13,3,4,15,22,33,273,1918,8404,8436,8168,7471,7293,8508,7856,8607,8169,7586,8211,7164,8664,8185,8747,7930,8075,8781,6513,5361,8033,8856,8887,7479,8091,5129,8943,7970,7633,7858,8972,7725,7831,8983,8130,8990,9045,9070,9072,7933,9076,7403,7926,7961,7621,8171,8006,9085,7655,7601,9103,9109,6837,9160,8079,5447,7896,9250,7446,9316,9402,8254,8255,9435,7996,9439,9442,6711,9448,9451,9519,8048,4987,9552,4577,9556,8035,9562,9633,9733,7956,4194,9835,9867,9869,8031,9872,7898,9944,9991
2362,2086,4003,8313,3165,70,3508,1802,4603,4762,8405,7855,3361,7808,605,8509,6318,8608,7081,5808,6761,1241,8221,2847,8748,3161,7467,6492,1681,2341,7713,8857,3094,4355,805,548,8944,4846,7376,6648,236,6557,3010,5655,7651,5321,9046,4462,7582,4066,7552,196,6721,3000,4060,4029,7381,5450,6358,5630,3261,4790,5580,6653,7233,222,6855,9251,838,9317,9403,1494,832,3219,4676,2083,2081,5297,8017,122,9520,863,2027,7314,2829,2885,5251,6438,9634,9734,7228,81,9836,3404,7761,6679,5667,6802,9945,9992
6404,1830,3893,8314,624,281,546,2672,2200,5047,8406,5612,7447,645,943,8510,5965,8609,5168,1411,5334,729,8665,2751,8749,1649,7043,6294,6202,223,4458,8858,5787,1076,2061,2213,8945,4359,4637,5182,3126,4566,6387,8106,6086,1221,9047,4201,7960,1237,2210,1952,864,2192,3643,6641,6550,3504,5920,3700,8142,3751,5545,9161,5838,207,5795,9252,452,7909,9404,416,3594,5219,7127,4704,6865,3220,6016,2043,9521,1803,1338,7684,1371,5427,6300,5587,9635,9735,6527,478,9837,7075,7628,6636,7372,6444,9946,9993
4074,1228,3456,8315,4100,146,2566,1641,4285,4517,8407,7661,4955,4400,216,8511,6793,8610,6079,7294,6602,3753,8041,2182,8750,3163,7511,7295,5307,2883,7959,8859,6122,6415,1133,1020,8946,6224,6710,7011,528,7593,3829,3764,5997,5884,8087,3277,4113,2854,7445,272,7139,2123,4671,6581,6569,3614,5556,1092,5931,7274,6281,7187,7055,169,5156,9253,374,9318,9405,1393,2231,651,3330,2484,1129,7670,7760,237,9522,1466,1886,7287,4344,1858,1771,7246,9636,9736,6452,110,9838,3705,7506,5644,7300,5133,9947,8153
4978,3763,3510,8316,2941,389,2064,1431,2248,3398,8408,6418,3866,1310,3185,8101,3825,8611,1857,5100,5615,3792,8123,1380,8751,3308,2458,5085,4072,197,5155,8860,1456,4189,2931,621,8947,2721,4429,3598,2495,3975,3731,7336,5285,4259,9048,3917,2242,1986,3489,419,2554,1814,2879,4687,5561,3065,3955,4002,8063,5690,4057,9162,4467,1118,2400,9254,1309,7433,9406,2037,2202,1538,1994,2926,3237,5940,7510,564,9523,4476,2110,4880,1967,2413,2729,5964,9637,9737,1867,1671,9839,5348,6950,1562,2902,4788,9948,3113
4450,839,4665,8317,1969,254,834,1182,3016,5084,8409,8167,6572,1281,4563,8512,4449,8612,5817,7631,6609,5568,7778,2680,8752,679,7504,5858,6717,238,6805,8861,2423,3774,6065,982,8225,7184,6091,5992,597,7121,7082,8096,5605,5661,9049,2053,8028,734,4407,4180,1706,5824,3059,6497,5537,3561,7326,706,8196,3449,6605,9163,6190,139,7432,9255,471,9319,9407,342,2647,250,6750,3870,7024,6504,861,2023,9524,1694,1359,7405,3892,6206,7173,7333,9638,9738,5862,327,9840,1594,6656,6039,7427,6274,9949,8266
1648,3417,4552,8318,4837,40,1296,1354,5154,5143,8410,7158,4431,7454,684,8513,5430,8613,6311,7794,6406,1732,8058,2441,8753,5503,6969,6993,1251,1449,6977,8862,2562,4084,2149,754,8948,1808,7138,5504,1184,6901,5529,7600,7619,4200,9050,2100,5709,2937,7113,507,4670,2111,3781,6252,6502,1389,2096,3195,6161,3689,5118,9164,6860,1910,6388,9256,845,8201,9408,3956,501,3798,1890,3928,1125,4094,7671,344,9525,1078,1147,3667,2117,1358,6175,6571,9639,9739,5161,38,9841,7057,7334,5436,7406,6244,9950,7951
5557,736,2118,8319,1705,256,1424,953,4561,2720,8411,6584,5473,2976,4296,8514,3478,8614,5111,1599,5571,821,8666,2444,8754,3357,913,6614,4776,1387,6054,8863,1800,4531,2008,480,8949,1245,4821,4485,1272,6515,3454,7738,6541,4570,9051,3354,7186,2342,7013,2524,1376,1366,3419,5212,5521,4146,3990,2659,8242,4936,3164,9165,4681,425,3279,9257,1053,7602,9409,1679,1727,4282,4712,3670,4519,3216,7556,848,9526,2472,331,5266,2460,6272,4456,713,9640,9740,4952,2543,9842,5375,7092,4918,4089,4817,9951,7519
1320,1663,2188,8320,3596,112,1571,2424,3162,2158,8412,8081,4666,5954,2530,8515,6799,8615,6972,6781,5769,1622,8667,2074,8755,635,7175,7238,5511,2055,5813,8864,4202,4808,2425,1108,8950,4279,5775,6861,1441,7726,6401,6616,7688,4911,7796,2224,5130,2871,7728,204,5021,2369,2685,5439,6429,2156,6033,2446,4041,2899,3530,9166,6984,180,4859,9258,1601,8147,9410,1461,808,2998,3305,3836,1144,7752,4127,230,9527,1508,701,7269,5353,2387,4871,6267,9641,9741,6548,87,9843,4370,7354,5898,6819,6720,9952,8154
1728,1685,5668,8321,3865,65,1866,710,4188,4988,8413,7119,7170,1043,351,8516,2608,8616,7569,7967,7666,1692,8182,2943,8756,1661,7772,6683,3371,608,7762,8865,3649,6346,3386,2456,8226,5542,6386,7097,4197,4423,6743,8190,7382,6226,9052,1936,7850,910,3101,925,5489,4245,4343,6455,6546,2431,3097,820,7751,4026,6853,9167,6363,318,7890,9259,161,9320,9411,533,1846,229,5274,6111,2132,6924,3179,2287,9528,1189,1323,7456,4256,6313,5801,7801,9642,9742,6277,183,9844,2949,4856,7177,8050,6771,9953,9994
191,361,1207,3570,1395,45,776,1287,2667,4346,8414,6630,7174,1347,557,8517,7130,8617,3516,8121,6647,5641,8668,3859,8757,1316,7112,5558,4845,162,4479,8866,7265,5739,1817,2274,8951,5063,6632,6470,4226,6902,2683,7616,5721,1337,9053,4486,7691,3230,4395,1654,6120,4994,3985,7747,7312,2888,7527,5136,7292,5339,7015,7895,7561,221,5296,9260,314,9321,9412,304,6305,2709,5549,5125,7733,6430,4027,1568,9529,2355,2310,7891,5040,9557,5145,7657,9643,9743,7421,116,9845,3218,6403,6716,3754,4826,9954,8018
7341,5853,5857,8322,1440,392,963,2418,7019,7819,8415,7010,7460,396,5822,8518,7464,8618,4293,7812,7591,3276,8669,3502,8758,7362,2984,850,3312,76,4220,8867,674,4753,5761,185,8189,5302,6847,6918,1034,6112,5135,7070,2574,2642,9054,4745,7809,5065,1222,2643,7320,3468,5184,4573,5080,5791,3717,5191,7983,2129,6239,9168,3088,630,6282,9261,801,7935,9413,1084,2407,715,7001,3657,6463,4567,7124,182,9530,4661,677,6098,4623,401,4472,5603,9644,9744,1966,330,9846,4977,8072,6474,6623,3725,9955,9995
1670,1672,3607,8323,6390,62,573,290,2727,6099,8416,8039,7322,4626,1193,8519,4913,8619,7497,8178,7654,6565,7894,1321,8759,3420,7731,2825,4242,267,7781,8868,4077,6821,5238,2433,8227,6893,3041,4766,5442,6831,5577,8984,7788,5239,9055,4738,7939,2302,3801,398,7709,1933,3907,5089,7834,967,6645,836,7484,2780,7509,8245,7697,303,6988,9262,252,9322,9414,499,4674,403,4166,4964,1175,6522,2398,3130,9531,1620,3491,7365,3212,7495,6944,6191,9645,9745,2904,85,9847,3029,5969,2757,7373,7289,9956,8019
2076,1429,1979,8324,1879,266,1453,2015,2000,6841,8417,2404,6042,3512,465,8520,6714,8620,2490,4432,6591,456,7644,2094,8760,3690,6306,3083,2598,738,6487,8869,3109,5466,2145,1552,8952,5579,5272,2769,1015,6746,2650,7605,5973,2230,9056,3687,7652,2353,2050,2590,1782,3918,3245,5066,6520,4067,5303,5544,7879,6617,5199,8246,3200,769,3635,9263,513,9323,9415,813,552,4156,3177,3447,6890,5232,7869,625,9532,2026,2381,4966,2921,7315,4890,4928,9646,9746,4786,153,9848,6867,6583,5391,2675,6207,9957,7742
3686,292,3035,8325,3904,217,362,723,3981,4409,8418,7029,5110,5719,448,8521,3470,8621,5636,7077,6232,7278,8183,1868,8761,3970,6664,1934,3108,521,6871,8870,6836,5279,2234,1401,8068,4898,6394,4610,2403,3963,3397,6638,7444,6031,9057,3152,7765,3729,5397,1035,5806,2180,5864,4143,5077,1851,2855,1004,7272,5075,5998,9169,5513,642,5987,9264,224,9324,9416,968,4501,364,6110,5553,979,4493,6000,2525,9533,2860,3274,4549,2229,6554,6152,7425,9647,9747,5270,127,9849,3539,2306,7145,5514,2951,9958,8115
2376,816,5936,8326,3878,55,1484,866,4993,4829,8419,7938,7882,2432,455,8522,4594,8622,7224,6962,7461,1835,8670,1290,8762,1980,7908,7598,2007,744,7914,8871,2534,6822,1167,2084,8953,5921,6877,6296,4480,6700,5284,7832,7954,5782,9058,1826,7878,2077,5725,450,5790,3881,6330,3620,6776,5074,5218,568,7085,6106,6543,8247,6100,325,7489,9265,144,9325,9417,669,1087,366,5975,6621,2191,7371,6332,1055,9534,856,2286,6290,3762,6767,6437,7642,9648,9748,6881,124,9850,3339,6965,6774,7359,7532,9959,9996
4818,2585,3671,8327,4112,167,2475,2715,3650,2289,8420,7223,6674,3146,274,8523,6910,8623,2514,7393,6458,1007,8022,2662,8763,5164,6237,4740,2379,1785,6732,8872,5385,4607,1168,1486,8954,2183,3139,5018,749,2988,3885,7528,5819,2572,9059,2515,2864,1773,4999,3565,4576,1048,4469,4128,5073,4319,6337,2147,7799,4917,5096,5631,6503,489,4447,9266,877,8253,9418,2463,984,2811,3782,1911,2340,6179,7704,420,9535,1351,1223,7141,914,5652,2611,6353,9649,9749,4787,210,9851,6002,7093,3595,2065,3306,9960,7826
4032,888,3500,8054,2502,1722,164,1937,1861,6194,8421,4591,6010,6573,680,8524,4939,8624,6914,7096,6208,5562,7823,3737,8764,5980,1105,5971,5262,538,4150,8873,6247,2273,1278,150,8955,5842,3546,4755,860,2612,3926,7876,4171,4281,8014,4930,6586,3044,3382,4214,1945,4005,3145,6316,1273,1027,5531,1690,8243,4962,3788,9170,4638,3077,5912,9267,404,8148,9419,2500,1141,906,5697,4511,2097,5281,4494,1145,9536,2454,1897,5950,1668,5433,4832,2599,9650,9750,5582,402,9852,5175,3582,4578,6369,1446,9961,7986
30,50,379,1198,1889,163,2330,3640,6025,3369,8422,7991,5547,7921,380,8525,7290,8625,6162,7435,6751,6523,8671,4886,8765,4383,5031,2756,1758,2343,6912,8874,2579,3805,1210,768,8956,5152,6416,6297,622,6326,2067,7993,7689,6704,9060,6420,3183,4935,7285,654,6289,3835,5535,7675,7388,4274,6785,5206,8023,4050,6466,7800,6661,1143,6764,9268,2718,9326,9420,2557,4192,3676,3603,2313,5861,7056,8203,691,9537,1591,494,7544,1947,1615,7328,1925,9651,9751,6019,309,9853,7307,8260,4555,5978,4949,9962,7919
35,143,577,1872,3238,1096,716,1522,3989,6792,8423,7665,6183,2264,5679,8526,5179,8626,7343,8639,7755,7242,8672,3213,8766,1981,7773,783,3048,240,7179,8875,8059,3702,6428,1394,8957,5682,5004,5625,1442,5616,7667,4288,4252,3068,9061,6626,8236,606,3534,2478,7380,7084,3311,8062,7940,6195,7149,2561,9104,1286,7560,9171,7790,98,6199,9269,459,9327,9421,514,5569,612,9437,5633,7792,5109,2568,195,9538,7392,3189,9553,3901,3133,7734,7227,9652,9752,6949,2702,9854,3460,3637,2350,7818,3986,9963,9997
7095,660,3293,8176,2927,954,3141,518,3824,5453,8424,7643,5590,2952,3591,8527,6829,8627,7219,5878,6537,2254,8002,997,8767,2266,1263,3224,4774,430,4502,8876,5244,2800,4185,1650,8958,4876,4165,5695,211,6490,1786,8004,6123,2919,9062,3651,4847,2232,5052,2651,5457,4621,4138,6501,5299,547,3255,3039,7122,2669,2884,9172,5764,3455,4375,9270,696,6695,9422,1950,2278,1283,5687,4341,1191,5826,4923,539,9539,2185,1355,6069,1071,3958,5777,1285,9653,9753,2049,300,9855,2256,6959,1913,4991,6089,9964,7793
6535,2279,3952,8328,1697,1845,1151,938,5665,4605,8425,5867,3194,1192,1073,8528,7120,8628,6133,6870,7557,4209,8673,2358,8768,2112,6172,1686,242,93,2870,8877,2925,4763,3503,190,7324,2609,3479,4904,3868,7185,3959,6257,4586,3810,9063,4731,7268,4540,2428,3553,5607,4155,3783,6040,4184,2292,2746,1094,9105,1935,3712,8078,2785,428,5710,9271,399,5598,9423,1410,4203,1532,5902,1942,4435,3070,5053,187,9540,6349,2770,7567,3190,4719,6650,5959,9654,9754,6642,496,9856,4653,7257,4938,5029,5298,9965,8080
19,12,5,7,17,26,44,307,1585,4896,8426,7966,8100,7863,6946,8529,6286,8629,7648,7737,8000,6566,8674,5659,8769,7827,7987,8782,6820,4234,7763,8878,8888,7194,7615,3381,8959,7401,6164,7305,4841,8043,7816,8985,8044,7559,9064,7239,8061,4795,8134,7148,7587,5626,7439,7357,7923,3464,6189,5105,9106,9110,7696,9173,6399,6787,7397,9272,3891,9328,9424,4932,4018,6149,7009,7825,4843,7860,9449,5651,9541,6254,5424,7936,3207,7663,7975,8026,9655,9755,7685,1240,9857,8071,8099,7730,7985,7721,9966,9998
2552,1595,4709,8329,4098,106,1798,1515,4317,3797,8427,8209,4361,4584,298,8530,7192,8630,6184,6478,6580,7063,8158,1653,8770,2831,5926,5738,4641,2491,7476,8879,6556,4686,1765,797,8960,4797,6461,7335,386,6599,3193,3186,6567,3734,7844,5313,4723,4102,7044,301,7165,1963,2416,6983,6997,3749,7054,2920,4660,3548,3793,6613,6932,103,5468,9273,1158,9329,9425,2810,2778,1523,1884,2429,858,6964,7225,174,9542,2388,1153,6797,4756,2476,3513,7306,9656,9756,4685,119,9858,3704,7563,3580,4825,5271,9967,8074
5773,4205,1905,8330,3284,638,2257,2212,3356,6518,8428,5524,3422,4307,439,8531,1033,8631,4533,2555,6215,6795,7952,3493,8771,4678,886,5559,3462,1447,5188,8880,5572,3408,1623,152,8961,4771,3047,3310,947,5264,4352,6884,5280,3227,8235,4093,6357,1408,2285,989,2736,3722,2538,4061,4869,2628,4174,3951,4529,5662,4051,9174,2170,1064,4571,9274,831,8070,9426,1896,3327,2841,1545,1987,5027,6352,6384,676,9543,5793,1367,4682,2040,1319,1487,5064,9657,9757,1239,1425,9859,6443,2109,3726,3760,4954,9968,7965
6084,1642,1844,8331,409,1137,2907,1542,2010,2872,8429,6869,5204,3055,2062,8532,1488,8632,3457,815,7026,3828,7900,2583,8772,2159,4617,5365,3413,1444,6835,8881,6028,4302,3298,258,8962,3265,2890,4065,1489,5009,2869,6974,2513,1837,9065,4714,3626,1955,6347,687,3416,4123,2073,5289,5224,724,2957,6558,5258,5265,3007,8069,5865,1233,4495,9275,1526,8047,9427,2448,5360,3304,4600,2969,2457,6141,6734,1177,9544,3242,804,1443,2738,3392,4013,4327,9658,9758,1707,434,9860,3642,7162,2533,3944,4117,9969,7061
3167,2187,3100,8332,2565,395,2573,2487,4257,5728,8430,6365,2396,3466,3445,8533,5292,8633,4371,3433,5944,6407,8675,1699,8773,1298,6126,3309,4942,719,6481,8882,694,2584,1871,505,8963,1481,4792,2833,1106,5576,4929,2944,6816,2666,9066,2315,5501,2804,3023,294,6568,2600,3706,3209,1793,2750,5532,5911,8163,2816,3098,8248,6344,417,6348,9276,2459,7910,9428,2386,3131,2716,5632,4170,3300,6778,5955,334,9545,5708,1254,4420,1226,735,3155,1880,9659,9759,2977,853,9861,6008,7609,4700,4689,3191,9970,8155
4322,2479,4222,7979,2857,1505,2477,717,1468,3905,8431,7321,2138,1796,3941,8534,1093,8634,4634,4902,5306,5351,8159,3736,8774,4483,5320,3192,1302,1480,3198,8883,5905,1637,2004,720,8964,2627,2905,4092,1311,4558,3972,7887,6592,1005,9067,4056,2711,1954,3286,3396,5035,3608,3324,4865,4347,2815,4398,4980,7757,764,4140,9175,5686,2939,1746,9277,1086,8202,9429,750,4367,891,1848,3887,3529,5908,5006,588,9546,2974,2125,5409,394,3845,5041,2918,9660,9760,824,1200,9862,3003,6044,3438,5451,2401,9971,7163
27,48,260,965,2328,69,980,748,7422,6909,8432,8119,6966,5463,1550,8535,4564,8635,7090,8102,6328,7813,8105,3355,8775,4701,8042,7614,5700,1031,7866,8884,2009,6163,6315,3883,8965,5032,7570,7266,6657,6894,7147,8986,8988,7750,9068,2743,8192,1726,6496,567,7027,4373,6982,4919,7635,543,4632,1115,9107,6905,7669,9176,6227,1279,5044,9278,308,9330,9430,4148,3628,599,8009,6006,1065,3707,7536,2298,9547,1250,2282,4016,4070,5234,7950,7839,9661,9761,2774,121,9863,7478,4164,6663,7612,7581,9972,9999
3387,1698,3755,8333,4572,79,1262,1760,4781,6317,8433,7946,5474,6637,449,8536,5680,8636,7520,4862,6071,919,8184,1120,8776,4465,6916,4585,2776,2172,7409,8885,6510,2874,534,678,8966,4528,6685,4969,339,7205,4340,3795,5331,5922,7982,3665,7789,4190,6748,397,6378,3095,2784,6061,6896,3482,7271,3969,5446,4236,3992,8065,6271,1779,7086,9279,1269,9331,9431,2838,653,2699,3431,2063,882,6723,7903,111,9548,1284,1403,7523,2850,1664,6146,7377,9662,9762,5384,96,9864,6168,5146,4924,4377,6370,9973,10000
