0.00397830049852836	0.00250889511093633
0.00084070472221934	0.000703565900155046
0.425597734001015	0.215214332722358
0.00485668519650949	0.0134979649487492
-0.00168255071554142	0.0436983906783291
0.376516955587133	0.167665876019318
0.247822716279156	0.141476111342603
0.243848256629062	-0.0290585112967275
0.0110531695555392	0.000671573197954272
0.425891333594122	0.144477412518892
0.391107136123901	0.227405324914559
0.000171283787734989	0.000347736621897174
0.42838408548807	0.187031054405032
0.430585949782393	0.0586678876510998
0.416967568493142	0.22954990910103
0.38831949604661	0.162626011819014
0.345403494576298	0.18198102635224
0.406793367060035	0.230122015269912
0.425002924588339	0.152618300957221
0.27485677327097	0.20549643123393
0.317509498237746	0.200868590611915
0.429563207797275	0.160655456770659
0.429776981023243	0.105827473682054
-0.0188239426328979	0.110498375772105
0.0114989060157672	0.0137596587992781
0.126789917694147	0.0131140045525883
0.40822840647567	0.203341771470172
0.288091497136368	-0.0969713539591139
0.110127384444161	0.087954998395881
0.415811180416078	0.116957932958801
0.0870535781429648	0.00341266700227817
0.406549646947571	0.124004585480788
0.0889850783901045	0.0661972542658352
0.378308943231095	0.224081741643375
0.420402797800248	0.209649158131727
0.391004289909952	0.226335085840794
0.204235029601374	0.111591932254888
0.34211207557684	0.184762984820903
0.250600379878481	0.106356542041938
0.020415809330805	0.0300086423759742
0.0184211947319327	0.00376796043539344
0.394238364292107	0.267133788750622
0.0032495140710926	0.0322483671540697
0.130842563055762	0.00963547846417702
-0.00869702107164089	0.256333419261312
0.222415043904147	0.166866985713815
0.136264387992624	0.0864088774735163
0.00478690887446364	0.000187253863683613
0.353123636216962	0.229773911849458
0.422840158914584	0.186894746364491
0.0900422409649217	0.311006322236521
0.013111761230114	0.0668467421461471
0.438221968227412	0.155429848420378
0.50923279602572	-0.197630924273057
0.272894258228599	0.234826151014065
-0.00631996369932077	0.0406503857631087
0.390465559228684	0.223221944675492
0.409092267120458	0.217898065557629
0.339253565834696	0.135750061934493
0.401434671840655	0.220053692827615
0.397658853473213	0.240055991604258
0.2835790686782	0.185268366432505
0.015852543765114	0.0274309609383574
0.166980444986002	0.0633543703410535
0.416855725498506	0.221408856690498
0.393537866740135	0.164493677146131
0.415092750956562	0.143703451312046
0.421195976025358	0.226503034946693
0.361446354436043	0.232022986246924
0.228989198007256	0.0968042673198563
0.41786065372241	0.215830479239434
0.022308419769504	0.00465129127815841
0.300290432373595	0.191181477637404
0.310073160335744	0.171380725508641
0.309862496812525	0.154063939083968
0.0427751996032472	0.0281718730981673
0.438552175278705	0.0941179783769769
0.0134582713124975	0.0485269935162615
0.257130383195491	0.227725670506191
0.22051485374851	0.053115436024646
-0.00680363215001964	0.285834004384876
0.323654023197736	0.124064767622294
0.41689325398736	0.219407076602771
0.108771235126691	0.043203418254128
0.240613383027556	0.0391846295002616
0.142359320607632	-0.0183351678229622
0.169625521769469	0.0174696355799774
0.17936347884046	0.0837339793726869
0.368355116783299	0.131808186194126
0.1137032987239	0.0983256542029966
0.0413319044164707	0.0881166880712126
0.198737574810952	0.11188919537702
0.426853434710793	0.21465987070822
0.216355695613677	0.11600592363528
0.178994463882959	0.116505450564386
0.399014846133392	0.236803942534954
0.00516003094162534	0.1334237304714
0.062919538120094	0.0775477838001217
0.0767469841260192	0.113886202186352
0.167565699250137	0.035502410683679
