1.88216126737363	-1.69352950861083
0.0554803071404986	0.0534402539904048
2.75042736676871	-2.19217493459893
1.30127723202794	-1.00446074864667
0.911081464858225	-0.724501617585682
1.76070047529473	-1.33200863035549
0.679128365667426	-0.628638994618522
0.851092756151583	-0.562760790877422
1.59179882277671	-1.39047683667281
2.21181178568531	-1.81176545582302
2.02628453832703	-1.62934181381252
1.94645464111805	-1.55814934057171
1.80694830094201	-1.43549458561487
1.58358888043622	-1.25159734998216
1.47935298236223	-1.1820175949238
0.353036880979184	-0.290506949007417
1.98692478397137	-1.56313034672888
1.33242912568643	-0.965217881980313
2.87593139256846	-2.57174785292585
0.818052875380822	-0.593547504284387
2.43959628300072	-1.95670847158137
2.86169284420389	-2.43629782503864
2.78650631706404	-2.27717140230103
1.79870106764013	-1.50639668739182
1.40982212058748	-1.08928505572126
1.67679344462404	-1.31441244770767
1.27371037372003	-0.950433456368816
2.79038886420404	-2.23143502793978
2.74557408899554	-2.27511490151698
1.39929207012291	-1.05682237462713
0.892153688919247	-0.696487573111225
0.182135160742895	-0.157673578013351
0.640344624809719	-0.484116898525113
0.283209246466731	-0.125558227125088
0.0244945623010445	-0.0179641021872623
1.32924006420677	-1.09619409896035
0.650633195310751	-0.394611243690861
0.38403611246768	-0.149877908468097
2.29859686141007	-1.85480503924565
2.11640162926345	-1.83918353772108
2.74144823743683	-2.19527851355751
2.87053867309916	-2.41774017091647
1.11346966803979	-0.877189371564071
0.280139479057329	-0.234884769101302
1.49920315301989	-1.12421512533239
1.93719237948506	-1.47843977786404
2.79796180199325	-2.28505419176969
0.3170262705889	-0.250384540382201
1.07667803070118	-0.850713917197561
1.61435121665368	-1.26112918733575
2.11342926044728	-1.64416112854047
1.8084348017102	-1.47040661816808
2.83398751594271	-2.50912296848445
2.84931615525994	-2.38783473953232
0.29363273396841	-0.187050323026856
2.60768678586893	-2.25109565580131
2.47424228852092	-2.14746865386292
2.43902031727085	-1.93950269819669
1.49344894664511	-1.21843532464305
0.605336652285899	-0.477507185291901
0.28860432986175	-0.248324134895455
0.893263190157951	-0.756449463661217
2.68191253422747	-2.13075479932325
0.416120529168138	-0.344870799841109
2.80218327292151	-2.32935640550944
2.05947557582399	-1.55080440427896
2.71220329147187	-2.15900498424896
2.47522587706484	-2.04166565951895
2.83825776192284	-2.42755632290027
2.85512384515265	-2.31581563190904
0.185380891255076	-0.153934302504181
0.684876058097127	-0.598218054583067
2.89362676114962	-2.44363110882584
2.83290947524448	-2.41321791380459
0.494944335427616	-0.300454633378
2.72445111814762	-2.18851240903579
2.64176553781951	-2.1011604832031
0.0926641743254249	-0.0830468675398624
2.90537948057903	-2.46909575354381
0.917538517262499	-0.748277280495231
2.80897930306698	-2.28258489112906
0.00327220694114828	0.013661608245917
1.95504265527897	-1.69855953233943
2.77582286790902	-2.24309355117291
0.0498268882896362	0.0377594328575255
0.713385113770262	-0.548957635180905
1.31081814914308	-1.00787437067611
1.45166181414592	-1.26880922216681
1.84653483979653	-1.30765298887202
0.450374314858782	-0.321717851605357
1.90654345347906	-1.44846484917523
2.8975979875637	-2.59896340051046
0.16522980320746	-0.105218667054852
0.119965609716855	-0.0999296776140946
0.00581615750759768	0.241224775318163
2.89335766499563	-2.55233148397475
2.84050474003177	-2.38054192055962
0.359736763725326	-0.115679025534042
2.56940911997121	-2.0779047298548
0.960304881767127	-0.816527166212199
