-2.02258939846691	2.01995645609582
-2.72921454985036	2.77737396178124
-5.29185415820901	5.41989314370413
-3.71719397953954	3.77091377712675
-6.11072800260566	6.2617967137074
-0.303089418396205	0.317915022927088
-4.49006715573318	4.8627639956765
-3.74897367951152	3.86083621401852
-0.739151615513176	0.732936939028923
-3.95439323581714	4.08050144973246
-0.19046036415627	0.192139100060403
-2.48552432125892	2.6105835619961
-0.197717670384691	0.216782435791221
-0.180031179111555	0.190002239713239
-0.114094348659087	0.114218934543141
-1.93756153028624	2.0016023819596
-3.67620814002331	3.79025955035561
-4.88285394961269	5.09494691187321
-0.557749998413083	0.571714178858191
-0.0592116840483018	0.0606799255155693
-3.07195522477031	2.92576136078402
-3.43497958823894	3.3702649255323
-1.59559046740903	1.6014304601162
-1.96613783366507	1.93813121563092
-1.11218553391729	1.12682154114212
-6.13423756391123	6.3287784346963
-4.87604871515177	5.01580148472979
-2.98389714706546	3.06151910694444
-2.15816596619635	2.20573264087173
-4.54005199614144	4.67613642389895
-1.98720568579925	2.06257352013631
-0.166719894179951	0.170135321359666
-1.5583856969253	1.62035098278403
-1.03021227738181	1.05783241500323
-5.97093061468138	6.2016886051704
-5.43540614217399	5.59562355190868
-5.27933347429331	5.54095536239833
-0.793585357308886	0.808886327398851
-1.80342480484455	1.81652648924928
-5.78001992927418	5.96899609202482
-1.64286258375765	1.63301315505362
-5.00036376388623	5.23296173991792
-5.46817810364808	5.65916707642306
-4.35980722389307	4.55553793449895
-5.88916915762224	6.07024668169023
-4.25234193025058	4.45040790652242
-5.11721462769042	5.35666864096633
-4.52548560866069	4.76619308838903
-3.23626943197238	3.38435072447953
-2.43394271857702	2.44590251910563
-4.56761445713696	4.82432106829732
-5.30693529520868	5.57121118536327
-2.70094609490165	2.9374021668646
-1.96114134893718	2.03045599421787
-5.74875754643195	5.86733611149028
-4.32431910881992	4.33243267216005
-4.07600314959578	4.04858194429681
-3.19106287830875	3.19555044004006
-0.873282831453948	0.902462419729097
-1.7493599349377	1.88060882856492
-0.674043737660301	0.674337442287836
-2.38807777076598	2.47227956287322
-5.94797223169514	6.14737195228513
-3.96887401558111	4.17313122876875
-3.89120710082056	4.04827695711051
-3.51321977082326	3.55681286067531
-3.34613297005534	3.43802173201641
-4.13921839639167	4.25002452485814
-4.87391035528908	4.99466832467141
-0.132736659969078	0.140250845539552
-1.57704900833722	1.607185070903
-0.440345903404306	0.414810127002307
-0.514580231918006	0.516694105844858
-1.18127423029685	1.14503089621901
-4.00325386186776	4.08515191635156
-5.56229960655193	5.81046318455749
-1.14802884556896	1.1149616502897
-0.829823068909086	0.871540621855732
-1.30381469652502	1.35083788262219
-0.238791337983801	0.243980190163062
-3.84084524050422	3.99764568413129
-1.33950858135479	1.35632662961379
-5.34874570481774	5.54276427548712
-2.48094144286111	2.50853449841694
-5.18387237417951	5.38683327285004
-1.85788996401024	1.91860864047346
-1.05597769243065	1.09380856725996
-1.97881501716605	1.97602477684252
-1.88076997522049	1.82962555786155
-5.21620876569519	5.42846459560178
-5.05446001321852	5.25744157845288
-3.77303644202462	3.95288325705342
-5.04477085877251	5.25232995298138
-3.69205046180796	3.86068047977822
-4.22112245191831	4.40779137625195
-4.30635252322657	4.48841078448972
-2.85018117080382	2.89167147990428
-5.20161344806745	5.36756441882603
-4.58878393423457	4.81633597030508
-6.08410134999663	6.27697484420479
