-11.9606817380353	12.1812971927582
-3.48604199333702	3.51438625427959
-2.50499550347349	2.52631995436651
-4.87750656626618	4.79688641092423
-7.62470389846355	7.70511987976951
-15.9835370551161	16.1653988495008
-10.5010146574162	10.593114997448
-4.18041284599253	4.14442061959895
-11.5371637573045	11.7063229312548
-6.52556916913284	6.57355796139828
-13.043741655128	13.1983985102349
-18.3357348673475	18.5772866103106
-10.8863691000284	10.9935328930159
-8.51115726924684	8.50171024329052
-13.1809700968757	13.3977845797982
-21.5712624112951	21.8175448204077
-2.27881131409566	2.32796031969819
-16.9965095448241	17.2472123923223
-14.3752036338551	14.4611964614661
-18.0709974230836	18.4161544758138
-6.12438633582105	6.06008754694691
-13.9852732582227	14.1268013926765
-9.13258685719117	9.14375155424674
-13.6692610607991	13.7982913458574
-7.57059628169491	7.72542342156874
-4.76439241458939	4.80773205228361
-14.3495420309235	14.3880170724177
-6.35631536450987	6.48544657379801
-8.45228971619501	8.60423886716805
-18.0211157099785	18.175620630682
-12.0179562794598	12.0817583632761
-19.8793666193111	20.1866419149638
-15.475498995295	15.5699383793931
-17.7214277957433	17.9188469809361
-19.6316670318153	19.9155402606868
-8.12061556520914	8.18974855460213
-18.2476163438689	18.3998165934957
-18.073763387912	18.4003390704517
-12.1692528452278	12.3400347899282
-14.9636232447021	15.1179808054145
-9.06504776153563	9.10700643631227
-17.6932100651996	17.8943928423911
-13.8198756219084	14.0183774570416
-15.8767970741232	16.1719330191915
-12.6101872128949	12.8486273958149
-6.98339319433442	6.90472974696628
-10.6707443571342	10.8156164733232
-4.28899298224023	4.22570680539918
-15.0286913756436	15.3250486467589
-9.97200938780611	10.0453040231518
-20.9257287213593	21.1819155348704
-8.36764024438489	8.5084921166664
-2.94206615169215	2.9923258984004
-16.5131384984483	16.5325108696692
-8.44827610385289	8.59838612021163
-11.2165455091727	11.2060637485588
-6.83196899234783	6.9931181494912
-0.489838262257165	0.486371590072265
-11.9992493504171	12.0414530822744
-8.41870428827278	8.40797472798747
-7.8070384440271	7.94001348978562
-11.3902904597427	11.6550396958209
-17.602504992149	17.8686439246325
-16.7088287692297	16.8941375897382
-4.25495838665829	4.35792585043212
-18.5541993039772	18.7694522736594
-9.05086296163026	9.22017901234855
-14.7804166859836	14.9740113511966
-13.5431875387742	13.6461782901292
-10.4093852437973	10.4825194740453
-12.5431596487909	12.5829446934524
-13.8399214204728	13.8556176796283
-17.2916422380555	17.4897589147759
-2.58930502872232	2.61521612573337
-10.590172914524	10.6095072884927
-19.5751489978796	19.7642559317738
-1.98512607553856	2.02676794409794
-7.547416568648	7.73716824829061
-5.32750432169288	5.50428536982276
-21.3517508531243	21.5927995790747
-5.83677277620212	5.91554835145983
-9.37707035168671	9.59532156208283
-4.57537306919503	4.5269841148262
-10.7956292559114	10.8285012192213
-18.9488048197449	19.249212591174
-21.4206423865569	21.6667999611454
-7.0653490498634	7.13719295258154
-7.1543288545627	7.28930740966881
-16.4313721687206	16.5203689691054
-7.73831904287741	7.61551097693165
-20.4479331513945	20.7644214072956
-17.9506426373101	18.2159532540618
-19.2309798418715	19.4524862090647
-17.9215147618385	18.1864657877983
-9.51970135381964	9.70151820472534
-15.2796480269846	15.6052960929079
-20.9917432516078	21.2529531159866
-3.43710227880993	3.45701238517445
-17.6202697126424	17.9052831442864
-19.5209260532132	19.8188636928449
