5,3,8,7,13,18,204,1456,4281,6679,5019,9031,5879,4320,9065,4548,8189,4625,4557,3087,9066,2731,2452,9068,9070,9130,9140,9141,9143,8135,9205,8469,9238,7592,7828,4468,8552,6862,7166,9243,9340,6433,9440,9451,9475,8369,9479,9486,4607,4983,8584,9501,5097,6146,9503,9505,6606,7046,7593,4889,2076,8527,9607,9707,1094,7139,5659,3192,1668,8561,8740,9710,7246,8662,5117,9811,6037,9896,7451,8664,9908,7919,7854,9911,5155,8531,9921,9935,9942,9944,9966,7805,6544,7684,9969,4512,9972,459,9993,2835
1798,3420,1919,2951,8387,6268,5573,5319,8967,8599,6095,9032,4368,2874,7534,2674,8517,3164,796,6461,9067,219,176,1421,9071,8019,8545,6521,9144,3737,9206,8367,75,4357,6735,3562,821,2398,2653,9244,9341,7926,7069,8654,3006,7656,8314,6242,6264,1239,613,1642,3013,3697,7260,9506,1852,6823,8459,7021,7580,7861,9608,8509,724,1826,5945,323,7290,8121,5031,9711,7853,3493,7423,9812,331,2512,1978,9900,2582,6538,7718,9912,1442,3869,1536,9936,5105,4182,303,2014,5390,1341,432,4088,9973,1916,6866,5998
8761,8853,640,8310,5764,3621,2082,1890,8968,4486,3416,9033,4137,738,4231,2799,1132,2499,1148,3071,4472,1365,698,2273,9072,7477,4224,1223,9145,371,8145,2925,3968,4097,3134,4959,2108,5223,1603,9245,9342,2366,7552,8021,3226,5969,4829,6033,3241,2334,1403,2174,1553,318,6492,9507,4767,1857,5700,4075,3018,5498,9609,3507,2601,2406,1555,2908,5030,1598,4374,9712,4854,2166,6324,9813,2761,8139,1573,6794,4676,1651,5360,8012,2909,5183,5108,7064,4810,8041,4386,3753,2365,1755,5595,3001,7764,1556,7185,1131
8762,8854,3268,6640,3101,2867,2325,392,8691,7395,6885,7954,614,3064,6955,2557,6350,7737,1558,8388,2956,3862,77,679,5109,8544,6519,6728,9146,224,4791,7948,415,1754,4106,3057,1128,6894,468,9246,9343,3718,4661,9452,7810,1650,8508,9487,4516,29,5524,5003,5519,5750,8421,9508,4805,1210,4396,7594,98,4715,9610,1793,3896,5065,7716,3781,3055,6402,7022,9713,1276,5895,5679,9814,3521,4326,1530,8665,396,3204,7971,6489,4880,5956,7342,6225,6430,9945,7154,5058,6437,1304,5307,5769,5443,782,7416,7295
8763,8855,4299,6725,3731,986,3073,4186,8969,5934,7904,2154,157,2547,7818,4527,6414,4242,3300,1723,5620,4614,119,1942,5294,3884,5758,7504,9147,33,6262,3223,1756,3225,3515,3597,5759,8724,2117,9247,9344,3565,6821,8727,5888,3350,8472,8126,3485,400,1419,838,3170,5462,7839,9509,3065,5099,7671,6445,439,4094,9611,578,3691,6543,3513,2996,829,4650,7338,9714,1473,2728,8291,9815,2319,3449,1173,7814,562,4814,6558,5121,4477,5843,9922,8385,7572,8589,8441,692,7202,764,3474,6274,6312,2689,2945,6119
8764,8856,5010,2910,7835,2883,2011,1611,8162,2109,1072,7905,5947,4240,5777,2937,5308,7268,853,1408,2856,1501,387,2795,9073,7159,5225,4445,9148,1180,4081,5139,4588,3908,4856,6183,5242,5449,232,9248,9345,2780,5803,9453,3237,4410,6877,6041,1017,1993,1991,2591,4191,4082,6096,9510,2997,922,4734,7796,104,2869,9612,6622,1499,6118,7037,2985,1016,2191,8618,9715,2483,6924,7918,9816,963,4476,1784,2525,3566,5818,5328,8427,1935,8247,8512,5611,1696,8160,7638,6701,8034,1096,2610,7652,7482,158,1042,5208
8765,8857,6745,3616,8202,783,4003,5725,8970,6046,6988,7350,1607,5438,5112,3299,4273,5740,3886,636,6820,3104,480,1288,9074,5913,5195,3122,9149,4355,7080,1901,193,297,6522,6208,256,4023,4243,9249,9346,2015,8197,8504,5392,1090,2045,3874,2264,3749,2107,5788,1640,2469,3329,9511,7411,3612,2169,6763,487,5446,9613,4452,3296,5502,6089,3560,628,6891,5116,9716,1600,1115,4495,9817,3876,2934,4507,4759,6141,4464,6092,6044,4039,7676,7677,3604,6552,8244,743,856,8027,2806,364,4587,8591,1478,6431,5798
8766,8858,3390,907,3187,2361,4285,108,7938,3913,7939,9034,3098,277,7123,4025,8300,4223,2231,6752,4022,4928,1839,304,5458,8638,1381,6190,8708,1727,9207,2906,2743,2424,6798,7469,4519,8268,2435,9250,9347,7252,8058,8505,6255,7346,6297,8736,2901,1263,93,6427,1238,990,8093,9512,7353,500,6694,7673,741,7373,9614,5485,381,1156,7455,2953,6147,7567,5591,9717,2954,3721,5245,9818,646,1434,4651,8096,3603,3855,3135,4641,2254,7043,7501,7822,7086,8590,4921,621,4421,6626,1580,7783,6083,4331,9994,599
8767,8859,8043,6063,6367,3861,5738,3796,6746,5828,2032,8696,3401,4002,8500,310,2522,6670,696,7344,727,1707,483,3262,9075,6808,2974,6160,9150,1974,4745,4973,1621,6675,3212,7309,800,3117,950,9251,9348,4550,8180,8614,4656,3664,2532,8157,4733,2920,4034,3372,3246,4392,8585,9513,4952,1946,6935,7014,80,3161,9615,1541,2555,590,5636,763,2893,7274,5075,9718,1910,1483,6273,9819,4434,1240,3912,2783,584,5604,7170,8293,731,5083,9923,2104,6250,5070,7209,1195,6104,2688,2501,4389,3681,1491,9995,5436
8768,8860,5256,6706,5383,2439,4836,4807,8971,1899,4824,5939,2056,1038,4055,2250,3569,4132,2336,3652,2003,2583,2607,1126,7094,5506,1834,5387,9151,1787,9208,2993,5597,1585,1661,3099,2694,5972,424,9252,9349,5753,4562,8382,591,7205,6074,8658,5801,851,1537,1873,2967,4283,3236,9514,4474,1162,2903,6756,2208,7073,9616,4029,3439,3194,2975,301,1679,3853,6632,9719,756,3216,5359,9820,2662,4818,1884,4330,1664,685,3115,7264,2354,3790,6979,7292,2024,9946,3077,3883,3897,2302,7327,4095,6144,1181,6712,3696
8769,8861,3871,5382,7027,4090,4021,5202,8578,7034,3478,8231,4099,1480,5481,342,3379,6240,2651,2492,2138,2048,878,5278,8432,8070,3472,3037,9152,3118,5507,3817,332,1237,1430,2703,777,6381,949,9253,9350,5910,7129,6895,4798,6199,7124,6436,3830,2200,1968,1071,3955,1217,6736,9515,4799,3803,7269,4533,3704,5412,9617,1878,1169,2289,3326,875,4316,6566,5984,9720,4234,1057,6334,9821,5049,3951,5144,5864,539,5148,3910,5652,308,7091,5694,6398,5101,8122,5033,291,3717,3757,912,6358,2947,1041,9996,4848
8770,8862,8230,2592,3239,2375,3228,2816,8972,1060,7885,847,2733,633,6751,3111,5022,8542,2719,1321,4700,5944,739,328,6946,4304,3764,3953,9153,520,8079,6107,669,5381,7496,4845,3041,6184,6281,9254,9351,6212,8136,8262,5704,5900,915,6731,1542,117,1289,6419,6136,2827,4580,9516,4102,1730,4652,6996,3011,5425,9618,1613,2672,7779,8265,2422,1776,4294,7048,9721,1028,4529,6985,9822,4038,859,2214,8587,2386,4591,7207,5876,3415,4711,7025,8484,3010,8536,4874,938,8042,1937,5564,4720,7249,132,4457,2051
8771,8863,7700,1058,565,5999,4011,2942,8973,784,4189,8634,456,41,3957,4254,7135,7298,2769,7361,7158,3662,441,414,1331,8605,4549,7340,9154,238,7993,6161,2543,6029,3529,7382,2631,6922,412,9255,9352,3694,4276,8506,6426,6968,7790,8737,3123,527,3088,2998,3400,6106,7490,9517,1861,2275,7282,6416,930,7581,9619,1192,3634,4428,5824,2177,1524,4284,4981,9722,5724,2752,5042,9823,3029,831,457,8240,3298,4998,6624,7434,2450,4901,8243,8256,7720,8439,2451,6020,6758,4706,5866,6944,8681,2882,6577,904
8772,8864,7016,5317,2193,3343,7988,2646,8974,3461,7122,8579,1460,881,5176,4465,6635,3495,3218,745,6741,4004,250,558,6391,7725,7095,7611,8397,99,6079,3964,91,956,5006,6730,5233,5243,1146,9256,9353,6470,5518,8434,3990,4391,2233,6270,5954,1527,4803,4833,3306,1467,7769,9518,2411,5468,7389,5357,190,7163,9620,1066,3448,6200,6194,1212,406,2062,6562,9723,3227,4158,7682,9824,1896,3307,833,8406,2330,3114,7255,8032,3891,2029,9924,7744,5618,8570,8756,1032,6939,1166,3421,6603,9974,2338,3958,4777
8773,8865,6438,6067,8596,469,5912,6188,7599,2913,6871,9035,3998,5596,677,2113,8055,2786,1544,1070,7518,1824,1507,2085,9076,5662,5698,4108,9155,3732,9209,4458,501,7251,4964,6394,2427,7488,7419,9257,9354,7242,6162,5613,5734,7505,6906,7768,6958,2326,573,7916,3705,3793,4101,9519,7142,2309,8119,6277,572,7778,9621,6363,451,5949,4057,4312,498,2516,6191,9724,3903,2420,6991,9825,3024,7902,5170,7801,4997,454,7039,8278,2234,3542,8622,8224,7040,7650,2099,30,5499,131,71,5523,8757,35,8002,4187
8774,8866,8066,2860,6642,1305,6094,5077,6913,8076,6182,8376,5246,3941,3522,4431,7360,7051,714,452,8103,1144,265,697,9077,7977,7339,5079,9156,363,5335,7888,1827,2156,7873,8195,6223,8260,404,9258,9355,4578,8611,9454,5633,8137,8403,5974,4403,717,2305,2994,2036,914,7680,9520,3429,189,5862,7057,276,6024,9622,6580,2294,7657,6647,5692,639,2808,8424,9725,2385,5192,3943,9826,1531,806,4770,9901,7023,6524,7831,8667,6177,7348,8513,6385,7985,8486,7229,2859,8063,1002,797,8249,6893,361,1272,737
8775,8867,7910,3949,6228,937,5822,3945,8443,6536,1948,6833,5293,4030,4613,5874,7288,7703,2304,1112,8068,953,79,314,9078,7620,6393,2195,9157,505,4322,4584,3146,2476,8214,7089,5869,8046,574,9259,9356,7849,7546,9455,2849,5312,7739,8036,2489,225,1376,4214,1592,1771,7491,9521,4301,808,3411,6069,622,1802,9623,4643,523,8048,7877,5925,817,3190,7223,9726,2474,3559,8528,8530,4860,830,3683,8426,4120,6390,7570,7719,5386,7972,9925,7111,5306,8227,7892,2739,7922,1161,1509,7893,8592,271,3441,1013
8776,8868,5297,4936,7894,2215,3214,5827,8692,3413,3198,9036,1373,1451,4871,1089,4938,1769,3107,5625,7149,2061,1614,2878,9079,7462,5123,6528,7753,509,9210,3997,1117,3778,5881,4849,4965,6887,1943,9260,9357,4808,7011,6313,3177,5046,4245,5120,2963,1710,716,3032,2781,1657,2987,9522,5197,1674,5859,4869,2111,1303,9624,620,3175,2265,3919,1867,1182,4617,4608,9727,1168,1510,2217,9827,3082,4907,2714,3684,1995,4627,5127,8013,1988,3126,4637,2097,2886,7637,5996,1075,2352,5231,537,5286,7560,1141,5987,2865
8777,8869,7784,7377,7987,546,5835,5770,7746,6832,7279,9037,2861,5444,2356,1703,5645,5778,221,828,5642,5459,2337,2423,9080,7195,5811,6644,9158,1680,9211,5534,44,890,4498,4343,933,7068,1323,9261,9358,7809,8323,8399,6653,7694,6512,6293,6186,2201,1711,5173,1644,980,7182,9523,5508,1498,7527,7187,770,5990,9625,1361,3325,1891,3276,2318,895,7321,6970,9728,1688,4195,2209,9828,3760,3340,5560,8219,5263,6082,6648,7842,1427,8184,8750,5782,6411,9947,4660,372,6215,873,86,7087,5059,184,4654,6399
8778,8870,8364,8945,8346,4177,1462,7507,8975,3693,1953,9038,3158,1751,5156,1266,6819,6011,1975,4310,8518,1008,345,5151,9081,6920,7231,8333,9159,1471,9212,7386,701,2986,5621,5250,730,6817,2542,9262,9359,6846,5718,7850,1496,7045,7695,6989,426,357,740,813,2096,2560,7056,9524,2537,6708,8047,3936,3502,4179,9626,6075,286,2363,8474,5590,4840,3588,2413,9729,2339,3095,7969,9829,153,4225,1804,8666,6488,1243,2410,7933,5540,8038,9926,8485,6504,5032,530,864,1045,7623,1375,4999,9975,3030,9997,7473
8779,8871,2236,1722,6343,4197,1197,5400,8693,5742,606,8600,3482,173,2552,3929,4282,2899,1706,4525,2675,2502,2300,442,6129,5482,4176,2742,8581,1962,8717,3702,626,973,4879,2205,4000,5411,4811,9263,9360,2514,4986,7325,5340,5332,2737,8181,2086,661,1432,1987,2443,3469,886,9525,3763,4601,4469,5607,4631,5290,9627,3800,1949,2895,4905,2813,3060,3503,1493,9730,4540,4992,4658,9830,3795,3045,4718,6898,1407,3487,3085,6676,1904,3920,7821,5674,3490,4820,6015,5086,3231,3948,6610,2585,7102,719,4054,1347
8780,8872,6004,8539,8627,722,212,1922,8976,6539,6110,8271,5126,3016,4361,2228,7895,7774,2475,2462,4228,2478,3313,1992,9082,8414,7429,6012,9160,255,8548,4951,171,820,5583,3208,6664,6114,2983,8647,9361,6889,8554,7179,2564,7679,6163,8008,4853,175,1923,6896,4723,1382,6449,9526,7412,1933,8138,6294,929,7603,9628,6081,3453,5545,7951,857,311,2964,7262,9731,2342,4913,1277,9831,1815,1050,5993,4076,6655,3151,6986,8086,2421,7606,7582,7867,5878,8392,6884,463,7758,3397,533,3840,8758,81,1519,5752
8781,8873,7357,2313,5799,1261,7937,3494,8144,7484,7786,8272,1307,4687,3475,1589,5765,7397,2317,390,7947,6028,135,712,9083,6921,6352,7418,9161,174,8366,6781,194,3548,8286,8104,3021,8114,2551,9264,9362,7198,9441,9456,7470,8207,8156,2132,3878,1139,5605,5538,1728,2087,6591,9527,5115,641,4581,7390,721,7729,9629,1691,5004,2898,6661,6500,706,6230,5745,9732,1358,2073,4729,9832,3445,955,6709,9902,5830,4494,7604,8668,4969,7550,8623,7426,7437,9948,2738,169,7276,1327,466,8257,6801,167,2407,2172
8782,8874,3219,5608,4280,1104,2637,1120,7785,5267,4447,7409,226,2666,4877,2590,7351,4903,2382,3080,1726,3152,72,2880,5347,8378,6443,7385,9162,125,5081,6594,1062,2323,2770,3127,1950,3505,208,9265,9363,2807,4755,8615,5973,5244,6596,9488,4159,63,4616,2414,3812,5476,8199,9528,2687,2235,6802,7539,528,2561,9630,3433,3215,6285,7243,2464,3595,6999,6372,9733,2034,5177,5557,9833,3788,4295,1584,8317,149,6452,7084,7208,5206,7192,8564,5702,7376,8677,6218,5130,5492,243,4291,6076,7524,1732,2935,6485
8625,8686,5273,3492,4044,3290,5247,6604,8977,6000,5671,7446,1800,270,4713,4979,6719,7487,2671,3843,156,1227,2055,1320,6872,9131,3798,8134,9163,111,9213,6876,1264,2787,3235,6587,3720,6904,1374,9266,9364,1357,1894,8655,6540,5488,7942,8404,837,2392,4329,3741,3734,2274,5365,9529,3163,313,4919,7800,6187,911,9631,228,1436,6371,7698,772,5265,5789,4098,9734,4626,4523,8529,9834,1562,570,3553,7866,420,7802,5174,4815,2800,6502,6656,8039,5719,9949,6992,6710,7816,647,6787,6325,8228,902,8684,2877
8783,8875,8100,8687,8374,2044,1232,6611,8978,5867,2357,8697,6027,3266,4052,2938,6914,3112,2656,6496,5602,325,249,4933,9084,8348,5209,8004,8709,467,7789,7754,1343,4439,7497,4797,1314,6340,687,9267,9365,4369,4822,8556,1717,8007,2911,8352,1310,894,89,405,2472,2089,8083,9530,1546,632,6743,3609,3528,7383,9632,6472,728,8303,6969,4929,3027,2105,7214,9735,5863,7312,7554,9835,139,3066,382,8745,6122,1334,7841,8357,3148,8223,8319,8185,5813,7304,2242,3460,940,7745,7833,7078,8211,2850,6677,1550
8784,8876,4717,3471,7798,654,2620,3755,5162,5466,6178,8698,644,4116,5419,4478,4383,6569,2362,1540,6518,2251,162,1809,9085,6392,3269,2144,9164,742,9214,7151,416,3586,5936,3459,4427,6559,465,9268,9366,6234,8612,8400,6537,6048,8060,4504,5804,992,2456,6420,4752,5774,5069,9531,6855,863,3887,5672,657,5348,9633,4900,2858,1624,6090,3794,1037,6065,4435,9736,1260,4210,2724,9836,4272,4559,6925,7465,4174,3888,1637,7890,4659,7983,8565,6535,4105,9950,2063,1204,5015,1808,472,4917,4143,53,4867,1046
8785,8877,3729,8373,8455,1439,6247,6960,8979,5072,4699,3067,1979,3169,4947,627,4444,5965,2990,735,3466,4154,3455,996,9086,3989,5222,4473,9165,818,8456,2488,579,4772,6369,3535,1285,3758,5166,9269,9367,5196,8613,8216,5234,7401,5302,4279,3230,1248,2484,6848,2603,1371,4113,9532,7735,1725,6597,7402,4024,7876,9634,1765,3809,2404,2412,889,1077,6091,6551,9737,1118,2791,6839,9837,3002,1844,6609,6899,4872,4710,7024,7313,114,3498,7216,7630,4381,9951,1701,21,8111,2748,434,6870,7711,252,7250,6321
8786,8878,4142,7088,7701,3742,1606,3847,8980,3992,5276,8516,3635,815,2059,4502,6379,4422,2802,2197,3036,3048,2523,2340,9087,8283,3934,3530,4201,2495,8467,1040,2312,1535,5971,5632,909,6754,3516,9270,9368,4463,7857,6722,7400,6541,7537,9489,1764,2842,2012,4642,2353,447,3338,9533,5841,3608,3389,5439,1034,6509,9635,4062,2828,5354,1559,2271,24,2999,1928,9738,1795,4339,1635,8475,2080,4467,3837,4819,5165,3069,3787,5653,2221,5201,8514,1638,2433,8306,7076,2019,5296,2838,839,5315,8462,474,2630,734
8787,8879,6545,3211,1085,4471,7589,2965,8981,4086,6305,8699,3642,1517,6475,788,5709,4563,4089,3040,7526,4564,1539,470,6423,6284,7204,7666,9166,245,8549,6867,234,948,6861,8080,6497,4674,6388,9271,9369,7576,7819,8728,4719,2792,6689,2190,637,805,2948,6400,4490,1565,4675,9534,2050,2549,5905,7628,557,8158,9636,1864,3932,5924,6938,819,429,3365,7189,9739,3206,2152,4250,9838,2047,493,3007,8479,5650,1215,7441,8746,2457,1511,7934,7920,8015,8753,4040,353,6865,3096,7343,4207,9976,668,5038,3715
8788,8880,4145,422,2070,767,5980,3679,5732,3970,2914,4488,3232,1290,4948,945,3316,7306,3332,3462,7601,5837,883,545,8312,9132,6636,2480,9167,684,4100,7128,1563,4155,5967,5714,1326,7387,1648,9272,9370,6360,8059,6995,7915,6032,7966,8118,5838,137,2550,6259,3719,1294,4259,9535,4345,92,2955,6683,1095,4249,9637,4870,3287,6669,5095,2521,1069,1892,7375,9740,4134,1745,3698,9839,4532,1512,5138,7118,4864,6843,7407,4370,3217,7663,7945,5877,5543,8537,7555,885,4847,1761,1167,4726,3841,1416,7210,1023
8789,8881,5133,8946,7976,4460,4513,5783,8982,3872,5581,7258,3722,4059,5181,5623,1441,6168,1426,1482,8178,1322,259,1681,9088,8078,7747,6462,9168,147,9215,4019,1216,794,4232,4109,7096,6616,1219,9273,9371,6863,8349,9457,7430,2767,8238,8315,4531,401,2223,3632,1947,191,6341,9536,1447,987,7528,7960,695,7968,9638,6006,2960,6364,5299,1964,609,7038,3770,9741,1753,3669,5902,8266,1402,581,3347,4748,5933,5951,3451,7649,1999,5128,8482,2845,3324,7824,7651,2493,8452,3240,1906,6483,8172,90,2388,4298
8790,8882,1575,7653,8958,5087,744,5784,8983,7827,6159,8273,5582,1697,6298,7266,4963,8204,115,1136,8377,1671,769,6671,9089,3534,7738,7845,8607,360,8194,5643,5045,753,8234,4411,7241,4566,672,9274,9372,8092,6933,9458,5691,7369,8125,9490,7548,983,248,4407,1952,209,8031,9537,1746,5303,8661,7471,6573,6937,9639,3436,177,5857,3536,2889,172,5707,6330,9742,5228,7863,5375,7331,295,8095,6125,7500,5456,6849,6600,6149,1116,2039,7607,8014,6482,7843,3956,6460,5378,458,4489,8329,9977,20,1004,7765
8791,8883,4334,8688,8540,2785,1560,2272,8984,5180,4084,7723,2957,1497,6174,2470,6658,2095,1457,444,4347,5055,231,2611,9090,1284,7067,7686,8710,275,8642,6073,4669,3352,7145,4293,4328,7755,1705,9275,9373,6688,3890,9459,5847,7181,3174,8457,3977,4520,2779,3859,380,263,6302,9538,1969,1570,6493,5414,1135,7950,9640,761,237,5978,5991,4517,896,6278,7284,9743,5137,3359,6465,7961,2705,5772,3651,5693,4835,4253,6310,6514,1280,4313,8051,8438,5189,9952,7126,1503,7065,1293,2643,5350,9978,69,928,5053
8792,8884,2491,1445,5668,3558,3724,4940,7989,4988,3756,8029,2900,814,855,3309,2621,4211,511,4009,2437,1915,1700,4018,9091,4266,2979,4982,8640,1731,8490,2639,1762,3012,2380,2846,2797,1767,3866,9276,9374,1388,7996,8035,4398,3606,5715,8435,4572,1617,1848,4050,2143,2732,5483,9539,4910,596,7013,4068,3068,3279,9641,2650,2232,1203,586,1709,1850,3205,3602,9744,2618,4346,3589,9840,2777,2290,3789,4582,2035,3270,2058,6045,3457,5660,4924,4418,5479,7006,5368,2645,3489,3302,5814,2510,4712,1461,4677,1647
8793,8885,6567,8947,8375,1084,2211,5615,8985,2718,3585,4144,5855,2544,3593,1298,5374,2891,608,508,6807,2194,2284,5326,9092,2425,1663,5532,9169,1245,9216,5140,795,5915,3911,3254,5495,6637,4975,9277,9375,5270,8648,2715,5164,7341,5849,4579,4492,1702,1391,6811,1963,4450,2159,9540,5288,2684,6874,6668,6765,7415,9642,2347,3292,4534,3083,985,2852,1500,6158,9745,1121,1468,3202,9841,5052,6828,5950,6599,2486,1081,5110,7781,898,3564,8670,8568,2579,8248,2595,27,5806,1791,1554,4218,8308,36,5334,4544
8794,8886,6239,3172,2416,4962,5379,288,8629,7590,4491,8394,5940,1378,6459,4258,7896,6301,3622,1005,7476,1175,123,399,6660,8705,3173,7150,9170,377,7925,6529,6022,6280,7994,5747,1515,7647,779,9278,9376,6425,8235,9460,3243,7577,7115,3506,766,96,1658,2820,3677,4140,6654,9541,4758,397,7499,7036,187,6088,9643,6256,2685,7188,6774,5337,1431,4152,5678,9746,2405,6738,5289,9842,3870,659,3005,7456,6495,4351,6926,8242,3820,7741,9927,8390,6880,8361,6851,588,7134,1677,4620,7936,8411,106,2520,1103
8795,8887,6070,8330,8959,3605,4738,5574,8986,3584,7093,6527,1064,1504,5028,674,2261,7052,1205,708,2896,2071,2897,3186,9093,4096,3383,4945,9171,2902,8718,2931,888,3047,1360,4769,3752,4045,4646,9279,9377,6130,6934,6017,3310,5889,6975,6448,5537,3210,3076,5640,3468,2440,2887,9542,3247,2885,7222,7005,1174,7715,9644,4883,1036,4387,5486,2772,408,4809,3363,9747,1506,1615,4955,9843,2995,1880,6038,5946,4006,807,4703,6267,1082,5471,5230,7921,6858,6374,2894,359,6219,3222,55,5026,8453,161,2819,2393
8796,8888,4360,1452,1348,1171,2429,5981,8987,7041,7836,9039,1626,2078,5113,229,2088,7454,1908,1154,7940,5575,3267,816,8488,8639,7003,8466,9172,1400,9217,7160,180,1412,6982,8146,1091,6589,2602,9280,9378,5916,8116,7997,7858,8402,6854,5404,5285,1528,1481,4300,3450,1019,7213,9543,2876,514,7627,5464,6825,7153,9645,1418,4441,1649,5291,1855,625,2774,3885,9748,3381,1549,3678,9844,3931,455,5669,8140,1236,6236,6909,8747,3062,3434,8062,5220,5644,7935,4138,978,7141,3852,932,5547,1582,2183,6366,4812
5655,6818,2188,2001,8203,2310,658,6335,8630,5175,6368,5516,2606,2535,2778,5566,5467,6740,601,6052,1581,877,2513,5928,9094,7503,2081,4335,9173,1860,9218,2246,2303,279,1404,3473,3369,5275,6395,7450,9379,3706,7300,8420,6304,7221,6792,8583,3257,410,2980,2170,4012,3120,6487,9544,4074,2262,6630,2741,6532,4573,9646,2046,2204,3370,5161,254,6775,5922,1749,9749,1853,5394,1609,9845,1372,4736,5649,333,4433,3337,5666,7659,1669,6179,6575,7393,4653,6097,4774,3539,6718,443,2726,2839,7573,241,8065,4269
299,998,1788,3656,5118,5239,4162,6593,8694,3272,5397,9040,4721,4385,5287,2206,5682,4837,3070,1448,2916,4156,2723,6753,9095,1616,4332,3976,9174,2141,9219,6713,2907,4974,6932,6588,5088,6447,6795,9281,9380,3894,9442,9461,8557,5074,6948,240,506,4190,749,773,206,1792,6698,9545,4363,4267,6061,6244,2837,7530,9647,1485,335,2226,4895,2749,1938,5157,7117,9750,4716,6389,6108,9846,1667,5200,5522,8562,6892,3074,1545,7634,488,5442,8671,8342,3685,8307,1699,811,7481,843,7517,2661,9979,105,6516,4583
8797,8889,7358,8948,8464,4168,3185,3138,8988,4775,8102,9041,1355,1259,1349,1395,3532,7475,1865,663,4265,5221,348,5713,9096,3220,6727,7583,8608,1392,8643,3792,101,2594,5541,6809,1773,7995,5084,9282,9381,6595,9443,8729,9476,5848,4567,1099,1780,4244,3924,6060,1982,1936,7697,9546,7413,923,7319,6378,2038,7200,9648,1006,4766,3617,5963,3537,650,7082,7201,9751,665,2771,5469,9847,989,1579,5908,7658,3712,4598,7531,8097,1538,6009,8672,6800,4994,7608,2255,280,8001,976,651,7305,7483,140,3533,5178
8798,8890,6553,2682,975,3625,6026,4508,8989,3121,8044,9042,2734,2836,4727,1164,7267,6051,1352,1796,8069,6170,222,713,7964,7655,7991,8380,9175,100,8284,6729,128,809,6835,8336,3647,7055,2395,9283,9382,6410,4121,8730,7512,4178,8082,7371,1955,1018,4842,6897,2669,964,7900,9547,1102,931,4647,8167,1319,7522,9649,205,3686,6333,7681,2708,729,2943,7355,9752,2970,3282,5629,9848,3044,417,1740,8318,3189,7100,8495,9913,6918,3446,8033,8186,7709,9953,7879,1234,8130,3437,2763,6852,7184,273,2922,3863
8799,8891,7008,8949,8365,3842,2628,4184,8990,7211,7230,9043,5451,1777,4306,5631,7731,5688,1574,825,6974,3967,421,4701,9097,8706,6915,3985,8711,289,7557,6446,3484,482,7018,8005,4991,7959,939,9284,9383,4689,9444,8106,1631,6382,7498,982,1628,2298,292,1014,1268,355,6682,9548,7137,3728,7875,6513,1065,6598,9650,3119,1604,5191,7354,5237,68,1405,7689,9753,2762,7058,4350,9849,358,4538,6685,8480,6879,3776,1385,8510,2565,5145,8461,7823,4251,8428,4831,3273,4977,1189,2784,7442,8759,70,2381,6673
8800,8892,8131,7444,6973,6954,3736,2710,8991,4950,5943,8499,4884,2541,3402,2267,6615,2358,5182,1380,1414,2702,1274,2040,9098,8519,7562,6507,8712,133,7965,5445,1178,1972,7913,6771,5690,8381,5929,9285,9384,6040,8649,7237,649,5836,7035,6098,3128,3092,4338,6812,4702,154,5779,9549,6699,691,7301,6950,179,7632,9651,5393,1939,4014,7740,1605,45,2292,7322,9754,5728,2678,6695,9850,1265,1384,4424,8563,4500,1249,4890,9914,2593,1625,8497,8109,6717,9954,5324,73,4628,1693,1521,4268,9980,247,1929,6085
8801,8893,5731,1587,7702,2248,362,4287,7654,6531,6050,9044,324,4078,1523,2697,8347,4401,1258,2921,5948,1741,1368,1010,9099,8003,4696,7667,9176,3906,8719,3971,4193,1489,4665,6571,1300,6498,3646,9286,9385,7167,4440,8217,7421,6707,7791,7259,645,3094,2021,6773,4618,4667,4118,9550,1577,460,4484,7072,534,7750,9652,5216,529,4800,2328,1903,2455,4394,7662,9755,1634,4570,7596,9851,4432,7516,6043,6971,2976,660,4679,9915,5314,7883,5851,3251,6901,8451,1158,67,2006,2471,575,7587,6686,1971,8344,1823
8802,8894,6331,4051,4324,423,2278,5919,8175,2311,3398,5106,2958,103,6338,2065,6840,1257,2744,3480,5377,4297,202,5147,9100,6816,3393,2840,9177,2917,5413,4415,1313,1695,6555,4219,4480,7898,5092,9287,9386,6652,7168,7998,5041,6224,183,7061,1383,1025,374,3576,2660,4743,5552,9551,2004,810,4846,5775,1782,4325,9653,1997,2888,5941,4358,4485,5198,5651,2150,9756,3930,5673,5067,9852,4366,9897,4010,7452,3680,3155,5218,6776,1147,4317,6429,1789,1778,2881,5579,4731,6126,3149,6418,6750,7467,339,5675,195
8803,8895,5630,8950,6207,6994,2133,5793,8992,6620,3373,8635,2129,4430,7297,6339,5448,6674,2372,686,7665,4655,148,7776,9101,3418,8250,8232,9178,1425,8609,5551,6703,1244,8057,8287,4483,7564,733,9288,9387,1340,8446,7169,3661,7513,5407,1000,2247,5505,302,267,266,2928,2875,9552,1502,2641,3479,7130,1836,4740,9654,5767,235,4850,6299,4160,1193,6271,7177,9757,4382,7675,7864,9853,979,6739,6317,7286,6964,4630,908,1698,4760,7815,6503,9937,4456,9955,2766,4033,7236,150,7699,7328,9981,17,1472,6221
8804,8896,6180,8087,1989,2507,1956,7618,8993,3517,8258,9045,6145,4309,4127,958,7352,5000,4419,5904,5723,1317,513,2399,4866,8192,5887,7232,8020,391,7856,6965,6047,3889,5937,5882,120,7004,804,9289,9388,7463,3264,8337,1757,5261,6087,7326,6265,510,1051,2202,4984,3947,3994,9553,2446,2367,5104,6842,8037,6951,9655,3805,563,8159,5433,1235,6421,1179,7494,9758,6766,6557,8619,9854,891,2515,109,8620,732,1455,7183,8220,988,5100,8751,7054,6929,7710,2098,146,6318,6869,670,7217,6275,968,9998,4732
8805,8897,4786,6911,2505,1484,3259,2026,8994,1641,8695,5418,3923,1134,5845,1345,6691,5785,3229,3086,6651,3159,4103,448,8164,6860,6251,6747,9179,95,8415,6441,107,2249,7399,4499,6810,7551,3688,9290,9389,6847,7535,8492,6983,4728,8473,7253,2270,76,3581,6235,5424,2729,5958,9554,4393,1911,8120,6631,1552,7917,9656,612,2765,4568,7131,957,479,6025,7224,9759,418,3547,3671,9855,3550,198,4107,5311,4930,5457,7480,8327,1689,6150,7946,8359,6084,8754,6881,602,8279,6254,1742,7194,8760,59,6286,1925
8806,8898,7443,8951,8628,2350,4227,2866,8995,6016,8054,3740,2453,5277,3868,2862,7329,8332,4932,354,6169,5203,477,1996,9102,3811,6570,6548,9180,264,8720,3858,595,2647,6263,6113,4773,9241,5279,9291,9390,7097,9445,7851,7070,3408,4545,1410,1350,662,199,2473,1913,356,4894,9555,7793,4663,7714,7852,1213,7233,9657,2181,2758,7615,7384,4442,283,6403,8107,9760,1354,3275,6619,9856,1981,1297,6814,9903,4384,2189,7119,8221,1557,5831,8673,7275,5238,9956,2599,170,7277,1817,900,7880,9982,129,3105,6649
8807,8899,7428,6697,7278,2408,7458,2575,8996,7186,8633,7807,2068,2374,6476,1043,3975,8205,5994,343,7107,6578,566,682,9103,2927,8251,7837,9181,517,9220,5880,446,3940,7848,7767,4909,7448,5711,9292,9391,7334,8523,9462,7220,5617,6976,294,927,1211,2146,861,366,2335,6841,9556,6307,1970,7283,6705,920,8405,9658,1012,3364,3746,8049,6121,984,6618,7595,9761,2131,2825,5428,9857,1902,801,7132,9904,4855,2635,6203,8496,2153,7757,9928,8569,6883,8678,1734,181,8572,2182,1686,7664,8363,321,4035,2796
8808,8900,8463,8952,8174,1394,7044,7114,8997,5090,7148,9046,3624,5142,3582,532,5868,6834,3611,540,7029,3345,4056,1806,9104,2145,6387,7978,9182,1359,9221,4275,40,1271,6586,5741,2203,6491,7829,9293,9392,7565,7927,8616,6080,5930,7669,367,2636,5646,4451,2826,66,2219,6716,9557,7372,2119,7770,5490,1292,7109,9659,227,3610,4623,5034,3973,693,7813,6724,9762,1759,5487,3914,9858,2157,4691,3540,8588,4053,3838,7633,8511,872,7140,8566,9938,5697,8440,1030,126,7294,1443,525,6627,8573,51,4925,7722
8809,8901,3331,8953,8960,3184,1907,5684,8998,3385,6229,8395,2485,2625,4479,1672,5369,6306,1917,4576,5322,2207,2442,5860,9105,5440,2225,6295,7406,281,8644,2531,253,538,3574,2434,1748,6888,4462,9294,9393,4751,9446,6772,6905,4085,7792,7696,8449,3388,2409,5781,2857,78,4672,9558,7811,5153,7479,6542,2670,6561,9660,2238,2803,7761,1675,791,134,6152,7245,9763,4686,2854,6258,8384,1344,6829,6014,3129,7062,2116,3689,5219,440,1813,7973,4425,3238,8571,6238,379,6972,3750,436,4668,9983,102,6453,5071
8810,8902,4896,8626,5194,3499,5708,5281,8999,3191,1830,7963,3554,1155,2391,2696,4556,3751,834,3514,3892,3100,1119,6035,9106,3865,3311,2577,9183,690,9222,4518,5531,4670,1474,3901,3407,5283,3143,9295,9394,1551,7511,8236,6054,5345,3711,1267,3638,905,1940,1662,2042,3410,2373,9559,3551,2704,5901,6646,4013,2331,9661,4823,2126,5761,7311,1868,2467,2466,6383,9764,901,4511,6574,9859,1508,8477,4405,1401,3178,2147,5696,7110,3130,4080,4605,4956,2128,7891,484,1464,3839,2944,6008,4649,6634,60,5885,334
568,1170,1959,3020,748,5384,5550,1397,8598,5681,6077,9047,3368,1177,7461,7624,5452,6058,4593,617,7079,4865,610,490,3726,4165,7808,8154,9184,944,8645,8233,547,3783,6645,4537,2069,8115,2558,9296,9395,6354,8447,9463,8617,5705,4188,407,2706,2137,3322,707,652,4634,8422,9560,1422,2789,3541,5406,3054,8209,9662,688,3213,4629,5722,5388,1312,3980,7263,9765,3061,6978,6405,9860,3336,4125,2933,8141,3084,3182,5751,7855,1794,7247,9929,9939,2588,9957,2049,703,7248,1719,7495,7597,8173,329,7962,7609
8811,8903,4555,6903,6439,3708,2164,2663,9000,1287,754,7799,2400,993,4205,2962,5897,3110,1866,1033,4112,3710,2587,3314,6380,8133,3881,4688,8546,2100,9223,4323,507,3409,1596,3779,4042,4635,3150,9297,9396,4356,1206,4961,5735,3785,4311,2283,1807,2140,2972,4308,2279,2397,4221,9561,3288,3387,6824,5271,4237,2057,9663,2568,121,2632,4830,118,4673,2730,5792,9766,3618,5048,4496,9861,2569,972,868,6148,2460,3654,5909,8294,2417,4167,4939,5417,5960,6625,1218,3072,5493,2229,4171,6220,7661,1196,6760,4707
8812,8904,6804,1188,1015,5891,4610,411,9001,7459,1440,9048,1591,882,4049,1470,7712,7174,1518,7844,2125,3834,37,136,4515,6947,4148,5063,9185,1086,6193,6353,2809,3375,5663,7563,2712,4776,842,9298,9397,5370,6349,9464,6355,1329,3147,8493,1053,673,5712,4893,3293,6099,8338,9562,3544,4260,7529,8149,615,4698,9664,5465,3176,5736,7337,2341,4851,2584,6042,9767,913,5556,6249,9862,2064,1812,327,2929,4318,1315,8108,8669,3643,7543,8674,5061,7868,8487,7349,7193,8052,1822,7165,6490,8682,395,8281,2695
8813,8905,3277,8576,8067,1364,3520,5529,9002,5351,1779,7379,1708,1242,3814,709,3255,4402,2252,1199,4594,4262,2614,6105,8602,3960,5530,6956,7726,561,9224,3063,326,1520,5787,2562,1846,7019,4885,9299,9398,6486,8324,7180,7020,7830,3052,8558,6316,2296,2912,2600,2716,320,4899,9563,7161,2067,6164,7515,3496,4046,9665,1849,3102,3668,1720,1629,413,5434,6315,9768,2054,1870,5589,8742,2701,8011,4202,4204,4914,5647,2961,6237,580,3627,8269,7171,3665,8296,6777,383,6993,4206,504,7155,7438,38,4200,6206
8814,8906,2368,6641,4666,3644,2002,2500,9003,4048,4827,9049,2707,1831,1715,4292,6291,1931,2604,2346,4664,2436,1900,1230,7591,6192,5252,5533,4838,57,7912,3818,720,4420,2713,4007,1685,4911,1333,9300,9399,3765,6549,8313,4892,5353,3053,5501,2776,798,2401,3802,2872,4373,5780,9564,3633,3317,6556,4150,4725,5955,9666,282,2220,1825,3335,2463,2624,3942,4657,9769,3113,3640,6056,9863,3477,143,1692,6103,3713,4612,5149,3519,1494,2343,7101,4953,5258,8142,5594,583,5447,3361,2890,3761,8229,757,5548,3283
8815,8907,4946,6210,7533,5757,2148,1281,8132,5816,7460,7871,2746,1863,5005,1396,8176,3419,1487,1835,7017,1152,26,3900,8703,5819,5932,5989,8334,449,7645,8285,7704,2638,2142,8215,1114,5253,961,9301,9400,5184,6478,8401,5068,1172,9480,9491,550,531,1932,3879,4449,1944,7949,9565,789,1488,8353,3972,2623,1881,9667,5330,3356,7756,4552,6018,2444,4575,6700,9770,1799,7763,8024,9864,4943,5346,884,8355,165,5470,5229,8340,762,3207,8389,4816,7636,9958,7559,5737,7271,3258,5853,7869,3848,47,3042,2160
8816,8908,5619,1029,4123,317,4937,2553,7600,2376,5259,3136,1783,242,2855,2371,6806,6269,3278,1252,7175,2377,31,516,5567,5402,1569,4990,8502,771,5599,5344,2276,3771,4888,5008,2617,6303,3456,9302,9401,5310,8650,8006,6967,7206,4104,7749,1138,164,2287,3157,4270,4590,5754,9566,3730,576,2863,6997,2871,5491,9668,4648,3244,5236,6757,4920,6827,4546,7238,9771,1228,3966,4843,9865,4119,1620,2905,8277,3952,6428,6384,7001,4780,7392,8358,5527,5125,7832,5111,3330,6592,2612,1676,6204,6337,258,7617,419
6,9,12,15,32,274,492,2369,4978,6467,2768,8152,4868,3524,4927,1842,8163,2939,3224,7640,3987,3508,4128,1035,9107,9133,6643,7280,9186,4157,9225,6720,1752,7197,3188,7545,1602,8610,5858,9303,9402,6328,9447,9465,4362,8507,7081,8559,4558,4217,2438,8148,5539,4804,7967,9567,8302,3382,4735,2586,6508,5094,9669,2756,4785,4129,5185,5093,7901,6813,7780,9772,3552,6952,7541,9866,4644,2528,5546,8241,3518,4645,7585,9916,3323,8532,6260,8752,7317,9959,7772,4047,6290,4781,3019,7405,9984,3131,8429,7296
8817,8909,3744,4352,526,4505,2431,3822,8631,1630,4788,9050,3391,152,5199,1818,7485,6059,1529,6344,4146,3856,1633,605,5035,9134,4825,5817,9187,2184,8416,5746,62,5683,6966,4694,3769,865,700,9304,9403,6296,5403,8525,1074,2162,4739,7579,2430,3031,585,874,3294,5064,7147,9568,3201,3902,2629,6764,7116,7347,9670,163,1785,6961,7234,1805,1770,6007,3253,9773,4779,5051,7083,9867,2527,924,1226,8127,1083,3716,6767,5300,4380,7635,2992,7265,5342,8123,6346,5432,6868,752,7909,3430,9985,2722,7806,5756
8818,8910,8515,7561,6788,2288,3922,5776,9004,6779,8541,5587,5027,4241,6726,1362,5676,8191,2060,431,8543,6468,437,765,9108,4070,7992,6770,9188,217,8521,6053,218,862,8417,7478,3774,8254,4448,9305,9404,7090,8255,9466,7536,4599,5842,1311,1208,1433,1301,2949,758,799,7626,9569,2981,2573,7514,8423,1299,7336,9671,350,852,6666,6890,3598,943,6175,8050,9774,1143,5091,5415,8663,1750,785,6154,9905,7903,5797,7133,8341,1816,7215,8567,7404,6930,9960,3491,1049,8064,2280,1316,7314,9986,151,2711,7272
8819,8911,3909,7178,8961,1636,3181,4768,8331,3414,2576,7643,3440,3395,4340,4571,3078,6845,1897,3301,6134,2293,1308,4072,9109,4506,2212,1966,8259,892,7196,3663,262,1684,1775,3125,1278,1980,2658,9306,9405,5073,8503,8471,2649,6742,4542,5254,4209,571,582,5808,1125,1222,5226,9570,5484,1190,5641,2677,1736,4333,9672,823,2574,3824,5136,2570,1781,4229,4834,9775,1201,5036,4790,9868,1255,7865,4359,3626,1845,4031,5680,7466,4147,4887,7558,4376,1774,5986,6253,4248,5622,3405,2700,5211,7103,897,8212,544
8820,8912,5834,1643,4470,1335,5703,1207,9005,5571,7468,9051,2389,1338,2199,4390,6692,5648,603,656,7380,671,112,1339,9110,7911,3857,7368,9189,755,4539,5695,2122,2285,5968,5846,3355,4863,541,9307,9406,3816,8301,8731,2161,3772,7874,5107,2281,1435,4220,3286,2681,1140,7553,9571,5450,680,5421,6550,445,6744,9673,5503,2969,4764,5821,3171,4290,1187,6153,9776,630,5371,7907,9869,4475,1566,2277,5701,2114,5372,4130,8748,3386,7742,8533,2760,6526,6927,3124,3248,5515,5037,4261,5536,7007,1153,5559,965
8821,8913,7870,4749,2155,6859,995,3657,9006,2348,2879,9052,4817,3308,5903,5054,8177,6650,1389,6931,6072,1444,239,1101,4341,8606,3709,8090,9190,1659,6761,7381,768,1871,6704,7646,2320,8275,368,9308,9407,5395,5727,8732,3525,3829,8208,9492,2572,207,306,2978,4987,3882,4122,9572,2000,4839,8182,7540,3464,4126,9674,2023,903,7648,5085,3428,2680,393,7254,9777,6623,5509,6928,9870,1772,84,145,7425,6397,2793,2698,8437,2454,5305,8305,9940,6563,8755,3354,1934,4375,4821,6466,6319,8593,373,5316,2291
8822,8914,6510,8954,8962,8143,168,6010,9007,7884,3623,9053,3797,1622,7396,899,7887,7212,543,3808,6422,402,478,7760,9111,7509,6455,7644,8056,1279,8335,3333,836,3596,5141,7510,3674,5517,215,9309,9408,5627,7928,5024,845,8155,9481,9493,2727,5167,28,2022,3079,681,7538,9573,2237,7071,7860,4037,1687,4553,9675,6100,433,977,7270,4942,5066,4222,5907,9778,6198,7285,8292,9871,88,8436,1202,8356,1561,5952,3431,8450,6473,7690,4693,7586,5528,2626,4408,2052,1885,4183,7721,5169,8412,1398,1107,5918
8823,8915,8028,8442,7730,5800,5062,1224,9008,3108,6211,7955,2390,4388,2589,2481,5391,1409,3725,5321,3109,3404,921,5961,9112,7219,6734,4624,9191,554,8721,3399,496,3675,3488,5664,4239,2818,3509,9310,9409,2241,8448,7199,556,6782,1332,9494,5454,2984,549,1918,2118,2619,5959,9574,6796,2971,7042,3476,2072,5160,9676,3895,430,3826,7674,130,1106,1490,5012,9779,3245,3648,5358,9872,3939,2540,3153,5569,2817,2640,1724,7435,2005,3443,9930,6386,4857,8679,7077,46,6093,6581,2112,5667,5561,409,6517,2815
8824,8916,4603,6181,7002,3043,3641,3832,9009,4093,4926,7367,3321,3026,1862,1645,6167,3733,1735,5274,6288,341,298,5786,8396,5001,3380,4536,7281,1009,8550,2864,689,4213,3458,1623,750,4763,2186,9311,9410,5056,7420,4336,3917,6185,5284,8560,4685,3075,1811,3938,2306,4020,710,9575,6157,3377,6732,4792,5143,6907,9677,2991,2349,5047,2103,2490,1790,3196,2259,9780,2504,1986,3579,9873,3983,9898,1828,2941,4256,2445,3573,7059,2426,4595,3252,5578,5729,5826,4753,61,6131,1067,786,4526,8454,260,7365,3660
16,11,4,1,2,10,14,52,991,5373,7886,9054,9064,3033,8702,6605,8322,6769,5677,7345,8580,7956,3658,9069,9113,9135,8252,9142,9192,7612,9226,6680,9239,8470,7668,8113,9240,8725,8071,9312,9411,8288,9448,9467,9477,9478,9482,9495,5600,6590,9500,9502,8239,7859,9504,9576,8276,6784,9605,8325,2634,9606,9678,9708,3860,8061,4966,3806,3351,9709,8339,9781,6662,9810,8741,9874,8476,9899,7943,9906,9909,9910,7120,9917,8328,9919,9931,9941,9943,9961,9967,9968,8393,6711,9970,9971,9987,5343,9999,10000
8825,8917,6505,2418,7066,1250,489,7203,9010,643,5726,5988,1543,461,4922,4117,6435,3849,947,2245,5268,4904,1428,1246,9114,1856,2013,6326,9193,3907,9227,4746,5029,774,6292,2518,1256,5269,2598,9313,9412,6762,7410,8289,1610,2930,6560,2198,3961,495,954,535,604,5132,3344,9577,1877,1165,3639,7492,6607,7431,9679,3563,1437,4551,5825,1738,4604,4173,7717,9782,1666,6308,5975,9875,1157,7424,3944,8407,3700,5389,2007,8749,3880,8295,5520,8391,1954,8409,6336,2324,3666,5730,6348,6205,6613,1022,5549,2533
8826,8918,6768,5844,910,5480,5376,3592,8632,1721,4530,6585,1233,624,5331,916,5473,3982,336,5626,2750,1328,2657,893,3791,8707,5568,5616,8713,43,9228,2720,631,7897,6687,6836,4916,3748,3263,9314,9413,5430,5472,4115,6457,5129,7838,8738,5658,1295,746,1670,664,5588,5280,9578,6450,4459,7672,5398,6451,6799,9680,246,1492,1450,6257,850,5262,6356,2851,9783,5926,1786,6856,9876,4632,1113,1159,8128,4560,2556,6066,7332,4257,3050,4141,7033,6953,7092,8161,278,6759,4443,4682,4041,8574,1568,8685,4446
8827,8919,5320,8297,5362,569,6831,594,9011,4611,7156,8601,6173,1124,5977,2256,7751,5187,2581,2384,6233,1718,3260,776,9115,8379,4958,6068,7924,344,9229,6511,178,4778,6276,6064,5475,7324,4236,8553,9414,5807,8651,8733,6375,4976,6116,2120,1183,388,2018,5423,5356,4215,6923,9579,5235,4709,6638,5554,1149,7320,9681,2721,1054,3583,7762,802,2747,6176,7098,9784,917,3470,1958,9877,2832,385,5526,1466,4678,1424,6797,6534,1176,2757,7303,6943,6300,7986,4111,87,5768,2222,4194,6778,9988,376,4633,3180
8828,8920,6434,8955,8963,1656,5500,6057,9012,6109,5380,6805,3782,5504,4535,296,7724,7610,2130,1269,3850,3166,2563,2524,9116,3376,5096,7144,9194,934,8722,3699,39,1273,3628,3417,1665,4980,7449,9315,9415,6942,8555,5749,4163,4066,5461,1063,7602,2196,3587,5214,2448,941,5076,9580,8166,3804,7999,8200,2580,7771,9682,1088,3423,3801,5251,1160,166,6201,8218,9785,1078,3568,2814,9878,2950,3557,4015,4586,5009,1810,7287,7629,759,3993,8168,8169,5593,7953,1411,124,7825,3378,375,6311,9989,82,6696,5809
8829,8921,4264,8689,8413,3039,1346,6733,9013,4487,7525,9055,4497,2559,6216,1465,4828,6659,2149,1879,4319,3899,4337,4079,9117,5020,4412,6241,9195,1495,8165,3132,230,473,4342,3954,1275,7613,3676,9316,9416,6471,9449,7941,8526,2530,9483,3199,7012,1612,3875,5628,1618,214,6396,9581,7794,5477,7707,7688,551,6370,9683,2642,4277,5327,1898,2187,141,6785,6917,9786,2782,1351,7291,8425,216,1122,7364,3366,5186,2017,7708,7981,600,3412,8320,3904,3197,8372,7408,683,5612,7164,155,7356,8594,285,3630,6442
8830,8922,3991,6005,2243,6912,2534,3916,9014,4985,2432,8299,2379,3046,7773,1814,8018,3038,4274,7775,2848,2754,64,1463,3467,9136,7556,8253,9196,23,8551,7692,5204,3392,2538,3081,642,3353,438,9317,9417,7899,2158,9468,2717,6444,9484,8659,6479,34,780,942,5364,6464,8458,9582,346,5298,4585,7930,5011,4543,9684,1654,1608,7862,8085,330,6266,2775,4547,9787,6252,7075,5217,9879,1874,4510,378,9907,1105,7542,5592,8621,5762,1976,9932,8225,5942,8171,1760,5570,6195,790,3438,5654,6987,5435,7453,3898
8831,8923,5146,3577,6172,5717,5815,1001,9015,1977,6332,9056,2394,2924,2508,3221,7106,6554,485,6217,4133,1098,3091,2230,7502,7752,6424,3799,8582,519,8468,4882,4967,676,5923,5017,351,7914,4139,9318,9418,1564,8419,7693,6723,7388,4348,1198,3291,1909,2673,548,2665,629,6572,9583,6565,315,3570,7138,4697,5586,9685,844,3090,7310,6246,2179,322,4196,5266,9788,3242,4906,5405,8743,2615,1110,2403,2093,2959,2613,1393,7031,3141,7820,8201,3008,6039,8245,2699,3986,6690,2419,1639,6844,4461,1241,8309,5598
8832,8924,4858,2239,8964,946,4972,6030,3739,2295,2936,9057,471,3167,611,1872,2892,2915,2988,398,7060,4514,726,2566,9118,8193,5953,6456,8547,4065,8723,5427,4413,5213,4327,6886,1957,4365,2725,9319,9419,5119,9450,9469,7146,3022,2479,5565,3935,4067,2482,6243,1924,2033,6837,9584,3835,880,3670,5572,389,6608,9686,5614,2053,2090,2654,3692,3339,7244,5601,9789,3549,2487,5535,9880,3137,8494,4181,6202,5179,3281,1377,8460,4795,7544,6261,4554,6980,9962,2884,144,1655,1073,97,6672,5098,220,2841,4027
8833,8925,7975,705,3374,1129,5577,1458,6678,4681,4802,4321,2655,822,1370,4354,8190,6546,3690,2344,7289,2736,48,428,7323,7127,2297,2545,9197,553,5309,7727,3422,4238,4640,4565,6138,6721,1869,9320,9420,6693,8726,8351,3926,7733,4741,9496,2546,555,3106,4378,5489,3543,3819,9585,4414,1123,6990,6684,427,4271,9687,4784,3918,7125,7812,4289,1594,1704,8073,9790,2066,6272,4203,9881,3342,2210,3854,7736,369,2030,6786,7944,6474,3591,9933,7984,2359,9963,7782,1930,7616,337,4761,8098,7759,122,5510,1739
8834,8926,5193,736,3786,2644,211,4908,8101,5043,5743,5409,5301,497,3963,5624,5325,6189,2387,2173,6111,1646,1254,2075,9119,6086,5474,7009,7519,1163,8491,6322,6916,2263,5699,3738,2847,4832,4960,9321,9421,4636,8350,8734,3346,6135,6755,7734,2458,1309,56,2218,268,667,7363,9586,6984,1547,7315,6878,6213,7840,9688,3303,1797,6793,6101,3315,316,6248,2260,9791,3341,6404,7568,8371,869,7882,4028,7391,2253,4164,5478,7660,522,6663,7228,8226,4377,8270,7631,1526,5249,4915,7050,3545,6657,42,966,2167
8835,8927,1895,8577,8597,4762,4353,3435,9016,5016,5114,7417,2175,2952,3285,3555,5794,2171,2804,1713,5044,1282,319,3777,9120,7787,5212,3426,8714,1590,9230,4954,1251,2163,5248,1137,1247,4541,3000,9322,9422,2345,8117,6957,1415,6791,841,5639,3145,1092,3034,1262,542,1221,4747,9587,5257,2266,3089,3261,803,6417,9689,3937,3017,5210,4569,3295,1983,4161,4619,9792,2269,5158,6376,9882,1342,8478,2286,6864,3590,4131,1475,969,2868,3773,7683,4638,2596,5852,2870,3234,4008,1875,5997,4175,8575,635,5721,3009
8836,8928,4813,1920,2010,5957,5580,4230,9017,2139,2755,1476,3905,49,6454,2124,6137,5562,1044,6408,5401,1567,2597,261,5920,8030,6520,3406,9198,1011,9231,5966,1984,5899,6790,4621,3358,6681,3893,9323,9423,5135,6583,8290,6023,5832,186,564,2092,848,723,2679,3851,4288,1819,9588,5609,4912,6936,6665,5264,4169,9690,300,1369,6737,4859,2227,5635,3766,6197,9793,3056,4423,4216,9883,3836,3672,4692,8210,4226,3813,3140,2608,3687,8074,4501,6406,4305,8110,1990,2301,7026,751,6702,1763,7639,203,8430,5833
8837,8929,3615,4524,3452,5050,5886,3142,9018,5739,5260,8465,1055,3933,4364,4016,7333,1859,3425,4212,6875,2079,188,3284,9121,8444,3051,6463,8715,1406,7273,6579,1801,4278,7621,8196,5921,7520,876,9324,9424,906,4372,9470,1743,7748,1847,9497,4589,2121,257,3274,2091,307,7152,9589,2257,340,3682,7414,5791,6049,9691,4180,347,7439,7493,4246,1837,666,8094,9794,3601,6323,7569,8586,1593,1079,462,7970,4063,935,6749,7803,481,7878,7743,8676,7235,7293,5810,4482,675,6123,6226,6945,4561,1893,6413,1820
8838,8930,1479,7826,6789,3984,5190,5873,9019,1214,7445,7028,936,1061,5227,4989,7157,4957,2224,760,6409,2268,349,5861,8704,8045,6582,6112,7788,1109,9232,5898,2567,5829,5894,925,4509,1007,2571,9325,9425,6156,7625,6361,1905,3575,4005,4615,4166,2918,491,1052,192,1379,5771,9590,7335,4429,6803,4349,6151,5850,9692,3023,475,6977,1597,1505,1683,5931,6501,9795,3327,5665,7932,8267,1994,2745,4996,7226,1583,4931,6633,5014,1108,6815,6342,7571,5295,6142,3256,747,6576,524,5720,3357,8683,536,3828,5338
8839,8931,4208,1838,1080,5168,997,4754,9020,1914,6287,8700,1356,197,4307,1420,6133,6155,849,1413,5710,2824,2314,223,4941,8433,5893,6327,8716,435,8246,5103,3915,634,2966,4742,4902,5823,2020,9326,9426,4091,5511,8022,5870,4756,6002,8660,2134,1888,567,2691,2829,3723,2821,9591,3203,4172,2977,3538,6034,6401,9693,1048,2258,5349,6998,860,5057,3927,4968,9796,5441,2790,7225,9884,2315,2811,994,6019,1225,4730,3631,5812,4436,5661,4680,7085,3759,8362,6214,866,5494,4017,4897,1682,7588,1454,7173,4737
8840,8932,3424,5585,8298,711,2441,3510,5224,4592,4400,9058,142,3003,3572,2477,2176,2449,959,2923,6547,3319,2216,4684,9122,9137,4064,5521,7847,2282,9233,3280,3004,3784,5060,4409,1031,4087,1576,9327,9427,6415,8261,7521,2008,4662,7566,8009,5875,1525,3703,6480,2926,846,3014,9592,5606,521,6612,4886,2529,7074,9694,4793,3133,3059,1097,1854,502,5089,5323,9797,3028,2511,4705,9885,2616,8744,2843,6530,2497,4296,4935,4861,1302,6900,7974,1150,5304,8016,4263,1253,2764,1883,113,5513,1627,1601,8345,3297
8841,8933,5339,6568,7105,1059,4083,3305,9021,1712,4708,3486,4876,3058,1694,4124,3637,1336,2025,1716,1758,3049,2009,2735,9123,5282,518,2668,7240,1832,9234,3825,4426,970,4826,871,2759,3844,1449,9328,9428,3432,8198,6314,3483,6499,2919,4170,5002,2355,1209,4255,2539,1737,3607,9593,6783,3556,5544,6013,4315,3707,9695,4151,2110,3845,5188,2831,453,2378,2973,9798,1821,3526,5992,9886,3250,7440,1024,5584,619,3714,2447,5686,4453,3735,8534,1093,960,7257,4891,4092,5896,3667,3093,4995,4881,951,7121,3673
8842,8934,3925,8956,8965,887,826,7394,9022,4841,6078,4060,6232,5385,6001,4153,7486,7330,2168,1151,7398,4455,1632,1387,9124,5802,7308,2844,9199,718,7906,5935,2135,1459,6853,3645,1876,9242,1843,9329,9429,8105,8652,8656,8263,8735,5497,7670,2402,236,200,5336,2028,196,5553,9594,6667,2031,7795,7302,1985,5766,9696,4069,623,7622,5341,1973,110,6963,7980,9799,2648,6055,5154,8010,971,678,7191,5985,7000,6525,7605,5416,840,5361,8483,5890,6365,7457,8026,2077,7641,1100,616,8188,8624,65,3504,3481
8843,8935,5408,5656,7239,5525,403,6128,9023,7378,3367,9059,1841,5733,4639,6941,7574,7143,515,3454,8636,2798,1960,6359,9125,6031,3999,6780,9200,2664,9235,8213,269,290,3649,3823,4934,8418,1660,9330,9430,4898,8081,7706,7614,2213,7713,1386,1522,854,244,1056,781,1921,6362,9595,2503,3427,3154,7015,5134,8370,9697,2370,638,8072,5555,1829,3103,5255,5979,9800,4399,7464,4114,9887,425,499,5367,5399,2633,6850,1453,4371,1283,8408,8535,8360,2396,9964,2307,7113,3743,6830,3762,6910,9990,74,2151,5687
8844,8936,7104,8957,3348,2526,655,4862,9024,7678,5007,8088,4695,1185,1886,4395,7923,7447,486,918,7685,1220,309,6919,9126,8153,7872,7846,8445,792,4528,4135,5773,2084,6469,6564,5576,3946,1390,9331,9431,5422,8368,9471,1653,3821,7547,8739,138,1296,58,1803,2327,251,7979,9596,7506,2830,8354,8183,1306,3653,9698,7432,1833,7931,5025,5917,394,3561,2693,9801,5013,7549,8326,8025,54,2676,6165,7889,3747,5790,2834,7063,2622,4844,7908,5865,6602,8680,5964,5205,2801,1286,5172,3810,9991,2461,1438,6407
8845,8937,2968,858,6196,3394,2833,3320,4771,2982,3701,9060,2244,1423,3371,1588,4192,2383,1229,1887,4744,3620,1514,1076,9127,7318,3768,5215,8520,1021,8091,1595,3988,4036,2627,3979,3289,4873,3249,9332,9432,2548,7705,7489,4466,4714,5355,8316,4314,1998,1926,3996,1586,2333,1945,9597,3727,3318,5603,867,3864,4404,9699,3233,2415,2041,2519,305,2605,2165,3271,9802,3465,3995,3384,9888,1578,6908,4071,5670,2094,3193,3015,7256,3312,5911,6357,5637,3360,8187,4970,2321,1184,1130,2946,3831,8099,704,8151,1851
8846,8938,3195,3969,2240,6071,5292,5976,9025,778,6166,9061,5363,879,4303,1516,7508,3265,3523,5039,2554,2740,127,464,7307,9138,6222,5124,8641,3695,9236,6432,182,5453,7362,2536,1486,1747,3527,9333,9433,5329,8524,5638,494,7578,2517,3650,4757,618,1469,589,607,5938,4149,9598,7108,4199,3950,6617,1191,2578,9700,1417,1744,4971,3613,3567,6140,6102,7190,9803,6124,2498,4252,9889,1446,1047,4944,7227,559,6533,6373,7032,5207,3614,2794,8040,6412,7804,6639,4787,4765,2299,4235,3209,9992,653,6320,4602
8847,8939,8053,8498,8690,5514,512,5854,9026,4058,974,9062,2753,3959,7359,999,3511,3807,293,4878,4789,201,476,6981,9128,9139,7957,7766,9201,1729,5914,4918,1534,5820,6477,8179,1330,3512,185,9334,9434,5496,6115,9472,3116,5796,9485,9498,338,787,365,1927,4724,1142,8084,9599,4806,4783,6329,7162,1039,3619,9701,5563,1200,3629,6838,6494,7374,1477,2709,9804,7099,2043,5558,9890,352,3165,3500,8481,5884,4110,3754,9918,4417,9920,5840,8170,7427,4596,1133,1768,4801,6132,3921,1961,8538,1127,5755,2428
8848,8940,3304,6227,4704,1858,287,5122,9027,2496,1678,7990,4302,2788,3025,3162,3463,2127,1533,4750,2751,2683,2468,4406,8603,4185,4026,2027,8274,967,6629,2873,4438,2180,3873,2016,1337,775,4597,9335,9435,4061,8206,8147,2351,4949,4416,8383,3334,2329,919,5313,2904,450,6584,9600,5542,3396,6481,3780,4493,6245,9702,3578,2659,3035,4437,2494,3965,4247,5150,9805,587,2810,3974,9891,1766,6523,3599,5171,835,2322,4503,7532,2332,4397,6003,2106,3928,5431,6515,1941,5021,1027,4367,598,7834,1186,8386,2360
8849,8941,7218,1020,6940,1363,3442,1003,8321,5131,5232,3139,1087,1068,3745,5426,8077,7619,4683,1548,8282,5318,19,272,8501,5460,3827,2823,9202,648,5455,5689,1733,5856,7299,5080,5748,8522,2192,9336,9436,6289,8653,8657,8237,4782,1291,6822,962,213,1619,3531,5634,6117,6139,9601,5995,1145,5396,8023,725,2940,9703,4574,2989,7472,6826,4923,2459,5333,7433,9806,577,5839,6857,9892,2115,1111,2812,7797,3403,1951,6377,8000,5970,5872,8675,7049,3655,9965,6231,2101,8410,702,4606,8017,7642,94,4796,1965
8850,8942,6614,8595,7817,1912,1889,5078,9028,6283,5241,8311,4198,4077,5352,1325,7732,4600,1572,6021,5892,926,386,6440,8637,8089,5657,7030,9203,1429,8398,6345,160,3981,2773,5163,1353,3156,6714,9337,9437,2805,6873,9473,3183,7370,5760,5082,159,2465,85,552,4521,3200,5871,9602,2932,3867,7047,3160,5906,7261,9704,5983,593,6282,6962,2316,4379,2853,5366,9807,3179,1882,6458,9893,83,6748,1690,5883,2609,4001,3636,7982,3571,8129,4993,6601,5429,8124,384,1571,2123,6279,952,3833,7172,560,5716,4073
8851,8943,8431,6628,6127,1270,5240,3097,9029,7881,6506,8701,5685,2083,7474,284,3978,5795,1366,1513,7053,3144,1967,694,9129,5410,8112,7136,9204,4577,9237,6621,25,2690,3815,7958,4136,7777,7010,9338,9438,3546,4233,6715,3600,7584,8264,715,5744,4622,312,2308,3580,4671,5463,9603,6209,2178,7929,5512,597,3659,9705,6062,503,1714,7422,2102,824,7403,3594,9808,1840,3349,6036,9894,4690,2364,4481,8150,2667,2037,6882,7952,3497,8304,7436,8343,5763,5102,699,50,6347,5272,116,6143,8280,370,6902,5437
8852,8944,4454,3877,8966,6959,4286,827,9030,3328,5927,9063,233,3444,2509,2692,7575,6351,2686,2074,3447,5040,210,3362,8604,7176,5962,5023,8489,1026,8646,1673,832,6120,5982,5152,4875,6171,1318,9339,9439,3168,7687,9474,4722,2185,2652,9499,4344,812,5420,1367,5706,1399,6949,9604,3846,2506,7316,7728,592,4522,9706,5018,981,3501,4794,870,1599,2136,4609,9809,1324,5159,5805,9895,4852,7523,1652,6309,1231,1194,2822,8222,5610,7691,9934,4043,7112,8075,1532,4032,3962,793,3775,6484,7598,22,7366,3767
