8524,6076,5474,238,8843,271,4842,4899,3623,4712,8871,5590,8028,5329,6509,9244,7937,7487,2123,1542,6460,2313,4814,3932,781,6056,6203,4714,8447,8037,5774,9156,7308,8751,8208,1446,6347,9422,5799,9458,245,8880,3717,9504,4716,8377,1024,9608,3215,1941,7140,6470,1802,6610,5642,3251,5730,7266,9634,1762,424,4425,5562,7822,6206,4565,6057,722,5847,8626,294,6830,3268,9138,6744,1885,7907,4788,999,1049,7616,7333,4278,3727,2913,2298,140,2972,6245,183,14,4158,9795,7012,9897,8396,4354,341,5623,7014
7447,5744,4659,1127,7432,4184,5675,5183,4654,6388,9181,1455,4554,7887,8193,8263,8010,3306,1443,5716,5591,4879,4604,3159,582,6173,6288,4648,8099,3723,4481,8310,7744,8487,8716,2304,3825,7877,5464,8499,561,4305,2565,9505,2774,1869,2518,6162,4476,4175,6998,2884,1178,1703,4855,496,663,5783,9635,1472,372,7705,5545,7445,1763,2530,4122,8593,9171,8605,3431,5537,2464,9763,6272,4243,2083,6707,1955,2423,7190,5861,6356,3794,5103,3923,557,277,693,38,236,4674,9796,1960,9898,6802,7431,2000,9024,7023
8950,8107,1285,819,8726,2201,3400,5184,3273,5721,6628,4988,7781,5576,6677,8814,8086,7325,2492,3130,3133,4090,1578,1793,2460,997,5583,3735,8078,6596,3331,8340,7157,4294,7496,3320,8141,9423,4917,9082,1130,6406,983,9506,2857,8344,3839,8754,4900,5829,2932,6879,982,6368,3942,1961,6293,3765,9636,4636,361,2576,7693,8185,8334,5646,4693,4537,7268,8649,1405,4741,3898,9764,7540,520,5988,4482,3280,1041,8285,4516,4940,873,360,3095,329,1707,5649,852,13,4120,9797,7082,9899,8531,5200,15,8841,7697
8222,7672,7312,1016,7017,7294,8224,801,2635,1907,7119,1579,8179,4669,5884,7701,8864,6563,7687,2267,802,2813,5287,565,1171,2088,640,8847,3162,8182,3297,9387,5142,4271,5440,812,8209,8516,8904,8905,4272,5337,4783,9507,1540,9289,4286,9609,122,1607,3256,7710,6465,4598,7167,508,3296,6139,9637,4112,1058,8184,8410,6970,7310,2046,9170,2152,9015,6112,1228,8144,2804,9765,5251,9020,4429,5860,9111,1289,8250,1172,2248,5959,1057,1973,134,1415,4973,521,3535,6795,9798,573,9900,8544,8463,4140,8286,6966
8190,3755,5806,580,1670,3415,3867,5836,336,212,7176,5777,6239,4163,7954,7660,7821,7440,4695,1232,6165,5186,2470,5328,5069,3328,6746,1278,8747,8483,5331,6575,6993,9123,6255,4809,5365,9424,6089,9459,1615,8563,5018,9508,7776,4845,1328,8718,1715,1085,783,6391,583,2768,2974,1095,5992,2144,9638,2230,2220,4852,4907,7735,8909,3451,7215,7090,3287,5395,733,8452,2103,9305,4897,1147,3259,2328,8024,838,8134,1713,5870,3015,587,1705,193,2988,5993,4651,2128,6889,9799,2389,9901,6946,7013,1337,8202,4955
5872,5937,3247,1134,7699,2266,2787,4028,3061,4610,7608,2650,7550,7841,8064,9354,8046,8229,3323,2269,2619,5009,4388,2580,2249,4154,4444,6364,7996,5941,2603,8048,7568,8768,8527,1371,5551,9425,5144,9460,52,7669,2562,9509,1414,8601,5850,9610,3968,1119,7777,6496,2821,2451,4563,855,7506,6627,9639,3742,383,4696,5965,6251,6259,5408,5397,5500,7615,8640,408,5760,1442,8281,8650,3029,4010,4468,1152,839,5708,3347,5182,1723,1150,2265,111,865,5633,494,155,7695,9800,7748,9902,8147,8305,307,5849,6107
7849,7673,6805,3696,4254,1452,5385,4685,592,6149,8297,1465,2121,4902,7155,9061,7003,6354,2724,1948,64,3973,2027,3628,4180,3934,3279,7783,4357,4100,141,8408,7656,7931,7158,518,5618,9426,6591,6383,6093,6184,3690,9510,4983,7878,5324,9290,1940,5680,5677,6660,6636,2628,4109,3719,3642,871,9640,3397,1370,7330,7958,7867,4731,764,7022,8176,8829,1821,1219,7630,8415,7060,4721,348,6025,4190,4087,3707,2595,6982,4591,321,3475,4858,1549,2273,3097,323,339,6377,9801,5199,9903,5770,2344,1229,2712,5285
8136,7024,4279,281,9331,610,7138,2570,4261,6951,9345,4949,6837,3156,7986,8863,9368,5081,5336,1773,6122,3711,1787,5606,2300,5361,2612,8898,9383,6061,4744,8848,9404,9411,8275,3504,2653,8877,6643,9461,1203,8968,631,9511,3858,9167,1102,8995,6151,356,5265,7662,3574,6680,6512,4839,6933,5007,9641,4052,537,5368,2881,9735,6040,4318,7905,425,8074,9760,400,8328,4058,6477,9110,1207,4187,5413,2212,958,8670,7372,2732,597,1742,6026,97,866,7293,572,295,3476,9802,7949,9904,8084,7151,529,2145,5857
8895,7077,4074,1191,3627,2919,7607,5817,94,42,4033,4067,6767,6472,6007,8701,8288,4035,1706,3479,5101,4129,1769,3702,3509,3823,5897,7874,8691,8484,5085,6606,7095,6963,7345,3662,5207,9427,5593,8541,1688,6564,3515,9512,6579,3183,1291,7477,105,1074,2868,2405,2921,3019,3234,3104,5935,3014,9642,1358,4745,4036,5807,8602,9742,3193,8113,5173,5022,4736,1244,5472,2017,9766,3250,2082,2815,4099,7947,1375,8418,1870,2258,1436,1886,159,243,953,5879,3248,2735,6059,9803,4834,9905,8584,6135,1506,8507,4253
7909,8433,6976,4020,1642,5298,7163,5758,68,1905,6936,1709,3633,2231,7684,9182,7071,6008,835,6501,595,1354,2694,2048,6495,5208,4199,4193,2132,4739,1508,4658,6938,6768,8622,832,4939,9428,4977,5864,4340,7814,5487,9513,1475,4683,2753,5561,3924,4210,6342,4345,6268,955,4194,4435,6021,1572,9643,2991,449,6515,1262,6593,7831,1430,5940,1946,1832,695,1595,6757,5274,9767,5032,1001,3638,5092,6532,1658,3417,6017,4581,1080,4512,3075,2883,1187,3613,5349,3885,5498,9804,4380,9906,7279,5033,590,8397,5743
9047,5350,2031,4992,3266,5374,7700,1157,3252,3715,2738,1912,4760,757,2794,5963,7420,3594,6073,5722,1008,2276,3434,4011,870,5798,5224,3051,3773,5927,2456,6032,8426,8427,7785,727,7040,9429,6607,8797,3474,5030,2070,9514,771,7390,6185,8588,233,5509,4735,4666,7361,5544,2599,4079,403,3978,9644,898,1245,5855,7605,3835,8000,777,7657,3520,4755,881,5627,2368,7216,9306,8294,7632,3704,2700,4829,2544,8349,5848,2052,4519,1756,974,57,551,2973,4268,2956,5796,9805,2490,9907,8104,5969,4730,7152,7036
8455,4418,3646,399,7566,1048,4031,6115,436,1848,6428,4624,8677,5517,7232,8634,9369,8613,1556,2503,6050,6175,862,5919,2875,1921,8339,8873,8713,7955,7482,8764,9405,9412,7368,2342,8154,8993,6357,9462,2493,9085,2274,9515,4851,6604,1586,8906,1409,602,2064,6851,2233,4775,6999,3222,7788,2858,9645,1809,661,3517,5726,9299,7427,6015,7968,6035,8866,6861,643,8831,3240,9106,9789,1344,2543,5538,7332,201,9045,3636,3679,1071,1388,1221,224,3843,7278,316,137,7564,9806,7000,9908,9996,7634,313,7124,6972
9316,8759,7142,787,9332,7068,1036,5206,1816,5808,8687,4946,6262,7154,8272,6099,8351,8446,1555,1270,4579,5841,3624,5813,2966,4487,6013,8036,9068,4247,1651,9388,8537,9124,9078,4810,3315,9430,5401,8663,5565,8855,488,9516,6322,8553,5236,9291,6064,1098,5840,8971,2439,3785,6987,3691,5036,1496,9646,4376,1269,4805,9011,7736,6526,4975,3756,2397,8604,7297,63,8061,6432,6486,8348,600,5457,5429,2954,217,2532,2506,1638,470,849,755,41,2710,5998,2666,173,6692,9807,8832,9909,8545,3927,229,1340,4849
9317,9177,5703,252,3982,2382,3308,5134,1200,915,8761,7609,3111,6894,6855,9355,9370,2646,4080,1113,3367,6726,2484,6331,5330,5540,4023,8299,6871,6450,1158,9033,6051,9413,9418,6284,8964,9036,5371,9463,469,8664,1801,9517,2513,6105,7746,9206,6502,1176,5635,6954,3316,2378,7444,6094,2367,1404,9647,7641,904,3094,5554,8174,7815,4377,5110,9750,9751,6334,612,9304,1448,9768,8946,1309,3018,1335,6223,3228,5821,2437,3225,648,1235,4239,73,708,7334,761,161,4273,9808,8404,9910,8673,3995,556,9046,2409
9145,9178,6055,796,8700,3930,5382,3547,429,2063,2642,7825,8180,7899,6574,9356,4822,7601,5672,3009,5218,3534,1622,4166,1362,1680,4875,5494,8018,8425,4328,7987,6952,8232,7638,2039,6967,4514,6608,8994,3277,7587,740,9518,7751,6161,949,8907,407,1478,5660,6043,2133,1811,5580,1749,5705,4384,9648,3136,5609,2161,5693,6835,7392,914,3395,6719,7418,7906,2477,3244,970,9307,4009,2495,2422,5548,5421,1286,8146,1086,3165,2140,1412,957,388,2871,4578,1396,884,6817,9809,4545,9911,7872,5015,21,7696,5995
9228,8167,6908,1316,3993,4048,6652,4072,1545,6042,8655,4204,1517,8999,4980,9028,5837,4463,5338,988,1565,4069,1632,3653,8153,6674,2365,9001,4229,4978,1644,6421,8693,2183,9161,1190,5781,9431,3900,9464,2502,9500,1146,9519,3552,7571,3870,3568,7274,7747,6462,2240,6020,4787,4303,5521,1314,5124,9649,4820,1104,6294,8826,8827,9100,1166,3795,1480,6740,3008,5,2037,9220,7945,6597,423,6706,6468,1855,6101,1637,4613,2071,515,2415,5803,969,2242,6586,5307,397,3886,9810,8631,9912,9141,1201,171,2444,5381
6918,6036,5468,1986,4901,3689,6326,2358,3614,2807,8191,3258,4698,5390,5005,8196,3071,1782,2606,1824,2065,2371,2067,2996,499,4499,5041,3473,8789,6074,1627,7853,5951,7257,8197,2019,2990,8851,2160,8798,2654,3391,5423,9520,1084,4972,1900,6028,492,4995,5640,3067,3093,4178,2321,2657,736,2910,9650,3164,1323,4117,989,7342,6481,2322,6001,4612,4717,6720,4155,6649,8003,7643,2824,6846,3298,5335,5830,3722,7062,4605,2335,933,3824,1497,1659,1195,2312,1457,162,5125,9811,1601,9913,6711,5434,2676,4161,5380
8547,3070,4574,681,8480,6657,2880,5141,510,5001,3906,5976,6196,4937,8338,9357,6126,6907,4173,931,2307,4909,1974,5240,5252,6345,7729,7730,6635,1616,4652,9072,7661,7775,4529,3260,7827,8733,3544,8599,1964,3440,1350,9521,5077,8450,2970,8919,4004,3976,1012,6423,1470,6995,5203,6425,2924,5621,9651,3394,5083,5025,5736,8592,8163,4115,6807,1628,8625,6068,17,7292,2659,1873,8117,576,4029,6186,5013,4145,3486,2891,1225,49,3505,623,566,3619,5654,3777,538,2541,9812,7091,9914,6791,1449,668,1489,3671
6614,6919,7850,2758,5735,2264,3656,4015,306,5249,9149,2760,2723,7851,6944,5439,8264,7971,3841,2045,44,2859,2832,4959,4663,7441,4782,8497,3365,2294,669,8749,6582,8834,8962,2573,7159,9432,5794,7593,6292,6765,625,9522,2851,7031,4837,9091,5475,4317,6926,6852,7918,257,3184,4248,5754,382,9652,2406,2034,6258,3815,8603,3754,1346,2744,7539,9172,2743,1144,7975,5910,6471,2638,385,5881,6041,4737,1791,2363,8708,4785,166,5662,3469,3045,3066,3214,2229,318,7123,9813,4116,9915,7707,2055,714,1589,5871
7910,6517,5232,2221,4309,3098,3846,207,3042,1139,7820,2137,4347,5617,6629,4906,6394,5176,5235,589,1648,3448,2861,672,2679,2617,3883,6461,3514,8638,3242,7876,3010,1629,6197,1892,2318,6033,4390,7122,3220,9285,4571,9523,1163,6909,4752,8857,1477,5764,4168,5673,6215,5586,4056,2041,4169,6216,9653,2575,545,5835,3398,6535,8554,2971,8741,536,6514,7032,1970,6222,3705,8887,6555,5856,5048,3035,7650,4765,7262,511,1255,3436,1714,882,23,1930,2538,3659,3152,5892,9814,3959,9916,2370,5016,3692,8642,5846
9318,8686,5812,350,9333,3350,2087,7741,4553,6870,6478,7469,8710,7842,8194,8987,8689,5710,4935,770,2611,4038,4290,4167,2310,2459,8513,7806,9069,3684,4600,9389,9159,9160,6729,1696,4703,8836,8158,9465,1493,9501,1206,9524,6285,8881,3588,9207,1529,1047,5367,7718,1538,6417,5909,3063,7622,4969,9654,3599,4583,4189,6153,8973,7353,5967,2719,512,8214,8807,88,7800,1550,9221,7229,1184,7980,2770,1911,1109,7765,2651,7479,2548,952,1682,125,742,2791,153,45,5845,9815,7883,9917,7343,3865,119,6278,7381
8781,9116,7716,1078,9236,7935,3114,8783,1494,5080,9150,5999,5146,9350,7382,8227,8746,8533,1401,4475,2143,6172,1263,6619,2581,5177,6704,8011,7245,4434,795,9260,9193,8817,9419,3762,7913,9433,8211,9466,5210,9039,190,9525,4235,9129,8247,9292,6874,1441,8391,9633,2326,2285,3564,3069,5219,1060,9655,6191,1359,5063,9012,8756,5194,5428,1972,4165,9752,6133,347,8303,4825,5731,8267,1293,6146,3227,2323,794,5256,2051,2564,746,1580,467,89,971,6942,844,83,6314,9816,7322,9918,9142,2850,232,1423,3981
9319,9051,6189,1093,9334,6507,4297,4136,1643,4526,3163,7590,7575,1923,7238,6404,8611,8482,2155,2916,3198,1827,293,5920,1854,4111,7901,9376,7072,8535,7796,8485,8849,8639,5209,2095,7189,9434,9278,9467,6436,8123,935,9526,4763,9009,2334,9611,1117,310,1103,7074,3404,5004,1657,2114,4334,5719,9656,628,6167,2509,5055,9736,7789,6558,9744,476,8806,8696,299,6482,7446,7582,9790,1437,3631,6585,5751,342,7791,4171,3771,1330,846,650,170,4976,8042,2127,178,7101,9817,9895,9919,8251,5312,562,4657,6096
7503,5133,4156,2107,7984,1039,6508,230,4083,5441,4780,4936,5809,6977,6947,2769,7852,1989,2336,2931,4264,4201,3751,2485,2486,4896,5054,5275,7997,7956,3386,8131,2583,1004,7810,2241,4990,6182,6549,6675,1440,2540,4441,9527,5492,3116,4221,5333,5117,5466,5636,1884,5704,3764,2219,3999,3096,659,9657,3100,3921,2569,4299,4560,2527,4005,6305,947,5309,5220,326,2472,8102,7363,1422,3548,5225,4372,1394,5936,6808,5694,1428,4953,3341,4230,976,2698,2777,420,40,5433,9818,2441,9920,8070,6048,950,8892,3992
9048,4914,7111,856,5129,4192,5732,2737,3543,8385,5908,2094,3337,9151,8121,7843,4460,8495,7400,1305,1609,6338,2877,6405,7471,4027,1655,8915,4943,2890,599,7414,5961,5592,8818,2192,1759,9435,6799,8966,1427,8354,868,9528,642,8822,6840,8312,4346,8143,6915,6648,3944,5019,3954,6145,1554,3494,9658,1867,296,7919,8345,8156,4209,195,4103,1136,7816,2427,283,7419,5639,8867,3649,3402,7132,5588,644,6069,2615,4462,4776,1421,2369,5769,639,686,4078,4513,1356,3879,9819,6169,9921,9223,8443,286,3178,1876
8585,8951,3675,1504,6083,5451,6353,1745,378,1754,7001,7079,5685,7126,6786,9062,7749,3833,4049,1499,3278,4212,1133,4540,6519,5323,3778,4555,8422,3873,3539,8320,7965,8731,7233,4040,4635,8679,2662,9279,438,7546,1488,9529,4351,3383,2967,4259,1600,932,2656,5982,1771,5530,5934,3991,2567,6788,9659,5010,6208,4131,1915,1256,6177,4183,6132,1543,7512,5868,1053,5153,786,9769,3922,2601,4277,2281,3651,7236,7839,946,2296,831,1665,4034,74,1386,4315,3571,3602,5162,9820,6702,9922,7754,5143,48,8148,2077
7083,8998,4218,897,9237,2462,5318,6091,6449,6920,4759,8922,6024,1516,8273,7755,7544,6309,6227,1149,985,1280,1274,3507,1751,3276,6398,9186,2101,7930,6229,9073,9194,6454,1933,1574,6066,6479,7797,9280,6622,8343,3694,9530,4412,7422,1407,9293,799,726,2692,5641,2672,4330,1273,769,4732,6339,9660,2727,6379,2696,2596,8411,8186,3965,7832,189,8860,6611,410,4046,3703,8567,4991,6656,2508,5126,5065,815,6847,4341,3733,2964,1712,5161,110,1357,7378,806,440,5702,9821,8135,9923,7366,6849,699,6157,4722
3545,6065,2058,3647,3876,2393,5582,2317,2499,2746,1383,5047,4535,6072,4394,3149,3076,2085,3820,3803,2822,3057,2756,1766,4812,3033,3512,3928,6289,7688,632,3334,5299,4132,6892,2588,2798,9274,6086,6997,3540,5366,3738,9531,2863,5956,2836,6407,1216,2354,4093,3971,3425,588,3560,148,4650,4326,9661,2616,3746,5480,3948,1426,3893,2190,6130,4891,3966,5610,2625,6120,5296,4632,1792,3492,4176,4265,6965,4320,6544,4311,2817,4147,2869,2825,462,683,3797,3307,1097,4637,9822,5360,9924,6210,1546,1429,3157,5121
9320,8464,2975,353,9335,5569,3600,8271,1531,1975,3030,8785,8897,8985,8308,8228,9371,8205,2418,1893,5605,2761,660,6685,1728,5842,3385,9252,9189,3832,1889,8960,9406,9414,8458,1883,5542,9436,9199,9468,5157,9086,811,9532,8291,8311,2202,9294,1260,390,5489,8355,3065,4546,6939,4024,8155,2187,9662,2011,7526,2433,6209,9737,6466,5158,6537,482,9753,8336,129,5512,4750,8808,7458,1381,5785,4082,3181,1246,7254,4801,2473,789,1385,743,187,1224,7451,3709,99,4524,9823,7492,9925,8758,4997,241,4141,4609
9321,6572,6868,738,9336,5114,5656,7349,3462,4821,3712,7727,4410,3091,6110,8457,5759,7129,4001,1151,3661,2627,5570,5926,824,4749,8361,9377,7199,1698,2767,9390,8515,7745,2867,720,8401,9079,8661,9281,2134,7088,1379,9533,7194,8579,2730,9612,164,1621,2514,8112,1192,4864,6761,1319,3958,8379,9663,1345,7042,7491,4754,8266,8667,4461,4371,532,9300,8779,749,6178,1065,9770,8165,1673,6801,7047,5028,1061,9793,3565,5741,4059,1091,1105,254,4701,7379,157,128,2714,9824,7430,9926,4539,3113,305,8051,8982
9322,9052,6296,288,9337,5834,3566,5431,2488,2586,4088,8095,7985,5239,8096,8097,9249,8614,2244,1227,7401,3729,2511,3576,1135,3370,8436,8957,9120,7148,3005,9391,8900,7389,7373,1928,7020,9437,8852,9469,3736,8694,605,9534,7916,9168,4160,9208,1697,303,4361,8322,1779,2429,6475,810,6366,6217,9664,3138,5952,5246,7309,8803,7562,6000,8324,506,9754,8780,93,7409,2480,7061,9043,2120,4697,2816,2987,541,4561,2069,1810,1649,1581,1634,158,2893,6516,490,108,7173,9825,8935,9927,7565,5573,375,2830,6419
5044,3364,3812,386,8168,4876,7740,1778,1112,4123,6639,7398,7767,4045,7495,8815,6270,4288,4185,5072,3396,1898,3573,1300,3430,5659,4143,7894,7602,8019,4616,8364,5527,6274,7709,1798,5699,2102,3309,8091,1259,7966,1702,9535,5644,7457,1055,8737,3202,1450,4307,5340,3144,3463,4642,4152,2571,3185,9665,3698,3688,2100,7734,6554,4966,1029,4867,6779,6654,6455,1156,5832,747,9771,6081,8461,1183,6168,7300,447,7509,1962,3829,1063,1583,3621,33,1679,3167,1525,694,4954,9826,553,9928,6723,5756,1807,8893,3637
7961,5762,2545,4244,4037,5068,6658,2793,3587,3175,7682,3648,5281,4766,6049,7304,7531,4808,4924,5518,2250,2147,5422,1502,1378,1230,3333,8374,7627,5779,1000,8621,6009,7114,3031,215,6389,9037,6872,8799,3192,8564,5304,9536,4465,7092,3938,7226,197,3112,6220,4573,5099,3109,3380,298,886,4208,9666,992,3243,5866,2169,8293,7408,1031,9745,619,6750,4308,1687,7513,5160,9772,8133,7833,1932,6876,3577,7067,8083,4501,5734,6224,993,2391,98,892,1009,1784,1695,3441,9827,635,9929,8130,2431,3674,8315,6283
6434,3766,5455,1283,7281,5327,1677,2717,5797,6589,8896,1995,8029,9059,8573,6413,8421,5049,2270,2419,5519,3352,890,2222,3424,4596,2311,7995,9154,5006,1081,9121,7999,5942,8561,5818,5358,8796,6052,9470,2631,7327,1154,9537,4998,4381,5165,8292,5118,1943,5535,1466,454,1630,5260,258,4974,1463,9667,2209,2362,4828,7649,8381,1312,1671,2623,1402,7823,3359,945,6650,6080,9107,9044,3426,6551,5566,1664,3294,8016,5822,5894,4912,5268,1875,1046,330,2665,253,464,3796,9828,1625,9930,8006,4293,1238,5771,6958
9049,8026,1317,607,4644,2401,4350,1100,2122,5228,8298,1257,6109,8150,8195,7470,8612,3743,1730,2675,3199,4595,1079,4177,7402,7053,713,9029,9155,6160,1122,8577,8341,8400,8876,4493,4225,8878,8142,9471,721,7690,4965,9538,3201,7856,4797,8801,954,719,2960,6867,3904,6010,2040,2784,6476,1994,9668,5425,1474,5696,6531,4478,2448,968,8049,807,8543,4319,674,6789,6670,7212,7499,6016,3416,3212,1918,4349,5378,7896,2206,2674,3926,3542,12,434,5174,760,2308,5923,9829,3237,9931,8238,6693,2895,2066,3558
9323,9117,7153,396,6337,4779,1847,8557,1265,5280,9346,3581,5550,8954,7256,9152,9250,7412,2076,1764,2809,6030,2214,6136,6232,2977,6819,7845,8353,4456,978,7998,8486,8865,9420,6046,6290,9438,4556,9162,3326,8821,1042,9539,2593,8800,8500,9131,8280,1320,7220,8883,1808,2339,5356,4138,3881,1297,9669,6911,611,5272,8059,9215,6006,3827,1983,6513,9755,4149,266,8215,2993,6914,7715,1020,6815,2963,2001,634,4172,3142,4216,859,894,2195,27,1418,3994,1732,51,7739,9830,7908,9932,9997,6935,136,2376,2414
2827,6735,7411,3349,9238,3996,6854,5788,2572,5767,6984,7653,4919,1758,7793,8913,5470,7461,3182,2741,3818,3103,3083,3962,2218,2882,3290,3864,7795,8448,4098,4323,7415,7569,7554,2364,4070,1196,6053,9472,944,6118,1242,9540,7579,1935,5435,7139,2379,780,3925,6910,3146,4144,2465,2013,3859,5958,9670,3872,7329,4066,7195,6075,5437,3784,6002,150,7393,8369,863,1852,8743,4769,6959,4250,5947,5154,2458,4700,2849,2652,577,85,963,2208,101,1577,3551,2998,2550,7396,9831,5513,9933,6577,4047,292,902,3855
7722,5172,2428,4592,7125,3697,6327,2180,1266,4127,8862,8035,6183,3419,4022,8319,5854,5278,3592,2876,1818,2474,3480,2810,2410,4597,2618,7475,5607,6992,3770,1734,7018,5388,8963,4032,2186,2068,4424,8879,5838,8734,4618,9541,5488,3953,1218,8542,3401,4543,6442,3028,3236,29,3604,2843,2479,1602,9671,2111,2940,6676,2856,4496,7096,2158,9102,8,8501,8370,3050,5638,7217,8282,3044,7253,2900,5549,5190,267,3299,2129,4542,6490,2621,1338,55,1874,1882,5197,256,2361,9832,4443,9934,3597,6351,2351,6734,3310
5541,3305,1727,3607,6084,3366,5053,1208,2763,3583,6798,4448,1785,3110,5185,3194,6857,3983,2539,4075,1729,4817,1173,3206,3769,4301,3527,3329,6948,5192,2259,7271,6806,4333,7346,3265,5171,7648,1070,8551,1849,7103,1215,9542,2833,2711,3357,4824,3376,1510,1034,4767,5035,3371,3775,1805,2189,5865,9672,2715,3053,5597,4601,5928,5386,2739,4956,4622,3686,7429,3223,3687,3913,4420,2731,2644,3040,1826,4063,4030,6745,1162,1435,2667,1311,1535,689,2885,2898,2078,2400,4289,9833,3940,9140,7048,4019,2338,1226,2141
8431,6905,6725,558,7397,2808,5175,2750,2131,1348,4507,7425,7352,7224,6640,8548,7702,6811,4589,444,5115,4803,4148,3074,1996,3082,3521,4738,7928,7130,2609,8090,4483,7344,4994,1376,6092,7315,6899,7375,929,9502,4313,9543,5843,6441,965,8802,550,691,5520,5688,1456,5211,3496,975,6690,4984,9673,3087,4653,2537,6154,7712,8127,2899,2529,7065,7093,7979,1704,7043,279,9016,3884,3956,7109,3513,5430,2105,8630,1424,6522,6163,1089,1761,151,2246,2060,1138,120,5438,9834,3525,9935,8462,6752,433,8643,6218
4795,1666,4843,567,5515,246,7543,2517,2708,712,7963,7836,5122,3538,4469,9000,7900,8575,6082,2494,598,1908,4389,1101,3023,4762,7026,4615,7939,8790,485,7854,6994,5964,4198,2403,6263,9125,6738,9473,654,6416,6004,9544,4006,4466,1023,8616,1010,2920,3017,2892,6281,3920,2622,6525,3487,6841,9674,2641,1674,6550,4996,8412,8519,3381,9746,5011,8974,4518,4013,7959,2135,9773,1252,8889,519,7230,7573,416,7500,7559,2171,7184,3399,2279,165,2917,3776,185,4151,7237,9835,919,9936,8979,3435,4747,8997,6552
8653,8609,1982,539,8870,2029,3421,7645,1434,7282,5229,7255,6287,6458,8645,8549,9372,1066,1741,5746,6698,3368,879,4197,1544,8690,7553,8989,7357,6233,8012,9392,8365,8587,6548,775,8795,9439,9200,9474,1432,6945,1596,9545,6128,8212,2253,9613,3387,282,1155,7465,1636,5877,1027,2408,3200,1684,9675,2057,4130,1979,9132,8804,7311,7614,5867,5594,7371,8502,1261,6974,3321,9308,8004,4092,4559,7644,3081,417,9139,4928,5020,1716,2243,3985,226,568,5911,259,9,5290,9836,6637,9937,8652,6401,498,8398,4025
7897,8223,6560,1271,9239,3438,813,5191,4227,7725,8108,7951,5516,4761,4594,4920,2853,6812,2204,1530,2828,3734,5728,1720,3511,3131,7305,7807,2044,7708,3428,9261,8020,6311,8246,1342,5137,9080,7677,9475,1056,8969,843,9546,5603,7761,7183,9614,2847,2090,3896,6286,973,4287,4358,1249,2432,6166,9676,2399,7318,4910,7538,2050,7890,4274,3787,1019,7943,7944,167,5714,7107,5352,6960,4847,6527,4768,2286,325,3041,4400,916,4283,1560,1963,214,3283,4586,2,269,4018,9837,6956,9938,8239,5496,2984,1952,6890
4905,7191,6587,2200,7584,4240,7433,4222,4872,3894,7792,5503,5996,641,7635,4538,6438,7521,4386,4408,3388,1980,4921,1075,489,4337,2725,8559,6923,6435,5602,7972,5564,3668,3629,2438,2951,9440,7041,8820,2353,5264,1981,9547,6566,7359,2811,8080,1888,335,5355,4707,1877,5362,5377,563,4353,5262,9677,1686,5477,7507,3188,7991,7581,4861,8777,198,7891,8347,225,5295,4421,7596,7118,3658,3529,5140,1667,3073,6418,2447,867,2475,2648,4373,92,1313,4908,115,2343,4726,9838,6709,9939,7520,3532,823,2778,3360
9050,7410,2886,431,9338,604,6694,3022,3477,4321,7516,7952,7760,3880,5691,9358,8924,7320,3453,2949,6409,1765,2435,5890,2109,7383,4338,9378,8534,4617,6230,9122,9407,9195,7476,827,7888,9441,5625,9476,702,8769,1599,9548,1931,8255,1011,9615,1322,737,5687,6661,2504,7838,6739,8058,6950,3807,9678,2958,671,3423,5555,9738,7291,6426,4523,2179,8778,9103,723,7720,2660,8582,9018,2844,3612,5181,2337,355,8314,7222,2706,1003,2014,3798,244,817,8371,184,35,3495,9839,8044,9940,9314,6766,380,6231,5266
6299,5454,5155,2968,8178,2463,5079,4962,181,3728,3935,6267,8226,2948,7893,6758,7128,6464,3847,3239,3866,2256,2170,3918,1406,8373,7057,9067,8771,7435,5253,7246,8065,6319,4126,1064,5405,9442,7813,9477,1094,7073,2779,9549,6463,7316,2879,9616,1537,717,1899,6280,2283,2157,2316,903,2387,6530,9679,2505,3964,3549,7719,7161,7978,5622,7595,3763,8707,8606,753,6576,1014,9309,8651,5647,3301,6559,2689,624,5611,1561,1906,1721,1593,2236,43,3739,3652,370,448,6087,9840,6934,9941,8372,4883,280,6783,3007
7993,7493,3121,991,9146,4850,5901,5502,951,7759,8784,5989,5613,8192,6930,7244,9064,5484,4971,3187,5043,5116,484,3625,2559,3837,6484,8181,8423,5814,1365,9262,7864,9271,8469,2278,3838,9198,6747,9478,2297,8092,990,9550,1513,9087,7219,9209,7973,1951,8824,7328,4620,6814,6689,2535,3801,861,9680,6005,1393,3204,6696,8859,5966,4670,4960,392,9301,6497,362,6655,5289,5027,8607,4014,5948,4251,2199,1863,3562,3263,2398,477,1325,4840,50,615,7100,905,30,6273,9841,5994,9942,9022,5819,28,1399,2604
8432,8337,3852,1186,9339,6618,6170,3255,2740,5913,8252,5100,7610,3318,8331,4124,7686,8244,5707,3443,6793,4662,2084,3346,2215,4702,4593,9253,8333,4304,1400,9003,8245,9076,7339,2605,4054,9275,7250,9479,2098,8735,1015,9551,1479,8580,4784,9010,7443,472,7416,5661,4245,2380,6623,272,2551,2860,9681,4436,2263,4263,4203,8313,5102,4547,4270,364,5682,6269,324,5801,2946,6427,8583,4770,2164,7110,2176,2523,4602,2584,1124,655,1462,4859,82,706,5668,840,601,6796,9842,8672,9943,7950,8980,409,1887,1753
9324,9026,5553,121,7585,4661,4162,8510,1106,3274,7726,6316,7086,9351,8986,9245,9251,8052,2489,1267,3822,6898,1790,6116,2425,5147,5445,6228,8678,4121,1090,9191,9269,9415,8992,4256,6646,9443,8773,9282,1623,9286,1069,9552,3026,9088,5087,9617,7889,707,7360,7504,1512,2888,5681,2904,6176,1369,9682,6079,1942,3980,8256,9095,5094,5039,2637,1860,9217,4531,131,9137,1767,8358,9791,1511,5357,2789,1661,1592,3817,2197,4815,877,2167,3027,39,998,3811,1110,90,7983,9843,8595,9944,8698,8071,194,2961,3127
8983,6724,4455,260,3147,4823,4748,2381,1413,7835,9241,2578,2417,5313,8762,9359,8872,4310,8122,4929,505,5529,2149,2497,9066,8787,2255,9379,3984,2359,617,8386,2680,3292,7750,4428,2356,8470,5465,8552,1236,6873,4257,9553,351,8038,7756,9210,5723,4395,7717,5938,8021,6772,5558,4403,943,404,9683,6152,458,6023,7967,3557,7563,1384,2097,8668,9040,2695,486,8697,6361,9310,8888,1373,4300,3302,5119,7981,8118,8506,7970,680,4961,7269,805,718,5882,5213,127,3810,9844,1331,9945,9113,4170,222,8938,3740
8709,7147,7337,1303,2455,5643,3741,5286,5217,4866,8688,1575,5727,1789,8274,9360,5889,803,1770,6595,1491,1536,3701,4562,5773,4582,4091,3975,8424,4076,700,8704,4521,6528,7188,5793,6373,9444,7058,8342,2426,1553,1239,9554,4207,3375,5354,6583,1776,4360,7423,3903,2703,2677,4348,3555,2872,412,9684,2007,427,6047,1988,7508,638,854,3363,5412,8566,6773,4454,6940,8032,9774,8067,1076,7321,7009,4205,3650,8453,4904,6070,6324,3680,4623,3004,203,544,1605,231,5000,9845,384,9946,7921,2634,3245,9999,8268
5697,7510,4525,920,9240,559,7529,5303,4262,3616,8306,6108,7307,4533,4105,9246,8574,6762,5715,3089,3608,3150,2866,3889,1612,4366,6620,6727,8089,9257,4505,9263,6236,7598,7811,878,7081,8111,5815,9480,334,8473,1005,9555,3230,9604,2699,8823,535,2315,6348,4467,4500,5560,3793,5052,6257,3570,9685,3721,387,2669,6446,8721,8022,5216,2525,2639,7764,8503,483,5343,1719,9775,3413,5473,2324,6602,4282,475,8911,6437,2526,6612,1934,4865,70,1336,4660,235,6,3530,9846,4506,9947,7848,6712,291,9226,2923
8296,3781,7885,2721,2933,3238,5912,3950,381,7886,9054,2314,4324,3483,8465,9361,8445,3319,441,2327,65,3752,2030,2803,5915,6302,5344,8171,6242,2607,204,9393,5763,6683,7369,3856,7374,8926,6679,7689,5491,4715,763,9556,4527,7064,6390,9092,5003,4678,7141,7135,6662,826,3139,3264,5831,478,9686,2870,829,7604,3078,8175,5674,514,2293,7713,9302,1633,2210,7664,8249,8996,8145,1021,5917,2796,2156,3117,7982,7589,6362,2021,2981,3039,3585,1772,1411,5214,237,5645,9847,1880,9948,8569,2566,371,6235,6578
8114,3799,6743,833,3882,6252,6536,2560,1552,2193,7144,2800,6891,7127,4473,9118,1840,4228,2346,2773,4365,4942,1030,4734,6279,2683,3673,2574,8958,4449,682,8387,5485,6240,7988,1115,2620,1116,5810,8837,4819,8198,2985,9557,6358,5775,4186,5448,5547,1559,6529,5461,5096,2814,5212,3997,1868,5139,9687,3609,5091,3086,2649,621,7347,3491,8213,4970,2908,5159,959,4057,2411,9776,6668,1469,2927,5900,3132,5875,6780,5944,3593,1292,3288,685,398,1841,1866,5664,315,5833,9848,3224,9949,2227,2608,437,8570,3272
9229,7617,6703,941,9053,7387,2198,5127,3484,7560,6562,8610,7674,8494,7768,9362,8956,4107,3403,3936,4050,4298,2177,4128,776,3472,7287,8437,8514,4938,1919,9394,6705,8732,8276,524,8366,9126,8623,9163,3291,5585,300,9558,8254,6932,6067,8682,784,302,5653,7214,1735,3575,4932,1757,4690,1165,9688,1694,5135,2191,8720,9739,5215,4587,1910,3748,6843,9761,925,6844,1925,9777,8489,2848,5247,2765,4911,893,7778,2671,8295,2865,1484,1453,216,344,2874,273,7,5690,9849,7515,9950,7922,3667,1067,8948,7302
8654,3481,5574,455,3447,6906,3324,4798,2280,5823,8260,1131,6396,8219,6681,8077,4106,5057,6541,923,864,6630,1032,4786,7488,7198,2291,5692,8714,1977,188,8765,8253,4627,8389,3190,1927,9445,7341,9283,3640,8695,1799,9559,3745,8378,7691,9211,6973,2239,8451,6969,6887,7866,6304,3262,3216,3780,9689,6102,1464,6534,7439,2081,6431,850,7706,6140,5419,3759,177,6913,5761,9173,5008,927,4694,6556,2005,2776,4477,7301,5684,981,1739,5748,419,1054,4633,2947,84,4399,9850,1194,9951,7547,3429,200,5753,1619
9325,8027,6546,473,9340,8727,6601,6588,1645,4588,3946,8261,7530,6202,6937,8139,8988,8352,5789,1654,6300,2846,847,5339,1924,3644,4916,9254,9384,3929,670,9395,9408,9416,9272,2697,1812,6590,7915,9481,3952,9503,268,9560,8736,9205,4258,9295,2795,571,8126,7136,3038,4791,5626,2633,3052,3362,9690,5571,7259,3821,4094,9216,7180,5780,4742,149,9756,8477,58,4645,3355,7450,8490,2116,5056,4452,2558,2436,6003,1750,1856,754,889,2073,112,1823,7150,1920,333,4833,9851,8840,9952,7884,2901,138,2461,4606
9230,8984,4958,853,8270,7084,4835,5528,402,1114,1966,7052,5469,5666,7145,9183,9185,7576,2587,4089,3153,1240,406,5790,1584,7794,6715,9380,4903,8874,7655,8875,8901,5415,3804,1326,8376,8927,8853,9482,2887,7957,2597,9561,3890,7857,1222,8738,405,109,896,8368,3455,6749,885,3531,2568,2306,9691,1468,7752,1368,6333,9096,8023,5088,9747,3639,6521,6584,1223,6131,5012,9311,4472,4720,2945,5283,7870,366,8221,3457,2481,1950,1564,1481,219,4113,7948,2953,114,5269,9852,8684,9953,8890,5895,1433,8811,4480
8674,7386,8149,180,8770,5097,5896,5202,792,3716,3482,8657,7953,7134,7912,9363,5595,6254,5404,2496,6858,3422,4397,2524,1237,5417,2372,7007,7929,9258,6205,9396,7388,6341,7028,1744,7449,8471,5259,8517,620,9203,549,9562,7855,8438,1417,8755,461,543,3437,7005,2347,4511,7406,574,2188,7640,9692,3106,3857,6756,8475,7228,8392,2440,3606,2752,8830,7974,1321,6452,790,9108,2247,6264,1859,1301,4743,939,9794,613,2305,6831,2959,2762,54,3578,2906,331,1939,8671,9853,2284,9954,7075,5706,1558,7766,5302
8725,7015,7698,202,9027,5979,7324,4021,2687,4266,8656,4968,5506,7926,7087,9247,7186,5557,4989,1416,3665,3485,1681,3808,2079,4918,6737,6825,9070,4869,346,8791,6687,7534,8539,2693,3348,7629,5062,9007,2089,9287,1018,9563,4008,7210,3669,9618,4753,357,6626,5891,1641,5957,3961,2684,3218,4585,9693,3267,3643,3541,5204,7407,7868,3235,2682,209,7714,7773,530,5584,560,9778,3189,2590,6381,2092,2894,6880,8359,2075,6989,3335,1844,4886,69,633,2416,921,278,4267,9854,6775,9955,9998,6448,248,7076,4528
7037,4492,2755,377,9180,143,3528,6253,3344,4404,6297,6200,7120,1746,5990,8435,9373,8496,2299,2469,3208,2251,2059,5452,2468,4081,7413,8943,9385,8231,4947,8705,9409,9077,7193,1582,8562,9446,6893,9483,1177,8624,1220,9564,4413,8057,1160,9619,1275,2340,1748,6771,1903,7678,5261,6234,7941,5667,9694,2386,422,4153,5426,9014,8886,7099,8335,3591,8521,9104,744,7658,5795,8556,9792,2260,3261,4699,3708,123,9112,8069,2153,1693,1168,2802,206,2915,6888,96,56,4195,9855,4913,9956,9023,7380,340,7264,7502
8094,8508,4733,5045,4569,6378,6869,1836,5145,7175,4963,2805,3231,1614,8309,5058,6060,6634,2329,7448,705,586,1617,4224,6117,6859,4756,7567,1343,7200,4640,8550,7903,2786,4039,1794,6144,9447,6800,8277,1562,3792,6237,9565,465,6616,5980,9212,3254,1718,860,3563,7211,4708,19,4488,887,2452,9695,626,837,645,8323,4541,6360,4362,3546,8356,2028,359,5075,4800,6594,8920,6845,7365,6453,7753,3967,1204,6941,7969,4150,4497,3166,5106,2388,3257,4757,1210,144,4202,9856,7263,9957,5724,3630,1092,7960,5589
4401,5107,3046,3908,3567,3000,3410,1997,3660,751,4772,5665,3332,1620,7511,7976,7434,6673,4607,1533,2934,2976,2905,1179,4884,874,3897,3572,5505,5082,5375,5579,7384,6150,4295,2449,1914,548,6445,8967,2751,8159,1108,9566,3209,7489,1268,5986,1571,5634,7046,5456,6580,3536,3919,4382,3757,5326,9696,526,5878,4577,1211,5432,6860,1045,6155,2035,5021,3524,1843,3960,8014,8976,5888,2764,3657,6295,4746,1438,7231,6282,4892,2507,1878,711,1068,2749,2986,3229,262,3493,9857,6710,9958,6782,4374,778,8240,4705
4802,6142,6121,106,6561,665,6777,5499,3338,3145,8644,5257,6098,4405,6787,8658,6895,1733,4964,2352,4981,3892,3550,3269,2878,4836,5138,4575,7591,5916,4217,8449,7019,4773,3467,3874,5946,8157,6794,7273,1539,7358,1590,9567,1332,6878,4280,7771,5443,1199,5128,6119,2978,5245,4367,3449,5624,4564,9697,1957,710,3289,6192,6663,7169,3605,2476,4667,7182,8040,3123,6134,936,8683,7298,3969,2309,1483,3351,984,7205,3786,4552,2801,2036,1839,26,570,2591,118,126,5670,9858,4479,9959,7633,6211,1588,2938,2424
8617,4114,5671,2252,8259,1153,2702,1490,6195,6943,8532,7646,4682,7399,8512,8711,6159,1397,1287,4502,2025,2125,2862,4237,3241,6866,5880,6318,3174,8079,2277,9192,4065,5486,5859,1277,6439,7201,7483,9484,5446,5508,4804,9568,4831,8430,1310,4459,1361,938,199,5288,3392,6399,690,6077,250,2355,9698,679,2553,1118,8060,7523,6581,2062,9748,6503,4451,1949,5026,7572,6836,9779,7847,3941,3445,4986,8005,76,7818,8383,5120,7541,2172,2678,139,3177,4275,821,1,5409,9859,6697,9960,7335,6363,5163,10000,6742
9231,8571,6638,289,6370,2282,3853,5150,1652,1813,4675,8225,6785,6633,8318,8646,8620,3049,5379,1699,4638,4002,487,4026,2292,5711,7080,9381,5059,6896,6365,9264,9005,8428,3518,2332,4676,3849,8300,9485,942,6769,2640,9569,7933,7917,547,9296,1676,630,3407,6424,772,5733,4352,1500,2929,2930,9699,2624,4445,1959,2788,7556,6897,3767,3409,411,7790,7362,1017,7665,972,9780,2980,4898,2806,3064,6307,2840,8934,2023,7395,7542,2663,5187,218,766,5765,692,179,6733,9860,6088,9961,7681,8076,1072,8912,5738
6336,8492,6212,1978,9341,6148,2792,6547,4718,6371,2713,7055,5604,5483,5123,5914,3916,7206,3226,4844,6301,4233,2785,3281,1306,6615,7586,8729,6826,5320,7403,8991,8772,5991,7438,748,7865,9448,7102,9201,2520,8056,345,9570,5447,4590,6864,9093,320,940,2594,6201,627,5305,4792,960,2257,3393,9700,1198,7146,3191,8858,3663,7557,4740,1760,2047,8945,7518,785,4157,7117,8977,7034,3907,7881,6238,4061,443,8041,2745,2647,5076,2385,564,223,1107,4520,4,239,4312,9861,7501,9962,6570,1837,1137,5223,9144
7840,8618,8952,1797,4110,8675,7085,394,3603,8072,9347,8169,2115,9060,7156,7685,8914,5960,6763,3931,466,8332,1461,309,3683,7863,481,9002,3861,3119,491,7094,8750,5997,8110,5899,7914,2742,8662,9486,924,8918,1290,9571,3774,7104,2598,7288,4944,5267,6355,6247,1820,9298,6221,8235,523,9169,9701,2020,3408,8884,8776,8066,7131,667,8039,4329,9757,3205,964,5040,8975,2670,7149,3869,6988,899,701,8284,4548,3378,3016,724,1725,6853,930,675,5308,8043,6600,1701,9862,9896,9963,9114,1515,285,804,3554
8137,8287,6352,504,7619,4967,8203,4727,2557,6420,8953,7056,7805,3285,5858,9184,4220,7636,4941,1663,3848,4603,3459,3125,1890,762,828,5887,7902,7112,5132,9074,6820,5291,4423,967,5652,8210,6953,9487,696,5546,2818,9572,4860,5131,5325,8882,1251,1987,6385,5718,6244,3055,4689,104,6323,3579,9702,2216,6451,4889,7990,6927,5188,1040,3713,4007,6349,9303,614,5497,750,4097,7721,8395,2345,3816,2453,2093,5112,2146,4816,1454,1013,4677,86,3589,3611,493,2842,6790,9863,1258,9964,7803,5787,368,2691,3655
9326,9179,5804,373,5970,4406,5533,8384,367,426,3471,8262,8558,8619,7728,8702,8941,8728,4355,2521,6104,4572,788,5168,869,3314,8054,8788,9071,8406,4241,9034,8766,8715,7209,2268,5782,7326,8854,9488,1610,9008,1624,9573,8528,6986,908,8970,439,445,6609,8301,2237,3155,5510,1025,7798,1738,9703,3085,6250,1806,3862,9097,6260,4793,4249,716,8346,7059,452,6276,1528,9781,5631,2754,3939,3584,6487,1548,8454,1403,5973,2729,1672,1037,196,3203,7651,1635,687,7468,9864,9021,9965,8936,6803,509,8868,5757
8025,8177,5950,1485,5655,6213,5907,3933,2331,6457,7350,7351,1431,4777,3143,8635,7532,3300,3677,2563,767,4634,917,2008,7286,4051,2936,6137,7249,5471,979,9157,7165,4085,8540,5411,2942,9449,7442,9083,2043,9288,555,9574,5630,7786,5051,5495,7517,725,4608,5148,2262,1631,5093,3590,2138,6249,9704,2099,4370,2716,7252,8081,7097,4453,3374,8002,8302,9136,1352,4490,7737,2780,8129,3460,5346,1551,1501,6393,2096,4314,1341,172,317,4771,1639,1509,4725,2989,2516,2897,9865,7671,9966,7892,651,240,1128,2042
8241,3875,6797,3990,6632,3433,7038,1366,4179,3802,7683,4567,4364,6523,7452,8151,6226,4219,3634,4276,2148,4246,1710,4043,6246,5932,1585,6204,8748,5933,883,8172,7522,6303,4484,516,495,6312,2914,8289,3077,4950,4692,9575,1212,5391,3595,4611,1460,5987,6019,3695,4664,3295,3488,4681,888,4985,9705,2126,2392,2446,2643,7116,7497,741,2467,646,6261,6467,3911,1521,1288,8933,5930,6329,1618,4368,4139,1382,6400,4709,2482,2159,1209,2577,822,2610,2154,3118,435,3115,9866,2130,9967,5493,2757,3246,6071,4409
6713,468,8434,5612,3420,2629,3342,2225,3088,3490,9055,3141,4781,3158,3197,9364,6171,7045,2118,5678,3219,1367,596,773,7525,5596,4440,6123,8140,4285,430,8597,7577,1492,5178,319,1861,9450,5244,8600,4387,4827,5800,9576,4442,7879,5559,5747,147,6688,4888,5098,4450,5166,4457,3553,1380,3905,9706,2288,3641,5201,7426,5713,8199,75,6700,5189,6343,1282,1044,6862,3196,9782,9019,7299,3737,3749,791,1968,8724,5862,5414,5614,3102,5853,3372,1387,2854,2797,3666,6624,9867,480,9968,8891,2442,502,8921,6193
8939,7078,4813,8008,4260,7025,7620,311,5399,8330,9242,7367,1662,6298,2471,6882,7063,1611,5050,6884,2032,1169,4464,820,1395,7533,1881,6180,6414,8730,53,9265,7008,7421,2457,255,5276,9081,6821,8717,6557,9204,4508,9577,6505,7251,739,8161,135,5883,7464,5820,8132,1817,6410,6949,652,8265,9707,3561,7290,7904,8590,2443,8093,3626,8742,156,2673,7694,456,6721,9762,5392,4068,7527,3632,5231,7485,1174,6488,3620,5968,1425,2483,459,24,581,4679,7011,3120,5955,9868,3845,9969,7486,5066,6029,2873,5651
8115,3987,2501,4877,5924,4375,6315,2771,1947,6492,8120,5983,4269,2845,4432,3970,3972,4626,3497,4570,814,4790,3217,1685,4164,3854,2950,1857,2390,4826,1845,6219,6645,7178,7940,2254,4102,4629,2772,7770,3382,5332,3032,9578,1768,5657,393,1953,5271,2907,4656,2232,6543,2979,1296,4710,4764,3895,9708,2781,629,1958,3957,6644,6568,3059,6829,6538,1364,1188,3819,4458,5683,6156,3945,6392,3800,3414,1692,5921,2728,5752,1302,1587,3452,1473,676,2373,2004,531,1971,4568,9869,4925,9970,3343,5893,1284,5628,6097
8699,5514,4643,1594,9342,2579,3949,2766,3458,6022,3466,7826,5490,752,3195,5931,7612,8098,5156,1389,2287,2602,5658,6510,1372,2820,6686,9255,5898,7164,2151,9158,9410,8902,4016,1993,8850,9451,7021,9489,4630,7456,1334,9579,6374,9089,3137,9620,145,2049,1145,7505,2320,4142,4778,962,3253,8972,9709,901,5170,6430,7168,4414,9133,4433,7869,2528,8932,6691,552,8031,3988,9109,8505,1828,3891,8417,7459,80,8523,5363,1353,3836,609,1656,251,2303,5113,176,186,6141,9870,3537,9971,6776,5766,1087,5720,8949
5949,5981,4668,1967,4993,1038,4335,503,4447,4807,9056,622,6832,8138,5014,8243,5167,1161,5136,1569,3533,5886,2709,4854,3345,6885,937,5972,8363,2325,1445,8498,7218,6018,8793,4470,3654,9452,5619,8073,1088,8173,4084,9580,1527,8279,1202,8125,4686,4922,7289,4055,1523,3789,3617,4870,3249,4062,9710,2944,994,4392,2841,1568,5074,1391,6904,1052,8200,4794,2015,6865,3828,7108,7066,1700,4868,5481,918,3502,6605,6489,2395,4646,3411,2645,205,415,3783,1780,2261,4811,9871,1608,9972,8105,2701,1182,6810,7473
6753,7481,7265,5317,3062,3036,6850,1142,2487,3700,8444,7283,2173,3427,3830,5778,5984,4325,3523,5061,81,4427,3943,996,2010,1929,1647,7964,2962,4871,1913,8206,5600,7703,7578,1566,1846,9038,6291,8234,4655,8578,5152,9581,2705,5277,5427,8459,1532,2301,7248,6124,5300,1111,765,5255,1814,2685,9711,2704,5242,6842,2534,4398,8555,358,4806,71,7241,5105,1193,6498,8460,9017,6011,5111,5310,5205,5458,6369,5802,3699,2245,1503,875,1691,62,2185,2546,3312,3986,6277,9872,2661,9973,7137,3140,1954,6571,6411
7780,6975,6456,453,7313,1082,6402,5095,6983,3672,8307,9349,3284,2466,8955,8659,8087,8712,6310,1669,1120,3730,5534,1747,616,3134,5258,9187,2999,9259,3006,9397,6469,7784,4101,793,6828,8233,6979,9164,227,8290,2213,9582,7621,8160,618,9621,421,2086,6395,4415,1895,5939,7258,732,3963,5180,9712,5416,4621,8529,4000,9098,8128,4017,5237,192,8669,7858,1304,6058,1324,9222,3092,8015,7261,7221,1825,1567,7035,2952,6344,5453,3129,5195,132,1724,3169,16,1708,5071,9873,4614,9974,5811,8546,579,9143,7779
6325,2491,8218,7338,2163,1576,8525,1458,1213,3805,9243,2113,1486,6038,8633,9365,8816,8596,6494,6962,463,1459,709,3720,5017,7938,818,9188,2896,3054,395,9398,7437,3974,8794,263,7340,6520,8429,9490,6440,4252,2838,9583,2839,6863,5254,9622,522,7536,5663,7837,7704,1318,5227,7880,4530,673,9713,2799,1132,7537,8591,7624,1547,836,5070,8325,8440,1830,3060,8216,8478,7498,8757,1534,7817,8723,7574,4077,6816,8217,7010,1902,2759,3914,934,1007,5196,154,1333,7882,9874,1743,9975,9224,2434,2106,3048,3313
7723,3645,6241,4566,8034,966,6695,4923,3336,6199,7742,3002,922,3902,4728,6459,3148,4284,4196,4873,5243,5263,2585,2413,5410,6833,2110,6473,8636,8047,332,7628,7613,7535,6759,2681,2223,7166,3788,8680,2512,5151,1858,9584,1752,6384,270,5578,5321,5034,2819,1731,6748,391,3516,4238,4551,4396,9714,2445,1129,5826,4885,7275,5637,3758,8581,3151,8236,6751,2600,5827,5805,7478,2018,7801,3442,5369,4945,4296,4118,5222,1349,1028,3339,4214,18,2632,450,3020,146,3384,9875,3580,9976,8075,500,2289,3470,5792
8269,6387,6736,542,2012,4416,5233,2630,900,3909,7069,6085,758,4688,7936,8399,6012,734,3172,2104,174,1392,5532,4003,7284,4422,6317,1307,8467,6062,2053,7207,7808,4125,8925,1514,3012,6978,7463,6275,2734,4673,3622,9585,3753,4584,1916,7089,895,4951,5373,4799,4927,2226,2943,4544,4383,1800,9715,1936,5695,7467,2636,7942,7594,517,3107,948,6912,4012,3317,3760,8201,8504,4242,5648,4933,1185,3405,5315,3043,6340,3232,1295,5084,3586,1167,1231,2080,3510,1901,6701,9876,2831,9977,8062,1557,1781,4628,3844
9232,7242,5598,2928,8456,5341,7834,1689,3325,5164,7597,4498,5749,956,2922,6659,6883,1471,4174,3917,2182,2238,1444,2394,1281,4599,4930,7875,3412,9190,3465,9399,7769,6063,4729,1598,2935,9127,2396,9084,4517,5394,3021,9586,2834,8124,4306,8248,365,1180,6754,4931,5851,6480,5729,735,2918,6106,9716,4146,3724,8775,8530,2722,8187,3160,8257,684,9041,6823,264,7171,6875,7667,7364,8382,1862,5750,8103,593,4580,1563,234,3901,1164,2348,59,578,5791,1026,4134,8350,9877,1487,9978,6741,7774,4363,1740,5460
9233,8760,7162,1476,9147,8676,6179,3446,608,1640,2074,7354,7355,3501,5442,5002,8786,2290,1842,3389,6382,2903,3998,4332,1279,4719,6621,8899,8576,8916,5873,9004,8767,8409,7932,1668,3024,9276,7404,9491,7029,7030,911,9587,5874,9605,2937,9623,354,528,7235,4687,5078,3596,7227,1520,6188,7295,9717,3732,8183,8908,9734,4832,9101,6380,7181,389,9042,8594,31,5784,6485,5929,8068,4226,4863,7133,4213,479,4041,1247,210,1123,2024,401,116,3522,7172,961,2412,7802,9878,8442,9979,8304,4758,249,1879,4684
9327,7618,5568,525,7824,7925,3034,7994,1505,4322,9057,6613,6037,9352,7453,9063,9374,6143,2205,3851,1956,3888,995,6045,3090,5824,7462,9256,7731,3377,768,9035,7809,8598,9273,5193,6256,9453,6592,9284,3444,8665,308,9588,4665,9090,7989,9624,8013,1653,8931,9094,1944,2500,3790,3456,5740,1272,9718,6553,1573,5436,8885,9740,7196,3519,1254,7306,9758,5345,369,9105,3618,8283,7859,1447,6054,3432,2510,1803,5221,2009,5974,1062,2234,759,32,809,4215,379,22,5198,9879,4255,9980,9225,3989,66,2837,2994
9328,8842,5698,276,8045,3747,4316,7285,842,8063,8833,5037,5383,8317,7070,9366,9065,4713,4895,2969,3173,6714,1591,5169,4291,3356,8230,9382,9386,4137,1838,9400,6716,9417,9197,5073,6271,8965,5372,9492,3726,8930,446,9589,3947,9130,5543,9625,6014,782,7106,8589,3072,4532,6631,5669,5407,1482,9719,6755,1197,3685,8666,9741,7267,6664,2112,4495,9759,6981,265,7920,2119,6367,8978,1276,2626,3877,2995,729,3979,2790,2554,349,704,4369,47,1690,4848,501,11,7934,9880,8568,9981,9115,4407,67,2166,2002
6545,6804,7016,2655,5297,5089,5556,4486,3454,7911,6225,1507,3418,2430,7675,9367,7314,6187,2835,4336,220,474,2992,4534,4536,2982,1626,3951,4411,3122,247,7247,8207,7272,6100,1495,7115,6127,6980,8367,2902,6321,3180,9590,1355,5376,1717,8439,584,4302,6900,6617,6207,5179,3635,3791,3084,1891,9720,4711,662,6567,2016,7006,5449,36,7170,7846,8476,2168,5581,7377,7044,9783,3768,3676,1498,6265,2022,6433,7738,6732,4211,3461,1853,5632,731,798,2196,4887,913,1894,9881,290,9982,8189,3047,2852,4491,7280
9176,9235,7924,585,9343,5389,5629,6403,2957,5922,4647,8923,7898,2775,7873,8009,8942,6103,6174,1992,3330,3772,1737,3282,606,3154,6306,9030,6031,8407,6346,9401,8538,6138,3761,1299,7234,7240,8706,9493,2377,8681,513,9591,6647,9606,2748,9626,575,460,3498,7424,1965,4641,5322,374,4999,7376,9721,3910,8739,5359,5064,9099,8828,3681,5444,242,8648,8627,274,5301,2547,8641,7331,5023,4671,4704,3390,912,7819,1390,2549,2533,1897,3080,160,1650,5650,61,906,6491,9882,6781,9983,7323,3860,107,5507,6902
8360,7758,6928,1022,6671,4796,4135,2108,6499,4789,6666,6921,6792,3506,7239,8030,7927,7782,3744,3058,2613,4723,5393,2038,471,2733,1976,6642,2747,9031,4680,9402,6332,4926,7812,546,6603,9277,4071,8278,1683,8647,678,9592,6931,7105,6760,9627,756,1819,4200,4838,1597,3977,5067,46,3286,5511,9722,2375,7692,7830,5109,8740,7098,1159,1998,6443,7772,6408,1851,4086,1822,9784,5869,8416,5316,4060,2224,830,8188,1002,3001,6313,2555,3171,77,2217,569,103,2235,8420,9883,2536,9984,7652,5531,779,8861,8479
9025,3782,6784,314,7724,1999,2054,5725,5975,7223,9348,2965,8511,8813,9353,8844,8088,4751,1347,2556,3311,7545,3664,3779,4044,2228,7474,4550,8637,3937,2864,8961,5904,7179,9421,5863,5418,9454,8402,9202,337,6822,1938,9593,1984,6422,4159,9628,6190,1864,7639,7417,1736,2383,6778,4515,7623,3955,9723,5334,338,6684,9214,4359,8393,3327,1451,5572,7558,9218,428,8414,2782,9785,8910,1096,6961,1419,418,1722,6569,6506,9175,2909,2072,4882,301,297,1181,328,72,4957,9884,3079,9985,8947,8937,175,9315,4706
8782,5406,3887,442,9148,1804,4485,2707,3179,7549,4774,8085,4223,1896,4356,7844,8763,5745,4327,1526,1570,1518,2407,5526,2522,4639,5876,9119,3871,7436,3275,9266,9270,7570,2582,1217,8819,9006,7733,9494,3813,7829,2162,9594,5552,8390,2349,9629,211,1329,688,7160,3270,7405,1059,3526,1788,6730,9724,1253,4631,2181,8220,8565,8001,2203,8520,4881,5306,5522,2889,6350,4339,9786,8629,2783,2690,7197,8166,142,9174,6198,6113,3556,636,2421,213,3750,6955,168,10,5311,9885,4206,9986,8258,6665,891,8981,8007
8106,8632,5501,534,8586,5279,4379,4393,2478,7659,4672,7647,8316,6214,7611,8845,4504,5925,2718,1783,4874,1872,5230,2592,4558,4417,2686,6699,8703,1675,5364,7113,6511,9196,5400,1777,1775,5086,7828,8928,2333,4510,774,9595,7555,7787,5319,2997,5241,4181,3135,5462,1835,5384,5712,4856,3210,4576,9725,4096,5825,6901,703,6044,4292,4437,6447,152,6916,8839,163,5616,3293,7394,7946,986,6444,1294,2720,5953,5786,1214,2117,1073,1922,1006,20,2319,5090,851,2139,5149,9886,6147,9987,2812,1308,728,3912,7174
8940,6651,5918,191,8119,5539,6114,5104,1148,1871,1660,7524,6929,2939,5060,9153,7460,5885,4402,3826,5686,4331,3037,3831,928,3693,6838,6667,8468,5599,6839,9267,7592,8116,5679,1904,4649,6968,5954,9495,1143,8856,658,9596,6474,5108,980,6834,5031,825,4494,7466,3128,3468,4182,1833,3569,6111,9726,1831,1439,3834,5478,8162,7642,3499,3610,7679,9134,6774,2736,5424,872,8809,6375,3011,322,3207,2175,977,8403,3899,4619,2136,1243,5567,113,1909,3615,457,117,6308,9887,7519,9988,8050,4342,677,5463,6330
8812,7923,7185,376,8242,6194,3439,6625,1945,6164,5971,7494,7356,6372,6500,9248,7743,2374,4474,3211,3361,5038,4042,5314,698,2926,6542,8466,7732,3099,5978,8792,9075,8835,5370,1077,7385,3170,7054,9496,1315,8753,666,9597,5905,5768,5284,9297,2061,1241,3406,6248,1467,1524,5536,656,2726,6078,9727,3358,3025,5292,4119,8488,7428,3682,1815,7348,5293,8413,2955,5943,649,9787,8744,2542,1678,2150,2295,1043,7871,3003,6599,4853,1917,2033,133,2006,3233,228,275,6708,9888,5270,9989,5709,2941,34,7992,7668
5525,5024,6818,327,7303,60,3559,3725,3105,1175,8481,7561,7039,5234,6824,8526,8405,8846,3731,926,2420,3124,2341,4439,3369,2519,6678,8362,5577,8536,2003,8944,7208,8903,6985,3056,4952,8615,6415,9497,507,8100,2194,9598,6717,2829,1126,9630,1339,2272,3161,5844,2142,5575,3678,2450,5700,7757,9728,2925,432,5755,1786,8838,8394,4489,8082,841,8522,7033,343,5398,2360,9788,3706,1850,3489,2614,3213,1613,8810,6809,4430,5737,1522,5403,37,2911,5701,1035,816,3915,9889,6996,9990,7860,7861,845,8685,7270
8869,6412,4934,3322,3840,6158,8572,4878,4188,4236,6359,2561,5482,2174,5504,7002,7862,7654,3464,6518,876,1926,3353,1990,3718,5615,2664,4344,6886,6728,287,8388,7637,6827,6320,414,6429,8917,5342,8929,5717,6877,6565,9599,2826,7484,4133,8719,169,5620,2124,3176,7588,1603,1755,451,1377,2165,9729,2668,715,8825,5587,5273,4890,591,7670,5450,8357,2404,4471,7277,3714,9312,6917,6598,1795,6376,5347,5903,8608,1726,2983,4987,1937,1050,352,1099,1051,987,653,6090,9890,1264,9991,5029,3303,3863,8894,8329
9234,7243,5238,1141,9344,6672,1420,4231,2823,7051,3186,8109,6922,4343,6641,6493,8152,6991,5351,1140,5739,4691,4064,4982,745,4549,8170,8017,8375,4053,7004,8692,8560,8752,5985,4503,7454,9455,8472,9498,5839,9165,800,9600,6669,7472,5601,9631,1083,1519,2207,7391,540,1829,5476,554,4281,7580,9730,1351,6328,6964,8380,5046,9743,5689,5816,909,8326,9219,25,5852,4385,7631,8745,834,3842,6335,5402,533,5248,1969,1205,2498,907,664,124,3670,6722,1796,527,7528,9891,6483,9992,5523,1711,304,2178,8491
9329,8033,5776,880,8509,7050,5130,4438,3168,1248,3013,6990,5387,3101,7551,7552,9375,5945,4095,2357,2271,3304,1774,3379,603,2688,7187,7977,6924,9032,6243,9403,5479,6925,5902,1033,6181,9456,7225,9128,5828,6770,637,9601,3809,9607,2184,9213,95,797,2589,7762,1398,3598,6718,182,4391,7663,9731,3354,7370,7763,5250,7799,8805,2658,6653,221,9135,8164,858,4830,3601,9313,5420,6095,4857,7625,4446,1298,8419,1327,2552,4509,2275,594,100,4426,5459,79,3814,6881,9892,4104,9993,5906,7548,413,6957,9227
9330,7962,6533,7626,6903,7606,8204,910,4073,6266,9058,7804,2056,7177,5563,5676,7676,4232,5977,8053,1250,1170,7121,312,808,6397,1374,8055,4841,8990,208,9268,6764,7599,2211,91,5282,9457,8774,9499,7455,9166,5353,9602,7213,7490,363,9632,78,5226,8321,8101,7317,5042,7711,3850,284,8474,9732,3450,7895,8518,9013,3582,8722,3373,9749,102,5294,8441,87,7666,6971,7204,4948,8237,6731,7680,7583,497,6539,2302,5742,1363,2384,848,3,730,7480,2350,3221,4979,9893,4431,9994,6848,4893,5524,6386,7049
7319,6027,3108,4378,7192,4108,7143,3340,2026,4915,8493,6573,1606,2855,6856,8660,4894,5772,3478,2912,1408,1410,4191,857,6039,4818,4234,7027,3806,8959,1233,6682,6524,1991,4880,3868,1121,7600,4625,6813,1834,7603,5608,9603,4522,4862,697,6129,261,5467,5962,2531,7202,647,2091,3878,3500,4557,9733,3710,3508,4846,4724,7296,6034,4419,7276,1125,7260,8327,1646,6504,7203,8628,3271,7514,2330,3068,6125,657,5348,2454,1604,1360,2515,1189,130,1865,3126,2366,1234,3503,9894,1985,9995,7336,1541,2402,6540,5396
