-0.445773301698212	0.783558853004701
-0.259519045504361	0.311298785202351
-0.212337997683547	0.233446400330275
-0.318461530003208	0.28265935326905
-0.553354789049448	0.671501870308895
-0.861391373369055	1.16370130090832
-0.581562753390853	0.758291520159189
-0.235722293558882	0.218236561904265
-0.58303986037559	0.78627384085011
-0.192165903283356	0.301487331251595
-0.718757691439297	0.995267800086524
-0.929576819397278	1.30963645695656
-0.553047289485795	0.748369504067638
-0.392712379628132	0.473274894948607
-0.711980312366659	1.02400674488145
-1.08451470358563	1.49329085163869
-0.244153314436794	0.277872873291297
-0.770671652651568	1.13091472304917
-0.671602920202468	0.8655188343859
-1.04613579446267	1.43465002380835
-0.133983060876725	0.159064716963989
-0.644380146897833	0.887809904858494
-0.299773768070235	0.408200126880616
-0.599489850138518	0.844361954118318
-0.351567391393721	0.550298594644574
-0.297505118365381	0.384754906109252
-0.772083065261585	0.898513163018387
-0.605560677155557	0.720084762907438
-0.562944222324957	0.789538976079667
-0.822429204430901	1.13143839761616
-0.674637638367679	0.824522027513638
-0.959896462045817	1.40063519083914
-0.570691806666527	0.868560886651051
-0.835116037043905	1.16394595692583
-0.947323145488442	1.33253425100278
-0.423696395866035	0.551637036489116
-0.708935804655212	1.04206925891287
-1.02844411410908	1.45406037006834
-0.626623961241134	0.862904895701106
-0.681178294702854	0.937405960049034
-0.567941629734943	0.734991088930365
-0.922258390537486	1.24160194691909
-0.758944336658047	1.02140856722838
-1.0038203923732	1.34952028171555
-0.893927743212114	1.17388358722953
-0.385305290274507	0.425944056026003
-0.650508566675139	0.869239675857244
-0.129261990978484	0.1481091502322
-1.00252094627566	1.44144294373011
-0.643252447916121	0.778323893048998
-1.0482122153759	1.4521523880978
-0.4830497866812	0.617742736559243
-0.285638021604645	0.341063169982913
-0.696423315790638	0.917347995279564
-0.45697199481724	0.62426170464832
-0.498801506413676	0.609627268587316
-0.48990673045119	0.655858299121044
-0.114052071513837	0.136113146085758
-0.329326900171538	0.46618834685879
-0.271129505178937	0.332304560355237
-0.626235975143517	0.79537069076633
-0.73962090830842	1.05128946627433
-0.919315861302402	1.31219347688303
-0.912781272506622	1.2558166530229
-0.323209544216476	0.415698258315846
-0.913373074742076	1.31078902577305
-0.535146731286047	0.803680544411014
-0.6607281316352	0.974286322133225
-0.691465052722398	0.844208249377065
-0.624809279813796	0.790209957304603
-0.667506912971044	0.842518836810725
-0.563433526050982	0.689230616027047
-0.632472551545873	0.978574923926117
-0.128733855809395	0.183187030635454
-0.388312666638421	0.556086296981774
-0.961817287014023	1.28890524905833
-0.195626087118741	0.224024988942971
-0.550202776781432	0.714893901290001
-0.49027862194321	0.597508521638202
-1.05943690222027	1.511036811949
-0.339170446652637	0.460915916999422
-0.548335289954073	0.773857687666037
-0.230078104295578	0.217706807566585
-0.623433991221721	0.685747584024935
-1.02573539667258	1.42457411984564
-0.86169537096222	1.33463048468679
-0.440281035226296	0.558314134980621
-0.488917092815719	0.698746666719888
-0.972110716203892	1.15666143926166
-0.147517704180516	0.181367306303554
-1.10297425513312	1.51631880063614
-1.09081468280654	1.47528981277774
-1.03594227891794	1.39089953690534
-0.988460896220394	1.39958587945126
-0.645977256699169	0.841271266301233
-0.991458133117349	1.43328947912962
-1.17041830418694	1.54659700217393
-0.159018874365896	0.234405833578189
-1.07207958371697	1.46738810732112
-1.09799506415599	1.4845410046206
