-15.064551410151	15.3655387275692
-2.67260824945071	2.69895281008182
-11.2700159348071	11.4492142267847
-9.10528427066814	9.23783872284041
-6.5715927858665	6.62141519010961
-12.3825032131211	12.5991965497207
-12.113473110197	12.3516823235011
-3.414504920086	3.43114162077034
-13.5170855812636	13.7795588447156
-7.30932078756605	7.34567024389663
-14.803513817153	15.0681475822877
-11.8794284235745	12.05783889319
-12.2683825183747	12.4696184354645
-8.44705694916461	8.61975161215471
-16.1066465252015	16.4036146966456
-4.785861357726	4.84878323832137
-8.59667313146284	8.7113843213456
-10.2761797781819	10.4866773036116
-5.65515088504323	5.80249394728087
-16.8178282253786	17.1544186751072
-5.93422180607221	5.95041460658948
-3.04221592183468	3.1654061882653
-16.957958878702	17.2479148069155
-10.1044671997605	10.3088799973705
-2.77064517080736	2.89782997568304
-1.77192260051155	1.784583719931
-3.69338647802284	3.70916658034696
-15.7547025922958	16.048033381068
-13.3640176070428	13.626935627829
-16.1777119177595	16.4312690325763
-11.6517197036512	11.8669628716863
-15.9614712041607	16.211530959028
-2.5447521677262	2.57947817628399
-15.9078060405859	16.1863596814683
-12.4626529068602	12.6885213783914
-8.37455164044813	8.56698930165353
-11.896081604228	12.106975350591
-12.6425564027937	12.8697264933663
-10.210256270265	10.3818539252942
-7.75270347444078	7.86667222292213
-2.25926299053157	2.34326793589464
-7.11504071846322	7.20200476133344
-8.05740181128842	8.18221797113026
-17.0476158058978	17.3420023972717
-16.9931981478055	17.2967855008051
-0.287732392681026	0.291148966738276
-3.52189934466211	3.56540755023609
-12.5875879973154	12.7834895255417
-10.0838889672178	10.2505842414962
-10.9980700917284	11.1664117781277
-6.37866310438498	6.48792301771653
-16.5578930867521	16.8476128677254
-4.1733873457208	4.19670251929027
-9.91634383939117	10.1323505645726
-14.4737238556264	14.7056904272239
-3.88493628457084	3.94445373876978
-10.0689881808503	10.23396420826
-13.0379995372111	13.2840001067804
-15.9776561083858	16.2651511263159
-14.4747560346125	14.743700770748
-14.3570940973941	14.6031717187624
-17.109075255887	17.4069005380413
-9.42341331676982	9.58458403016088
-6.58549543496863	6.70814175544072
-7.63027510625586	7.76023354050035
-13.7110013682726	13.9973020919619
-6.37199558596421	6.55346616900664
-5.44200459050874	5.52304506918789
-16.8246942504366	17.142353469921
-4.66831426900942	4.74053801590408
-4.84016553114915	4.91102127634581
-4.43160724257743	4.45410553980351
-4.03806485699275	4.06747608815052
-8.28168931402466	8.42279553570289
-9.0469548599881	9.18003339211469
-4.76116847227732	4.83547346417936
-1.4356827971967	1.51717311109002
-13.2980022208756	13.5061979113082
-11.4143019491984	11.5901210290694
-8.07131093470733	8.10352713553907
-8.63504505537413	8.80864237281254
-8.16455455520602	8.28563087205726
-13.1517609545643	13.3920671457154
-4.11214856186756	4.26747379482118
-6.78395506087738	6.88857613554948
-14.7219466408341	15.0130168583416
-5.70375711209186	5.77765287858254
-11.6462773995092	11.8972173478554
-7.96293406444658	8.22216133268952
-11.7388069689458	11.9296906864158
-11.7978244037711	11.9378880389778
-12.3931500778831	12.6259833293274
-12.4274859649111	12.6673656487106
-14.9029658376302	15.1311291443184
-16.685503867518	16.9843695398802
-16.0435081203651	16.3034276847194
-8.54417841262469	8.72866340897216
-16.5378856642407	16.7895983877006
-16.9071893705369	17.200514250369
-14.0052902615084	14.1935268022756
