-1.74424697938625	1.97627432115913
-1.69441338760998	2.01365137553885
-1.30252411015198	1.48739788225282
-1.88424810952913	2.17095812450716
-0.64659846974622	0.747896193613792
-0.808831977372623	0.935597788348509
-0.0307422034858383	0.0313539760627149
-0.866040241107629	0.96063072032441
-0.0476438488455781	0.0510049452818886
-1.53553559903962	1.73844368833349
-0.415402476194501	0.534094630375219
-0.393364788905603	0.493732559685767
-1.99411323718339	2.27189648844631
-1.19952461934546	1.44612440726144
-0.160919459417777	0.184948922373635
-0.15696312703578	0.145992872768549
-1.60663313596924	1.82403223995766
-1.83601016080593	2.0428780699588
-1.64422574741427	1.85653165809156
-1.68025017445545	1.91274118545278
-0.403751033487347	0.436311094665297
-1.67435299394547	1.93882438850425
-0.278078359299272	0.279877821941755
-1.5636388388371	1.82013581146343
-1.65054979399973	1.82104174121106
-1.7721248175103	2.10038898250915
-1.9552696531845	2.20824236755687
-0.551590424857263	0.577562248961496
-1.74925176331851	1.99267090910844
-0.560886307835631	0.654245222513165
-1.47513414981027	1.78072357616898
-0.183732692342874	0.159463055038622
-1.86798573764243	2.11939018385425
-0.585730925826438	0.731725783999809
-1.10849768810248	1.27742646982316
-1.40271011567583	1.65631160873394
-0.507441532838358	0.522990042321797
-1.85936270634751	2.09178993636788
-1.87158060538609	2.13914392184884
-1.67988754236557	1.867250097951
-1.42315058630485	1.64791831588276
-0.109836897270968	0.11340765670149
-0.26501288728399	0.280460920425753
-1.72463923177242	2.01325037658413
-1.80620269660231	2.06344621185255
-1.92078534939452	2.18598757132955
-1.91679879701196	2.20483843060953
-0.250438075260325	0.331636275410862
-0.501008921367972	0.505982605474478
-0.682513527784676	0.668872081201585
-1.79516973635798	2.0729128639221
-1.93557707651892	2.22816561807489
-1.97400469352789	2.25132823554471
-0.946597185663726	0.997446517191303
-1.94142766701995	2.22704266320474
-1.86738055308303	2.17874189215423
-0.501154765258094	0.544209068696811
-0.497092820001309	0.614168849108443
-1.20105834476732	1.35927244878418
-1.6912558156058	1.90085694921285
-1.07440255615213	1.22918344933573
-1.01427032305565	1.15752007682964
-0.0868045461815881	0.0892057017328797
-0.380853233188268	0.444756022332352
-1.06005525364397	1.2647750805093
-1.94335259710301	2.25217197978404
-0.407905550106932	0.456676963838736
-0.136104905522639	0.126434964736408
-1.50917551041284	1.77225838395913
-1.41104132373057	1.7639084117595
-1.71066280335333	1.9140546945298
-0.219520779307376	0.298870119373836
-1.88421036545413	2.15289304547391
-0.399592206745245	0.423575930909313
-0.100535433693403	0.111391475594306
-1.18670760902158	1.34604199270081
-0.289594273440957	0.43059843513125
-1.87942366484254	2.14649790400276
-1.77179058401077	2.00456085074351
-1.84357282676686	2.06518444365401
-0.234305875611683	0.243055415148133
-1.04603567856251	1.12088698738326
-1.32775499266625	1.48896244051362
-0.416835302092934	0.512553947565781
-1.84778854715807	2.05722889076269
-1.80655230214584	2.00654202007241
-1.78720243036453	2.0023219866071
-1.75920790429024	1.99269230350871
-1.98626929718166	2.25056317350498
-0.0587996190230561	0.0655428229676526
-0.15383387386613	0.159773075683522
-0.121127680017801	0.141072700783267
-1.55148484932604	1.7783651256735
-0.400575949093763	0.446337093658135
-0.634777374152723	0.858296026751093
-1.30710755491984	1.56706649883654
-1.94763398648062	2.23845115781807
-0.311402125046964	0.300287874315958
-0.41939733171291	0.39498720513511
-0.0205812672654834	0.0258395759871511
