0.00280672867756664	0.00474128876980313
0.000594407467490144	0.0015761430600624
0.271126946602547	0.673938325051724
0.00552604346500208	0.0293736146817161
0.0188970248182166	0.128376288493264
0.244743596702692	0.590664808522209
0.164808065113676	0.445671601918598
0.145972353501906	0.360379247580857
0.00544746048398652	0.0101314362536155
0.267929519953521	0.665747388116089
0.262870913471979	0.637993690184021
0.0146849230907001	0.158472962986923
0.251191027950359	0.519367725825408
0.24176388296249	0.413813872863921
0.268848439184276	0.650558498966921
0.241437559923347	0.560975347924959
0.211163577829443	0.519875307323137
0.268624084709261	0.678577509262292
0.258468379229426	0.500018108253301
0.185630027495352	0.428829391814881
0.22898908253461	0.566979906913773
0.273011744138356	0.664654377522684
0.258142106509765	0.507772744712633
0.0149633214053226	0.118975968396392
0.0112251100838568	0.0387692828724945
0.0638041550981208	0.161510560612147
0.271035071664841	0.691802663349207
0.14031158514873	0.205478742651074
0.0764637068804113	0.212174952272934
0.247721547458761	0.440539405316104
0.0392818686464186	0.042766274665294
0.269173383741725	0.679378460208284
0.0736405504089618	0.221751816971514
0.250107380214507	0.632404340744495
0.2761290819155	0.685891652775013
0.272763426293793	0.67550268982168
0.14306732533858	0.318009725652407
0.226301168391046	0.574224773944393
0.166216328449432	0.44905286871041
0.0185926950511349	0.0514607562879248
0.00859423247409507	0.0131257579246197
0.270878024121975	0.659921208572306
0.00941995187597416	0.0555411550437631
0.0831289584574774	0.206726720287144
0.0401735538151628	0.202079295436255
0.150769608020804	0.385631648805197
0.110523564171136	0.396344382399692
0.00226542073169714	0.00385596806180033
0.232162527105477	0.600314790645026
0.261610999265487	0.582882220469438
0.108499167818562	0.457673318577948
0.0229208433189642	0.099108246629319
0.270177054309503	0.639228697758534
0.266969429556419	0.568517771785861
0.185559383003994	0.508924770424253
0.00971239582063415	0.0577582290597146
0.257032604023966	0.647000226403012
0.271406483691206	0.674055747767657
0.224973975530069	0.597211276428234
0.262005109143919	0.630268141546016
0.257725992301207	0.626162002455194
0.192796207667322	0.571089454296704
0.00620106899041901	0.0124192312863919
0.108611541899166	0.289975046354631
0.253794869448682	0.53311301487688
0.265269215880261	0.683581115212615
0.263906678017528	0.655657858140752
0.26362043990285	0.671844576212678
0.249691018981811	0.69708580540443
0.156237448863548	0.334590920928137
0.275581675948696	0.659532859246176
0.00466581647311367	-0.00198999531841876
0.208254413613701	0.562053217645408
0.20877690079794	0.51304981468247
0.200691510252162	0.493099269194314
0.0297173332005869	0.0651334347872217
0.266723466121528	0.607423492089905
0.0190573995221553	0.029251029113806
0.175711920529448	0.415643440888218
0.139668195390193	0.364221322145583
0.0466163900301882	0.250747521931962
0.217521920875688	0.57831849355681
0.275628085498668	0.673007306414243
0.0691485058735595	0.171253097005087
0.114927304071284	0.255119576076193
0.0821068247382767	0.179799769416535
0.0962907292220942	0.201006168905233
0.107249350319079	0.199061066666194
0.234622555350605	0.630714509568162
0.0814281799704477	0.207077005889756
0.0387307527879323	0.132459405507475
0.130421773831822	0.309637088921325
0.272578005910119	0.680551923660957
0.139417119928282	0.421634220223889
0.127706551913404	0.240585385543737
0.272536570266259	0.678772086914196
0.0215577719102362	0.0940885785196924
0.0821130828857242	0.191301692964669
0.0626845549392738	0.116667225645039
0.0974576274569593	0.252488923523185
