0.16789286157552	0.195515970233814
0.04780955163909	0.080336947656377
0.0308370341380987	0.0478526836631131
0.0236552892448206	0.0463440731526477
0.107398326462423	0.270475428653179
0.206218719357502	0.388117073888318
0.122925579130183	0.26832816413862
0.0245250477567845	0.0334604140544211
0.14607903430097	0.231759965495901
0.0812715451654343	0.148206359572993
0.174555256964621	0.298764122706806
0.247781505782737	0.406824711365919
0.12687040435589	0.211260506019654
0.0592557254996146	0.0663861820937845
0.184457578596223	0.314684583651159
0.259913652510816	0.531303197390196
0.050601182676708	0.0779843302636155
0.237079000108741	0.51916065011188
0.160370441642228	0.270643597128281
0.256217675818998	0.528389622771812
0.0555049284514733	0.0789974709674798
0.151198073797156	0.294852157128869
0.0925681996280476	0.134025749376546
0.167126611032965	0.267203500642509
0.125985376671666	0.18216421671547
0.0712809971446127	0.10422177620633
0.142642992574045	0.219905670881432
0.0987659710849993	0.154230943905771
0.13510465127405	0.266961594060268
0.191739516125852	0.341910396190612
0.110756680772336	0.19751462388122
0.249019670624053	0.502256923414407
0.18689886186022	0.334090231923133
0.23668924674966	0.440778059092803
0.258102398225915	0.439906550632587
0.108544059289705	0.133913206171758
0.180120076043319	0.340625312734851
0.252136878414333	0.416649986499891
0.144158026319931	0.286431827482691
0.16010838227863	0.291501416121495
0.0954769454375877	0.203080387278347
0.203222462588125	0.429330404736668
0.171826494771628	0.332458492144859
0.216046278892645	0.433254161295117
0.208547533043776	0.366720486062581
0.0735859161515299	0.0657837010453674
0.141566523494342	0.291178641334024
0.0305294497203069	0.0677383322382549
0.250412626986793	0.456260844876741
0.134356268834535	0.187842628263002
0.251453933935486	0.515812099266434
0.114753607298528	0.178158770634279
0.060146271591855	0.0751771464931383
0.124380241687251	0.322827244018664
0.125718862514915	0.172376218263095
0.120012157597253	0.170087123077261
0.136548697356616	0.168680180932916
0.0134350251893303	0.0271916805675637
0.0759051990627942	0.202815590814328
0.0558225830374127	0.138885463943393
0.134527420760418	0.199511949914932
0.197191232821689	0.330282339603249
0.213385347628021	0.393928442591689
0.200163428332537	0.368926394591424
0.0739121323804449	0.106709136847406
0.243060779148172	0.42911987026918
0.129538849132089	0.276384079161033
0.174768235876229	0.349261413724867
0.140319397908148	0.267437657626656
0.119762266227827	0.229024871108187
0.115307654527792	0.186518653008679
0.100665294896011	0.208386129568144
0.209126388737402	0.436616284693792
0.0258203129910904	0.0632200383434339
0.0772696387999874	0.155704435701292
0.239638484128232	0.402661396747506
0.0248954332829427	0.0302310027653377
0.123887571953991	0.267125311078483
0.101272122663322	0.201864976656095
0.258870933251225	0.395118496786297
0.0787874992849388	0.166561959354389
0.138522474933368	0.295206039586674
0.0185914746792198	0.0479812443024013
0.0850848669441739	0.250942570638816
0.252658694514917	0.481256149712386
0.263904672505992	0.46040701870441
0.119014506488899	0.207051697788161
0.0880633450197239	0.222608669253245
0.171966807249704	0.312013560465063
0.0395747075048418	0.0804303985669893
0.269397046386014	0.480804761880747
0.251623530007737	0.421466128293931
0.234786708687301	0.505182681080429
0.267853158132398	0.528816607550086
0.128467756073085	0.360150432165345
0.264077801492243	0.497587668553631
0.268804429033695	0.453057713128313
0.041327193237564	0.085435980806717
0.25566583848915	0.518166375133554
0.263064561472973	0.488544400308563
