0.665312928621914	0.202379332324425
0.0528144069261958	0.0221917375287735
0.345218291605184	0.140449552272357
0.554275479808986	0.141016167498565
0.273473942158216	0.0860738744001445
0.408039069362387	0.130699475030131
0.468795286134516	0.138441687510774
0.159284161454915	0.0265220461736722
0.512379259805455	0.169601979995158
0.164757633659702	0.0633272953865274
0.537565543924022	0.1787863315497
0.433168732446769	0.170835197304686
0.423049769007027	0.153502427037356
0.277439171860527	0.104155732819659
0.578139391927353	0.197450043915949
0.118960355414192	0.0528464658743805
0.345025706330624	0.106327455289356
0.45784596683098	0.132814091029987
0.243825005399683	0.0692702851583328
0.661868180190325	0.204242756258854
0.114511529183171	0.0662319795479978
0.0900045812093943	0.0115550001008762
0.607369057506921	0.197051013525149
0.405097334316568	0.114360090141416
0.110866099501846	0.0118873443536273
0.0566874613427548	0.013450176685509
0.0745739808186854	0.0424989918863212
0.55760325916514	0.203120373943976
0.503863073528827	0.157456828662259
0.487819199701034	0.19423526661483
0.506451049868935	0.149132827879832
0.535404835615254	0.200125762733797
0.0865648749022417	0.0361726062017103
0.55991865952693	0.19731446835293
0.469603080610001	0.161725857243169
0.286688908239415	0.0971433866748889
0.504019231158176	0.14095579218287
0.470972760382311	0.149762062017511
0.49890948900696	0.136538438551451
0.220117430042556	0.0933699519229524
0.106258571401571	0.0115842127495672
0.189139423574497	0.0588336052080463
0.242352088538793	0.100001124238156
0.667013933507427	0.203737772270721
0.64318175706567	0.202100698295846
0.0167368721506161	0.00460466884836683
0.163763426439774	0.0389102463007398
0.45400010747065	0.135530917000123
0.361115055369642	0.126311172306298
0.451274005065097	0.153863922409021
0.218518219297524	0.0697163566418051
0.518667529032095	0.187046816306172
0.0957386288541605	0.0272618547122278
0.525205397558174	0.136323036109666
0.513947769035684	0.173240261472131
0.0673367319784055	0.0341225856350169
0.396857097629806	0.122680064034988
0.533007529994732	0.160893215183243
0.596928185815768	0.198487481664185
0.576853532748119	0.166246592706023
0.544716018983327	0.164074330829401
0.653313695521921	0.202517717576847
0.380948637151352	0.113014283097839
0.250910485722024	0.0740148964595764
0.271207423334979	0.0827525788315089
0.521650477132511	0.155891359375517
0.315614695850394	0.088255849482332
0.195465998017169	0.0721596614806754
0.677700785408861	0.199199182282632
0.151392975257086	0.0580535764408451
0.162011191422698	0.0546611580177671
0.11548598906678	0.053314065701941
0.0876892332275578	0.049934782525431
0.369882921369603	0.126542778964205
0.386702816316969	0.125322937379633
0.192727708511936	0.0477448305087011
0.210708730879896	0.012122002496249
0.415774103939657	0.151643394491956
0.25980972557722	0.133498378168329
0.270813118073138	0.095237641577183
0.312638939644662	0.099331141286504
0.356161180254163	0.101042132937699
0.5092102791301	0.157488657533676
0.145316529474054	0.0399225407051286
0.211631253079835	0.0889772601374999
0.357734038832067	0.177763827735516
0.209507378660582	0.0693735233744603
0.515884920090891	0.143063047049098
0.368595802827129	0.10097059125489
0.507485912654546	0.152457195185769
0.373688492800702	0.138928946699406
0.433180203798014	0.130598099852443
0.477363915177181	0.154682302075741
0.516320397381403	0.200592572090391
0.584179823393814	0.197141316273705
0.593050632118275	0.202840013760046
0.333530814298141	0.0884668311358679
0.503954997805438	0.192577374834943
0.437022051907333	0.194099155011057
0.632862492381667	0.202169395697408
