-0.0112382780273589	0.0157663917867392
-0.00148738975123932	0.00286473593737228
-0.692966941937729	1.3205818034202
0.023392871507978	0.00823616507799181
0.138826984650269	-0.00101467389034877
-0.662321094507458	1.20996193877324
-0.341296193940152	0.762952505049167
-0.386574439904422	0.718258820849263
-0.0181171608590048	0.0286123863298554
-0.719383920685902	1.32264788956225
-0.698961921979017	1.29350669822259
0.21128073476821	-0.0538166790811243
-0.897586343886499	1.35111157875658
-1.00830582283035	1.37436402774516
-0.731193672666306	1.33179202042638
-0.733858128426184	1.23323113919436
-0.606785077129161	1.05758547869636
-0.670912219475841	1.30035922445572
-0.946725289113307	1.40350586453217
-0.559222090688041	0.945283555778405
-0.539741779635229	1.09506325138469
-0.720067445738671	1.34121412023414
-0.928487828705989	1.39198129145732
0.150580104869682	-0.0213466577489382
-1.67165969621132e-05	0.0415336473662225
-0.195270336984651	0.324186726025797
-0.68339449206786	1.31459442022534
-0.685325866015283	0.848105619620485
-0.141996888425974	0.345688429070523
-0.972958387565698	1.37864803852121
-0.228941779425149	0.255017167858412
-0.694747629647314	1.31406274599923
-0.0768700207013939	0.304318478629078
-0.627854845362096	1.21287020633902
-0.706399030826494	1.34477664316224
-0.702143450216598	1.33115263216229
-0.379157484084635	0.706580570673272
-0.551152900234758	1.08892195892043
-0.356288315267547	0.774278074806849
-0.0288125472285819	0.0819112262455595
-0.0385362149619712	0.0502513877351283
-0.709404360768814	1.32819711324866
0.0474666553208799	0.0101461142410249
-0.240257999009881	0.417186663856441
0.140059823396298	0.0742496485064343
-0.373306076755484	0.72821701488349
-0.0216082952692588	0.406914084657902
-0.00761637920542073	0.0119883495453977
-0.592199496966181	1.12860261709354
-0.80991443138983	1.34617187581578
0.123629727781193	0.329735025184168
0.0432526921974689	0.0609984617485454
-0.760462818929488	1.35158086350622
-0.872474458592181	1.39667197695242
-0.383139628117828	0.85798519581658
0.0668204650875566	0.00227129378762031
-0.652740453406211	1.24963491044955
-0.698560616081699	1.32487633594299
-0.499011586184162	1.05758043694163
-0.708367776046271	1.29638286773952
-0.700763474248051	1.27606821631676
-0.306235680116314	0.846538443726097
-0.026779186062832	0.0357324597595664
-0.23877211342256	0.509353153820273
-0.895093983806328	1.35880326323753
-0.674870649035128	1.28925218609009
-0.677956782300546	1.28762056146236
-0.710094866654076	1.30133660766836
-0.612811291539466	1.19727763896972
-0.451244842721055	0.790833030132597
-0.735156406127362	1.35765563242646
-0.0266454387293047	0.0312409263841961
-0.456674753896273	0.976051725768451
-0.521361836602345	1.01146924330896
-0.52059681480392	0.980546109592927
-0.0626324407169891	0.138598970174357
-0.810640144786596	1.36411637123875
-0.0484759175106321	0.0951597417551639
-0.483155507932562	0.872790558623097
-0.357161181741325	0.680257571309553
0.167030972594641	0.083332000327903
-0.491695275458288	1.02921087136662
-0.72200583904777	1.35172085767035
-0.178475734288654	0.338178457795102
-0.396453894352737	0.605348708753511
-0.284270984131037	0.435383820868928
-0.326822930159877	0.510369001036555
-0.413363564840882	0.592996086657217
-0.522596162661838	1.10408015585457
-0.187766595610464	0.38652116391095
-0.0198213598889682	0.149058381661143
-0.338111107765263	0.641538589921553
-0.704360840167597	1.33179466213702
-0.279696130590333	0.635472827620291
-0.399622970231799	0.666300885587251
-0.690712971946181	1.32432129613134
0.040175265083641	0.0575045523903216
-0.149167107645917	0.378458320933715
-0.215192561614789	0.336498060430971
-0.184736036648716	0.439489655867474
