0.226483690458065	0.633561748148522
0.225762160702835	0.74158328706621
0.155096037432855	0.508028867364991
0.233073649422608	0.747319618411857
0.081582862106764	0.257925492519188
0.0965748589734562	0.32864801267731
0.00391864208626656	0.00629931898973748
0.0974250835136979	0.301078218131771
0.00596122539192092	0.0135976624023519
0.177499563453525	0.577205431512389
0.0284716937792764	0.27404371336191
0.0408950644191614	0.224947907593988
0.242609560881499	0.763556637111602
0.1495846267562	0.572714841181273
0.0220029707753146	0.0612889393394117
0.0120993573410636	0.0218724327514451
0.20289392146154	0.595180072343803
0.231773632588262	0.620142093391183
0.217925489455794	0.581235488265649
0.223146229769898	0.617273971129188
0.0454250832161821	0.125364592340103
0.212101751912041	0.674930517676859
0.0245724584696553	0.0647557096190884
0.200602327101701	0.639330789520922
0.218056747018577	0.523376942188988
0.236081609734221	0.765385907276317
0.240379716264309	0.715428615955587
0.0575842818458716	0.151573677695749
0.227258946885275	0.650056803229748
0.0509673347436755	0.258137792328643
0.209353195303754	0.66872196669227
0.0111765870446136	0.0143214629154453
0.22915018840139	0.697400826685014
0.0801162464902261	0.305742944200882
0.138328542001892	0.439768716643757
0.177928781696365	0.610455417606077
0.0531978574225995	0.125836822622132
0.233328462185569	0.663005295128251
0.229121759789637	0.723408857552254
0.22089960703568	0.554744576291559
0.181144003568621	0.571504185750563
0.0144110980978838	0.0236213737874609
0.0312724384957802	0.072294222959623
0.225473321746458	0.708038888766675
0.231186511237689	0.684449679510688
0.238371011736781	0.724496208892002
0.237633034105974	0.757252874279646
0.023277713029535	0.171647734152238
0.0328838054331818	0.133493235699482
0.0520402069016556	0.146626064045201
0.224456673478206	0.71845102958124
0.239057998231393	0.768914141694837
0.242415071950389	0.75515273651289
0.0760023266642464	0.298797077281472
0.240814652748201	0.756923451000476
0.235682408010021	0.778310213914268
0.0633345339726561	0.150435492110933
0.0643159269302806	0.252620478506664
0.176947955724243	0.407001008952056
0.222349426261063	0.588803953137657
0.132468868977706	0.416066630055904
0.132613797304019	0.378289812214496
0.00941866455544022	0.0207286913022503
0.0437693597236404	0.162182261835668
0.129006036244224	0.490831365164612
0.242074234800126	0.791687524478623
0.0525119305608395	0.140752331650239
0.00994346204875825	0.019960924912781
0.189424172095662	0.646894593439537
0.195887230951966	0.737237793576516
0.225720988606709	0.581781317984956
0.0172088701823054	0.166118585016739
0.2361122042016	0.721043786570256
0.0444922207043299	0.113037996392056
0.0139891015117882	0.0319560612129575
0.145852992470129	0.444225078142346
0.0252323383038891	0.2685601789259
0.226618181195575	0.730297472668587
0.228850373468929	0.642528112519465
0.231568415552858	0.645490477532626
0.0150720841961771	0.0728506293016185
0.0960398867250907	0.342201340080981
0.169695893684942	0.462288905307297
0.0349071567455007	0.233777532392466
0.231198414258645	0.627932458153326
0.203066825793549	0.641069668949161
0.230061666851906	0.617172903150715
0.226338777635011	0.64052644660043
0.243228218114229	0.737895833204385
0.00811225939809635	0.0190372076441099
0.0187616974238024	0.0367437785645915
0.0174651428151415	0.0471836300876583
0.189273144053866	0.609207688765432
0.0495069321216798	0.138296342595545
0.128231105715253	0.368493504653771
0.178029836650867	0.583344402644825
0.24008708805031	0.768631439595428
0.0173579149052726	0.067604902925945
0.0233783614263209	0.0775423304061116
0.00329076572652067	0.0105092512015632
