-2.12941402319321	2.26808391610078
-0.0824449024414907	0.0943345429887152
-3.811951703054	4.14085635186792
-1.95609221381258	2.09789133408517
-1.30445719056757	1.37210815714922
-2.15093323793629	2.35367771290514
-0.815583266260473	0.875372861084901
-1.53467457205427	1.64915212043713
-1.72318650239121	1.88019813604421
-2.70276460694205	3.0431016201502
-2.96366631486415	3.2300562072927
-2.75229783614191	3.03554714129634
-2.71967387960001	2.97257551364166
-2.25309146369192	2.41500016650157
-2.16606642104393	2.32799287184487
-1.19622280320924	1.13749621848881
-3.22339630402507	3.45333093951501
-2.02474457755457	2.26779901855181
-2.92824872467818	3.29820462002602
-2.06475321880154	2.20542258851289
-3.27952317312725	3.56933771031439
-3.37406868961868	3.66594792549411
-2.62548195514422	2.92193366141318
-2.2587293686315	2.42344873821395
-1.89593066140203	2.06337044791359
-2.16026088607241	2.33369342631123
-2.11261566272424	2.27764794434929
-3.53538242858599	3.88340614504963
-2.58287033119659	2.89761596082265
-2.50028484897426	2.64171519136707
-0.634289291986311	0.865648167434427
-0.75191814631924	0.713501368852834
-1.7039782349442	1.6573846207127
-1.77238826311854	1.74471505423018
-0.126071689024273	0.115957412363726
-1.25662878241539	1.61426876698544
-1.59979499235693	1.53592728103475
-0.77692486010488	0.776546436369981
-2.9410857092168	3.34108156082852
-2.16779949301738	2.34916846176161
-3.17148515763768	3.52746413338065
-3.01071379116045	3.33907494273498
-1.5795821137157	1.68311762686099
-0.806553144408497	0.801273284191229
-1.88378584214241	2.04287445796906
-2.6855144473344	3.06830352982119
-3.85742886249737	4.18917470598109
-0.46550168196991	0.485357857121578
-2.05641387222181	2.20204029774243
-2.17906779612782	2.3329882586792
-2.90434471354246	3.24017198256741
-2.7621398812466	3.00744887746982
-2.3038762098834	2.71313215847217
-3.04731784889368	3.37173933373106
-2.34812960482828	2.27922858276449
-2.19253908181088	2.61605040226353
-2.33082245881869	2.71464713424518
-3.38577435647006	3.65488674233516
-2.83007974727701	2.94303314922557
-0.801609920093287	0.888139407980144
-0.611822122173952	0.615824024200012
-1.29469978484228	1.44098264734803
-3.57006138044125	3.91605880275578
-0.382872021907692	0.438402304201787
-3.40604181716466	3.74160751593735
-3.06526328602496	3.34268282171178
-3.72437554240177	4.08312566698767
-2.48884263511914	2.93705258199137
-3.09252173355638	3.42445190908193
-3.93813202587617	4.25584527904765
-0.244926536162095	0.272286322704799
-0.817770614186963	0.912259506644731
-3.09967669588623	3.3989421011071
-3.42578042953372	3.7461207308625
-1.19986663938051	1.25245628164417
-3.53275079590737	3.85738945239554
-3.31655364645205	3.70600821077856
-0.30356481698219	0.28343112808385
-3.64032286368795	3.96873888582198
-1.58193401443663	1.66329523896554
-3.19598018150923	3.58022520849148
-0.443308816570549	0.41666867588689
-2.39647480443097	2.61795912903476
-3.64942654682503	3.95770950004576
-0.477552058486739	0.485785416416779
-1.32150685297438	1.40847079243467
-2.07499148173516	2.20656254728692
-1.96509933774556	2.08614367934552
-1.89031273675856	2.29565198802343
-0.525334115978724	0.525404879934807
-2.81152066912523	3.1286523370647
-3.35002885709009	3.68623967823364
-0.605558857911046	0.604792593040206
-1.08998262821804	1.12246460193413
-0.743273716205187	0.768871735567996
-3.39130911693621	3.78241447909583
-2.55065812678409	2.8745871454337
-0.900926273356331	0.929806806168749
-2.9714814142121	3.34167899573576
-1.5551963296083	1.60698833537841
