-2.95380251442649	3.26704588399539
-3.19975021112824	3.50511187936227
-2.1212685110863	2.35036492065308
-3.32612261276991	3.68580952336574
-1.36020836988689	1.41641620003301
-1.835030297877	1.90054846624469
-0.0622241041784595	0.0638456195390928
-1.64983724338296	1.76501298464413
-0.0585339889014445	0.062800129523005
-2.70659098298756	3.00192968312395
-0.505255497957379	0.493765718136683
-1.58380962731798	1.58993272954655
-3.3431161987608	3.74359661395051
-1.04095193864479	1.33888413824098
-0.0849053656212243	0.126602430607654
-0.829413461501754	0.763558227088696
-1.93183877403756	2.29299275631737
-2.77914377016065	3.13537425392408
-2.09745236780303	2.51629432566074
-3.18006027692368	3.48610990773421
-0.69439588613681	0.745283189765628
-2.97723032127157	3.33781012648749
-0.31501575901991	0.329409919545256
-2.75427442509686	3.07077092555496
-2.40001090189595	2.79647569597711
-3.33421782733615	3.70833192647364
-2.0603305401795	2.44617669815978
-0.499343111910215	0.598306989997051
-2.70254817542379	3.05020025491191
-1.02465413951355	1.01079932470412
-2.91094628808427	3.27409132922178
-0.378311653513279	0.353053572382199
-3.26305299915446	3.58164603584762
-1.39108900363832	1.45962104313306
-1.67421067043603	1.96931756940485
-2.45287760447388	2.72908928345251
-0.694861936848548	0.787612480519962
-3.15767068150631	3.52101352081857
-3.16864474412729	3.52046443161947
-2.96793790678525	3.41837207295364
-2.08583363537623	2.35262175946136
-0.175761869704556	0.193090749968
-0.39434294099428	0.433021663156495
-3.32312338722956	3.65351626097596
-2.69263671822723	3.03212724738764
-2.71106353774516	3.09157129937343
-3.13387301381891	3.53951162435143
-0.517183518763365	0.519098247432351
-0.471486040316163	0.47588133893358
-1.03501756511616	1.04188790181552
-3.19125555375377	3.49146064296037
-3.31630564287603	3.71118431146034
-3.42662288911224	3.76934605414704
-0.734080793861962	0.771713541952346
-3.36880503862712	3.70254997006239
-3.17815279530688	3.53941779726416
-0.910784622770623	0.99485777329522
-0.839399308922897	0.967975186331867
-1.52280654611033	1.92472242971368
-2.57072198572197	2.94919593362216
-1.73152225432151	1.94070824280531
-1.61273191256546	1.82694517273921
-0.0774405941117787	0.0905547425030296
-0.824493751665453	0.874797861035521
-1.55261239254628	1.74022442892645
-3.25302870358196	3.63954996712942
-0.59473793664081	0.666816736644981
-0.0950795554217326	0.107387186432579
-2.9000688186891	3.16556214002084
-2.3813632927254	2.76449101677393
-2.3133256836839	2.68872338399323
-0.40268095061138	0.392319247751271
-3.1937914607734	3.5762490195514
-0.856140395704223	0.873990338953619
-0.188012403386174	0.208006390306073
-2.39666577011249	2.60651701296374
-0.709633860179644	0.704448929666654
-3.08960542488637	3.41558181883481
-2.79877241184103	3.11119848535647
-2.20550189627726	2.53984788247767
-0.209623816586703	0.197097220431629
-1.86347213871287	1.84510807403657
-2.36296318093668	2.61034146932184
-0.715721349778964	0.701634436726467
-2.55635683888194	2.93844559329791
-2.85506838816507	3.14641335712183
-2.92435009910577	3.30567887868268
-2.98218075933331	3.37665285853718
-3.20880080882352	3.60782381858291
-0.0919941602941546	0.109586226226042
-0.293207020311792	0.314776167525866
-0.561954910278968	0.578401225069945
-2.67186104518272	2.96866383076729
-0.394072035117402	0.497355447891326
-1.63291537196141	1.98354109534853
-2.55716638210643	2.84405624564544
-2.57845923561859	2.95376655138468
-0.750200520520426	0.695967830334827
-0.576884189465919	0.529547900637309
-0.0487785256709497	0.0509769562731842
