0.240857248694099	-0.0953103749015737
0.343066647276729	-0.0985579912287764
0.677481824765446	-0.170758423976057
0.490041207069142	-0.187772193008531
0.809418960298571	-0.241164376016724
0.0491362279866408	-0.0187505005138865
0.716743062890956	-0.0724704428852321
0.51567296259768	-0.157041955524237
0.0600745713691919	0.00711967636357067
0.554602179435089	-0.175535773133895
0.0233325590991265	-0.00789764418911527
0.396162209915428	-0.137233674149435
0.0356613189017663	-0.0070215416098469
0.0266967675127969	-0.00528709085086763
0.0147208505076579	-0.00704851316237261
0.197344534488829	0.0465995209966021
0.472843010632852	-0.0921401604931606
0.642838908118253	-0.0754082584273077
0.075586576812708	-0.0245513839157822
0.00681369176669488	-0.000470027632480464
0.23121743414701	-0.0835564419428161
0.329426028363949	-0.0977825262132393
0.191456517628172	-0.0686754119307268
0.227196383827875	-0.111689270815916
0.157817480633339	-0.0777121556324268
0.814111650836926	-0.192651189588068
0.614422117970539	-0.114460471941848
0.428304236231307	-0.170222784774038
0.266324370466588	-0.0575812933832121
0.598228150277463	-0.144758515200785
0.249672149291248	-0.0235263296785056
0.0222925966661627	-0.00783962736934278
0.232616733459566	-0.078479034171036
0.142632395687169	-0.0485821061028683
0.807316267155175	-0.162803147533736
0.763538521060774	-0.259199292494392
0.755201535580728	-0.147294323834433
0.114732257927645	-0.0533374827045603
0.157055697274898	0.0332330389897873
0.789207619755988	-0.213476747424538
0.135292390048236	0.0174138478456408
0.735519116963057	-0.192427925812514
0.772426329285028	-0.231991025815456
0.607346237128198	-0.118165669843856
0.782407790364125	-0.19354376352444
0.691350823481757	-0.27778755832218
0.709507743047838	-0.120388088833124
0.657356145077576	-0.123183717932876
0.476730549193138	-0.128825008021208
0.264511534706283	-0.0534439227139101
0.691065163664486	-0.156104337854546
0.759307294142368	-0.146211809633253
0.433218119132255	-0.0326033722383824
0.283384892379558	-0.0932402982570563
0.70067014131879	-0.149031203741796
0.493046842636698	-0.151297299433911
0.435229823838553	-0.133653360558112
0.361291112438727	-0.109041523934157
0.114169495902358	-0.0226766685121665
0.274188042382247	-0.0363458317621271
0.0573869118267852	0.00922461450514173
0.344622885115937	-0.111968227946655
0.789155830468657	-0.17342389171632
0.543329519825799	-0.0588139801406945
0.530322312312475	-0.105531251034745
0.482723337068288	-0.220953313335933
0.445869571639563	-0.125533354463463
0.550885453967403	-0.157367718484764
0.606626045165284	-0.124455294926432
0.0222497739467912	-0.00814085609616169
0.224231853419223	-0.0990043925535436
0.048644690042953	-0.0442270826320145
0.0658821884679606	-0.0288846114296705
0.139981359290462	-0.096053652615385
0.509348567290412	-0.141985940599411
0.771407252344477	-0.145515843482929
0.10080666009978	-0.0299647787121809
0.122631853673528	-0.0289503411636
0.189904769446056	-0.0631039285258068
0.0335967373285085	-0.0136707626662643
0.50155719780295	-0.0637710117159827
0.164858195731644	-0.0505102216119489
0.76104445849093	-0.22769793382709
0.27758746757096	-0.0496806766360939
0.702779665402857	-0.141865267810589
0.243037728541877	-0.0498004631477616
0.16152445123196	-0.0651459638218944
0.180340675995775	0.00184200321596491
0.164442282607898	-0.044490867976514
0.754449954370941	-0.215157543726243
0.742298313626709	-0.231966765826506
0.52564786288418	-0.0891909429891597
0.744138409645458	-0.230244304868267
0.505669114524954	-0.0810197891027964
0.569873935610835	-0.0856942825477627
0.68549327528451	-0.279030770369782
0.357224526024121	-0.111766528450637
0.751047158883008	-0.267878095692448
0.656380912753485	-0.127734019419989
0.811505825623171	-0.198147714125638
