0.100705468058075	0.0379641401789108
0.160929667365938	0.251937759163378
0.324043861497313	0.358914643795625
0.236612791402031	0.222335475045014
0.36603412840503	0.324596323243854
0.0388622695615013	0.0138619829209903
0.371579585330977	0.401074667175914
0.260057834323819	0.265531703866388
0.0253247311152886	0.0753761155692107
0.240679917763194	0.174311484886456
0.0265802865438986	0.00980507005021357
0.206453528093437	0.0865147149079496
0.0360113265679633	-0.00346963962214321
0.0320147564015123	0.0509910877313491
0.0287237895208724	0.00208020191050327
0.0907385089214532	0.144776010121369
0.248311206341685	0.307871736193857
0.318314187720191	0.381486309059011
0.0413821717638117	0.00328859874032558
0.0100225152449202	-0.00373313195237954
0.0834234883373921	0.219884086687253
0.119952600735688	0.156745206455226
0.0992872258154612	0.0338716547042853
0.116499269378805	0.0416495924730215
0.0821772472405814	0.0268555574099637
0.39091914118424	0.396755708750361
0.287040877147411	0.33781199835405
0.228628105634585	0.20460672969194
0.129571953591927	0.0894258698719719
0.289577884789268	0.349738000369037
0.109786977093177	0.149400483489483
0.0118177797918066	0.00767506099078631
0.123733061731755	0.115940786995211
0.0710723922724469	0.0683434857122188
0.394903115790702	0.427458410004163
0.374997675347113	0.316759271125789
0.360463872016761	0.426087154008364
0.071004152552198	0.0500169030910533
0.0581307602815444	0.0970033203493267
0.392891590395562	0.421107104833474
0.0534775094521072	0.155829780215793
0.395394155806949	0.371493634969008
0.377503374705497	0.327455670079526
0.293409433618957	0.346314742798035
0.372542068646952	0.434151346834187
0.377444198555366	0.336173822013108
0.358825143267596	0.39772660466006
0.345573735689347	0.417886873496779
0.257231999136912	0.239019293596816
0.114221908116301	0.17100667395011
0.35701442913876	0.295072227743817
0.385972576466446	0.426584582657965
0.259030283723982	0.338490922105236
0.145229621318335	0.176366654908056
0.315402119959978	0.370708414064803
0.210577630191349	0.177728287626224
0.172552125384802	0.172562868102712
0.156078258098222	0.231426407712502
0.0621853131118493	0.0683978305128504
0.162679302274569	0.172936368760693
0.019232175976482	0.0215706305297327
0.180742931017732	0.167401915876698
0.38771979032415	0.391154933377118
0.260283688467057	0.304275599954158
0.300427220631827	0.325204711813402
0.2079623626257	0.177862132219972
0.21356484998434	0.195708345432849
0.27051320279286	0.257477193054335
0.277489451682149	0.390393584586437
0.0121245906886767	0.00151173429619989
0.122976007436166	0.0581037688265374
0.0296090769423672	-0.00877481517756359
0.0325697550327607	-0.00528361313923869
0.0783020507996586	-0.00780043820910239
0.249270868637678	0.24263992684188
0.349186749635607	0.354269090099193
0.065968146492013	0.16146622131792
0.0586172352862405	0.0485035862675708
0.09819670572144	0.0975623169477904
0.0154205450475229	0.00494407228508941
0.234875992584911	0.314818538724813
0.0693043271659562	0.0370315000362425
0.358526741373876	0.261270027300235
0.132959368840678	0.197656441020098
0.329394069114519	0.339074765886793
0.101831469748035	0.0832706905637373
0.102337431028297	0.0852060496426328
0.0728094566110318	0.106973923744617
0.0558859834935274	0.078153680912931
0.390432108628772	0.371206552002495
0.37311838245849	0.311990591347261
0.257947493661638	0.316780442544209
0.369522309832168	0.320175555765164
0.245799152229982	0.301575972237473
0.281392335561589	0.35992904449508
0.362447183035031	0.302484788192125
0.168409774776217	0.132530711774435
0.387128853856185	0.349275016241767
0.346890048651373	0.389313917742026
0.392048392390085	0.395114937162266
