0.450257055865697	-0.332438123022361
0.776732930774664	-0.600446200037409
1.50489188053122	-1.08571570398639
0.975991479348437	-0.605587041591359
1.6730887460126	-1.10261897128234
0.117351027356863	-0.0792988675908894
1.66362398027769	-1.1132223770435
1.18732741834034	-0.839131671327393
0.19564575623557	-0.173386444365645
1.03759289495125	-0.631372460108115
0.0436053567280821	-0.0322726036760528
0.944647931062969	-0.637678290688117
0.074744535163177	-0.0516068346379579
0.189841369902117	-0.173235166340597
0.0621358095250717	-0.0595334009737542
0.500572158409527	-0.389637398143737
1.31065593124841	-1.00720782451381
1.54150958459441	-1.10701234263032
0.188559885637673	-0.12821894341217
0.0698445164591232	-0.0806666449429841
0.43489621449914	-0.390559378746859
0.602902745753992	-0.451802759630842
0.290405394665793	-0.225057350034383
0.398020167453301	-0.331141333464545
0.348948782540305	-0.253918706287009
1.65282192033272	-1.14260028682449
1.28120832936671	-0.919810754481217
0.862223853457929	-0.584496067912855
0.512100940007249	-0.342832575832046
1.26781303662437	-0.847942258363345
0.589539778677665	-0.417407246568039
0.0529605031774606	-0.0303557661312873
0.497210708543335	-0.292341941312405
0.336320456021222	-0.250818919389276
1.73485232931406	-1.11943814039036
1.668216167888	-1.05042059748547
1.67397914009109	-0.992262266736278
0.257884296571363	-0.169079293456211
0.453914586611042	-0.393724316322333
1.40260006307906	-0.850734720812083
0.54953755211649	-0.523453199531869
1.448768928899	-0.983140527259268
1.37217494944174	-0.794966057734724
1.25789010861792	-0.815415984580991
1.53708901657526	-0.987323037515036
1.62341292876623	-1.07894293297082
1.60947777249781	-1.06581102717514
1.63905918782388	-1.13704196943307
1.00850047126955	-0.655851961456556
0.510753698763536	-0.363477856047933
1.49842301078015	-0.995998059361117
1.70027634355372	-1.15114517306516
1.08591649432505	-0.740782262770636
0.592367063491485	-0.351650102477488
1.46854542890939	-1.01430243430485
0.894622062535154	-0.661468681029525
0.756845824995137	-0.517040670574822
0.797674861160191	-0.606554514677508
0.310028349843169	-0.245701906566004
0.661978093930253	-0.461432574135129
0.0816565098529634	-0.0788577991037244
0.749110232282062	-0.515348207772933
1.53658309503643	-0.907471228409027
1.09783180484228	-0.625259961143704
1.14795663294023	-0.655557180765705
0.951408633670135	-0.694770412139102
1.08648034191559	-0.780927864396973
1.18451209656582	-0.803105165839195
1.27824834509649	-0.881448748673798
0.0474984894166698	-0.0276217123803681
0.418040611497694	-0.238868960917045
0.0535230472018822	-0.0314961669573696
0.0999303677961263	-0.0586431878142795
0.244533159811806	-0.205393998559211
0.883901329258531	-0.528784117211685
1.50413713670651	-0.99652051050587
0.318309975889807	-0.308735038696785
0.309118931222754	-0.217201889681479
0.522046793588644	-0.437897334109753
0.132657265156357	-0.112457590138968
1.11187591701084	-0.804727569993525
0.323930697507114	-0.2378918753591
1.56707431181278	-1.01469833316643
0.483416032674938	-0.360207106940793
1.4549738182078	-1.00557545567763
0.43714254335529	-0.311373127488551
0.384431296344604	-0.24075992163286
0.39897750326615	-0.322324080384404
0.294490788725916	-0.24780454195415
1.49197832664282	-0.950672617959395
1.68159976230495	-1.1145730140997
1.25465423881602	-0.84433229593745
1.5018842614128	-0.981946434003008
0.962263328534281	-0.520942079322799
1.09306928555176	-0.650187665991309
1.53852822431947	-1.02178730866639
0.683498269209924	-0.456839384633272
1.66514840107474	-1.15309586489033
1.48354318933395	-0.999782087625601
1.50569518124836	-0.944779648195136
