0.396347093261189	0.320166565304756
0.555093077866527	0.331512756675306
0.318969449365401	0.215099943645885
0.542744262305746	0.344517531023682
0.356845831015984	0.112259150588827
0.320494218637876	0.139222442695981
0.00547957091639959	0.00602083120868438
0.188299007110707	0.151482769250983
0.00812968290536655	0.00783120001298145
0.361110620127809	0.271647054187638
0.0924731838448573	0.0220818862224703
0.206257221964481	0.0745943227210228
0.560228251993676	0.356340535801536
0.182897568560753	0.223837763025191
0.0334294746266442	0.0298453014603091
0.0422803037668156	0.0179801033169397
0.350598190545062	0.293811511855926
0.474817524050065	0.346321644017254
0.460049959512265	0.323512600066903
0.512338344885756	0.352469430103043
0.0636921607961023	0.0545606563747569
0.512019584959364	0.313207469621982
0.0345596303269825	0.0309417492821933
0.484072788047537	0.304952038261495
0.48751786363654	0.335915754139816
0.536955628498741	0.355822667493567
0.537632492709785	0.347491902211375
0.0917464810997732	0.0727584107957849
0.44003265228796	0.334102157812871
0.158371646362751	0.0718965901300831
0.509346861707401	0.324881349750243
0.00622417744686294	0.00752647124855755
0.471689140362693	0.337951726998146
0.215903429859507	0.11935129294252
0.3530902772001	0.203625498509492
0.455818608387052	0.260776814148213
0.0866228838766554	0.0838684179561344
0.530566320262786	0.353145893815134
0.518127669702583	0.340542799050434
0.506731251019527	0.343203668895919
0.329186349039417	0.251501793330307
0.0223185448204377	0.0205550756822354
0.0596896089176394	0.0446350329389865
0.526370039408567	0.343912994439149
0.489311677114535	0.342078907813909
0.322287264791215	0.3193682760613
0.520674157286985	0.356962616955726
0.0375274721504105	0.0190446118441259
0.0227450139239804	0.0168071930993524
0.100636502433015	0.0478386697430509
0.530403633431058	0.321029681818133
0.538737494451789	0.35364567377636
0.555312165817682	0.35473047460512
0.13648335283643	0.062314663088796
0.569446818603687	0.346208419155074
0.532044461764148	0.343746026295408
0.124495259663981	0.0936816195938573
0.126484062972082	0.0974230952844672
0.448624261058252	0.301683327546737
0.328838557545234	0.304518745197938
0.249591828869452	0.18231550541101
0.317877501835277	0.186384049428651
0.0116129996551683	0.0168011033375349
0.0710735951451788	0.0534543105051299
0.434146290496127	0.169905517750294
0.540422718162945	0.356294828404291
0.125361654777242	0.0814802014682764
0.00400454435423267	0.0125803120084346
0.432398315055981	0.283740812064045
0.558568424891272	0.269903412284555
0.462345476835739	0.338941357006261
0.0284577387484739	0.0106886557179478
0.507223518565706	0.357895980568858
0.0825692223895511	0.0611593795619838
0.0192627804024087	0.0209731309145725
0.286233439168746	0.21113503129826
0.178632563949403	0.0355677122990549
0.563057297376128	0.329067427936136
0.406723420814085	0.326981999309348
0.449633348044495	0.342833745025749
0.0417350882810511	0.016579773238798
0.174263830255821	0.140159976836491
0.408491523573485	0.257958533387438
0.104497488600702	0.0514783748626163
0.463700682327521	0.334478100632356
0.478101225882873	0.301448865527108
0.461826082313796	0.331658941899325
0.364005150165424	0.320777813364182
0.552041146238041	0.356540115551612
0.0145571424925693	0.013684651690337
0.0364435124296579	0.0267624991115589
0.0672386469337496	0.0281495087676834
0.459043837592659	0.278099340381944
0.0895203779855349	0.0759667987268665
0.341696371965355	0.195586756024193
0.418617521932055	0.25271292494633
0.526984440505433	0.353582306979028
0.0592940761909578	0.0303782077897423
0.0173897133270112	0.042270063830647
0.00443617534778405	0.00537341855605186
