32,43,63,90,412,1413,2427,4908,6941,8068,5273,2353,1475,4927,5258,9582,8631,7636,5240,4113,5055,9640,6040,2993,3951,8596,9763,5302,7399,2659,5282,2100,9497,4567,4851,6332,3144,6286,6048,9044,7479,9387,7053,7870,6764,7788,8551,7061,758,4708,6529,4456,9834,4227,5531,9858,7707,6645,1869,6556,8577,1922,6728,8912,7724,5593,7453,6126,8570,9913,9933,9954,9161,1669,1950,8942,4854,6658,4220,2337,3145,5519,7411,5377,7263,4034,7888,401,2348,5300,4672,5272,4666,3536,206,3898,4906,2661,5623,3445
45,23,6,3,4,20,42,75,474,5799,7966,7195,8422,9087,7900,9583,9204,9143,7291,7319,9636,9641,8786,9740,9489,9741,9764,7842,8748,7475,8952,7908,9780,8549,8697,9183,9206,9498,9207,9790,9793,9324,9114,8958,8715,9798,9825,9357,9257,9346,9832,7973,9835,8406,8642,9859,9036,9180,8857,9101,9392,8818,9157,9896,9909,9190,8113,9547,8675,9914,9934,9955,9975,8277,9985,8449,9988,9303,8630,2418,9518,8296,8741,8934,9082,6940,9993,4613,2458,6409,9267,9305,8893,8469,8610,8486,8757,7467,8945,7288
6280,9560,960,576,8297,703,4830,2124,7354,8372,2068,1609,5970,3913,2392,9403,5961,3653,6994,3297,8605,9642,6130,8332,1094,9742,9152,951,2578,1016,4690,1817,1539,3638,3192,4366,1889,6867,4568,4677,2232,2411,1316,1377,2134,5892,8314,4979,5018,2643,2280,833,8576,6904,2009,9860,5863,5965,1942,5120,8228,2234,3678,8999,2135,5518,1545,7238,6127,9478,9218,8752,8140,3798,8088,6353,6249,2584,2558,145,4637,3010,3873,6404,2677,4671,7301,471,226,3429,6362,7514,3742,4297,4126,2903,3762,3149,4443,602
2045,7595,2581,861,707,6703,3943,749,3857,2440,2629,99,1740,2839,1035,9404,4322,6372,1362,4341,4749,9643,4658,6520,2565,9181,8884,3795,6903,1417,5252,692,2288,2365,2989,4374,4379,4219,2648,6009,5463,6812,537,1582,6247,8955,7953,2607,5873,2397,4600,1791,8150,3110,2855,9292,4481,1163,5476,7424,6074,6321,4999,4333,3387,4077,5173,6683,5428,7858,7520,8987,6656,5986,4612,6085,5795,2587,4370,1117,5327,7346,4278,6488,5502,2678,8887,4545,1572,724,2658,5067,2836,1578,1657,1976,5670,3457,5115,1932
315,1400,1562,184,4465,2821,6376,2591,8147,8700,2600,699,4889,5015,2004,9584,2878,6897,641,3048,8092,9644,3054,6541,2332,6957,8220,4426,4856,2168,2311,1293,5087,3261,3693,4898,6338,6930,3477,6281,7622,1808,648,6688,1100,9499,8682,5372,7173,2966,6924,1941,8621,4887,6436,9861,6848,3655,1502,6576,7361,7248,6778,7506,6178,896,2830,7810,7803,9331,9016,8526,8190,2044,8381,2827,3944,2298,4361,557,6200,2681,6577,2582,3305,5299,8851,308,175,1877,2536,7110,1755,3274,1359,2837,5781,5144,2905,2049
225,1111,831,807,7126,562,5736,3059,6884,8091,1120,361,937,1138,4385,9482,5552,3043,1466,5891,3737,9645,1326,3709,1635,9524,9342,3620,7065,2177,4083,661,9003,3128,701,5388,933,3547,4740,8736,680,8500,6261,2362,4974,8093,8816,1208,7717,4114,2932,1121,9312,6244,3750,9862,4470,3076,6004,3473,5666,5874,4148,3478,3910,3511,5897,6696,8077,8703,8848,9137,7880,4199,8384,2818,3892,5987,2083,2729,5448,5412,5723,8192,8203,4522,8764,2604,3124,5367,3523,7172,604,1863,4400,3466,5040,2378,4477,714
317,1587,1210,3222,5699,6866,3064,2638,7588,7596,2955,1405,2518,2815,2066,9380,2778,3599,4319,6258,7525,9646,2665,8128,5026,1790,8084,3640,7226,884,4202,503,5250,2593,657,3641,6460,7143,4661,6240,1920,8520,7014,3807,4866,9445,6345,6568,7655,5072,4013,1318,9836,1771,8100,9422,3047,3565,2669,1929,6254,4819,1832,6835,4914,4745,5163,2481,5006,5373,8490,8906,8677,5564,8201,5085,3077,712,3243,1029,3773,4778,5689,5246,2099,4268,8766,4516,1573,1515,1508,5698,2552,2525,181,3713,2949,393,3920,2398
5869,9065,3585,398,6369,6217,2846,389,7971,8686,1036,1001,5460,4945,488,9585,6715,6469,516,786,8845,9647,6773,7051,6107,9205,9166,6574,2402,469,3073,1053,1231,1908,2975,2727,6443,6326,3454,6424,5176,246,1873,6566,6288,9799,8382,5003,6648,1323,4391,1521,9035,3735,2003,9282,5888,5436,3005,7848,7819,6095,4929,8111,3657,5563,3697,4756,7271,9014,8522,9956,5309,3174,8370,2024,7691,3329,2323,106,6304,2143,6846,4963,2007,3021,8966,1073,163,1757,2589,5485,3751,4936,4580,5395,6087,4644,5865,983
6330,9377,6227,722,8783,7441,566,874,7282,7519,976,314,4188,5490,1375,9001,6967,3179,329,2597,7624,9648,3694,7189,2897,9410,8967,2840,548,172,4496,1708,7826,621,4820,3835,6047,7542,6343,9034,906,610,900,7771,3154,9177,4251,6793,8057,1309,5558,4281,9449,3801,3695,9208,7768,8014,2913,2198,8501,7290,5606,8398,8498,8112,3859,7657,5411,8158,9462,9515,9209,7363,8436,2685,2741,7669,2801,662,4849,1168,8008,1353,3112,2935,8925,3390,127,4003,1403,4728,2918,3011,3726,2580,4691,3935,4988,640
4504,8450,3163,156,8361,3376,4256,849,5705,7824,2383,998,4559,2322,416,9521,5729,5020,4528,2279,7750,9649,5821,6560,4909,9241,9289,3931,2626,436,4336,2647,2441,2405,589,2261,5707,5331,4989,5770,827,817,948,6297,6430,8932,8701,6036,5812,682,4156,1015,9194,5720,4853,9863,6880,7255,997,4701,7829,6499,5669,8295,6179,5887,1430,6118,7471,9458,8716,8587,5024,1846,8230,7725,6754,4543,2336,78,5883,1695,6474,4051,2499,3741,8790,1459,205,1478,5774,5656,6251,4805,4629,4646,5758,3315,5945,1384
4519,9561,2941,719,8097,5782,3106,3780,7329,7730,787,1468,5107,5506,1273,9173,4571,6324,6956,3461,7081,9650,6396,8322,858,3718,8871,6575,1340,991,1480,3698,2757,3508,318,6531,5585,8209,4663,5197,4014,2527,1620,6408,4590,9227,9004,5672,4518,3699,2157,918,9530,4157,2947,9423,6748,3630,801,7253,8022,6649,2675,7640,3378,5637,1847,5640,4411,8095,9159,7022,7951,1505,8601,6403,5103,5959,2286,183,6977,2208,5125,8009,1364,2038,8285,1195,606,1448,330,4171,1095,4489,3777,1600,2171,3007,1628,4009
7129,9562,4610,298,8553,1336,2425,1458,5106,7867,2833,457,3525,2194,554,9009,6034,3299,3232,1471,7501,9651,2853,6862,6002,9253,9215,3119,3060,449,4160,1611,3117,2204,1220,4875,4542,7197,4768,7149,1125,1681,962,5856,5418,9800,7605,6346,6582,487,4722,867,8828,5910,5673,9424,7310,5984,1108,3086,7645,4573,4597,8723,6680,7043,1452,6445,6065,9360,9121,8728,6926,1625,8159,8096,3082,5575,3724,103,5703,2222,7063,2819,2384,5938,8908,1079,257,2841,4313,5068,5817,2308,4587,2885,6094,2714,6152,1632
5994,9563,2519,371,8012,4732,2570,1228,6806,8342,3042,709,1230,3320,1495,9483,7756,1101,3417,2241,7836,9652,3572,6043,6091,9222,9103,1965,3677,812,5507,3180,4327,2585,4070,5872,5132,7279,6811,6965,480,2289,253,5303,6035,8998,1518,4998,6172,708,5639,1622,8542,6596,6864,9425,7451,7178,2785,2551,5231,4669,6219,8644,8454,7135,2331,5867,8380,9096,8985,9516,9055,5823,8874,8191,3294,6225,1531,140,2610,2923,5147,1347,1337,5035,8193,592,217,2535,3531,7478,4296,1070,3098,2244,6610,2542,3291,799
4100,9564,2925,618,7791,1106,3953,1894,4630,9078,2448,1426,5844,2825,2248,9586,7757,5051,925,2417,8814,9653,3394,8458,6698,9340,9363,3204,3687,652,5205,1068,1845,1482,742,5461,5493,5016,6616,5762,2863,1028,929,6060,6113,8507,7138,4445,7483,567,3235,1388,9291,4799,5392,9864,6819,8101,903,4888,6769,2071,4263,9545,5904,7406,3074,5734,8810,9915,8849,9064,8499,1240,7722,2065,1689,5230,2956,131,6487,1834,8202,2676,3008,4905,8844,502,162,1320,4551,6771,3827,3738,2236,6031,5323,3552,6405,911
5391,9480,4164,382,8121,5806,1998,688,7508,7523,955,1896,4087,5433,541,9193,5771,5408,3438,675,7580,9654,4264,6081,6260,9525,9126,6253,601,612,2125,1714,3377,967,1056,2612,6131,5992,4289,7990,3109,553,673,7004,6636,9104,6948,5160,3846,1914,6767,1442,9420,4225,1953,9185,7068,6971,1335,7484,7034,4603,5721,8461,5934,6548,4294,5655,7123,9332,8448,9275,5429,2254,5889,2869,6592,1973,1655,113,3588,2073,7432,2754,2829,3396,8801,3399,380,3053,3474,4729,6692,5754,1048,5550,5165,3034,5074,1300
22,9,8,18,35,56,94,549,3732,9280,5969,1718,7861,5737,5716,9405,8544,9339,9635,8840,8196,9655,8607,8822,7976,9743,9765,7646,9307,1651,5211,6442,9781,6603,6285,8591,5522,9090,6789,9153,8978,9417,8367,7910,8283,9801,9826,8074,8708,6022,8614,7609,9837,9120,6751,9865,9062,5692,8539,8804,8954,6882,4182,9897,8918,8353,8165,9457,6168,9916,9935,9957,9976,8435,9465,9401,9141,7883,5596,3198,8625,6255,8655,9278,8617,8223,9994,3487,4997,7948,7398,6157,6877,4775,5430,2223,8308,2305,6581,4684
6317,9565,3375,2000,4634,6099,1414,1948,7338,8691,2085,425,3957,4655,2393,9249,7650,5866,397,689,8404,9656,3264,6069,2594,8237,9093,4968,5265,533,4703,2528,1451,2862,1510,6013,6412,7885,2195,5719,2616,1244,857,4705,6553,9470,6727,4563,5642,941,3444,1302,9270,5756,7000,9186,7170,7198,283,5039,7611,5971,6096,9260,6463,5269,4368,7030,7869,9459,9160,8782,8252,2722,8045,4395,3832,4626,2696,116,5146,3134,7719,1824,1042,5780,8974,581,209,899,1304,5029,3708,1752,4649,2901,5362,4702,4627,1882
1365,4885,1856,2152,6660,6837,4582,5136,6600,8692,3257,255,1884,3945,1127,9587,6495,1818,1177,2887,7894,9657,4424,7190,3514,9744,7979,1454,7162,2283,3015,2817,7638,2690,2738,5446,4021,5922,1580,6467,737,3924,7010,6483,4867,8846,4827,3659,4939,3333,481,1923,6351,3746,5928,9866,6597,8171,1175,6011,6124,4831,3797,7570,4050,5654,4586,6821,7037,8245,9361,8684,6887,4727,8416,6892,1499,3545,2267,112,1110,3041,3760,2262,8208,1663,8132,1360,1198,564,6038,2904,4246,1997,627,1357,5243,1788,6032,2508
3814,9519,1589,1802,5236,2504,4657,4233,5487,8547,1875,1219,5438,2745,3884,9588,5972,5121,365,3563,7121,9658,3469,7734,4101,7607,8815,4495,3543,986,2469,2373,1154,4886,522,5481,3836,8006,4589,5439,2970,1593,1088,6750,6228,9094,9005,5195,6682,1553,1366,1936,9130,2916,6744,9454,6385,3311,632,5900,8016,3532,4402,9261,5289,6820,1255,6336,7224,8905,9030,6391,7513,531,7815,4066,3866,4935,2802,119,5090,1470,7635,4168,1267,4527,8003,1974,252,1183,1399,5912,1750,3663,5442,3338,5884,3667,3560,2775
123,521,1124,1713,6632,6186,2136,693,7823,8213,1233,366,4386,2412,1406,9250,3878,4943,574,1429,3166,9659,5753,8215,1787,9745,9766,5356,1598,622,3551,1059,8982,534,6366,3050,7245,5860,7359,8387,1491,2376,8183,6678,3987,9308,2623,5759,7581,5539,3975,2784,9245,4824,1904,9532,4622,7721,6737,4416,5021,7260,2800,9294,7485,6101,4260,7571,5257,6874,6422,9958,8515,5594,5595,1052,898,2563,2196,1046,6267,1993,6631,3214,8115,4206,7726,4248,676,4648,6012,4008,3603,4063,1223,3778,4920,1418,8161,1408
6128,9481,3115,912,3302,3012,2042,3992,7502,8310,901,356,5989,3467,3472,9240,6283,7050,468,2682,5417,9660,3122,8313,2214,7222,8890,4916,1153,919,2783,1772,2128,3070,1071,7002,5634,6429,5854,5556,7185,2605,1281,5571,5131,9802,8179,6759,5207,2586,6378,1910,9026,4236,4325,9061,7303,3841,1066,4024,8152,4147,4121,8881,6167,7515,3272,7499,7281,9548,9283,8341,8415,2531,7866,1489,4048,4757,3609,210,4534,1563,7336,2808,1078,5549,8807,636,197,2355,819,5767,1379,3813,4513,2146,4453,4140,1217,1351
54,30,13,1,2,12,31,58,179,3995,8894,9212,9118,9581,8769,9589,9634,9252,9442,6358,9637,9661,8451,9175,8344,9746,9767,8640,8792,8274,8118,8055,9782,7972,9787,9529,8518,9788,9789,9416,9794,9795,9797,7202,7105,9803,9827,9830,9831,8440,9833,9184,9838,9857,5763,9867,9544,9232,6237,6503,6843,8087,8948,9898,8199,8615,9911,9912,8592,9917,9936,9959,9977,9984,9986,9987,9989,7760,9558,8624,9559,9990,7790,9991,9992,9376,9995,7822,9998,8546,9999,10000,8768,8743,8660,8492,7963,8935,8430,8758
1087,2981,1878,414,6170,1024,3227,3195,5025,5186,1227,1216,4674,2601,3817,9590,4081,4846,6456,6000,6423,9662,732,7652,7099,9214,9364,3310,6818,3049,5196,626,6498,684,272,5312,2455,2746,6878,7258,7716,7685,4785,5221,4901,9804,8799,6614,4664,2549,721,597,9839,2811,1308,8094,7088,4771,1671,6454,4096,1026,2671,9045,4560,5875,1851,7535,7745,8571,8831,6939,8864,5722,3767,5447,375,2598,4312,431,3517,4704,5150,5316,4710,3671,9098,1174,987,2624,6340,6119,4197,1435,3391,6446,2401,3875,4201,1698
108,367,667,823,5646,4840,4084,3981,6509,8373,3574,1287,3681,1279,2272,9484,7641,4089,3496,5293,8350,9663,4112,4605,5917,9747,9768,4475,7355,1339,6602,2627,3004,1627,1629,5435,1575,7778,7344,8824,321,832,1836,6851,4338,8606,8773,6339,7219,3510,4029,818,9229,6003,3673,9390,6506,8424,1419,6461,4754,5288,5315,9899,8200,5940,4410,5000,8467,9015,9432,9960,9117,7152,8563,8106,1341,6802,2573,167,5820,1331,5156,1283,424,5238,8476,4141,238,1158,2522,5192,2040,1679,5414,4258,5135,1668,5715,1799
4004,9566,1603,769,7408,3415,5456,4065,7421,8865,1826,2295,5434,5416,3448,9591,6348,5835,4474,2414,7563,9664,6148,8533,556,1641,8735,3870,2410,1438,2380,3131,3260,4314,979,5862,5171,8641,6149,3688,3424,1921,677,3692,2176,8375,9388,7455,4631,3282,2764,386,9131,5833,2813,9358,7401,5402,294,4918,7491,5228,4022,8034,2320,4823,1925,8206,7667,8418,9316,6020,8301,1076,7233,6223,6687,4428,2564,155,7335,2240,4996,7781,2217,5576,8089,520,324,2377,879,5988,2025,5139,5629,1057,2013,4488,1237,1804
49,72,91,185,1263,2356,1954,3339,7877,8876,2091,440,7929,6912,5457,9592,7801,7619,3542,7529,6894,9665,7375,9286,213,1367,7955,1730,2689,2485,3410,6224,8657,4123,6276,8309,3363,8339,7673,6666,7165,8390,5455,4240,5512,9500,6629,8169,6360,5583,8793,6413,9840,5184,6477,8364,6700,1556,7311,3596,7511,4991,4186,5893,4476,7089,2899,5607,7182,9918,9170,9961,9149,5092,8796,5814,9162,2882,4316,3211,7225,1280,7687,7297,1735,3425,8588,806,297,7337,265,6588,479,2069,4937,852,4978,6160,5727,4018
14,19,33,46,77,180,985,3351,7101,8443,3279,1275,7349,3296,6323,9593,8611,7671,2216,8493,8808,9666,7878,8480,3781,9040,9100,2965,5824,808,5730,4387,9783,5008,7770,8076,7364,7958,8473,8523,8248,8718,1966,7942,7199,8854,9389,8466,8298,6114,8061,4315,9841,5376,6540,9868,7676,7832,6690,7708,9371,8130,1946,9091,6175,8961,7136,7753,8904,9919,9937,9317,9517,1694,5826,4452,7871,6833,4365,1332,7526,2429,7486,6765,8536,6796,8798,3740,3369,4129,8226,8669,6163,1955,4977,4371,7064,3225,6551,3370
1006,5317,1767,2824,6180,3768,1542,1989,7096,8337,2952,236,993,3593,5108,9594,7168,7047,2005,3649,4351,9667,1726,6470,1569,2452,5134,585,5181,1034,5624,3818,7909,2361,5946,5635,3497,3625,4028,8464,6389,6594,4806,5586,2422,9105,3759,1411,6781,1368,4913,3167,9472,3539,6872,9533,7935,7447,5484,6813,4877,6557,6181,8805,6746,6088,6638,6439,8751,9920,8593,8826,9140,4369,7276,7882,1205,5334,3557,705,695,3298,3026,1259,2943,4569,8637,2110,352,1753,1555,6250,1197,491,194,839,6962,1860,4872,2423
48,74,95,376,2031,4019,6347,1446,8279,6922,3441,590,3158,5141,2505,9285,2138,6189,4025,8321,6898,9668,5361,7007,4151,4949,9224,3382,6625,1043,2710,2986,8895,3489,2453,6138,3088,4659,6490,7703,7710,6545,1650,7780,1037,9805,6633,2316,5440,3155,5743,221,9450,4881,5956,9869,7568,8181,853,5733,8659,7026,6151,8407,5681,8392,6005,7982,8251,1692,9235,7132,8813,1033,6158,8255,3362,3318,846,717,4665,5453,7575,6822,8035,3176,8426,5379,3644,2359,4738,6268,4883,3223,3515,1242,6489,3752,6865,4523
5704,9567,2781,2820,6419,2545,4133,6907,7006,7602,1229,526,5690,3185,3568,8488,4668,5915,605,4625,7845,9669,6112,7853,3199,9748,8746,6427,1188,269,2566,3583,1775,4393,355,7008,3691,6936,4747,6742,5318,3435,754,6298,6204,9216,8478,4547,1886,3240,4464,796,8774,3093,5365,9870,6881,2052,791,6752,8508,2752,3197,9028,4530,7275,3627,7458,3169,8830,9463,7103,8434,510,5941,4510,3815,4995,2312,146,6455,1258,7221,4440,2881,5599,8517,887,222,1261,996,3027,3341,1870,5748,2667,5711,2503,6021,3178
165,1238,1055,2468,6725,1391,4524,3802,5579,8231,1907,810,881,3955,2119,9032,6380,4254,1143,3556,6831,9670,4773,6471,2415,2959,8747,1517,6325,450,3151,3416,8559,2497,4895,4986,4538,4131,3350,7536,473,8197,7060,4797,3594,7943,4577,4012,7079,5222,6986,2147,7634,1745,6605,9871,6191,302,5903,4515,5949,3301,4491,8123,6437,3852,2089,2230,7362,8971,9938,8972,7699,3888,7574,2917,7557,4511,1786,2524,5031,1550,2596,2407,7032,4847,7731,1395,1837,3173,4152,4599,3308,3567,2870,892,2446,1527,3860,2735
7023,9568,3549,829,7289,1092,3381,756,4103,8767,1077,972,4130,4894,1915,9595,6299,7612,2413,608,8909,9671,519,7931,5845,9362,9356,3419,7386,1854,4693,400,2751,1504,2101,4078,3711,6184,3355,4487,6870,1303,4614,5285,4891,9243,9011,3181,6983,402,1576,950,9501,3491,3056,9071,6144,7025,1481,6145,5688,3168,6125,9234,5855,6801,4205,5868,7137,9427,7662,9437,7677,3157,6643,2202,617,1660,4987,122,6392,4942,7492,4067,4855,5036,8802,470,249,2771,4681,5188,5126,3774,1940,6830,4145,4138,5775,1393
66,118,201,914,3426,6008,4318,1119,8195,9050,1291,467,3917,1126,3230,9596,770,8049,1022,1761,1541,9672,4638,7059,4801,7444,9769,6319,9290,3321,5344,326,9127,2187,3360,5253,815,8472,6665,8119,8489,8334,6736,5807,2095,8052,9244,835,4724,6528,5631,575,9842,5605,6717,9872,8211,5978,8288,5305,4755,6642,2166,9900,7429,4364,6089,7083,8357,3905,7538,8923,9399,5914,9266,2653,1488,465,4321,1455,7095,7831,5322,7576,4714,2660,9038,2010,4035,3527,6622,6491,5464,4079,1014,7532,3414,550,6985,1439
6075,9520,2439,2523,8564,1621,3028,4016,3187,7127,794,1224,2641,3668,2282,9597,5559,6559,5802,650,8877,9673,678,8556,6066,9288,9343,1945,1742,1520,4250,1060,4069,628,216,7113,3904,6208,4044,6274,6092,3428,4360,6476,5475,8446,8702,7106,7675,2945,992,895,9313,4159,3146,9534,7269,7620,327,6329,3361,4556,6570,9197,8425,7985,2980,6740,7926,9479,8739,8964,7690,1173,3135,2444,420,3460,3247,135,6169,2394,8002,6449,5500,4068,8888,1547,407,2466,6195,6824,5520,1865,1000,5415,3684,3490,2206,1404
5898,9569,3704,1020,3541,2795,1409,5459,7252,8235,518,1114,5810,2893,4439,9522,6855,4763,882,645,6969,9674,1162,8323,1778,8117,8861,5119,1047,1643,3395,1091,3194,965,1722,7130,4947,7309,4769,5482,7490,2277,3886,6567,5212,9365,8885,5741,8376,3132,5849,1245,9320,5308,6416,9155,7131,5530,1607,6308,7820,4579,5177,8979,6987,4252,3616,5708,8233,9511,9075,8788,8594,3877,8217,841,1116,3405,1184,282,4790,3949,8668,4617,2338,4966,8926,411,228,2199,235,6579,2577,3922,5480,2693,4043,1852,1457,1049
3162,5885,2877,351,6889,2724,4422,458,4234,7493,2363,883,3349,2238,1104,9406,7792,2067,5713,4109,9322,9675,2723,5789,4980,9223,9067,1725,8030,926,4583,595,3754,1535,4842,2976,5112,4762,4332,6248,325,2603,4765,5080,6210,9326,8937,5423,7550,886,3498,466,8983,4128,3570,9369,2181,4706,1031,1130,6334,5742,4431,8683,4957,6097,2212,4861,6291,9274,7833,9464,6192,4772,7939,5966,4985,3418,2189,207,2274,5649,4334,6961,4354,4303,8552,1774,170,5223,3254,5662,3954,5920,3265,5819,4822,2569,6122,922
5878,8917,2016,2599,8401,6558,1777,4794,6623,7927,2416,514,607,3229,3908,8821,4716,6465,821,4046,8027,9676,5899,3092,5096,9341,8910,3882,6662,354,5027,2129,2043,3646,2420,6626,3682,5745,5226,6780,5537,3576,1564,5234,3208,9178,3196,4816,4274,2873,5203,490,9421,4042,5113,9455,6795,2207,3262,5786,7659,1206,2679,8913,6335,4850,6485,6681,7388,9000,9939,9373,9049,2317,8318,7086,2879,5603,3203,96,3799,995,7664,1325,578,5117,8573,663,350,1661,2153,3906,4172,1358,1733,1680,5832,2787,3038,1703
109,404,439,1595,5140,2351,5105,2001,3619,9150,1496,1747,4611,3018,1960,9598,5675,1970,8444,4494,6259,9677,1093,7891,4970,9254,9413,3052,7028,3009,4938,741,7631,751,586,6494,4124,3654,1848,7489,7076,6287,7843,6832,7727,9806,6381,7280,5483,2711,497,340,9843,1243,345,9873,7639,7923,3183,7377,4276,4688,4389,8671,7933,7809,3485,7560,7857,8920,8863,8349,6271,2894,7343,5155,957,2501,3831,500,2940,5290,8731,5342,5967,3175,7692,1412,472,2867,4253,5816,5547,4036,2163,5710,3421,4419,2951,1506
147,782,1236,1597,4598,6519,3623,2158,5488,8785,418,875,2788,4420,276,8975,3571,5204,7482,5997,3482,9678,5588,6624,7794,5982,7597,2088,6788,410,6018,1271,9042,3926,5561,4981,4359,5345,2184,8825,2299,2674,4533,4415,6444,9807,7018,6959,4852,3392,5499,2900,9059,3719,459,9874,3601,6816,3471,224,6174,6500,1232,7898,7237,5918,6569,5648,3097,8572,8921,9054,8144,3879,5693,6182,2719,2496,3165,2895,2462,6414,5100,3288,5852,3016,8638,3701,3921,1450,5164,6608,3642,681,357,3380,5601,1487,6944,828
3834,7889,1821,936,6762,3848,3022,2804,7548,8241,1288,932,5749,3986,3966,9599,7230,3528,840,4697,8141,9679,4501,8148,666,8734,8878,4430,1839,362,2700,2409,3226,1795,871,5102,4788,7632,6384,4480,1445,2456,1204,4166,5419,8452,8460,7249,4525,2632,5049,2185,9314,5424,2154,9535,6995,5694,813,3328,8058,4676,4082,8903,1868,7015,2389,8225,7737,9200,9433,8729,8869,3246,5617,872,4102,2406,2896,144,5432,2803,6729,2773,1473,5280,7416,2175,248,4086,4350,7665,2911,5071,3266,1933,5076,2635,2513,775
1133,2588,1321,377,7348,4310,5129,3519,5724,8366,1727,773,1107,1719,1298,9600,8286,797,5083,5751,8471,9680,6890,2695,1574,9281,9330,5400,7533,658,1630,4375,6019,1601,1841,4213,3537,6982,4975,5220,290,6850,3486,6235,6539,9471,8264,6425,2628,1648,3763,1112,8180,6303,3241,9508,7001,7615,1310,5333,4446,5533,3493,8812,2844,8153,2606,6925,8249,8455,9116,8940,8545,2608,7859,7116,7385,6296,820,176,4170,1030,1879,6916,2126,3002,6786,1436,392,3420,4574,5980,4288,4911,6120,3894,2474,768,3561,2371
120,609,1145,1734,6707,7177,1465,587,4540,8456,306,87,5216,2931,739,8710,6512,7093,303,3843,3828,9681,6721,8219,1172,9490,9770,3710,1816,729,4398,1433,9784,2937,7851,4323,5478,8531,6482,7827,4509,4882,4290,6051,6799,8989,4969,5133,7259,5574,3840,2884,9844,907,4828,9359,6515,7841,7599,1290,7656,8017,476,8043,5979,7250,7545,8417,5161,7906,9081,9962,8994,6942,6896,942,1980,671,2990,2845,687,6098,8475,7782,8276,2742,8082,2633,2864,4200,384,2823,6342,4645,3989,2329,7434,1905,8240,2387
69,160,394,940,2797,4502,4458,2575,7860,7825,1699,68,5592,5217,4490,9601,6199,6411,396,8247,1682,9682,5152,7892,558,9749,9771,5926,3883,3099,5641,1674,8862,4097,3669,6309,2285,6214,5927,7117,7813,8901,3220,3121,7476,8847,7643,6171,5044,6123,4818,2668,9845,4216,7480,9132,6421,3610,7452,5747,8261,6933,2765,9272,5467,6949,8103,7460,8299,9297,8483,9963,9336,7384,8777,866,1312,744,193,3304,484,3068,7211,4412,8685,4397,6997,4793,3816,3126,3364,5037,702,2349,444,4175,5127,1996,7872,2093
53,93,195,149,1423,1861,5811,1991,5632,7120,4198,964,5503,3323,3152,9174,7941,5668,3624,825,8555,9683,4656,7902,6078,9242,9383,4635,4868,1881,5182,2104,7549,3202,2691,5491,6538,8254,7164,2927,6215,2092,139,4017,4094,8072,7391,4817,3458,4521,7934,3001,8817,5235,5746,9875,6511,6272,2898,2221,6583,7192,3683,8143,5850,7286,8216,8674,6655,9512,9037,9438,8730,5325,7449,7307,3821,1943,5589,4062,3133,5413,8291,1968,5162,5622,8852,672,631,1343,1209,6917,2404,3761,2447,3919,6992,1731,3789,2062
21,36,51,79,241,1122,1785,7244,7946,8981,5311,1313,3582,2237,3900,9602,7207,6530,6720,7443,7494,9684,2544,7637,5913,9750,9772,2926,7293,2912,6447,2330,9415,3189,5088,4020,5386,7680,8129,9386,3322,9256,3806,8374,4284,9418,3934,3118,6932,3696,3358,2227,9258,3775,7917,9391,8377,7041,5172,4904,7660,6562,6883,9262,7830,8059,6988,8428,8383,9053,9940,9439,9978,5779,8166,6644,2702,5686,2948,1294,6133,8331,7804,2992,8177,6104,8160,4564,913,1995,4222,7918,571,2809,1675,5329,5061,2871,6918,2630
44,67,70,143,780,441,1812,5755,7257,9211,4532,2715,5999,4158,7649,9251,8292,7473,8020,6438,9638,9685,7495,7701,6947,9751,9773,1010,2936,2753,7196,2133,2910,2366,766,6333,3569,7868,7949,8550,4363,5545,7735,2774,4092,3103,9217,7922,9146,5546,2328,3978,9846,6732,7736,9876,8250,9259,1924,5393,7997,2334,3190,9901,8843,3218,2345,7616,9085,9921,9941,9396,9440,5004,9302,7551,6960,8182,4557,834,1085,6387,8899,5597,2145,2721,8541,561,150,5271,5378,9099,4695,6383,2169,6143,8646,2170,4594,295
86,293,870,837,5292,6527,1098,3210,8023,9580,3113,1744,2103,4455,2486,9603,6062,4921,7315,4189,5330,9686,3080,8021,6420,5466,8968,2707,5679,2239,4814,4815,7653,4149,6388,7340,5494,8238,5896,8040,3707,1581,624,6976,7950,9058,2532,4401,4472,452,5298,1891,9502,3156,7537,9536,8307,8328,3700,8109,5390,3356,6275,8137,8868,8609,1813,8120,8316,9080,9334,9221,9276,5276,8892,7205,3347,3398,2321,173,3725,5007,6549,1862,1746,745,9142,1069,301,923,333,7187,3988,764,171,2480,6809,3137,7678,4505
300,1434,2021,129,5930,1380,4382,5843,7539,7919,4349,1370,2767,5543,4541,9441,266,5880,5118,6978,5338,9687,2367,7758,3503,8024,8879,1432,8346,2832,5541,1392,1374,959,1373,6406,4880,5544,6071,8351,2250,9079,3040,5130,6452,8770,8410,5778,6815,863,4628,3714,9503,2464,2617,9877,7320,5174,3096,6873,4607,2059,3679,9158,7759,7070,3067,2807,5059,9248,9514,9048,8973,5752,7630,5738,2929,4593,2595,391,5468,869,6955,3914,2854,591,5437,2268,270,1378,4780,6935,1147,3147,947,1853,4223,4073,7005,3423
6450,9083,2041,716,8664,3150,1883,2357,6611,7413,931,455,4429,3520,890,8619,7993,2983,3600,4752,7901,9688,4396,8155,1492,9411,9144,4779,2782,154,3925,2914,4144,2876,343,5565,4746,7928,3604,7078,777,4900,383,3357,5375,8306,8265,7218,6241,3930,6188,3449,9060,4845,2390,9878,7209,5057,2728,1822,7284,6150,2205,8102,3876,8124,2530,7220,5210,9333,9942,8740,8950,4031,7977,3985,4789,4286,3534,433,3437,3864,7517,2342,1850,4803,7461,726,137,2556,3177,5291,5143,3912,1118,2886,6110,2997,1678,1105
603,2748,946,141,5739,4696,2032,971,6908,6230,2428,1383,3639,2113,630,9407,6371,2090,3465,6817,6910,9689,3743,4841,4032,5396,9068,4647,6839,1330,4392,1264,8712,2963,5744,3303,6140,3591,1394,5582,304,7100,3720,5557,3327,9145,7469,5011,5973,1148,5861,2451,9504,2812,5701,8856,7932,4578,6609,6478,6025,3772,4874,8645,3853,7210,5178,5339,5213,7477,8922,8859,8185,4953,6891,3335,4001,6086,1498,1156,1398,1477,3581,7419,3632,4549,7522,3353,1985,3344,267,5590,434,3665,4479,2400,3980,3494,2619,1097
4279,8696,1584,690,6563,928,1402,3087,3618,8340,1062,1614,2960,3786,4782,9604,6129,977,7741,2838,8680,9690,2296,7679,7496,9752,9119,1768,2314,1354,6441,1251,5657,763,1667,6481,3590,6234,6407,7812,5983,4694,3637,6100,3783,6970,4414,3066,7897,917,2303,1514,9847,3621,4712,9537,8151,8560,4596,4339,6146,374,4743,8689,8933,2814,1765,7102,8962,9549,9352,9335,9203,5964,8018,5218,395,5063,3090,485,1546,6875,6768,3236,4535,3075,8054,227,161,2434,5086,5864,4442,1665,1988,5921,4330,2060,4111,432
5687,9570,4153,408,8098,1956,2543,2810,6544,8069,577,2354,5587,3811,2255,9605,6212,5990,2047,1830,8745,9691,1299,7846,4090,9491,9033,5650,1971,691,1511,878,3607,930,654,6050,2961,5671,3830,6585,6901,2780,2035,7371,7029,9808,9129,5497,7838,572,2567,888,9848,3032,4169,9426,7273,5209,2220,6238,4639,3790,6344,8433,6618,6293,3020,6486,7312,9922,9219,8506,7763,2082,6037,1248,560,3450,1981,148,6659,2098,8503,5191,3650,3455,8742,545,219,2281,3379,5652,2950,4835,4721,5398,3885,4992,1723,2309
50,73,117,223,1558,3779,4832,1484,5836,9018,3500,1164,2160,3562,1709,9606,8311,2805,639,3948,8548,9692,7938,6173,7159,9753,9774,5827,6472,530,4154,3993,7614,3159,6914,5364,6856,4409,6435,8653,338,1479,3413,8198,3055,9809,3612,5645,6860,1766,8013,3936,8513,3031,7370,9509,5785,8411,6064,6211,8315,5508,7555,9456,7108,8330,5696,6026,8984,8886,8898,9964,9236,3389,8145,1935,7775,7167,1422,124,4897,633,6046,2637,4965,3897,8927,4839,279,2180,6876,7562,5449,4275,6804,5515,4860,3340,8127,2191
5955,9466,4358,3035,6893,6599,851,1193,8032,7988,538,110,4146,3803,4304,9607,7111,6601,273,2772,7751,9693,1002,8687,2666,8597,8835,3716,1011,1018,2872,2107,3605,2324,4952,5371,5790,6434,2704,5907,8041,1782,1149,7176,6716,9446,3675,5923,3689,1592,6361,4267,9531,2705,6699,9072,7139,4291,990,7326,7186,3960,6462,8991,6996,7606,3890,8000,7755,9923,8986,8335,8870,2999,7333,1005,2479,5149,3209,463,2490,4878,7440,2137,1617,4892,8371,842,126,3822,421,7302,1181,1443,3003,3271,6196,3408,4884,1825
81,242,443,192,4438,5787,1712,5551,6661,8431,1324,250,5837,2225,3705,9381,7321,6239,1794,5286,2017,9694,3965,8481,6067,9754,9225,3584,5932,1246,4143,2706,8326,3374,6711,6735,5495,7468,6415,6620,7921,6135,7986,4928,2500,9810,6921,1257,973,6177,3566,2430,6834,4038,3013,9879,6701,674,5532,5452,7590,2988,4833,9546,7695,5702,6782,7146,6525,8695,9264,9965,8704,1626,5818,535,2179,7334,3573,1356,5420,1086,1887,2046,5553,3479,7561,1605,727,2506,4485,5255,1019,3139,4731,1986,5374,4178,7158,1536
26,7,5,11,27,47,80,247,2858,8565,5151,4177,8679,8162,7749,9608,7786,5259,9084,8403,9639,9695,7625,8706,6974,6612,9494,8218,7903,4994,7400,6377,9785,7647,8495,7437,8772,8765,6398,9791,5757,9796,9325,4760,8028,9811,7840,6514,9007,7598,8352,6807,9849,8855,9027,9880,9293,6154,7592,5058,9052,8266,6745,9902,9910,8957,9510,9092,8468,9924,9943,9966,9979,7604,9237,9402,8535,5612,6198,4317,8081,7016,9210,8678,8995,8079,9996,7713,5809,7799,7433,7670,7546,7091,2252,6902,9077,3475,6710,7119
104,344,307,368,4211,4751,4654,619,5977,4767,1647,1226,3793,2327,1469,9609,6964,6909,5732,3672,8445,9696,4265,7184,1672,8063,8827,5297,7163,902,2132,924,4463,3153,4735,1662,6162,5793,944,5017,3516,3579,515,5636,4098,9309,9828,7381,5384,2962,6056,596,8930,5124,2271,9187,4218,5525,2502,5680,7981,5911,3887,9295,1990,7628,6194,7947,7573,9393,8540,9318,7834,5070,3946,7811,6859,611,904,280,3829,3819,6705,8256,6103,4531,8510,5383,850,4550,4245,5570,5307,3188,4591,4055,2350,3295,7236,1509
258,1286,1039,1855,4924,6242,1810,916,4408,9008,3142,419,5355,2703,4196,9151,7322,7277,3316,6919,2435,9697,4922,6001,2123,540,8558,3706,4951,551,4161,1602,9043,3971,4736,3535,3193,4784,6399,2798,5241,8613,7376,3755,6810,8990,9419,4072,1866,4185,1295,877,9451,5043,6292,9881,2979,4344,3100,7457,7285,1322,5351,8568,2996,7021,6270,3459,7366,8281,8781,2642,8795,1161,8479,7052,3433,1507,3614,132,4862,2339,3427,3559,5890,3849,8709,2048,2954,3880,4187,5498,2167,2743,3633,1833,4692,3061,3412,664
580,2664,1944,1501,3521,5638,1314,4632,4575,8487,759,1781,1222,4165,4104,9485,4215,2476,1199,573,6318,9698,5562,4933,3895,8711,9269,4247,6397,1653,3201,1779,8575,2343,6231,6783,4919,8173,3837,5963,3979,2051,2290,5405,5397,9169,6790,3081,7783,4857,4792,1659,8524,4602,5665,8347,3564,6534,4482,2034,6587,2064,2921,7166,6273,7044,6053,6315,4709,8775,8776,9138,9301,5341,7125,4944,2459,4107,3312,107,4718,3631,6639,3686,3285,2263,8589,319,215,529,873,4261,5095,2149,4802,3384,5877,2470,1697,1958
59,97,174,373,2559,2096,3851,4876,7509,6757,2396,1534,1513,4269,2075,9408,6951,3749,1926,3839,8394,9699,4239,8135,2646,9755,8581,4917,1141,1619,4180,1919,7584,4335,2529,3952,2266,6694,5661,7294,1032,2611,1460,7048,7295,8465,8938,8042,7772,3252,6052,405,9246,4940,5114,9882,6668,2346,1867,6057,8110,3404,5957,9315,5616,7393,6245,6045,8666,9074,9944,9110,9400,3283,1352,7500,3287,6418,2662,381,4237,5651,1277,4680,7747,5403,8889,4758,512,2909,3383,7594,6049,3345,6375,2709,5619,1503,7380,2759
37,61,88,101,1089,1732,3267,1186,4075,9337,1796,893,4667,3554,2076,9610,7925,4810,1909,2200,8732,9700,5776,7503,2408,9756,9775,6207,1814,635,5513,2731,9786,1579,3823,5052,6929,7082,4074,8946,2494,7847,838,7837,3845,9812,7332,6826,8327,6063,4179,3368,9850,6263,4955,9883,6723,2732,7019,7887,7879,7995,2756,9903,7704,6102,5350,6950,7147,9428,9945,9354,8762,6368,3186,5764,4007,1797,3123,2231,3662,5407,1355,5685,9279,6756,8860,2758,3125,3244,4137,4192,6302,2150,5470,2971,5001,1613,8463,5450
748,3058,2483,4619,8037,4195,6697,2517,4167,8833,4343,274,5791,2033,6164,9611,5750,7442,2919,6968,2120,9701,4826,9176,495,3442,9167,3039,7895,698,6433,2762,8953,3120,908,4306,1911,7504,5577,3286,5783,5621,2257,5919,4041,6132,8707,7874,4507,6505,292,482,8224,4238,6657,9884,6390,7305,4026,7543,8360,1075,5643,7698,3578,7180,6712,8025,8474,8066,9353,7094,9329,1256,8186,5014,1594,1823,3661,82,1500,7466,5157,4633,8325,4483,8603,1218,2140,229,1780,1139,3258,3994,2509,3065,3336,802,3248,1169
454,2471,1691,1706,5348,245,1284,5527,6838,7740,1474,653,4581,4967,3293,8665,5179,8019,5167,5815,6190,9702,4682,7613,2352,4711,6726,4444,3219,845,4059,1835,2967,3902,1081,2692,1683,6841,4685,5229,5626,4616,4678,4506,2063,8064,9311,8222,6980,5602,6431,3973,8359,1644,2188,9538,3872,5804,1571,5089,6352,6899,1346,9147,3626,7144,3656,5340,2852,9429,7865,9355,9056,1963,7648,6845,5509,1684,2036,2736,4421,1764,7254,4544,7601,1567,8067,239,277,728,6201,4893,1721,3868,2287,989,6522,3030,5731,1004
15,10,24,38,64,100,637,3785,7412,9172,5939,3371,4454,4907,7777,9612,8402,6257,3648,8744,9213,9703,7474,8580,5870,5249,9384,3256,3452,2094,6428,4352,7278,5630,7228,8122,4056,8658,8414,8749,7191,8632,6886,8663,8184,9813,8897,8405,8800,6310,4208,4585,9851,6784,7498,9885,7080,8512,7179,8902,8412,8257,8204,8284,8919,8582,3343,7905,8676,9925,9946,9967,9980,5858,8419,9123,4604,7663,5198,1289,7893,3431,7978,5270,5905,7057,9238,7425,364,2130,7153,9239,3234,4115,5580,4142,8282,5798,6153,3546
2831,6256,1738,584,8420,738,4687,4383,6395,8413,1416,1751,4837,4459,1999,9467,7350,5505,3170,4320,8270,9704,4266,7603,670,8459,8929,6059,5278,499,1249,1748,2939,3932,360,5529,4973,7959,5831,3723,1591,4554,1064,5275,6278,9345,9829,7530,4193,2293,2953,994,9367,6264,2300,9886,7090,3745,559,6590,7378,4723,4106,7856,1266,6307,1803,8271,6858,8756,9047,6989,8491,1937,6432,2792,3540,2161,2609,142,6674,2084,6550,6578,2491,5735,7577,731,453,1570,4553,6054,3136,4653,5030,1494,3756,4493,1645,2278
29,40,57,71,281,1268,2540,2708,6646,7975,3280,1292,6394,5244,2907,9382,8107,6676,5895,8134,3702,9705,6497,8187,5839,9757,9089,4621,6565,980,3611,2859,7541,5261,1664,5847,4873,7341,6079,7852,4435,8149,5332,4821,8287,8164,9012,6400,8633,5321,2644,1483,8598,5349,6630,9021,7223,6516,8136,7864,8643,6911,5514,9273,6753,7623,6554,5773,6266,9394,8600,9968,9981,5609,7610,6828,4741,7410,3538,3276,3518,5851,4348,1686,4766,3313,8278,1710,1815,2111,6393,7379,4228,3089,1568,3928,6670,2547,6869,423
1376,4381,934,3968,8234,5078,2313,1493,7024,8477,1146,263,494,3400,2275,9613,5336,4460,442,8312,8272,9706,2842,6543,2229,8345,8872,3784,7989,2006,1636,1687,9025,2333,1196,5225,5251,5215,6552,6523,5187,8505,7688,8085,4390,7674,1178,5998,6521,5933,733,1096,8514,1252,2806,9188,7056,7069,3824,6842,6634,7358,6290,8608,3766,5504,4484,5573,8047,5879,9947,6014,5394,2541,3764,4871,1967,5406,1150,363,620,5306,7583,3407,5618,2258,8832,6684,1437,3468,6706,7462,2492,552,704,313,1658,2050,5769,2431
1007,3105,1756,358,7899,1590,5328,6364,5462,6854,1701,643,3990,2656,4076,9019,7213,2156,1462,7802,8385,9707,3983,6671,7422,9526,8969,6137,3443,339,2848,1524,6763,2173,1179,5664,4486,6647,5201,6975,625,6546,822,7054,5458,8538,7404,3901,7428,1038,3613,1749,8750,3858,5366,9887,7387,2183,3956,2649,6981,2011,4162,8690,8289,4829,2294,3216,7239,9097,9553,8850,9111,2847,6508,2461,1631,5610,2488,462,4624,1441,5542,2360,1711,3950,8529,430,187,3499,3833,4870,4194,3589,6363,2794,3933,1610,5301,2438
285,1327,1008,341,6589,3929,3430,2621,7417,3969,2465,1269,2946,3794,2730,9468,7298,4054,1588,5598,7148,9708,4698,7626,1102,9758,9010,2790,517,492,3809,2027,7720,1239,6313,6314,5947,2487,6513,7779,4451,7009,1082,4761,5153,8073,1606,5726,7115,3972,4280,1421,9230,4057,3359,9888,6232,6777,4006,5426,7544,1262,4293,6473,7193,5805,1638,8408,3432,7518,9948,8562,8839,5825,4812,6440,1549,2489,2922,725,4931,4859,7212,3889,5954,4099,7876,1530,969,2478,5976,2215,3245,2256,3212,2022,7235,723,3506,447
4809,7754,4425,1155,5380,1806,1604,2102,6161,8883,1201,507,5038,3861,1677,9066,6973,5473,477,2026,8681,9709,2974,7693,3977,9125,8809,6584,3782,629,3409,2201,1890,2074,1315,6139,5320,7752,3386,6080,1769,1538,864,5803,6236,9814,8324,5908,6895,679,4242,1820,9505,5262,5968,9351,7445,3172,1385,3314,7773,3703,4726,8599,7405,7049,2432,6743,7407,9023,9220,9086,8317,2740,7430,2341,2655,4163,2828,178,6852,2213,7849,3911,868,5477,8618,659,168,1235,1363,5678,3319,2226,6282,3019,5425,4517,3072,2245
17,16,25,34,52,83,259,189,5283,9379,5354,1739,6337,7314,4787,9614,8721,3127,7742,7700,9165,9710,7565,9287,8386,9412,9776,7540,8900,4257,6825,975,6068,4865,6306,3896,7608,8362,5404,9792,8239,7151,8714,8391,8397,9815,8482,8771,7761,5358,8567,4015,9852,6879,5797,9889,5684,6386,5840,8525,9109,9233,5660,9904,7216,4497,9327,9134,8829,9926,7582,9969,6573,7728,8789,9112,6984,7262,7521,2583,6836,8602,9304,7234,6650,7593,9997,5613,3617,7714,3237,7459,6593,4800,3915,8005,5465,6105,8875,1743
76,208,311,757,5065,5534,1424,1951,8026,9124,1783,426,2958,5363,4285,9615,8470,2292,1537,5853,8154,9711,6787,8661,905,8504,7967,3268,2172,774,4595,4355,4047,2860,4783,7283,6349,7795,5829,8263,1828,6367,755,7114,6252,9816,4427,7107,6791,2306,6502,5248,9853,5784,6953,9013,7392,7383,5066,8650,7531,5045,5929,9905,4777,6535,2174,8172,8104,9927,9949,8941,8699,7160,7746,3548,3533,7739,3161,789,2190,4347,7084,1372,539,4804,7940,428,169,3645,346,7552,3664,1612,2015,4357,6526,4118,1737,859
28,41,60,98,555,2419,3771,1949,8753,8820,2386,1938,2081,5047,3550,9616,8423,1213,1136,5925,8343,9712,5421,8612,1247,8156,9385,4950,7227,1885,5116,2868,8409,5567,6779,6233,7003,8142,7920,7896,3941,3037,876,7438,6359,9817,5256,7456,8803,7067,7944,3592,9854,5808,7323,9890,7324,8086,8015,7784,8075,6547,7397,9906,4030,9073,2889,8629,8784,9928,9950,9397,7124,5760,8131,3269,7968,3622,5277,2118,5936,6027,7251,4964,2055,5841,8943,781,700,4418,164,6792,3512,5022,2574,4537,5443,4673,6888,2590
5033,9571,2399,523,5471,6564,1874,1397,8099,8647,747,177,5792,5995,1688,8834,7454,4300,715,1212,7169,9713,3820,8494,438,7267,9069,5357,2061,289,3484,2520,5189,3277,2203,6693,5796,7268,5548,5953,2426,2340,496,2995,6533,9818,7217,7427,7272,3388,7996,3071,9347,4941,2251,9891,7987,7256,1415,1585,7743,7229,3530,7689,3747,5572,3544,8125,7071,9029,9434,9374,8915,5233,7431,2391,4662,1972,3242,501,4946,2228,7621,3046,2888,5960,8004,399,203,3676,767,6943,1809,4492,5343,1361,5828,5352,1656,1276
39,65,92,182,1171,3191,3553,3869,6116,8320,2969,1792,3250,2866,3259,9617,8062,2592,7930,8579,8395,9714,5777,6679,2618,6979,9777,1160,8273,1063,2297,1705,9255,2672,5568,4085,6613,8363,7066,8896,385,8866,6758,7128,3221,9128,8294,4807,8080,3334,7409,1599,8891,4394,7097,9892,7304,6279,4896,5050,6289,7261,6382,9296,8634,6945,4329,5208,7418,9929,9951,9970,7516,5697,3791,5794,3337,2443,2253,268,3680,847,4651,7183,8595,2326,8010,5842,2224,3434,669,5591,5138,5111,4345,2636,2972,1561,7992,2761
4207,7463,2246,237,6410,1328,4529,4377,4478,8532,1191,1829,6492,3595,2475,9618,5931,6147,694,2249,7564,9715,2739,8259,4670,9268,9041,5554,2276,910,2265,1189,2247,1880,288,5848,5200,2562,4346,4423,7360,3509,2242,6673,6165,9819,8210,5714,4776,504,3253,1040,9106,2109,4956,9893,6572,6401,1763,6724,6532,3029,7174,9477,4890,8157,3085,6220,8258,9550,9299,8044,8429,543,5185,1342,1058,4441,1250,138,6571,826,7764,3712,6374,2139,8811,2663,342,2039,6900,6598,3354,4340,2086,6311,3907,5324,4108,3808
3057,8303,4570,1176,7800,1027,1103,6033,2822,7965,1144,1758,1906,3385,5663,9619,6106,5633,6243,2310,7666,9716,536,8355,5445,9759,8970,1912,5284,1407,6202,1012,4203,1642,844,7510,3138,6044,6221,5535,8305,6041,1700,7697,7055,9095,6667,2791,6937,486,795,568,9348,2861,2770,9539,8378,7232,1349,6591,4447,954,6373,8939,7420,7705,2072,8126,9191,9551,8761,8485,9277,2718,5975,6206,322,2880,5019,188,4930,6733,6829,1897,4191,5569,8980,417,233,1566,3306,7970,4932,889,1140,6246,3331,3628,3184,2219
5347,8585,4499,240,8554,2335,3608,1512,6966,8269,563,524,5510,4915,1649,9620,8070,6885,1819,2106,8733,9717,2777,8227,750,8997,9495,6183,4462,752,4869,1646,3342,2368,3927,3529,3507,6672,5214,6209,1859,1596,1270,6863,4717,9820,8260,5123,7828,2717,6197,1461,9473,4176,1992,9540,5813,6007,3558,3513,7512,5097,6136,6621,4231,3006,2892,6785,8755,9430,9952,9300,8114,5521,7718,860,1964,598,2978,312,6954,4122,7738,4232,2902,5600,8705,525,114,3984,1333,6651,2264,3366,2856,1977,4972,4226,1957,897
6269,9572,4715,359,6731,6946,1754,582,7527,6963,1959,848,4546,4576,1134,9409,6923,3991,683,1759,8717,9718,5700,7658,2631,8853,9496,5042,880,256,2684,3324,5801,1805,2421,4064,7075,2968,4899,7863,865,963,264,7814,6775,9821,3635,6931,7644,811,6861,1485,9855,3998,3526,9051,7274,7886,2028,2457,8627,6093,6468,5985,8205,6354,2928,7572,7414,8838,9031,9148,9017,5084,7204,3776,4608,3470,1045,133,4713,2079,7318,1994,2020,2385,8656,2374,199,2382,3270,6761,4473,3014,5431,2726,6719,3422,4750,1464
6039,9573,3722,1893,8670,8590,790,278,8048,8936,753,125,2550,3899,988,9486,5360,2796,305,5337,7403,9719,7793,7436,593,9760,9527,4027,2449,198,5555,3731,7534,792,7873,2369,3670,8056,4791,8977,569,1425,4606,8688,4120,8911,1311,4229,8880,5154,5137,1978,8947,5718,3909,9195,7844,8497,7769,4292,7956,6507,7122,8960,7998,8348,3939,7629,8963,7686,9135,9971,9265,8365,8001,800,2747,1789,460,2210,1903,4450,7954,2924,5242,4342,7835,2243,136,4135,2460,4652,5053,2058,4139,1857,2259,1396,6464,323
4520,8586,2698,1180,6635,4331,1858,2108,8083,8338,2186,665,2270,3787,2526,9621,4011,5717,776,3863,6300,9720,4212,8163,7027,9761,8754,1760,1913,647,2450,3502,4255,2826,778,4700,2561,7156,5615,8333,6652,2019,982,5148,4262,7767,3974,5081,7818,1135,3727,2442,8873,3224,6857,9474,7465,5517,2697,8356,6718,1401,4744,8561,8399,4961,2097,7035,7774,9930,9554,7785,8916,3674,8167,4437,2484,5876,2155,243,2602,4356,4719,1447,938,2786,8246,685,260,2116,1109,7188,4132,1003,706,3838,6016,2686,6457,1278
1272,4272,1427,2640,8421,1840,2112,968,7426,8652,1532,105,4730,1552,2463,9487,6675,5676,686,3238,7374,9721,7787,8996,451,2260,8329,3796,3300,498,4181,4033,8836,2768,5846,2934,2193,8178,3439,7642,2850,2779,4273,4618,5183,9822,5952,4367,8170,4844,5909,4737,7694,4503,4436,9196,5005,8453,4984,2799,8379,6669,5046,7683,7556,1898,3923,7306,8931,9931,9435,9398,9982,5169,6619,390,7969,2008,927,5099,2159,1190,8763,2498,5942,3842,8944,1982,1463,4434,157,6536,945,1931,5981,403,5010,1329,7957,646
55,85,191,310,2620,4298,4433,1369,7266,6370,1918,445,1728,3730,920,9622,5247,3207,5935,7890,7112,9722,5881,7330,814,8566,9778,3062,6798,437,5101,2763,9113,1652,3734,5991,1962,6952,6218,8188,1203,6504,7696,4636,2538,9823,2477,6990,4592,5048,4798,4230,9452,5263,6606,9894,6827,5653,5492,2982,7796,6229,3825,9907,6155,8262,7797,6316,8280,8616,9063,8924,6607,3871,7729,7171,2012,1200,3406,4615,1716,6928,939,4309,7353,4863,8046,4834,3273,1525,5094,2957,5264,3091,1157,1067,6121,3148,7287,1054
2511,5894,3748,2514,4407,5871,2645,7073,5768,6772,3228,843,1724,1729,2776,9623,3275,7390,655,5644,4174,9723,2737,7040,7074,9492,6709,1274,5245,616,4117,2651,6999,4838,3129,7805,1762,6006,6628,8071,8713,7711,332,4005,6484,9228,3231,4539,4466,793,5013,1633,8737,2874,6794,9541,7242,7042,3996,8368,3938,1544,4858,8694,8369,1876,7045,7373,8176,9460,9171,8578,7448,966,7586,4910,1583,2579,3255,286,3826,1872,4720,804,508,4405,8437,2749,200,1431,4184,7732,1776,642,378,4061,6159,1389,7554,2857
7308,9378,2985,334,6805,5486,1009,547,8133,8778,949,151,6305,7368,696,9088,8293,6677,599,3079,8253,9724,7369,8530,594,8662,9226,5474,2657,89,6510,2165,2673,2078,6714,3330,5906,5886,6466,7962,1410,1253,803,5627,5725,8959,3893,4976,7372,3045,7316,2548,9349,5382,3721,9475,7351,8007,2760,1864,7961,7317,3278,8806,5901,4650,4623,8189,8267,8139,8858,9972,8819,8060,8543,2534,2395,651,3447,1420,2054,7313,7402,3111,6741,6028,7937,1543,159,2495,3651,7488,6357,4058,762,5064,6868,406,6341,214
5387,9574,2269,1838,8116,3942,1165,600,7194,8604,1115,1533,4565,4052,915,9624,6686,4748,1211,4301,8639,9725,6708,6090,5381,9443,8841,2750,2002,190,3812,2915,2284,1132,656,4641,4843,8039,3856,7231,1072,805,3239,5109,5538,7345,6695,7296,8447,3171,2652,3403,9154,4243,4903,8719,7446,7723,1560,2712,5822,5441,5075,8243,8053,6402,1528,6295,7600,9552,9953,9375,7389,6084,7952,2482,7875,4548,1017,614,1634,4183,8268,2307,478,3480,8302,1984,211,1676,1306,6193,4983,4088,2493,5399,6312,2973,1934,287
2546,6017,1486,1159,7507,3446,1453,4558,7357,8760,1987,1901,2865,4282,3765,9625,5996,5682,3213,1623,8457,9726,5740,8726,1021,6555,9002,2816,2037,583,2403,3063,2890,3758,1225,6615,2568,7681,5206,5369,5496,4037,862,4734,4399,7911,7912,6800,5168,3164,2984,856,8496,4971,6664,9156,7585,7423,730,6024,8065,2769,3855,8727,3804,7181,2994,8244,5834,9321,8992,8354,9102,2437,7327,6747,3000,5761,2793,115,2148,3800,3233,2209,1296,4609,7558,634,348,1927,1305,7528,3017,2576,3916,2115,2510,2539,1519,1202
6537,9024,5359,4173,8090,4287,370,816,1123,8648,3160,196,4689,4249,3501,9626,894,5427,4302,7292,3788,9727,4742,5451,475,9323,9306,1811,5313,891,5625,1559,8537,309,3025,4373,4739,7672,4468,6203,1151,7960,7134,7980,7356,5304,6958,5524,7854,2634,2304,1467,9506,2151,6327,6077,7270,1282,7569,6320,4959,291,1831,9372,3602,5628,7744,7109,7798,6501,7668,8502,8965,1129,8146,6108,1715,1798,435,958,974,6760,4308,5060,8584,3729,6109,1334,4155,4136,6685,3107,4432,3867,2521,4948,3372,230,8036,1050
6991,9575,3753,5077,8439,8791,493,262,7916,8988,660,84,2834,4500,1386,9627,3114,7155,254,4039,5219,9728,7914,6920,1690,4925,9414,3963,2436,218,7142,3102,8396,1241,6213,2029,4376,6627,7654,9070,3402,1983,4958,8626,2515,7806,1472,3587,7118,7011,2233,1654,9507,1844,5091,9133,9022,4982,6905,4990,7936,5279,2908,9198,8400,8138,7145,8583,8738,3660,8636,9556,9557,7617,8797,1167,1476,613,528,5951,798,5232,8168,3658,9076,5674,7487,6770,544,2933,7017,3094,6030,4271,331,6580,1773,186,7706,413
3309,9576,2849,3666,8319,7243,527,1099,7154,7578,2023,111,2235,4566,588,9628,3023,1793,771,1801,7396,9729,5202,6070,1900,9493,9469,2388,2018,166,5266,2560,9168,1194,6331,3504,4683,6774,6187,8221,3903,4270,1182,3367,5190,8534,1952,5110,4404,1916,6847,2030,9368,984,6586,9115,7807,5536,3728,1551,7481,5974,1044,8949,7924,6934,5857,8635,6082,8105,7915,9139,9284,7031,7328,6355,1317,3108,3636,1084,1319,6216,6915,1637,6808,5032,8011,5142,275,2122,3464,7058,6226,1128,1736,1338,7579,854,7709,1221
1540,7816,1260,4053,7776,7435,4512,772,5444,7206,546,231,3615,6451,3736,9488,5943,6111,1961,5528,3436,9730,5079,6998,3140,1345,8823,4448,6284,788,5159,2344,8837,3844,153,4954,5093,5267,2370,8519,3810,7566,7589,4795,6262,7712,4071,3200,6604,5012,953,4150,9231,956,4552,9108,7994,2615,4259,3440,7140,2639,1142,9199,6814,6061,5677,7884,6972,3891,8651,6083,7945,4449,5950,5958,2131,251,3597,668,446,4002,7821,6749,5578,2014,5319,2755,2964,3792,2507,3524,3290,3292,483,3453,5604,320,5166,3095
347,1577,1382,1440,7092,7587,1928,372,6205,7850,532,349,5069,5158,943,9163,3970,3397,649,4380,6042,9731,3733,2512,2381,9762,9528,6475,5401,244,3116,1670,7133,1456,5145,981,743,5479,5260,8427,2991,1615,5287,7559,2977,9447,7633,4811,7505,5516,6637,1387,9453,5028,760,9542,6265,1979,5766,2733,6379,5410,2053,8628,7020,5695,4686,7661,7352,9298,7789,9973,4786,7157,8516,4324,7300,3643,2699,387,4774,4049,6134,6803,6023,2433,8174,1696,1074,3463,4457,3083,952,5346,3690,4413,5647,3847,4224,1254
456,3182,1639,2553,4508,212,6055,710,3495,7265,2744,1234,4733,1800,1741,9629,7651,7715,2875,4116,6913,9732,4040,8779,1301,4210,8304,2843,6840,1616,3874,1152,7766,2218,1490,2654,2998,7246,5227,6176,3586,8511,7567,6871,4469,9366,5659,6595,5082,3332,3685,1285,7855,6222,5581,7762,6166,5658,3999,6517,4699,6185,3462,5034,5062,6322,2851,8212,5023,9263,8300,9192,7150,1807,6927,7087,2121,2713,2572,335,1608,970,6730,4926,3141,1618,7684,3401,2516,3947,809,5296,1192,1702,785,570,4879,1348,6458,3051
2315,9577,3476,638,6702,7547,1917,1704,7964,8951,2454,505,1381,3555,4770,9523,4620,5838,783,2127,6294,9733,3044,7862,5944,8175,4514,1720,2302,711,4753,3606,5706,4640,4337,7331,4217,5620,5294,7497,8388,4584,299,6010,5268,9824,1297,5254,4725,720,4902,3411,9107,3481,7098,9271,7247,6453,4675,7913,4923,2358,6738,8882,8672,7062,4536,8031,7367,9431,9122,8290,8527,1827,8078,5326,1523,6755,3205,158,2701,2105,3757,830,1080,4244,8442,734,234,1770,3078,7264,3488,509,506,1693,6849,2182,4093,2789
2379,5948,2614,2291,6906,7104,824,3652,7907,8214,3365,128,2164,3598,5712,9630,7241,5560,353,4825,5916,9734,2319,7984,2364,7765,7208,961,4572,623,7339,1784,3483,3575,5224,2533,1902,3206,4105,8842,7904,8242,2687,6722,2622,9448,1207,5993,2537,2057,4127,1554,9247,3317,1522,9476,8033,5073,3976,7470,3918,5409,6938,3130,8275,6479,4808,7203,7046,9513,9555,8993,5608,5611,8389,6480,511,4295,3770,2318,422,7240,5667,1013,3715,3104,8928,4209,204,1526,4864,7553,3393,644,429,1090,5385,1899,7141,2557
4283,8574,2906,615,6853,4781,4372,5902,7450,6365,1185,697,4119,5800,1969,9164,7013,6459,3251,1666,7591,9735,4642,8557,1187,1497,7175,4707,1565,921,3744,2766,7299,4555,2472,7214,4588,8051,3634,6350,6277,3281,369,5772,4384,9319,9006,6776,6073,3284,3647,1843,9350,5041,3959,9895,8623,4134,4095,2920,7808,2144,1895,5501,7991,6691,2424,7036,1930,9395,9328,7415,8462,1061,4796,8336,5709,5370,2650,202,6356,1371,4467,6301,3967,5469,7702,740,379,1975,232,4045,935,2688,1344,336,5002,1548,5054,3263
3854,8438,2680,1444,6993,885,2301,5472,3215,8649,2192,909,4010,2938,4378,9631,7733,1390,4993,3036,8620,9736,2141,6117,2375,8976,9344,2625,6766,328,1624,1307,4960,1166,713,5122,5194,3865,4311,5683,409,8232,4912,5523,5180,9310,8867,7382,7215,1586,1516,1131,7627,5584,4388,9189,7439,7325,1871,3997,4643,4125,5526,8569,3982,7999,1215,5830,8794,9201,8484,8907,8724,5882,5859,4498,718,3033,1939,130,5175,978,1849,5924,5540,4836,6823,779,388,3289,6156,7395,3962,5614,2944,3805,3881,3217,1947,1023
4080,9578,2467,2087,7033,2211,2178,4813,6713,8693,2070,1170,4299,3069,3862,9632,7618,1888,1640,3958,8528,9737,5274,8038,3451,8787,8780,3101,1557,513,4764,2080,2114,736,337,5962,5009,6141,4204,8108,761,1717,4307,5295,5422,7682,6561,6524,8654,2835,3769,2162,8622,4679,6653,9179,5728,6704,579,2891,6641,2325,3961,8720,8673,6058,1685,6654,8509,9461,9202,8393,8725,4000,7881,1842,3325,5098,1137,461,4214,3580,7472,4526,2372,3850,7748,296,121,2930,1113,7347,3937,3739,2347,4406,5239,2720,2117,464
62,102,271,284,3348,5788,4403,2883,7161,9039,220,542,4023,2056,4562,9633,7524,5199,3326,7039,7200,9738,5691,8722,2613,8050,9779,4461,999,2077,6663,489,9182,1265,6076,7085,5056,6448,5389,9444,6617,3940,2554,7817,2273,8521,8029,5314,6739,4190,4235,3629,9856,6493,6142,9543,7365,3456,3522,4060,8229,6328,4091,9908,8956,7342,4328,8441,6029,9932,9436,9974,9983,6844,6115,316,4601,4277,5765,4305,4962,7974,7038,5937,4110,5489,8194,1065,134,3717,784,7983,5281,3505,1083,5104,5335,735,2670,427
5454,9579,1428,565,8759,1025,4362,1529,6797,7839,3249,1041,3143,3024,1707,9338,7464,2197,6496,3346,8236,9739,7201,6734,2683,9020,9057,765,2942,855,3373,1449,2716,2142,1214,4353,2987,5237,5511,5566,1051,1350,4241,2555,4848,6072,8432,6426,4934,1673,2473,448,8698,6689,2571,9370,6015,6640,836,4417,6417,4471,3307,8914,3352,4561,2445,7077,8667,9046,9136,8358,6518,2725,8207,4326,7072,5170,3492,152,5353,3964,7012,5310,1892,3577,7394,746,261,4221,5368,6542,4660,5128,3084,4759,5193,2734,2694,415
