3.79464707407447	-3.83107461961105
0.497870700997389	-0.491904028745972
13.9027566384049	-13.7456489870268
5.23899239365102	-5.22537067009136
16.1422546057634	-15.9402823510147
2.79217675896069	-2.84586934187619
20.4470975184638	-20.2574368239612
20.4522458894475	-20.2577886374539
2.20720525526669	-2.24481533684438
18.4785935733828	-18.2089649895026
2.33475845000488	-2.37038630521269
16.5678036513629	-16.369681984157
19.1957132436967	-18.9705490697532
16.9840774908554	-16.7242775124396
1.40182120631034	-1.3899330849768
18.353277916334	-18.1994484075405
18.620706633261	-18.4301407627335
20.3078135934124	-20.1162869357493
0.701140017441368	-0.689590467306648
20.2699370855682	-20.054980126527
17.8042645787117	-17.5808748477014
1.82447763512216	-1.80880887458087
18.8466961632922	-18.6725420131475
20.2708075851596	-20.0860012136402
1.12011684822858	-1.11153030620125
0.297216434083002	-0.293310805715484
14.48217254278	-14.3453544942799
20.0727321900866	-19.8650887555062
0.940941171013755	-0.93407522901497
3.30776666942174	-3.3412604258926
20.0929811218807	-19.8915030026137
19.8392284884883	-19.7023445987821
1.49968259098639	-1.48175337853264
19.5091434158971	-19.2928501238065
19.982323773879	-19.7719701519023
1.86572499938205	-1.84410373599129
1.42841664774857	-1.42016374238557
16.4223555286637	-16.2487028323603
18.3073091862514	-18.1001636977035
19.2118815352106	-18.9920167970817
19.4918312528599	-19.2810251051659
19.9682052442184	-19.7409724536602
19.5950209095418	-19.4140393946628
13.2936616622885	-13.1977928619688
20.0569854178764	-19.8533293227584
18.0314136377875	-17.7773081580314
15.2065501923512	-15.0146712263416
16.6862385967544	-16.4026029776426
17.0855968191112	-16.8417871111095
15.9013078830572	-15.6102476558284
5.05569739077452	-5.07773328910021
1.72355430227421	-1.74537035611993
18.613734026612	-18.3662307282113
17.9066873083052	-17.6283644375415
5.54313823214846	-5.58517634363184
5.43997874583885	-5.43843585233109
8.20924512705862	-8.13504003425961
11.4099334305719	-11.3011684119807
9.18615748652897	-9.12025227236196
5.52683616371047	-5.46294765787264
2.46389330768747	-2.41983111013358
13.5682337767339	-13.5630288602896
11.3233709328643	-11.1327550505288
18.3249266087031	-18.1663476133951
11.9079715632406	-11.8706804001031
11.1852572460647	-11.1998358259494
1.94777671286637	-1.92931999186925
7.73547924612888	-7.56899897699081
20.1966349025908	-19.996147615739
16.8172884976899	-16.6683061337295
0.511523343663796	-0.503831147221004
0.874709164120859	-0.871298089623759
0.862238562842041	-0.853437757680762
20.1989719833884	-19.986555988222
20.4418837576933	-20.2354650246139
20.5933771330876	-20.4148480043555
4.84950438662801	-4.79473447051639
1.12620321901817	-1.11762456614527
16.9896572501443	-16.8355269814096
17.804728133627	-17.5511143818018
2.10309010988206	-2.14642608787516
3.51120979252016	-3.54758085366126
14.7888291643463	-14.5324998299222
3.4989489621554	-3.54847758887844
18.6210237837485	-18.4408055543022
14.3218017231493	-14.1997994777834
16.2511611650685	-16.0120156231023
15.9786581618007	-15.7819920216839
12.1736920489543	-11.9883433332543
2.46947888732662	-2.51008581683403
3.73122710672853	-3.73979003178828
15.6466980938567	-15.4647791384034
14.677091143926	-14.5157061623186
7.36748425797642	-7.34431713944153
19.9380738194475	-19.6884363622678
18.7187993238609	-18.4999230480902
5.68722322315772	-5.75022534709105
16.4685446468082	-16.2007047146275
19.1984344552231	-19.0190279729257
2.19173746045348	-2.16319152747527
