0.0292972690373289	-0.00977168205590537
0.460055431498138	0.00254408744649184
0.590675491548214	-0.0209992186620804
0.576308065616247	-0.079147951595151
0.0422994829005163	-0.00993535380474186
0.632945635436156	-0.0252048696211379
0.666443814610573	-0.00588383455926756
0.602765614885255	0.0990282597307041
0.328445685588322	0.0890012001369104
0.279930312805745	-0.00367938465589448
0.0647598811126229	-0.000800027589395044
0.0460904294826433	-0.00892997667079561
0.642915722635738	0.0320646738140458
0.666057338033608	0.0123239479894018
0.0693508091627217	-0.00688265218082308
0.0722012305564026	-0.00559537074840508
0.670368445910101	0.00125246602878749
0.0624788814009846	-0.0053941789699614
0.657962936695236	0.0437661911841586
0.0136284405409325	3.28343073065413e-05
0.673721260817595	0.00829344309022904
0.102047744800355	-0.0272437273648962
0.0212020682983057	0.00122143951835552
0.672497200158389	-0.0361213788552251
0.671212168461176	0.0201430794422019
0.663112050884343	0.00951887182820728
0.0511776305449885	-0.00773162205373989
0.66562167664714	0.0137316017497061
0.579077793888105	0.0961764679481619
0.166679666974455	-0.0675310334861949
0.665237714801998	0.0406419524837401
0.0507463238424544	-0.0192452714768751
0.661628572053038	0.0200500240117151
0.659788969940949	0.0114826265631719
0.0272406520825638	-0.0125675656471658
0.600855293001558	0.0464178168894113
0.650067285782938	-0.0178853127984898
0.380233384741276	0.0135058070830691
0.532485864528097	0.0389337800274607
0.651043045548543	0.0491586492563614
0.105111135815712	0.0284549676227675
0.00582063349566894	-0.00495025832957994
0.12390648559381	-0.0318545648956925
0.562833431345247	0.0656020439988848
0.655073922267884	0.037050044609547
0.630542723921209	0.0243956589849903
0.603298968256046	-0.0399550426420333
0.625336365018686	0.00351269009688494
0.666554679923722	0.00418075810063074
0.621173884411307	-0.0115377390000237
0.631942906623298	-0.0415367268634304
0.0714226886252073	-0.00881576394710673
0.550841355246982	0.00390646685065582
0.647279257949688	0.0137919416336091
0.336570091374197	0.0220457420000412
0.646125672348923	-0.00201401858743629
0.0217252482232784	-0.00923459486130744
0.572128956531777	-0.0979331316380178
0.657415435053002	0.0513098876881204
0.0931083535737112	0.00462624114392757
0.610965765133511	-0.0264101792147792
0.415170144164121	-0.0329005022241201
0.557027923228017	0.0745214841151501
0.578323939850835	-0.076477268030498
0.0439237779777381	-0.0129387873974382
0.660175424535129	0.0101030758858931
0.523659931663396	0.0660988326091836
0.00927564651164287	-0.00310478470230125
0.662145263931003	0.0209745854602241
0.633476273223903	0.0166054345261842
0.073096426166466	-0.0439654327362088
0.656351696010557	0.00407223265229893
0.351762586139475	0.0618149688212805
0.667367071979023	-0.0157257657223579
0.664327476407603	0.0306143368037526
0.59890702165133	-0.0853804898352089
0.0491493840826068	0.00168200695306333
0.113196938742312	-0.0337527336294877
0.0630680747622156	-0.0290750697260608
0.658085342877501	0.00680152372567918
0.626651413843762	-0.0311294182106244
0.519062231005934	-0.084280117082468
0.631012094198823	0.0198979298509305
0.0369566536152998	-0.00538512612990977
0.198191194634436	-0.0394713523490176
0.639722374338983	0.00931658377101756
0.621290502516888	-0.0347136456972776
0.116698090243378	-0.0266842533434834
0.658140259975585	0.021637462215367
0.0577533589904962	-0.0178831661479697
0.112569699474226	-0.0330242537733429
0.672970730111234	-0.0165535043371796
0.019846590398058	-0.00414008008458335
0.104954117602294	0.00119668305363611
0.0955013792717292	-0.0376310172857717
0.359599527442123	0.0497014715909592
0.671990773708769	-0.0190560352900774
0.0513015807832249	-0.0304571006303551
0.619221504453859	0.0497418094177615
0.626799171283454	0.0440589708258165
