5686,9407,3968,3326,3447,1251,6486,1720,6701,4696,4174,136,3532,5192,1270,9295,3653,5080,8696,2592,8526,1186,2377,6763,812,696,5529,3189,2289,2087,2725,3273,9583,5591,4143,1618,540,5487,677,6306,9660,6028,6632,5500,6329,8981,9375,3021,7192,3876,8449,6793,7829,3622,5323,8363,4944,4273,5900,3869,6755,2855,7168,6720,5999,6747,304,9046,4620,8443,8668,1672,26,6979,9034,4553,2010,4494,4659,4810,7069,5968,2903,2904,1707,2069,9180,3944,2250,2658,1939,5015,679,2866,5960,843,6013,2004,2750,6779
7040,7707,2352,2650,6494,673,787,3586,2815,6018,1696,1234,2175,1151,2789,7582,6899,3700,8743,4609,6833,2079,1524,578,2736,7364,9005,2927,4381,3269,6943,6431,9366,3636,1565,2950,4173,7462,3051,2609,9661,8584,6572,4650,5800,9760,8983,4245,5758,2109,8285,3932,2257,4035,3011,8441,6267,3582,4144,6189,3445,2952,4702,2083,8622,622,1262,7768,4204,9943,8521,1627,6676,5327,5506,6281,2989,2931,2783,539,5139,7272,4977,3488,5943,2308,7933,4270,492,1737,4426,2668,3655,3350,1456,1920,2623,1540,880,3073
7792,9408,125,5830,9202,1948,4540,4574,4345,7998,7451,1868,3704,445,689,9512,2795,5481,7755,4414,5897,5394,900,344,1221,8928,8556,4599,1534,7140,4752,7372,8535,4795,3464,3963,6549,7892,1293,1136,9662,7948,4793,8654,6636,9761,9845,1786,6774,5439,9147,6739,187,5494,6696,9317,1167,2278,6758,7655,5050,7959,6056,9151,7860,3666,2071,1563,5630,9944,2205,351,3104,4002,6177,630,1694,4688,6828,2326,6948,9001,3796,7814,3601,793,8692,5181,299,921,1001,6886,4734,6232,5797,3626,6659,2450,4165,5802
3410,9409,4921,2093,3039,1626,4369,2832,7476,6008,5655,1038,1644,2763,713,9513,6240,4611,3996,4642,8512,3522,2541,2315,2341,5145,8207,384,807,4568,292,6126,9584,1310,2272,702,4158,5937,1825,6446,9663,8423,7739,5410,2024,9218,9846,5029,5141,5603,6749,6128,7986,3499,3792,8442,4789,7485,3817,4110,3856,7055,6770,8269,8854,6237,6490,9017,6439,7643,8214,3321,639,5244,8327,2180,931,6419,3124,501,8240,7246,2091,6973,7209,1701,8823,2502,2299,751,7498,2452,343,5390,4978,617,7176,752,2498,5643
6580,9410,5348,2177,2888,12,1847,2407,5344,8525,7129,421,4133,6519,1017,9514,8753,1211,6930,6868,8088,1801,665,1503,576,45,8187,2648,307,3395,1656,4884,9585,8092,1172,2023,5853,3398,5531,8337,9664,6571,7897,5602,5678,8051,9174,5622,6180,2868,7518,4139,3109,7907,7399,8807,7127,5699,7785,7033,2930,7623,5715,7318,8616,2754,2856,9108,7376,9392,2233,1259,297,8104,6147,4329,2954,2588,4486,3592,8418,7791,7207,7410,7000,3202,8786,7450,562,1980,7627,4841,605,4556,6186,567,9201,3080,3428,5343
8322,9411,1130,4654,2857,2152,7268,1077,5125,1419,7911,848,7805,4198,1658,9348,8295,5083,8850,1735,98,525,2184,957,181,7667,8011,1080,8393,2849,5290,7030,9586,5656,7240,141,8950,8274,5370,7862,9665,6872,7131,5318,7037,9762,9053,3986,4279,4347,8722,8118,7324,7466,4751,9381,7258,4590,4596,2511,8287,6808,7803,9176,9087,7767,6087,4039,7174,9945,4238,451,4042,847,9983,6795,874,6218,6707,2286,8810,8105,305,3771,6658,3343,7717,3057,983,6290,8081,1585,832,2830,7605,24,5734,1346,2905,6921
8330,9412,1412,2657,7523,1372,442,4979,2364,8926,6284,993,2642,1342,3803,9515,2854,5401,4636,1955,8513,3998,3227,7097,1659,557,8798,1702,221,2214,6357,2876,9587,3589,395,2329,6019,8245,3230,5491,9666,8873,3176,3185,6252,9763,9847,5714,5934,3982,6995,1785,1202,3551,2908,9225,4167,7135,4597,7798,6787,7027,8288,6461,8547,2221,3024,5922,5411,9946,7091,2504,2174,7512,8714,4192,4382,5017,4450,972,8045,3954,7487,6560,4602,1932,9113,2497,671,3252,1767,1843,1008,6136,6327,408,7196,868,975,7744
8578,9413,1232,5096,7929,116,4994,1040,2435,8718,8271,159,8156,1733,2311,9516,9098,3736,9357,8765,4439,2565,2363,524,734,473,6923,364,970,4131,7904,8557,9588,7714,3855,104,8939,9078,3017,8672,9667,9079,8246,8204,8415,9764,9848,7270,8147,7227,9082,7980,3022,7385,8596,9318,9086,8148,8655,7884,7577,7811,8604,8377,9932,3422,1531,4939,8589,9271,2871,222,331,4016,9984,7724,5660,4396,5222,1034,8624,3673,2507,6860,8952,4252,8988,1147,132,2925,2230,6532,667,5673,8062,217,9092,4306,1683,7922
7638,9414,4483,3799,3158,2902,7023,859,5126,8677,4649,846,6124,2090,1263,9517,5450,4251,8744,2756,1362,371,1067,1438,1103,4333,8938,2057,6881,3229,7238,7234,9589,6533,6322,2711,3920,5882,5291,8208,9668,9216,7138,3335,5234,9765,9849,2477,7852,2134,9312,7869,1860,6523,7440,8167,6434,5295,3320,6313,6775,6182,2163,7361,4703,1207,6066,9153,7831,9089,3387,269,641,3690,8690,8367,4407,4957,2269,1257,8709,1012,4393,1425,2643,3826,8796,4615,211,5219,2171,6579,1284,1214,6851,468,8991,864,2187,1283
4794,9415,67,3293,9203,1858,7549,286,7179,5172,7872,1897,2445,2133,1025,9040,8645,2295,6987,3997,8437,2546,655,527,2686,519,9575,4327,637,4807,7060,7107,9590,5683,506,6011,8671,7720,5206,7483,9669,8956,7780,5037,6545,9374,9850,5179,6335,1324,8026,6839,21,5594,7710,8911,5754,5972,8333,6904,1552,7109,7502,8997,8998,5862,3643,7865,2313,9947,1961,1477,666,2310,8962,1654,6068,3257,4819,1149,9112,8618,5421,5393,3087,1996,8328,7070,72,3811,5004,5776,3878,5623,6094,2372,9162,1253,2360,4231
7751,9416,841,607,4304,5855,4063,3345,6607,3904,1783,742,5923,3351,1327,9518,7103,3346,8145,4077,587,2968,413,6582,2720,7536,8993,1693,4844,2767,1990,2630,9187,5414,2169,707,7670,6215,2900,3947,9670,6417,6061,4901,4678,9766,7038,2485,5070,3399,7120,4335,1340,5440,1461,2014,6710,3782,6264,3379,4528,6875,5382,7362,6637,1768,5000,6145,2747,9272,8856,7546,5819,4115,8304,5066,203,3310,3560,5538,8702,4082,1268,1230,5744,3100,8564,5740,1089,4023,3501,249,3280,4430,4778,1148,5616,2082,3078,2794
8258,9417,575,6669,9345,2068,7444,4006,2345,4980,6424,1233,3363,3862,2942,9519,8936,7134,9077,5265,914,882,1417,60,138,4847,8575,6873,3756,2959,3881,7878,9591,8251,6482,990,9167,8780,6468,8375,9671,6691,7172,5847,7360,9767,9851,6114,6012,4081,8975,4525,179,5527,4448,9285,6250,5155,8410,3299,6190,6704,8264,9193,9152,5425,7732,6726,7684,9948,5685,370,1539,1447,8915,6299,169,5608,6050,642,8315,1675,908,2359,7713,4985,8606,4405,43,4148,708,3155,3324,2508,7796,1154,9250,1560,2987,3136
7910,9418,184,4666,9021,3042,5413,5183,3962,8572,7559,1958,767,484,1729,9520,7527,3490,6020,5544,5911,776,3243,65,163,6351,9185,5840,281,3542,2548,6764,9592,4959,2834,4076,3472,8919,3840,4106,9672,8203,7166,8070,4604,9768,9852,6341,7085,4247,8570,6115,70,5690,7920,9149,5720,8060,7646,7647,7375,8001,7063,8199,9329,6103,6917,4940,4485,9949,7468,368,3082,4605,7474,2277,459,2453,7185,1175,9400,4353,838,5484,5615,3729,9002,1633,242,2985,813,8403,5518,3583,5503,1577,8108,3054,1919,7895
8660,9419,273,3058,9503,3910,9095,1842,6274,8592,6748,792,7013,6585,6356,9521,8581,5534,9254,7316,1705,199,772,126,101,7962,8892,3765,3605,686,603,8244,9593,8033,7277,424,6318,8920,2771,8929,9673,5513,8995,8247,7031,9769,9853,5663,3842,1734,9131,5728,4950,3952,6618,9226,5273,7073,7995,3154,8350,8099,8326,9325,9133,3609,8365,6887,8723,9950,6463,875,3563,1072,9019,6547,266,4593,7513,971,8610,3279,1192,4017,1396,6339,9114,2237,30,3323,2339,4802,3436,2368,7679,694,8839,3897,1521,6059
7687,9420,3115,861,8652,4311,8082,3761,1058,8249,7296,1102,6538,7046,1209,9075,2988,2715,8969,5631,3475,456,1823,69,191,1928,8505,5824,7607,3034,932,7634,9594,2385,4320,218,6644,8653,2151,5463,9674,8627,6334,4091,4402,9770,9306,3439,511,3594,8712,7882,8369,6909,1245,9227,8571,2537,6390,1969,7152,8411,7459,9232,9388,3630,6567,8169,7319,9951,7866,5442,8543,2042,8963,7662,2209,372,5932,124,6933,8642,1872,5833,6426,3500,8613,2531,700,2733,7529,3364,3521,1063,7797,315,6493,2722,5674,7580
6715,9293,1288,313,8495,1499,3294,378,5648,8291,6592,268,4531,950,2683,8380,7251,8023,9278,5991,7216,2447,4171,6702,2884,7530,4583,1516,6511,1593,5326,4179,9595,2016,4356,1198,6080,1123,2232,5617,9675,9012,7411,5584,1862,9771,8558,1373,6216,4260,7379,2161,1605,1187,2378,8089,2300,1912,5702,1739,5296,4117,7016,8095,8904,6266,1119,8344,8265,8961,8548,8484,6107,5672,4718,1604,4840,529,5099,2506,8611,5374,1910,7334,773,2170,3275,5694,1120,4591,1369,1998,4947,3760,5298,823,5337,4463,6729,3234
2505,9421,1116,4524,5480,4113,4879,2487,2649,7991,4162,664,1922,3008,698,9059,1054,4028,8480,4676,2607,3131,2005,6593,849,1133,3644,2524,566,3957,6168,4266,9367,5261,869,3070,3295,4060,3168,6869,9676,6866,7898,1877,4492,7949,9854,4425,3434,2347,7054,5759,7989,6261,5282,3196,1938,1506,6650,4657,4146,7049,7521,4864,7428,5169,2742,7944,4865,9952,5806,4857,547,8179,8222,6171,5302,3818,4487,4560,8445,3746,4458,2196,6527,1609,7840,3435,3337,632,5994,5347,118,3357,3161,216,4497,1559,4713,5147
6223,9422,4180,5332,4582,997,3854,662,4438,8292,5764,333,3570,5477,2666,9349,4085,650,8175,1530,7834,618,209,5270,416,213,5992,3151,1754,2422,2208,4724,9596,4639,5857,1934,4261,7452,4786,7010,9677,8355,6806,2877,5405,8338,4646,4454,3440,3126,7816,5659,3805,2386,7836,8262,2827,5637,7088,6225,4025,6596,7147,7624,8597,2416,2224,7966,6140,9154,8266,2939,46,5489,8171,3664,4565,609,5288,4953,8804,5989,5339,4520,5745,3264,8787,5230,491,2591,3105,6191,1972,5811,5945,2086,6641,1132,1583,5553
7160,9423,3415,834,1826,6857,911,3444,3046,9182,3069,1027,3241,6505,3006,8436,7902,5748,2501,7383,3797,3670,3688,4102,2412,1099,5546,1966,5675,2318,6989,6394,9280,1814,1479,3902,7985,6649,2776,7437,9678,6551,2173,3681,5085,9772,9855,2365,1224,2757,8465,6843,5151,1208,966,8769,2774,4339,6626,7260,7062,5336,5475,8759,819,5578,7100,8924,5455,9067,1766,2075,2816,1982,8785,4554,374,438,3016,3038,6149,1730,5078,2040,5417,2820,9993,6199,1336,3402,3611,5681,171,4765,2231,2456,3288,1607,4622,3219
2074,9424,2671,1680,5533,593,472,1788,1714,8643,3562,663,3179,1691,2723,9522,4040,4932,6880,1887,7940,2566,1728,8032,2724,7083,8706,2211,2919,3557,3758,2428,9597,2533,1738,1469,6654,1889,2858,4966,9679,8971,8260,2393,1420,9773,9307,3710,5783,3283,9222,4849,3348,5040,981,8357,6116,4088,1536,6246,3341,5103,5129,8636,8396,5358,1078,6630,4822,8879,6911,5860,6846,6449,8136,6160,5963,2677,3600,2413,7909,7685,1108,5063,5877,1127,4354,4064,310,3770,4502,755,4616,1758,3388,2255,4234,2932,805,5106
8075,9425,1564,4517,4934,300,7310,3215,1384,7284,4726,363,7640,4277,4722,9296,6671,3870,9123,7076,3541,5545,543,256,2667,97,9041,3676,620,7304,8013,8077,9598,6893,2334,355,8815,8048,5598,5873,9680,8711,8536,5502,4679,9774,9856,6374,6438,2898,7611,5593,821,7830,4326,9911,7416,936,7519,3123,2142,7741,3915,8688,9106,7281,2656,4631,7503,9393,1333,410,392,1908,8563,6272,3505,5419,5954,1901,8821,7443,2126,6553,5927,4625,7295,7418,354,6371,6818,2860,1057,1415,6970,212,8551,3567,6404,7538
7701,9426,2125,1612,9094,240,7975,1181,5928,8814,5965,482,7923,1236,2463,9523,7583,6992,9570,6586,9361,235,1032,346,383,520,9576,4693,2826,3571,3497,5354,9599,5868,2845,2583,3530,7682,6534,4677,9681,9103,7916,8226,5522,9775,9857,3177,3498,5535,8585,6413,1406,5293,4968,9912,7015,2680,7748,5164,7204,8239,6139,8884,9107,6065,4449,9194,8072,9953,1987,2192,2429,2494,8674,6994,7945,5313,4566,89,9339,4475,6421,2946,7954,658,8531,3088,62,4855,7632,6890,1171,1239,6897,155,5828,2909,1170,5671
8460,9427,815,3808,7500,280,2975,5763,2207,5998,6840,3268,3827,2349,4397,9524,9099,4433,8225,7961,4003,2022,2055,185,829,418,7809,3533,583,3895,2676,8527,9368,7668,1895,657,9142,8516,6473,7674,9682,8864,8078,8518,8498,9776,9858,6815,5573,5842,9907,6425,498,6716,4188,9913,6938,4779,8131,4909,8501,8635,8268,8416,9235,2655,6785,7723,7407,9954,2701,327,654,2340,9985,7867,5058,4776,6492,405,9988,2526,3040,7382,6759,4068,9115,2188,194,5231,3228,7396,415,2013,4213,17,8675,1515,2495,8154
7178,9428,5736,6296,9504,5047,3612,100,8849,9508,7753,64,1981,6949,6058,9525,8754,1603,8661,4828,4451,325,10,3290,386,7641,3302,2275,7758,4479,7697,8024,9600,7669,6925,1220,9028,3929,3692,7531,9683,8874,1903,2782,8195,9777,9859,7042,5329,3639,8701,6403,8633,8086,4691,8866,3244,7343,4992,2279,4623,6566,3983,9233,9330,3716,3237,7743,4898,9955,9398,8124,6694,4474,7984,1431,260,291,3281,7283,8352,4586,5104,1044,2568,4220,9403,2088,740,3328,4996,1178,544,6161,3747,66,8947,572,6430,7833
8097,9429,462,2362,8736,152,5251,1792,5625,8009,7297,760,6090,389,2249,9526,6672,8705,9210,7066,8927,1085,1556,195,95,3416,9577,7345,2049,2986,4295,5885,9601,5904,3657,2316,4720,8755,3511,5069,9684,8394,7507,8227,5525,9778,9860,4184,4470,6046,9126,7354,245,7348,4493,9382,2320,3408,5818,6271,6042,6780,5761,8212,9933,6262,3686,7101,8724,9334,3813,224,1338,2556,8775,3767,2887,4614,4516,239,9050,5820,3749,5693,6723,1749,8964,2089,61,2775,1810,8413,4505,4843,7075,1405,8185,5388,1129,7581
8191,9430,4913,4263,6014,2491,7256,431,3548,6479,2559,1023,7735,7688,5890,9527,9299,927,8555,8481,2694,584,178,726,1334,1335,3713,2399,1022,4715,6662,7257,9602,5914,8093,175,8034,8252,5049,9304,9685,9217,2704,6990,7727,9779,9861,6077,7842,5808,8922,8166,9223,7927,7951,8830,8782,3835,8197,5906,8867,7589,8519,3810,9055,1599,8334,9939,2813,9956,7369,986,1191,1508,9986,8003,4366,6436,5787,1844,8691,969,1095,4074,1753,3173,8989,3514,108,3865,8717,1441,205,1065,7081,14,8965,3493,5624,4250
8173,9431,955,3301,9505,1164,8704,1601,6686,9509,4826,186,7939,1488,5245,9528,7846,8427,9124,5567,8514,463,682,250,739,514,8863,3844,4987,6188,1859,5001,9603,6863,920,6499,7061,8164,4832,8583,9686,3894,7602,7642,5054,9780,9862,4000,4933,2085,9266,8238,465,4687,8177,8303,7121,7694,5881,6698,6536,7115,7914,9927,8770,8248,7007,5495,7017,9957,2376,600,873,999,8491,1712,7002,3843,5469,146,9989,5427,6379,3007,7838,3019,8479,2749,147,3668,6212,7457,924,2015,6861,417,8321,1555,1630,7886
8453,9432,887,6407,4891,223,3959,2312,2123,8741,8020,400,3913,1587,1632,9529,8871,2346,8360,7156,3365,5739,1360,845,4214,301,7489,121,298,5402,2717,8407,9302,8025,2432,111,8582,9259,1525,6814,9687,8438,5767,7794,8382,9189,9863,6963,8302,7287,8609,8085,3375,7537,6552,9383,8500,8184,7973,6741,6563,6699,8930,8221,9269,1866,961,2886,8384,9958,3223,322,466,4056,8934,6308,7333,6084,6502,5851,9244,6609,5330,7570,7820,5199,8152,2978,170,5465,1242,5254,883,5909,7469,497,9093,2030,1277,6610
6623,9433,226,1695,4655,8110,6790,308,7764,5317,8112,2474,6285,6975,3195,9206,4685,5436,9140,7149,614,648,3718,624,289,8354,7827,257,5111,4254,7941,7925,9604,6472,7896,158,4656,7709,5825,8284,9688,8940,8569,3210,2730,9781,9864,6456,7199,5416,8129,5935,8793,5809,3443,7823,8050,6562,5711,6342,8801,7190,7078,8959,6152,904,6092,1977,8200,9959,2972,22,309,1037,9399,7579,2861,5964,6321,3047,3424,8651,643,2398,6017,3806,3251,2595,855,2424,3958,2266,5363,6478,5559,254,9405,2586,4930,5378
8339,9434,820,3157,8579,546,5233,3479,783,4697,7413,1226,7171,5913,3267,9530,8250,7584,9358,7094,6053,1667,3604,444,1138,2403,9186,5556,3312,440,2612,6765,9605,5276,579,411,3010,5019,4034,2937,9689,8663,6169,5721,7384,9782,9865,2981,1265,7086,8708,7366,1761,5794,2651,9228,6769,3067,7621,4055,2129,5987,4712,9326,9032,5383,6279,5308,8039,9960,1697,871,1205,2554,9048,6396,3512,4809,6541,1184,9179,2406,6788,7988,6428,1165,9247,6744,96,1725,6964,6363,531,1906,7056,1625,8316,3543,687,4258
7155,9435,930,3311,7974,3084,3239,4379,1811,8681,856,1904,1649,1818,4442,9531,7696,5701,5753,3473,8456,836,2096,896,2390,6038,8218,3199,1538,3950,840,800,9606,3702,3751,1909,4005,6673,2777,3923,9690,7532,4051,7235,6353,9783,9866,1150,5588,3591,4989,2549,401,5187,2457,9229,1443,2397,550,4916,6634,7473,2324,2284,8656,5180,1790,8541,4952,7420,7043,8270,6491,6131,7533,6000,5007,3111,2818,3513,9159,7564,3098,979,5055,746,4866,5796,3735,4201,2433,2149,4507,5146,652,1722,7609,1389,5854,5726
2293,9436,3182,4804,8454,3527,3538,3086,5508,6819,2063,1471,5996,5649,3378,9532,6681,2606,7924,3206,6643,611,934,4564,695,6892,7358,1699,3934,1215,1596,1066,9258,2464,907,1553,5483,5869,3094,1723,9691,4202,5583,4632,3097,9784,9220,940,4472,2684,6821,4283,7313,1664,5136,3815,4410,4095,5479,3372,3928,1741,6343,5284,4477,4737,1600,4743,5081,8150,6877,6146,5006,7332,7034,5287,2573,3164,976,5493,7691,556,3588,1947,6362,2116,5781,5051,3423,1200,4013,2759,1029,1427,2850,2896,4918,2769,2662,4488
4447,9437,4762,3245,2611,580,6768,4121,3411,4112,4955,1690,4264,3555,5467,9350,2663,890,9571,2810,6961,1113,1566,948,1381,513,8745,2998,533,2617,5227,7689,8620,1542,7150,530,7793,5635,1255,8301,9692,5668,7603,3606,5722,9785,7218,778,3599,4728,8474,6870,1561,6531,3368,8757,7349,5790,6557,6470,6657,6366,2703,7576,8905,6597,5372,9391,6508,8844,3610,1594,420,3723,4964,4653,1011,5035,2673,1351,9051,8869,2778,7124,4621,4205,7650,7188,715,1487,2281,1816,935,5930,5286,1060,9163,1839,2762,7093
5698,9438,4578,2172,7856,749,2672,2136,5717,8421,4894,954,4349,5435,504,9183,6187,2669,6554,3518,8113,703,2195,1623,585,7211,9256,2166,3980,1848,780,4973,9607,1789,6270,1548,6722,6738,3873,3367,9693,8594,6521,6937,5093,9786,9221,601,1494,3437,7942,1096,7465,2201,3127,9319,6027,4971,1822,2517,6297,4177,4629,8666,7481,4092,4633,8760,5072,8205,8774,5558,6197,2798,7960,5692,2354,1719,4706,1504,8297,7698,2338,2242,5751,2038,1100,5407,102,2598,2301,5466,1959,2304,5280,2117,3801,2841,1800,6789
8192,9439,4432,4490,5250,895,6364,761,3990,7210,5404,1642,4635,6256,1413,9533,3317,1168,8533,7371,7053,1782,3553,1831,1569,287,5520,1411,889,3145,1781,6583,9608,528,5676,122,5886,7653,4243,8737,9694,7964,8439,5941,7415,8841,9190,6259,6174,4755,7373,4881,8650,3999,225,8508,6697,6605,7587,7132,7555,8913,6236,6940,9088,4951,6896,7683,4132,9121,3053,500,87,5239,5229,3584,3033,4383,4692,5507,9160,7565,3948,7208,7308,2217,8732,4661,1028,2218,6974,1944,402,3945,6639,267,8399,858,5670,2147
6122,9440,1162,5461,6782,478,4997,1888,5839,6660,7180,878,5700,6075,4652,9534,5586,2801,9184,2235,5509,2333,81,2104,634,490,8684,1114,83,4029,6848,7551,9609,3885,5530,8,6208,8506,2901,5415,9695,9042,2812,6081,7077,9219,9308,3486,4924,4532,8027,6512,7936,7173,7325,6854,7087,6384,7355,7161,3524,7648,6985,9327,9389,5921,332,5397,3448,9238,2327,678,295,4457,7788,5190,4359,3391,3342,7245,9245,7804,3277,5118,7118,3481,6227,6238,1301,4367,4057,4876,505,4343,5669,1314,9251,1992,945,8181
5171,9441,2824,4674,6398,577,3556,1747,4675,9129,5727,1557,5360,1231,2199,9207,5028,1196,8573,3502,7460,2910,1110,4499,2863,606,8779,691,2189,2296,1450,3318,9610,5799,1490,244,3985,1033,4183,3432,9696,8361,6469,5256,4239,8499,8059,2924,4880,4435,8311,5197,8739,3678,2039,3577,6978,275,4815,5445,6354,6395,4019,6883,7629,1241,5983,8366,1804,8424,9009,8073,3651,4781,8406,3658,4981,1975,4481,2108,7422,6811,1134,6178,5850,2799,7967,5543,3183,4169,4777,1020,3049,1292,3026,483,8031,2261,2880,4322
7628,9442,48,2545,8523,3462,2770,3638,5550,8694,1590,1047,4059,3621,1779,9535,3454,6462,4714,2792,6487,3224,1520,252,1115,3892,8678,3825,5832,623,2439,4226,9213,3076,4157,4153,6022,4265,2047,4099,9697,6048,2804,5184,4787,9787,9262,1042,4166,3344,8943,4315,4914,6151,4429,8781,3418,745,3169,2141,5156,5641,6590,4846,7368,4267,4821,4658,5464,8641,4456,2252,6608,7665,2727,1354,4515,2983,5406,3730,5512,4249,2520,5815,6604,833,7733,4965,509,2569,941,3048,4084,2303,1589,2831,6959,2674,1813,3561
5863,9443,5365,2979,1518,4573,8404,978,388,2698,5140,1182,4827,4141,2402,8318,6539,352,9100,2436,1836,4521,1748,555,595,532,6988,4512,6645,5779,1161,7337,9369,6054,3390,763,8799,8202,714,7323,9698,6725,4773,6474,7242,9788,9376,2960,5826,1964,8792,7586,7990,6977,6754,9914,7293,4181,5371,5658,6319,7143,7561,9288,4917,6809,4403,8713,7116,9109,8562,8845,8178,4995,7636,2714,5449,2115,5100,837,6776,1155,1097,4836,3400,1278,5795,3526,1177,5203,6823,3417,37,892,7262,201,8186,2441,5331,5148
7692,9444,5896,2425,5575,1368,6113,2178,7752,8644,4503,1295,2961,6037,1760,9536,7592,7351,9101,3768,3580,3717,2236,625,377,8862,9362,5011,6010,1238,7815,1174,9611,5334,6060,1937,7773,7306,4975,885,9699,5524,8664,5292,6483,9789,9867,1941,5257,4962,7835,8440,545,6622,7108,8037,7426,6359,7545,5122,5836,5926,1482,8383,8289,7356,2215,9195,6700,9289,7848,669,376,2731,8144,7556,157,353,2415,1250,8232,4083,898,2144,6885,1455,8061,1634,731,1041,1062,870,6231,5936,5299,3106,6920,3211,5834,3052
2,1,3,4,7,130,588,1931,3861,8511,7930,1216,6518,7425,2219,9537,8308,7391,6642,6009,4782,4380,1575,2614,3001,8720,9211,7359,7217,5053,7608,7541,9612,4753,6993,4175,7635,9188,5213,7958,9700,9260,5101,5551,7654,9790,9868,4949,7032,3460,9168,8042,8896,8261,6577,9915,8912,7817,8278,6651,6497,6287,8665,8931,8771,1710,7787,8561,7705,9961,8477,2101,2514,2791,9987,4830,1350,5359,7340,7186,9990,8172,6254,1956,7571,4954,9994,7663,6429,5134,3624,4509,5027,7855,8565,4421,9997,4791,8063,7458
7600,9445,3255,1978,4236,5340,338,74,1676,9130,2025,842,1437,5969,1480,9252,6972,4461,8091,2802,3298,2006,457,6488,604,6967,3370,3581,3476,5395,6286,6233,9613,3043,4159,4863,5605,3327,3613,7378,9701,6412,1970,1393,2620,9791,9869,3907,4033,3654,5541,6951,476,4788,4803,8903,4928,2246,4527,4389,2140,1240,6827,4328,7870,6546,5303,8906,5091,8772,3991,7064,3637,3984,8509,7495,720,4268,3192,4518,8471,4418,779,5975,7255,1930,6687,4310,2119,1988,4228,3156,1687,3619,2355,3142,8317,1915,1711,2380
2570,9446,629,4008,8335,7433,6350,7390,951,2493,6543,2052,2552,1774,2913,9538,8076,3914,4199,7052,6581,683,2254,541,962,262,7014,5973,1414,4911,3905,7478,9614,5321,1832,7828,9125,7979,4961,9070,9702,8595,3132,8376,5246,9792,9870,4613,7918,960,9313,4759,719,6030,8018,9916,3304,6360,6683,3413,7730,7590,7394,8783,7750,4079,8135,8784,6954,9394,6183,1092,1498,2881,6440,4664,5170,1121,1408,672,8478,1444,2379,4404,7169,4437,7854,1736,335,5460,991,6919,973,706,6269,154,8372,2337,4684,6100
6568,9447,3407,3381,8524,3615,2712,1156,5158,6504,1328,174,2427,4460,2314,9539,2181,3240,4465,4883,1517,3030,1343,1018,2258,5205,5823,1422,4286,2002,6086,2401,9615,6258,1543,2670,5757,6144,2631,5940,9703,7254,3059,1321,2797,9793,9871,3233,2561,688,8084,6835,2262,5289,5108,7965,6625,1965,4140,2127,1281,4299,3214,5432,7996,4168,2143,8977,4592,9962,9177,6130,5312,6035,7528,4248,2621,2185,6471,5564,2351,3707,926,5712,6599,2267,9200,3575,471,2419,5451,3764,4756,1769,2895,1995,8469,2467,827,3315
5618,9448,4619,1558,7191,1053,1916,342,4300,8111,3937,925,2553,1394,2947,9351,5947,4963,8860,3973,7461,2719,1946,6026,1874,6803,8697,1299,4792,4455,5626,4208,9616,5207,7470,1709,7652,6550,1940,5677,9704,1571,7715,564,1646,9794,8921,3607,4246,2062,8475,4293,3121,4990,1318,8951,6192,3935,6500,3347,4897,3794,5198,8667,6484,3071,721,7818,5304,8542,6298,6016,1307,5120,8008,3452,1581,1313,3841,4043,7850,5876,3975,2971,982,2823,4357,3807,90,1276,5067,2043,1628,3116,3135,1791,8153,3788,1679,4371
8174,9449,3547,4332,4355,1652,7170,747,4872,3406,4806,3074,2478,5135,3140,9540,590,518,8790,7756,2862,4576,3694,1090,5255,516,1440,535,4120,7718,1606,3438,9617,5420,3850,88,1775,8994,1194,8883,9705,8182,8158,8058,8408,8875,9080,6584,6655,2483,8537,7747,8996,6091,1721,1876,8256,2027,8603,7244,7520,8211,8832,4767,8999,2603,3414,8576,4049,9963,4530,296,204,3763,8378,4145,6947,3352,6069,6746,9052,7020,3041,8281,8419,3353,6929,5837,5609,5944,8391,1071,385,3060,2654,113,8676,437,6620,7499
1296,9450,1423,2381,6072,6613,881,318,2297,2926,2571,1003,5115,4948,1476,8695,7202,6841,8861,4686,7673,3330,237,4061,3032,1951,9062,3356,2026,4603,4313,1755,9618,510,2122,2758,5322,8236,2956,7072,9706,6134,2632,5539,4645,9795,7802,3787,4742,1385,7926,5168,7224,5113,6389,8794,1387,5109,5002,4129,2268,4427,5025,3836,4774,5901,5090,8002,6088,8590,8314,6184,8030,2851,7900,1403,1834,488,3125,6063,8846,5241,3045,4097,4376,2594,7534,3401,2094,2471,942,5059,1841,4303,2879,2112,7389,228,4291,2528
8223,9451,1974,2444,8966,1118,4805,1056,3427,6245,2599,1445,5501,5478,1821,9541,2238,5281,8937,5895,8949,446,1180,5604,272,8006,8283,3163,2451,3741,4334,7617,9619,1146,1087,323,1648,5572,5361,3061,9707,7644,2713,4262,5098,9796,9872,1407,959,4233,5094,7524,8634,6452,5152,9150,4711,2098,7089,7280,3966,4506,4446,5263,7614,3063,4537,8320,6955,9239,5061,6176,3208,2840,9290,8054,7409,4545,4036,1126,8379,7626,4889,2993,6422,1055,7321,5725,189,1500,1963,2120,6392,3625,4860,534,6751,3517,290,2183
7639,9452,2138,3238,7956,1091,5048,387,5127,9346,3946,1304,2728,6513,1315,9352,6480,4550,8021,3194,4519,1884,596,183,464,7970,7490,1426,5746,803,2105,5521,9620,2264,6737,215,3590,8115,4224,3951,9708,7453,8194,6222,3453,9797,8865,1894,549,4513,8538,6055,1347,5266,1770,8686,7139,1106,6629,5086,4406,7749,3940,6558,5396,5384,6638,6067,3631,8387,7616,7899,8267,3139,7320,8096,2037,1545,4392,2342,8102,8544,2486,5130,4907,3056,6600,5647,229,2535,5570,645,2688,4101,6373,2915,7700,2159,3875,3468
6239,9453,436,3463,8298,716,4542,5189,4122,8615,6302,1533,5351,360,825,9542,7197,8764,8872,7779,6445,1592,2965,636,393,2077,9578,6936,3461,3519,1153,6467,9621,5301,1838,6631,5872,8767,4732,2604,9709,4875,6530,7517,7568,9798,9873,6621,6792,794,8237,3102,20,2366,7765,9917,3821,5557,8209,7480,7786,7781,7704,8134,9134,1472,7012,9940,7153,9964,7421,1852,3719,2803,7522,2707,119,2418,2118,336,7388,3377,5732,5614,6380,4420,8607,3936,255,3965,3918,7424,2302,2073,5918,1064,8619,1382,2635,4587
2305,9454,4050,6454,1661,3795,5064,2737,1048,6889,788,1326,6073,5462,589,9543,8426,6561,5310,5458,2110,373,2198,3246,2259,7540,8698,1320,2796,3545,6098,1163,9622,6495,6370,1356,3743,4851,5305,3891,9710,7182,7659,1750,3249,9799,9874,2628,6945,824,4196,6228,8748,1359,5175,9320,7338,4984,1913,1399,6750,3284,3380,9022,7231,6338,853,3739,6247,8761,7983,866,2696,6304,9274,3759,5775,4037,738,2936,9020,6093,1864,1464,4363,1311,6074,6666,503,3976,5610,3899,5777,2009,5485,1004,7821,1179,3489,5149
8282,9455,162,4936,8109,1856,722,3988,1390,4608,8138,2358,3096,2156,3864,9024,7539,8487,5128,3960,1837,4225,2629,145,379,5689,8902,2539,913,4394,1217,6804,9623,5075,3361,598,5812,8346,7618,7863,9711,8621,7769,8117,7347,9800,9875,5568,7544,6099,9314,5020,359,7367,7994,8923,5691,8401,8123,5536,6732,5454,7598,7613,9934,2128,6712,1809,7294,9965,5426,120,1218,2084,9122,6385,4784,4800,6109,1166,8715,4067,1641,3286,6760,3018,7514,1726,330,1358,893,7832,3325,5335,6574,705,9036,2404,933,8064
8485,9456,115,6309,9506,6162,8435,1019,6405,8293,8041,1923,3552,8307,6520,9544,9208,6640,9572,8324,1137,460,736,238,93,9011,8707,1953,3706,3404,1857,8163,9624,7212,8157,42,8766,9119,6311,7594,9712,5121,8463,7265,8941,9801,9876,7463,5627,2220,9908,6858,8228,6138,6952,9384,8687,8450,8349,4340,9287,8476,9016,9928,9935,2522,7163,3728,7795,9966,4317,208,670,276,9010,8598,314,6172,8189,2097,9991,6289,1210,2200,4182,6934,8916,1635,36,3703,1076,6316,2473,4769,8074,198,9998,1881,2045,7290
2659,9457,5782,2384,4552,3720,3175,311,7825,5595,5177,640,1829,1514,3213,9545,5756,3297,3107,7978,8670,4361,1554,6079,3309,5438,1364,414,1510,4338,496,7024,9625,3015,8141,649,3744,8429,2726,3871,9713,8517,3790,5601,3308,9802,9877,5688,6465,3665,4796,8028,711,4833,5813,8168,4324,7068,6524,4797,5563,7761,7230,6693,7824,7569,6217,8802,7050,8773,9155,1815,382,3674,8776,4563,3924,5634,7194,458,9199,8710,1611,6315,5709,3578,8522,7955,877,798,5861,1752,32,6167,7110,366,4206,766,6119,5079
6397,9458,2914,3467,7901,1473,6333,2637,6368,8726,5798,1798,3832,5548,2028,9546,5576,2996,7446,4089,7095,1402,2967,2290,963,337,5510,2391,419,770,2639,6506,9626,4848,2567,523,1584,6805,1352,2601,9714,7331,7671,5585,5178,8974,9191,4346,2625,5012,9083,3684,9224,2551,1098,8735,7271,5848,1267,3226,8451,8119,4529,8852,8629,6884,1773,5704,6918,9967,2864,2516,1140,5870,8125,5974,7637,396,3784,5917,7175,8106,6347,2581,3336,3781,6924,7515,2344,3376,6778,5959,129,1274,1075,328,4468,1973,5599,5200
7706,9459,3483,3890,2697,7222,3635,2787,6542,9038,3972,1907,3598,1949,795,8272,2060,6031,8345,3503,8005,909,2555,4672,140,2080,2335,2700,6616,569,692,3979,9027,6142,6021,1853,565,7610,2054,2036,9715,8347,5277,6040,5215,8957,9284,1925,1549,4280,8910,6871,8756,4417,4200,6457,3696,1197,5474,5784,7412,8386,5908,6905,6196,4925,4969,8834,4212,8880,8201,1776,743,8444,8795,4671,4287,5074,2702,727,8716,8530,5852,3516,5976,968,6375,2225,467,1547,3484,2587,1248,5182,2661,974,8545,2396,1435,6677
6332,9460,2806,3119,4758,989,3360,1780,3608,5144,5979,1124,6023,1467,5243,9547,8462,2331,8574,3313,5519,3162,397,2958,2619,1228,9579,4856,1109,6003,7738,6455,9627,7346,1650,915,9143,8405,4739,9283,9716,8972,4194,6276,2035,9803,9878,6447,2582,6242,8343,2822,423,3846,7314,9014,3623,7645,7509,3305,7261,8402,7677,8853,9331,3128,329,6559,5434,8899,5931,1526,278,2247,7987,5497,3900,1189,3964,3449,9057,6503,5582,3292,2765,2280,9248,1997,128,4637,615,5995,953,6771,6243,2743,5829,303,1206,4972
3385,9461,2784,3930,5956,2328,4829,1483,6336,5528,4701,750,4557,3334,2693,9548,1111,2165,8206,1546,4191,4218,1893,5571,1195,582,2437,2323,4466,2814,3152,7239,7419,5958,5482,4600,1201,4009,2148,6646,9717,7183,6969,6926,6874,8982,9263,2945,6158,3291,3358,1433,3596,4690,3793,8758,2288,3200,5488,3397,4284,7427,1796,7728,7467,5716,5259,8213,6850,9033,4682,3248,479,3122,4562,5039,246,1297,2963,4108,8431,7106,2608,5470,7074,2070,7699,4768,3659,2865,134,2682,261,2852,6442,2853,2369,2158,4539,6376
7573,9462,4027,1131,8447,63,4014,3217,796,8455,6451,1273,5202,644,2708,9549,1286,2564,5822,1544,6576,3278,2699,3207,1586,684,7585,3755,1613,4772,2646,4491,9628,3641,4297,2870,7879,5356,2476,4741,9718,9029,7619,6029,2921,9804,9309,2951,6170,4471,8196,2938,4100,4364,4817,8286,6460,5319,3882,6129,3819,4211,6057,8817,7562,4871,1247,7200,5773,9090,5985,661,1468,6980,8837,5373,4337,1125,4186,2298,6822,2536,4572,3977,4118,701,8161,5044,427,4638,6688,3362,3005,1084,7133,3174,3774,1272,1522,939
6879,9463,2061,4053,6652,591,7558,1681,1819,5713,8358,1751,4999,5471,2538,8473,5056,3672,9359,5338,2111,2994,2892,264,3099,1173,9363,4358,1933,2572,5045,7342,9214,6464,1395,782,5577,5316,5214,4812,9719,8342,8488,2260,5741,9805,9879,4138,5719,5428,9315,6383,762,7228,6957,9230,8749,1883,5114,3118,3727,3679,5628,8395,9236,5581,5188,7381,7079,9968,1572,879,1574,1703,8882,6836,6999,2325,4065,426,8858,2510,1902,3648,7309,897,9003,1763,265,2438,6441,5867,1016,1802,6386,144,6752,3691,1397,4276
7292,9464,1651,1430,8907,785,3112,3994,4569,8742,2848,676,6721,1668,4134,9550,4302,3708,7516,6214,8273,987,2374,574,139,7181,9580,3496,4323,1698,4237,5486,9629,5924,4467,674,6432,7311,1805,6901,9720,8528,7006,4259,6976,9806,9880,4255,4716,2420,8890,6459,1379,6757,6740,9918,6062,3776,6656,6895,2953,5540,7799,8877,9270,7874,2577,3504,7774,9395,4047,612,1470,4770,7690,8280,1290,2356,3886,635,7888,2847,2307,1622,6830,2897,8953,1523,207,2186,781,6450,4360,5955,5961,1529,5364,4607,200,4526
4920,9465,2106,2434,9037,85,4124,2167,2153,8567,5706,737,4373,3316,1375,7931,6317,4278,7993,3079,4170,2874,1013,1059,2466,6002,9257,4409,347,2741,5345,485,9118,2332,2920,2970,6820,5858,3587,5612,9721,8325,6838,3558,3066,9807,9175,2405,6514,1971,8014,3912,1266,4559,2911,8628,2100,6345,5805,2223,4834,3482,2681,3646,1537,3129,2285,8898,4309,9240,7771,5110,6367,4775,9178,6867,797,2809,2357,3198,7328,5750,1300,4651,4436,2752,8630,4431,1942,2239,2949,1983,2273,3942,4665,1580,7547,1892,3218,2576
3386,9466,398,4780,8392,3661,6685,1854,6085,8552,4147,406,6898,4221,2294,9551,8319,8309,6786,6569,8162,791,447,1005,38,3772,6731,4533,3926,4021,1418,7703,9630,5315,7890,3458,4588,6944,1619,2408,9722,8825,4398,7859,4298,9808,9881,2206,3170,3938,7219,7393,6902,2751,4154,9919,4111,2513,6826,3566,5119,2825,3953,9328,6265,4543,5235,1756,5966,8868,2194,3867,4818,4351,8978,2107,6292,1724,2480,548,8492,8433,3171,1943,5710,570,8494,7431,232,1141,6466,1757,1495,4377,5232,3036,7315,3550,202,6575
3216,9467,340,2964,7102,5349,6314,4307,7397,7695,6097,1460,3620,1621,2146,9552,5087,3529,8331,6015,317,3371,801,1000,3471,2135,8608,2732,2210,5159,6481,6248,9006,2000,6143,994,7963,4210,4434,7047,9723,5409,7784,6102,2785,9809,9882,4292,6024,3178,8649,6137,1921,5620,2844,7126,4991,2348,3565,4695,4610,7123,5814,7511,4071,3146,1905,4694,8007,8809,1994,916,602,1377,4235,5073,4799,1046,4187,4510,8599,7932,5762,288,6942,2460,8777,2941,167,1689,2624,4673,1308,5143,6244,2430,5385,2164,980,7022
5157,9468,5084,3614,8580,2389,4771,4011,5242,9137,3266,809,6813,597,4719,9353,7263,3978,5562,6548,7096,1069,3383,448,3013,16,7681,3262,699,3742,3724,6766,9631,5186,1638,5097,7436,4522,2031,3263,9724,8734,2597,5778,2543,9810,9883,4902,6882,4215,9148,7312,1954,5013,6330,9065,8087,5899,4852,7441,6946,1188,7731,6529,6135,3055,4835,8731,3085,9969,8623,8385,6603,5253,8510,7221,7819,3191,3809,220,6733,4982,4093,5009,6036,2761,8811,1567,560,3394,4869,3685,613,143,1704,5,8847,1050,2046,7177
5903,9469,3660,1428,8740,151,5831,53,2889,8400,6123,1144,1073,2600,2689,9166,4986,1083,8840,4617,5970,1339,375,3495,1950,967,7484,3491,1409,4370,6617,3851,9632,5210,2615,3459,8341,7880,4927,5306,9725,9144,3906,4094,4032,9811,9884,3989,6382,3289,8747,7554,227,3466,4240,9132,3872,2633,6997,5381,1374,2935,5962,9054,8617,1640,4022,7844,7201,9023,5849,1896,1227,5247,8679,2387,3506,3786,6717,2575,8822,7604,5274,5153,4547,3354,6906,6391,54,2734,6935,2755,3134,3745,2977,2243,8788,3494,631,4689
5788,9470,748,489,6971,1833,5350,938,6791,3028,1454,2019,1608,6275,441,9553,2168,7992,9360,4618,7903,312,2212,8114,965,6837,9581,1665,7597,4698,6045,3927,9633,6411,6194,403,7574,5925,758,7553,9726,8895,8255,7913,3023,9812,9264,1794,7439,3576,6260,6082,4316,6983,2744,6682,7229,5760,2779,5542,5307,6606,5859,8559,8520,4001,929,8826,6346,9970,8159,5496,4723,4890,7885,2781,435,4598,1717,1463,4504,6829,3271,1673,5376,44,8190,5878,1598,5422,7535,7572,3814,3916,6295,922,6340,1718,592,1765
4850,9471,814,958,8414,552,6679,1493,8323,8294,7606,76,7071,1337,2690,8496,693,1258,8004,5353,5041,1685,1727,3374,80,8066,8980,4453,928,4018,7276,7552,8685,4161,3035,5894,3677,6388,1459,3167,9727,8973,6798,5771,2017,9813,9885,3981,3853,5076,9031,3396,1294,6595,5441,8976,5324,5362,5161,5707,7122,7099,5071,4336,9120,5537,1243,1797,5320,9335,6230,522,2124,6083,4388,675,7475,4142,361,2716,8493,7868,5933,1918,3004,3510,6325,6817,3300,2222,4811,7008,4229,5838,2929,3220,8693,433,4052,6713
4155,9472,4241,1143,7526,3754,899,1105,1223,7445,5268,1772,3050,789,3201,9554,6862,3389,3740,4342,5212,729,160,6703,2032,5957,8631,2521,6047,3645,3554,5018,9634,1481,2626,3837,6348,3319,1398,3714,9728,7223,5951,5587,2154,9814,9886,3253,3433,2984,8673,5346,4473,5142,4878,6201,4126,3044,1355,5875,5981,2041,4945,8818,8944,5022,888,8914,2113,8502,8029,6414,5952,2216,5774,6320,86,1898,4026,6619,7187,7631,1576,4906,3955,1501,1509,5459,956,3478,5297,4496,4422,2092,2923,2788,7934,1325,3081,2622
3261,9473,3020,2515,8828,943,6206,428,2833,7601,5765,1716,3602,2740,2955,7477,2644,2479,8422,6101,8336,4823,3065,765,3539,270,9063,2114,1653,4923,4269,6381,9635,4885,1094,4895,4601,4548,1006,7278,9729,7881,7543,3110,5021,9815,9887,5311,6458,2593,9064,4281,50,5606,3752,9071,4729,1462,6647,3847,2244,4938,5747,8230,8188,2367,6268,8640,7813,9336,4015,1885,1203,4007,6324,4941,946,3667,5008,334,6591,2907,3939,2875,6796,4555,8917,5014,188,5733,3834,5888,1891,2685,3921,1158,8637,2605,4086,1875
8306,9474,3848,5523,9181,7875,5821,293,8925,9347,7754,231,4922,3863,4098,9297,8727,3662,9573,5891,469,391,345,4415,806,8243,8428,164,6968,6709,2283,6303,9636,653,7353,52,8806,8253,7479,7847,9730,7658,8497,7864,2190,9816,9888,5377,6041,4078,9084,7919,502,3188,486,9920,5915,8015,7971,2512,8489,7162,3642,8412,8290,3393,6675,7660,7232,9018,9091,7712,5949,6998,8549,1744,1204,515,7282,5708,9246,9402,3877,7401,1282,2472,4798,1367,6878,4825,1617,404,3919,2371,1713,1244,8434,902,2660,7686
6052,9475,4820,6044,9204,7548,7237,263,7009,9096,7250,283,5817,4738,1850,9298,5718,1219,9279,6387,1871,320,78,7680,434,4319,6200,412,1807,7329,6305,6915,9370,5375,2182,149,8368,7214,5766,8632,9731,8529,5391,8165,5342,9817,9889,6927,3682,4967,8958,7508,131,5636,4244,7491,3095,7472,3197,4757,5102,8012,5283,4816,9170,850,3858,8819,7711,9396,9156,7400,6941,2321,7092,988,5552,4580,3698,7117,5988,8016,7395,2817,4970,2753,9404,2263,4151,1252,2072,2869,3683,4731,2234,73,7935,107,2160,6724
6847,9476,4289,4887,8859,4197,8870,28,8425,9510,7057,82,1986,4903,4785,9555,4931,2482,9574,5555,1671,985,210,8546,863,3839,5132,697,6150,3880,728,3256,9637,3901,2580,29,3340,8128,3893,8738,9732,9305,6433,7746,7215,9818,9890,6594,5841,6156,9043,7759,105,5357,690,7288,3731,7492,7612,3627,4581,6876,7928,9234,8808,1070,7205,8803,8459,9337,9047,6280,5492,2557,8215,2417,2414,581,4385,1849,7789,9292,5498,6406,6477,2048,6001,6166,4222,3338,3456,852,5752,4282,2534,790,9342,279,5456,8155
1935,9477,369,3857,8762,1746,6377,165,2462,5092,5884,1291,5196,1289,876,9556,7341,7252,6900,5269,7651,5173,1269,294,3187,236,9364,2204,1235,6555,3120,8373,9638,4740,2157,4424,7542,8275,4612,5986,9733,8816,6195,7025,5516,9819,9891,5088,4416,2455,8507,3715,9,3559,6229,9231,2916,3773,4915,6984,5785,7307,3421,6706,8605,5430,7737,9941,5638,8946,6665,1624,901,1371,9198,2997,3709,4760,4066,487,6598,5579,1287,5549,5642,1682,8216,7065,75,5003,5574,5249,2745,1820,7225,2282,9343,3083,6219,6812
3114,9478,4116,3282,8461,1502,4216,3812,6960,7938,712,1629,2613,4419,2828,9139,867,6718,6614,1890,8242,2370,759,5333,1582,6653,5065,2542,1527,1256,5174,4312,9639,1344,1873,1602,7305,1074,3487,6784,9734,5600,5272,6475,3695,9820,8728,4230,4579,3465,8356,5057,2560,4469,4041,9385,4103,6202,4842,3535,2917,6794,4571,1388,4514,3663,422,7599,7220,6910,8881,7442,6210,3133,6859,5062,3204,3515,808,3451,8468,3748,2957,3633,6802,399,8107,5024,3579,977,362,2602,3366,1436,2410,1302,6735,2330,5398,4272
8241,9479,2373,6982,4709,449,1764,1193,3405,7501,8359,2388,5204,8010,3242,9097,7851,764,8662,7826,2271,2991,3705,1777,5162,319,4156,137,241,7841,5892,7377,9640,7736,3232,193,8893,6956,4896,8482,9735,9372,8083,5133,7906,9821,9892,7405,7676,3101,8417,7760,8730,7575,7766,9321,6071,7843,4362,6663,8843,8831,8430,8560,9936,1101,1616,6743,7193,9971,5248,302,454,2251,9000,3003,4444,6300,5443,4500,9275,5023,3860,5309,6734,3829,8990,918,258,3181,6578,3258,57,3165,7003,35,9136,2527,1007,6453
8848,9480,710,3222,8625,206,4814,1657,2980,8299,3931,725,7414,1309,133,9557,6797,7488,7957,4877,1190,6410,1404,638,2873,4242,9300,7693,1486,2894,5844,6773,9641,6034,6690,3750,9282,9173,4541,5845,9736,6611,7142,5898,6705,9822,9893,6418,5150,2883,8220,6588,19,2213,5532,8539,830,5729,8149,8132,1917,3738,4585,8231,8053,6476,3689,7449,4910,9196,7661,425,1674,3725,9035,1840,79,5191,8019,1806,8180,7456,2228,7148,7430,1260,9249,4824,114,4926,1771,6856,6141,5596,7729,3090,9999,1466,4626,1222
6423,9481,1686,3640,9074,7226,7726,4305,4511,8553,4176,1432,1458,6416,4413,9558,7593,7335,7745,5929,4735,106,1952,1643,356,3879,6753,5341,4534,1093,1009,4900,9371,4314,3455,4386,8235,4440,810,2962,9737,8103,5154,3260,2890,9823,9377,3726,1666,1361,8332,2772,1330,2982,2018,9322,3037,5607,4681,5772,6939,5730,4893,9929,8079,5433,723,8878,7233,9972,9241,8101,8689,3987,8305,6958,558,6,1927,493,8577,4790,5264,5082,6226,1107,8703,6326,2687,2550,6628,3569,3409,646,4275,619,7082,3160,2353,7291
7363,9482,1465,3943,9507,1778,6680,3186,2653,7876,8224,1731,6736,884,2423,9354,9356,4038,7861,6369,8829,350,3235,1380,1511,512,9301,3148,2503,7059,5252,7198,9642,7141,1591,6544,8824,8889,5368,3830,9738,9104,4535,4908,7822,9824,9894,5468,8464,2276,9085,8036,499,1993,8130,9169,4882,2584,7588,8210,8490,7982,5380,9930,9045,1332,6288,9237,6331,9973,1312,1655,1280,2227,5724,4831,4478,5613,573,91,8432,1991,4546,774,7839,1812,9995,2735,180,7028,3446,5652,626,1183,6981,156,6096,2492,2241,4070
5611,9483,7633,4484,8887,4058,4643,68,8752,9294,7857,18,6120,7496,5499,9559,8139,5590,6032,8056,6025,234,34,3002,1306,6173,4942,4905,8234,7189,5640,7506,9643,2003,8219,2800,6209,8894,1401,8800,9739,9373,2033,2099,7317,9825,9146,3272,7620,906,7950,5835,5026,2859,7386,9921,7001,8540,5176,1614,903,1088,1900,9931,8587,8022,1457,6526,5240,9974,9982,9197,9242,6399,7370,7417,937,4384,3574,5226,1962,1745,2248,1157,1880,2409,9996,4482,949,2499,910,4069,756,1122,7915,148,9164,3485,3130,6684
6415,9484,2461,1081,4641,1416,5399,2001,3775,8137,2627,1323,5068,3617,2155,6125,5300,6400,6163,5472,5980,507,1448,2065,1485,2811,7972,2882,1692,3632,4232,1496,9644,4670,5355,4172,4374,6834,3384,7130,9740,8721,5163,5804,865,9826,8348,4150,5619,3722,8312,5801,5379,4584,6078,9267,4912,2540,1795,6181,6365,3113,3474,6525,6435,5731,2067,7800,3780,8044,9111,5403,6007,5953,8160,3573,905,4462,4096,494,6777,610,1279,1319,6612,3477,4801,2265,1036,2768,2132,1824,2392,1570,799,1945,7889,754,4378,2647
2891,9485,2748,5366,9276,7708,3778,117,4207,8090,4024,23,4567,5137,1082,8891,3431,2253,6689,4195,3442,214,271,8534,561,452,8955,2053,7145,3029,7887,5793,9645,7067,6164,1145,1176,3209,1670,7157,9741,8069,7808,5621,4725,9827,9265,5883,6277,1254,7740,8409,1061,6825,4647,9922,7893,4443,8071,2078,6501,5679,2786,8932,9937,4544,6165,8657,7300,9975,8857,8397,6727,7630,5916,4899,2843,1784,6420,1762,9291,5490,1615,1225,3064,1030,9068,5810,5632,2137,172,3103,2563,4476,4344,828,10000,4331,5990,1678
6635,9486,704,3874,8472,4080,4104,1366,912,7275,4983,1497,3000,2382,508,9355,1636,5446,8646,1135,3333,3618,1185,3800,1708,4350,8017,3669,3969,3231,5447,2793,8648,3492,2361,4558,5193,5515,4749,6039,9742,5418,6489,2044,1341,9828,9895,3303,5511,3585,8094,3961,47,4717,7026,8876,2544,4209,6589,4348,4227,6522,2928,8960,8389,3785,2966,7977,3031,9273,8669,5194,7563,5866,8838,2306,135,3680,4390,5639,1386,7649,1421,2309,4411,2589,7845,1478,2319,2064,2029,5843,3699,1669,4459,1039,5005,2481,3798,1491
6104,9487,3816,4054,6427,2197,4498,316,7550,5400,4301,495,6913,7136,668,9560,8046,7029,8682,2679,9117,717,219,2652,3675,4489,9582,1976,7098,2034,4870,1732,9646,6962,5893,3546,5687,8067,6916,7721,9743,9030,8381,6573,5723,9829,9310,1492,7279,3534,6049,4892,1010,5865,2878,9923,8370,4523,7883,4708,2705,5089,4178,8933,8855,7184,2948,9333,6205,9976,2443,5967,1541,2574,7387,7018,7158,365,4288,357,9992,4858,4330,992,6888,470,8420,7678,58,6293,7248,5412,3373,5816,430,996,1936,3564,537,1160
5769,9488,3221,2805,5666,284,7269,4628,2150,5444,7322,1899,6761,7165,3616,9060,9253,608,9025,6832,7757,757,3457,680,2829,192,6615,3392,461,5789,5547,8310,9647,7330,2808,439,8098,8851,5803,8035,9744,9261,8276,6807,8176,9830,9896,5030,7454,2836,6249,8049,6106,3762,5208,9924,8364,4445,6953,7937,7622,8279,6378,9072,9332,1799,6043,9942,7486,9977,2616,1139,326,3150,9157,6855,8055,6148,5476,474,9401,1104,3820,2130,1370,3077,8600,3025,112,6193,6111,7504,274,1068,6667,25,6154,3734,1513,2274
7702,9489,3250,2468,8504,952,4594,1303,4837,8888,8259,2918,7482,2162,6095,9561,9209,3507,8647,8233,3480,771,4408,586,285,3092,7084,1152,2940,1715,7404,4960,9648,5657,5367,1967,7111,8768,2145,8000,9745,4988,5653,3355,6323,9831,9897,3737,9081,1117,9316,8483,2519,5905,7837,9015,4663,6844,7510,7664,8198,8052,7742,7812,8985,2579,4130,8751,5755,9172,8351,197,1429,1249,9243,7429,526,3783,7019,775,8979,4606,1128,1246,2343,2229,9341,947,277,2066,777,4452,733,3296,7775,150,8805,3802,4190,5695
7041,9490,71,2426,8778,862,4958,2839,3520,4464,6510,1298,5352,3190,2872,9562,5554,7352,4707,2990,2807,5314,282,306,2738,7253,8593,4325,1112,4808,6772,3992,9141,6076,4119,831,6894,8746,6006,7151,9746,8362,5565,3889,3180,9832,9898,5948,5112,3779,9044,6996,1960,5107,2838,9323,3568,7374,6800,1532,6307,7406,7039,7591,4705,5629,247,2191,6005,8040,1878,453,521,3306,9049,3382,4072,1879,5077,4010,9128,7051,802,4203,5665,4761,3425,2893,768,4495,1349,4680,6132,6112,7045,2500,8680,1086,769,3647
6678,9491,2102,3537,8812,349,5389,735,4030,8388,5662,15,5889,2518,2446,8992,3917,4508,5437,3693,7806,741,31,2179,2489,5431,8300,3956,1512,2695,7365,6556,9649,4090,3804,1052,8699,7264,844,8254,9747,5950,2525,2059,3203,9833,5392,5526,6349,2007,9192,6602,3656,7810,6224,6745,7943,7243,2562,6664,5369,6711,407,8750,8100,6203,394,5743,6221,9135,8170,732,784,7080,4256,6816,4699,817,1578,4747,7790,5902,4048,2287,1484,2139,9161,4296,2375,1924,5033,6831,4700,5285,6537,1957,8733,3403,3687,7159
3332,9492,1660,6443,8813,110,3883,168,5195,9058,5561,49,1684,2400,4127,9563,8554,6204,7036,3153,8901,77,153,8515,103,142,8121,4536,7807,6344,6540,7719,9650,6931,6865,2103,7285,8448,2585,5225,9748,6842,8142,5887,5749,9834,8942,6312,6767,3974,8729,7873,627,5228,6849,9386,8313,3359,7203,2226,1519,4308,2121,8296,9938,6352,1213,8945,8390,9073,8820,7408,3941,7525,9158,3509,2640,1264,4744,1869,6361,6986,3274,2131,1424,2431,7946,6294,2634,2618,553,7195,3089,6409,7505,3314,9165,647,1867,7969
3329,9344,6133,2322,8763,1528,4669,3247,3531,5682,4136,554,4105,2837,3528,9076,3887,4423,8719,7403,9004,616,2095,5237,243,7976,9365,4754,1886,826,7905,3721,9651,6004,2906,1793,3922,6950,4219,5328,9749,6719,7438,3137,4135,9835,9899,2790,2641,538,8277,6932,4640,6235,6516,8984,4365,6033,7011,7326,5448,2291,5223,8885,8897,1677,656,9066,4551,9110,9338,443,1550,5016,7849,6108,477,3419,4627,4976,4044,8398,1348,2691,3172,409,9069,1597,2590,594,196,6355,3971,4746,4935,1410,9116,2008,3212,5633
1845,9493,1452,4561,3634,4372,1261,3429,5737,9039,1322,1882,835,176,2011,8797,5919,3322,7567,3849,1855,571,2449,182,621,1759,9102,3147,4710,5696,4845,7801,9303,730,5939,6853,1808,8068,5505,3469,9750,5684,4480,7675,6179,9836,9311,3549,3068,475,6051,6564,1305,7113,7104,9925,7777,4387,7339,7672,6742,5703,1688,4730,8588,3823,923,7206,5038,8986,4868,822,3149,4813,8935,1392,7725,2395,5791,3072,4160,3628,3733,3536,3828,1024,8918,5697,2484,2529,3159,3287,2760,5275,6255,3236,7402,3027,5735,2835
5052,9494,2488,4662,4763,2532,6207,4031,659,8954,4998,1474,5910,7999,4020,9564,8047,1830,8908,1049,4974,886,2899,1835,2718,51,7004,1984,123,3508,5031,6105,9652,5238,7657,450,7891,8602,1985,5993,9751,8116,7241,6695,4395,9837,9900,3757,1926,3595,7392,6515,4764,6633,2746,9926,8586,6263,5664,1043,7778,6251,7350,8833,7952,7578,7299,9171,4341,9978,8151,1376,1846,4290,3833,6810,1142,4294,5042,3838,7289,4123,1637,5010,6110,4075,8217,5278,1031,3898,4271,1026,190,536,5907,173,7432,860,2317,4861
6907,9495,5589,2411,7666,1828,3144,127,6670,4667,5738,92,7035,6824,3603,8967,3649,1453,1911,6401,1568,1237,367,6914,4046,4253,4736,358,3544,3933,2867,4748,9653,6301,3093,1014,6783,7912,5880,7595,9752,9145,1743,4318,3970,9838,9901,3450,3259,5473,8457,4704,5645,6565,2202,2509,7114,2636,7146,2842,8257,4854,7090,5982,9056,1363,5680,8452,1442,9397,8080,998,2912,4107,8659,4577,7908,4285,1999,5871,6648,8126,3193,4859,894,2944,8550,5218,2454,4538,6708,481,753,1639,5423,56,9406,3671,4549,3652
7119,9496,1787,4853,8789,2999,3166,3711,2729,9205,5912,1051,7144,253,4217,9565,8486,2448,9061,6337,8120,3884,2885,2056,109,41,8122,4956,891,4128,8193,7858,9654,6157,1645,3852,7398,6310,1021,4874,9753,8568,1562,4937,4733,9839,9902,5997,3369,3523,9909,7497,1434,6928,6159,9286,8470,2193,5453,7167,8133,5124,4929,7921,7327,3908,6801,7266,3697,8658,6153,2943,1449,3540,8371,7267,7772,3276,3075,709,5942,4648,7247,7557,6509,5165,7423,5167,551,5566,3701,4745,599,341,1610,11,8566,390,984,6912
3143,9497,1662,3650,8353,4668,5236,919,6444,8900,1620,1968,5260,5514,2976,9566,5879,4570,8791,3769,6570,1275,1317,8140,1851,380,7058,4062,2710,5386,5209,5770,9655,5650,818,4004,6328,2933,3629,7471,9754,4589,1365,6241,5651,9840,9903,3470,4750,3108,8466,5429,7776,4109,2819,9105,7259,6448,5325,3993,6283,339,6781,8043,7762,3597,1505,2780,5984,9008,8836,1345,3349,7894,7763,7236,3753,4257,2664,4441,248,1817,3138,7021,3824,33,7357,5105,1663,2203,6728,1507,1647,964,3572,685,7734,1002,854,7249
7302,9498,5580,5597,4660,718,4943,2678,1475,9138,6089,59,6891,2469,2050,9567,8968,2021,9255,5856,8970,1551,1446,1015,1579,40,7877,3339,84,5220,8146,7560,9656,5971,1169,1229,6121,3789,6127,3888,9755,8909,6535,5874,6402,9841,9378,3117,5827,5644,8183,6234,1535,6799,6528,9324,8263,5569,5424,7493,7448,6845,6498,6674,5258,2992,3859,8835,7782,9979,4839,5217,1271,5786,7105,4391,4137,5095,3845,1357,9340,4189,8612,6064,4683,1353,8329,5768,99,5279,7783,7273,166,324,6213,13,8532,2020,2465,5978
7274,9499,2530,3995,2547,2665,4644,563,6965,5864,5201,2475,2675,4904,1979,9277,1989,944,3009,5938,5452,2558,851,7303,455,5224,1383,2596,7336,2995,1035,2721,9281,4400,5504,1079,2336,5160,2292,5846,9756,9007,4886,5221,6908,9842,9904,2176,2739,2610,7455,5046,6278,2394,5742,4321,6496,2846,4721,4274,6991,4164,6175,8467,7344,5654,5032,8038,1588,7615,7656,1400,39,7154,7044,4125,5517,4399,5043,4634,6253,804,6070,1861,4624,2973,8446,4149,2440,4946,5977,4630,542,2766,1870,161,5661,2081,2458,6714
4152,9500,811,4993,5667,251,1451,4575,4862,2245,6864,1740,1929,2470,2706,9568,5457,4087,3909,6211,4012,7434,1331,348,2934,480,8601,2821,628,7137,7005,6852,9657,7435,3925,259,8374,9215,4766,8638,9757,8700,7917,6507,6587,9013,9905,5216,5211,4595,9380,7464,55,5294,7125,9268,7981,7770,8842,5123,3441,6118,8143,7625,9390,2645,3270,6517,5060,9980,3285,321,381,2922,8725,5705,4185,5117,6437,2974,8987,5646,2692,5267,3712,5166,8127,3141,94,3967,2058,3331,1316,6372,3896,1827,8948,230,2773,6668
8591,9501,3868,4412,8626,744,6730,559,3831,7128,6282,1391,6393,6220,872,9569,7566,6291,8683,6661,6762,816,177,6966,3732,3949,9212,1045,4401,4223,7298,3014,9658,5592,7213,5271,6601,7286,1489,3866,9758,6756,7722,6692,5780,9843,9906,3254,7112,4428,2421,5920,5185,1865,4867,9387,6903,1631,6117,1742,3525,8229,2459,8886,8458,1706,3205,7871,6485,9981,1914,9127,839,3307,7853,5138,432,1285,2240,1863,3903,2051,2496,1378,5131,27,8614,6185,633,3777,7968,3265,4073,1329,2076,724,6273,3225,1439,5946
5036,9502,5408,1803,5560,1700,3430,4193,1159,9511,3412,429,4045,2764,2383,8340,6922,8065,4727,6155,2442,2709,2350,3791,857,6624,9026,4163,4888,2969,4501,6257,9659,4783,517,6358,5387,660,4873,4114,9759,7447,8057,5807,2270,9844,9379,3062,3911,4919,9910,3766,3184,5262,4375,8639,7048,7380,1595,7596,5034,7494,5116,6408,3822,4838,681,6627,2578,7997,1573,917,786,995,8503,7953,2490,4352,6198,568,7164,7301,3091,7716,3420,3012,7947,3593,233,4368,3426,2012,1199,1212,5792,651,8827,2638,2256,2523
