0.0556112525591003	0.0984041705692714
0.0995021460892188	0.565657848525187
0.0148434528216529	0.564965377608195
0.0547923534383671	0.0584297627694587
0.0657217035964456	0.367093203313849
-0.289930648954115	0.325335997379207
-0.0686593946331957	0.474453184222595
0.0283181139874798	0.43420995817552
0.0940416805105826	0.619831040574395
-0.0684477791017137	0.44033415725585
-0.000135596612976337	0.000862739707947921
0.0637704957596875	0.479396190310866
0.0742159851468779	0.592240477050652
0.113653132736311	0.545698345648223
0.0962673110163057	0.617250268790507
-0.00667286906647656	0.0539632448169817
0.10430167039808	0.615386471306904
0.00690469504602599	0.0282836690827949
0.0669921898337096	0.621294546918428
0.0610596752815668	0.441953822576354
0.072347824499316	0.616703716756162
-0.00216468183382538	0.0348374105192863
0.0100041556959305	0.0543140369963572
0.0521084910667384	0.350386213144745
0.000547631883297401	0.036728008456581
0.0974750469594956	0.589134946857299
0.054402037860447	0.532603620071307
-0.0565716806659947	0.106214158056215
0.163567924140351	0.323172873125989
0.0354552859473563	0.559751263726074
0.108685009331285	0.576802338153424
-0.00907215709100786	0.032482408410708
0.108654451204283	0.101651618880808
0.197709982067899	0.167995188082713
-0.0177526498952151	0.26254800451828
0.252295020631168	0.378906381327811
0.00632417706950498	0.0183311318147513
0.066296420367547	0.452869959787747
0.0862183696672072	0.57727512077628
0.0320268083829688	0.525858061992305
0.0131450298637879	0.143907669566465
0.120932427319343	0.60403739056465
0.117803211021584	0.613912223019435
0.000574013030710718	0.13128561922622
0.0765895972467482	0.562052298452437
0.00442625662272453	0.588273304295887
0.0196593348239688	0.019286110458686
0.138533920772946	0.487874091418906
0.0946412999306944	0.475596375868695
0.0635689413497662	0.533085545177329
0.0734208524893573	0.510136227469106
0.127027960918385	0.239089375509129
0.0748250237850924	0.596200809640427
0.0129243173412996	0.559615254950774
0.0789327047277799	0.596933838992045
0.129032585466596	0.507535196235363
0.103999701117184	0.527668188652783
0.0839060708220358	0.118832940257491
0.178416455600811	0.386375736952244
0.113994502781638	0.527601601940057
0.0451981165817283	0.0385568883624649
-0.00600612595239391	0.30809543592892
-0.00246236304383098	0.372818282982378
-0.000245470710872207	0.029468502646822
0.109237202194815	0.5529403354855
0.164945571196514	0.497182271640429
0.0992543577033398	0.552221155944031
0.0128887653341388	0.0129337444890998
0.0509278562880559	0.583870123842981
-0.0103838841812446	0.0996349097785788
-0.0499309652356312	0.0434313487342296
0.0536841274137309	0.564251384852759
0.0974845986401331	0.612423391124641
-0.0240304473289779	0.116278738508953
0.0354124808583601	0.578035731455682
-0.0131633426973138	0.31063413934197
0.0651234982797327	0.332117888457703
0.149043179024342	0.323193565476714
0.0640602980787911	0.0410600720476366
-0.0301607658143157	0.201615896544394
0.0175476142213556	0.0601484438992065
-0.182106576008643	0.290563711108218
0.128459348341708	0.413072449425691
0.107990076854286	0.522372876504984
0.165750755969058	0.567661357197239
0.108716066349963	0.255742646553903
0.120727590770409	0.591400718722465
-0.107423925888712	0.147731626770171
-0.000381153585167985	0.0327086155703399
-0.0216332891131501	0.0172843220652682
0.0892539769119612	0.618818093965275
-0.282460385868239	0.568149342243114
-0.00104496427371984	0.0145086978093865
-0.0104833670966322	0.249094326157564
0.0818261479842216	0.433141552632203
0.0626303323592685	0.520385094068932
0.117335652373959	0.533429131804273
0.0502536271472193	0.619175870546888
-0.0260052318861945	0.0314048529392483
0.0384282390750759	0.263658993105284
