0.0603724813022302	0.148678421362481
0.165309618736636	0.475905616262453
0.180956584002576	0.586381035506159
0.182818490275444	0.575959924301599
0.0165878463526455	0.0558769508186168
0.17876489310677	0.538067666652863
0.114123795356508	0.359485169527218
0.080513662479549	0.296482737597846
0.130326517134529	0.4146791184309
0.0207355493351578	0.0792153011566389
0.0813942571320454	0.293395147328703
0.00534784929724126	0.0192257595835723
0.177793766449133	0.636081443984807
0.128871000902427	0.429551272149065
0.0194003894301675	0.0611922815429067
0.0423892806450154	0.134643887922561
0.169955100586009	0.611199581388296
0.082118439964397	0.258736515696712
0.178999373935464	0.609180435034648
0.101212427447756	0.345417318624502
0.111232256042414	0.334109015765206
0.0943242414111832	0.329417562055383
0.0700630244574008	0.229715159478659
0.125842140412574	0.36143258463019
0.141245472546761	0.475800012927455
0.187107913034185	0.619037400997817
0.0941603065680053	0.343445983161254
0.117666384050918	0.397039194000173
0.176722824199453	0.600385764617298
0.0386330951532766	0.151884603382133
0.172241346840747	0.563826127206367
0.00351425827207995	0.00926510671988328
0.116472381228603	0.428978132653545
0.197054402807803	0.683972318874325
0.00353567617037747	0.0108601308942149
0.16893637241535	0.550356762245291
0.15844666149241	0.53154757886587
0.0125847049586286	0.0685688616342753
0.0834832662645697	0.276287086106108
0.147665897193812	0.49877558891046
0.0133521341738682	0.0674637240806923
0.044623495441846	0.120627388347792
0.139662447574008	0.466540929598219
0.147085584658785	0.494686586539373
0.19227613808301	0.64228979662467
0.185777201830397	0.60375708185474
0.175911911632746	0.615555926134812
0.182344699885081	0.531599028830611
0.147979087631186	0.507579669637514
0.188007171966801	0.569541151291396
0.181384341890597	0.609636140781441
0.0160785563235477	0.0369587776340058
0.159796477902057	0.537478130228831
0.182246892573105	0.579560343601566
0.100632343032753	0.345227459934742
0.167466893655269	0.591926244013054
0.035149343005169	0.0791805143103158
0.178720052815602	0.559862492863928
0.138254231308677	0.454790310471023
0.120882195124576	0.429309960546381
0.183993844890342	0.586078274948865
0.0504187561952781	0.146879471056892
0.171228065946438	0.55422524618872
0.181994074472951	0.549684305682992
0.0716334201329279	0.219521817619216
0.192772961156553	0.627564831995947
0.108896408997073	0.413446036988445
0.0168757925799347	0.0388640982490373
0.137404974700647	0.467747638351407
0.161658446423342	0.575896789016705
0.06080106486408	0.155782501746333
0.178624153302832	0.603312944676133
0.127421203070091	0.432502013818571
0.180697201322046	0.602487299520794
0.180678494556567	0.599647645027761
0.185857978266137	0.587140496281576
0.0377643608774364	0.0935991883024129
0.056073576461225	0.18955183036123
0.0587507297288959	0.170022938234905
0.192610632492252	0.609990886400337
0.0688581028872673	0.263726388048635
0.0475075390298093	0.194757575504272
0.178749103889972	0.553280462910839
0.0559072776535815	0.26119774797124
0.124130924777151	0.452306907902312
0.16351372789371	0.518413025636616
0.178652359051955	0.583843426112893
0.03085628708496	0.0825332753449285
0.15164608391767	0.523187428726417
0.0816077875549008	0.259498191519104
0.0292710614748623	0.0982412311752643
0.107593440955766	0.341875025778742
0.0330657117808735	0.0839095287948755
0.0710202259916859	0.21251868417747
0.0540819404423266	0.176135592329446
0.183930862688122	0.526115856355912
0.193057656825817	0.610858098437093
0.10610680692274	0.329993694013005
0.120175165610391	0.428976508192103
0.135565278110773	0.430586061126087
