3.34403626474466	-3.0777629729963
4.20123524627799	-3.95206781568227
2.65585293268344	-2.51916498166967
4.43883548598252	-4.23107320571473
1.73822059263086	-1.55789605400742
2.12180936029986	-2.01272397132897
0.0619091444724186	-0.0586545333079211
2.09088892023416	-2.08231958678495
0.0838399487732984	-0.0793666676989058
3.8735898384693	-3.86356762287718
0.743960737243436	-0.77969341948338
1.65764402233618	-1.68552735756788
4.60425666646078	-4.39352444508654
2.84748713779523	-2.87410514938125
0.303012154437067	-0.279682974048908
0.30723983425397	-0.299987086728503
3.49007157714072	-3.35666627847346
4.25800271545798	-4.07262010447148
3.57035338894528	-3.28606550471959
4.30517952833971	-4.08069826416691
0.583192118559857	-0.544751564027237
4.03327533270371	-3.82516711780453
0.421573253472739	-0.422453929397284
4.02485062564292	-3.85941419411912
4.04691152752389	-3.82072415985199
4.55043459552015	-4.35156406480146
4.34390100387287	-4.11320006775947
0.839009628754097	-0.79512938132803
3.8511405581809	-3.63076563176836
1.47767600078213	-1.51724413473646
4.03974184525993	-3.81231210900697
0.0877775526614397	-0.0867462512803528
4.21250682688325	-4.03662435724424
1.535618614861	-1.43516093154741
2.64060992538638	-2.48941620096705
3.53583354008409	-3.37429387949973
1.22898059030424	-1.25858389058149
4.59172052596714	-4.41427555679827
4.38027013847	-4.19154939121336
4.15779120759914	-3.92337615781982
2.93786350660737	-2.78302519183537
0.199093583152021	-0.181521853550187
0.520955582921002	-0.492118459017039
4.47666840338542	-4.29526471224872
4.12596240007741	-3.90384260826984
3.31431352049373	-3.11684403789137
4.63396371988192	-4.46851162259809
0.29792037614815	-0.29114092929764
0.187284065433731	-0.174079036751834
0.824559819583469	-0.818756501918518
4.23816983633865	-4.04352484807165
4.61610725608767	-4.43516645263689
4.57248724460901	-4.36256231016919
1.00638258615913	-0.977812959402207
4.44915298293048	-4.21364984286285
4.40212550205107	-4.19804703463817
1.08200308933022	-1.01960951417113
1.39484654347267	-1.39562658340342
3.70768988220407	-3.51072233376392
2.85499948574632	-2.57411838403133
2.13299306424764	-2.01049249044161
2.13201264053789	-1.93264669574982
0.226102511764819	-0.233089364663054
0.606303501341655	-0.568066822334264
2.16588629364637	-1.89109080667288
4.54870655552219	-4.34502497269681
1.02351269342543	-0.971256263738437
0.170061441753366	-0.180167108393186
3.69235264683684	-3.5443250728693
3.7122450685067	-3.47035401657048
4.03757172096399	-3.82844035273791
0.249241536241486	-0.257059464352093
4.53340241338035	-4.35617929763302
0.698987167287217	-0.655164173098402
0.217583043404966	-0.206514382675009
2.53688803381971	-2.41332127081273
1.10361734764563	-1.10928632052992
4.27180265306594	-4.0358937137211
3.52470932802516	-3.27605289822899
4.07563090683519	-3.8801312761896
0.448269685361813	-0.477152013543745
2.34799873824564	-2.43612247548092
3.32957437060564	-3.17325143770615
1.18737362704049	-1.25460792859078
3.89314157262791	-3.65805459885725
4.16778037792768	-4.04860868238249
3.84883555955464	-3.61110055786247
3.24284097270214	-2.98402758221355
4.54038945229584	-4.32256655299907
0.17286649088643	-0.170838990450711
0.259060389032868	-0.228703428354189
0.356373197280595	-0.314970331622683
3.64539183449172	-3.4711776097716
0.948884285312545	-0.926326619061441
1.93313644685179	-1.64527103512918
2.98559205423042	-2.7499246476918
4.46517464187875	-4.26099676215895
0.915426578631842	-1.00746933669568
1.00773537408567	-1.13917721132639
0.0491407135015087	-0.0452643789685754
