0.097490042951037	0.0613923598527462
0.163492290332731	0.281084724466325
0.313868210154188	0.429446682679171
0.216365790250547	0.170551001635281
0.361140606591093	0.352298369806442
0.0394505804591146	0.0182104162363735
0.365427644036284	0.495276877692972
0.245768385632896	0.261418952532584
0.0154412503052365	0.029659224834113
0.257222425069127	0.32165488448592
0.0169304816353759	0.0175958080100518
0.219073234432951	0.237021287176544
0.0298316244473506	0.00628482219868513
0.0272054801090134	0.0250872931217455
0.0233104644835557	0.0122234254776844
0.0707655751393914	0.105755138705076
0.234583029213119	0.328269505687393
0.297245900695761	0.373905564544436
0.0418008525442023	0.0264657351888294
0.00854803333804703	0.00178362632960582
0.0719110013122731	0.168159390576362
0.12592762504381	0.21845680242454
0.103255174320631	0.0537277308828351
0.130708334291513	0.0644573370912043
0.0926354238442708	0.0732178864558233
0.364458049863663	0.357635365434951
0.258548677967182	0.371186479936637
0.199011213468885	0.177948879471403
0.119029040900799	0.0896592228514977
0.264648942207842	0.369734052716117
0.122153263775368	0.199690972835498
0.0171501162510332	0.0112618151954222
0.132265985713831	0.137609711873811
0.0808579561849457	0.0915214312199606
0.379233422001779	0.477318854081706
0.35700250050847	0.33183890843484
0.342529715066999	0.447618643784393
0.0596889215745072	0.0514145562324224
0.0419458687612093	0.0643545160318743
0.356594294333881	0.376938252007436
0.0366203318513371	0.088553154125344
0.373046122330791	0.403818899765683
0.376115562641752	0.428632917418967
0.299243515081699	0.424970836349291
0.370437103506151	0.423179134768725
0.342100278409113	0.248518120581534
0.335764088155847	0.43831633407842
0.311553665222961	0.41391316909993
0.241488414850601	0.225528659034626
0.116837790293609	0.203684328695022
0.326722410699903	0.383503993836612
0.36294200022721	0.446602400567325
0.194793668054239	0.223556311369754
0.137569437035815	0.0998803923950121
0.313716061527891	0.422311108064654
0.215322346053809	0.321019893892287
0.198554435550885	0.318386274253879
0.155547971261842	0.253143921750567
0.0569051759500884	0.0613652877469644
0.141665760788774	0.161311710220203
0.0130267904557033	0.00145710941019878
0.178426035581287	0.136241741151267
0.373290386244452	0.475522173167755
0.266611452285971	0.32912348637531
0.271325992413825	0.39389970849443
0.205982664015309	0.120017706207993
0.222688238462913	0.306387145925133
0.259120175255372	0.305361911128854
0.265974787090118	0.375508004500103
0.0205950404857855	-0.00382537004317957
0.115267484586519	0.068507196338273
0.0379053979721904	-0.00966700565086627
0.0416864591386374	-0.000896347302832324
0.079786433264944	0.0132263290571566
0.234251467718158	0.267876720109887
0.326078322021912	0.44376260737156
0.0457191278308955	0.0219692351793282
0.0550069496535288	0.0543804829551438
0.0861249524488966	0.0586103741655643
0.0157352549684435	0.00921815307435294
0.213689954920829	0.250650486664354
0.0833464751101885	0.10899565796271
0.359328557560401	0.319653568391743
0.117152178917309	0.196430844846608
0.319533577645326	0.404373671894332
0.0975637839829783	0.0827158234080222
0.0822579254246968	0.0596527013972357
0.0647179297674501	0.136150426772996
0.0590270560160662	-0.00262115306794426
0.360880321116759	0.38173463200499
0.36410595556444	0.417552653262529
0.251434050059428	0.319604016030509
0.348844426794919	0.367509327367023
0.232356936895841	0.282843753875195
0.273954120089358	0.390416201355499
0.355668618041792	0.303478071451426
0.152699467559024	0.121236099872792
0.363173773622961	0.3140531652349
0.313519854370631	0.422618779589192
0.356404625760372	0.367874251545149
