0.610632671425178	0.198227368603097
0.601987758537956	0.19996891319758
0.387604347586888	0.128448294111136
0.625568804771171	0.204040836115379
0.258547965899424	0.0676409212759093
0.250929468885439	0.0803158364722408
0.0105467302340159	0.00328637625398591
0.184038251177465	0.0756927256266192
0.0162388034730494	0.00483058881676465
0.322336108410526	0.144129279915807
0.0466438197776397	0.0114001227743207
0.122876693586023	0.0354230908111435
0.618646325231254	0.204099292489158
0.280256926501392	0.131824891352927
0.045449846366076	0.0179693059252344
0.0206422426542711	0.00953844617119039
0.528536213576842	0.176334094896265
0.555306098152606	0.198670626538727
0.540026781584788	0.199482672627456
0.498082979689036	0.186350481484211
0.116962332584145	0.0429319339822834
0.526521880194347	0.174976331847196
0.10080291577185	0.0308120464287744
0.486014103409388	0.165776825909608
0.654009429997438	0.190275682958276
0.628182032167337	0.208599008735545
0.52562091431719	0.191543246142459
0.117750269954275	0.0438253549821472
0.565571019455462	0.201623061566935
0.125697670391762	0.0378300588336945
0.59885848985807	0.191834232344578
0.0132986729716466	0.00409904922236498
0.567847686492925	0.193412108804706
0.199337344855961	0.0701523681789611
0.373373286737525	0.121919283578875
0.496783131178586	0.155799753241692
0.165761211635246	0.0420065998610906
0.626536999369219	0.203646877467132
0.577263823195589	0.198811553041427
0.585031005979546	0.197285415039472
0.437887575915265	0.147584927097829
0.0274569086268399	0.0143528785325576
0.0454772287030421	0.0277547727427835
0.588459754549031	0.19425723298645
0.534519993537034	0.19448289055872
0.554400751427442	0.196738665544646
0.678420262641577	0.198667521183553
0.0922765228230813	0.0255813749741752
0.0945095690101532	0.030565794655677
0.109186678906005	0.0538489669737332
0.55344120385038	0.188395421730765
0.647482855836874	0.199741414916347
0.610803333143487	0.205993468609311
0.156553245937535	0.0625575485305997
0.653878742830184	0.195057162129248
0.598132992857794	0.206247162567069
0.151309165310183	0.0587983539510216
0.185705231316897	0.0488742289424366
0.482279407632122	0.157609797974841
0.600626889914932	0.196275366614722
0.355657236002456	0.115027804628805
0.319654529359707	0.116526717362685
0.0278908051475472	0.0068915165672426
0.115301693400493	0.0339983538067818
0.411905007052295	0.0792238067355475
0.644463336700734	0.203457452668801
0.116413790208634	0.0437749475579305
0.0136294245702596	0.00464778234218691
0.490152268273059	0.162500279752929
0.528621575121179	0.136213705028124
0.580776072993085	0.188203970036418
0.03106821999402	0.00623167684213282
0.527591049975509	0.203362129811918
0.111478422857978	0.0494179556142713
0.0356120967315472	0.013836640592727
0.385451570525843	0.122605650819696
0.103556834155463	0.0216459708752666
0.569767928055963	0.193604122412835
0.548106315716565	0.195651920932419
0.600154258664375	0.196432205210943
0.022883254271803	0.00765991203817119
0.259738905401099	0.075954146698612
0.472474352790607	0.150612723919242
0.0886049922431857	0.0269455050521864
0.6129735135123	0.207094679574863
0.485384940164078	0.16839196158243
0.555377367784906	0.203152161689625
0.636493420040522	0.208804507147396
0.619580200120697	0.203891736985331
0.0179641884677723	0.00758947539632097
0.0406429457901218	0.0163668159796183
0.038660554380623	0.015847255522905
0.507809138367589	0.163221368192574
0.103703719435463	0.0407985453655118
0.37560108006675	0.118151471326195
0.509915558920368	0.152748695985878
0.560779848419898	0.191662095046625
0.0594467028854281	0.0200856570733122
0.0157225041672092	0.013868328037677
0.00951988616582879	0.00310150909194984
