2.12911864913197	-1.99273765673688
0.0850888521114117	-0.0729820663770893
3.79636518468566	-3.45623626658038
1.90309431071614	-1.74842716916906
1.24006892200079	-1.16093882724365
2.19709542285206	-1.99890670474443
0.822107310495638	-0.763915211016033
1.46385768202643	-1.33192261898458
1.74604607490525	-1.58982867914431
2.79471976243633	-2.45551669198266
2.95194545759221	-2.67531426691921
2.71831299715204	-2.41451246601813
2.69975948621627	-2.4341080328031
2.22037526976724	-2.05088179650558
2.13537994146115	-1.96549019680291
1.04540988496825	-1.08930247124418
3.13631601579024	-2.88602796481671
2.03306745344117	-1.77804264261386
3.06811047125338	-2.70882387960862
1.88393959611587	-1.7009215220605
3.27869961920758	-2.98125935997609
3.4396551739303	-3.15695440950488
2.83240251275977	-2.57059366864493
2.3060857376723	-2.15286025365248
1.90279663357511	-1.73261854829576
2.11156266207003	-1.92383139480614
2.06638030276313	-1.88853585042604
3.55182080900354	-3.19430871119417
2.80555531589926	-2.52604752079511
2.37444579453047	-2.20866776824163
0.808925664848278	-0.592618859032294
0.649636149601622	-0.677299632503529
1.52341739989153	-1.5518403202362
1.50762967403399	-1.49447645558926
0.10112540882349	-0.108076824324648
1.4165714218651	-1.05831126885296
1.43015344792792	-1.47976896940952
0.672132041984051	-0.655590025158004
3.06460367883539	-2.66725044357187
2.24803829543223	-2.08285435152144
3.26424022468507	-2.91230081381416
3.16923630132881	-2.86332338695761
1.56768192160384	-1.46303420780827
0.708520739657258	-0.699667544240064
1.89376909045302	-1.73390034899125
2.77296919689074	-2.38372699153148
3.82552296479895	-3.4785918523813
0.425452691528534	-0.397971023638212
1.95522270861021	-1.78577983129815
2.1533134456253	-1.99405414406761
2.96308629085179	-2.62318552633155
2.68396306403848	-2.41316430871914
2.53895623520215	-2.15065572283429
3.16440111008115	-2.8531863231215
1.92654738589332	-1.92886593662414
2.43495664810344	-2.03104951671146
2.58571384700887	-2.23193296211868
3.32219569650115	-3.03437189680635
2.63988024181916	-2.49474001136891
0.808189952201931	-0.719083677608195
0.555592352151454	-0.544002683778102
1.31147803691353	-1.16166198013107
3.58902186496139	-3.23493789624645
0.424022292383846	-0.37441539851083
3.48275802994649	-3.15296331537502
3.00704202833876	-2.70755359117132
3.71574505110622	-3.34201582382007
2.66034975034834	-2.21385837102311
3.24578929741775	-2.93541750485545
3.87429620774832	-3.53661703612519
0.252772668737963	-0.225941322684913
0.831046655114415	-0.734634698602258
3.23220820634714	-2.95436199687044
3.47561780437925	-3.15691265328143
1.0970931748208	-1.02479214943497
3.5478354515292	-3.21683646696822
3.39126715031229	-2.99828473412796
0.259738335090394	-0.275565519397901
3.67593711479837	-3.34690301001157
1.53430559023515	-1.44674471653442
3.30532573955272	-2.92507524230939
0.348626736579285	-0.361138167752038
2.45230215741051	-2.23768339461392
3.65196138292091	-3.33808144726253
0.390558298837046	-0.365132737615736
1.26063444636002	-1.1604618949098
2.01613032374681	-1.8734414254623
1.95460196252321	-1.8345438930202
2.10977167058386	-1.7183654200007
0.465366178456492	-0.456460095932172
2.9625229124285	-2.66542930715534
3.44508857406914	-3.11845509776193
0.520311196350643	-0.5070896752384
0.893741775205264	-0.820550641061157
0.601500237010489	-0.545757471602908
3.50821398642275	-3.12448436857346
2.80956758424458	-2.52811423268207
0.814232627918903	-0.769858439188735
3.08743574029818	-2.72253318365213
1.49958080870007	-1.44350392331619
