-3.53378185378031	3.63355849768434
-1.78976567700281	1.89395948234879
-6.23272579651745	6.39201794994135
-3.33996585684629	3.44490183444446
-2.17310755846606	2.15750806469394
-6.46529252648889	6.61098047450123
-5.03784372027486	5.19307548451455
-3.48979441346402	3.65764062460384
-6.11448989750568	6.27128571637519
-1.57059330271442	1.63371220398771
-2.65257930786339	2.75589598521908
-2.50644907014544	2.47479425023345
-2.79698574643543	2.78105156112981
-4.1644288605074	4.20838525109525
-2.51362481955292	2.47186251887324
-3.17402396521417	3.23433907345736
-5.69181083963919	5.85962750311494
-1.75100051640417	1.92006627278988
-2.53842006394929	2.80524254278124
-3.35644259269773	3.47721660732923
-2.42857254884951	2.43973362871843
-3.79140731271006	3.76301791593728
-4.67082982034369	4.87479497255656
-2.82042127311062	2.97389210945932
-5.64687612864838	5.73699769912019
-6.00424288093666	6.14803519805082
-3.50753876765852	3.55623473001269
-4.84151117534006	4.95991387847529
-1.301761415488	1.28480578796568
-1.58764145563576	1.5611172842919
-3.82532895518603	3.8108619129975
-3.7270012187545	3.85162564884409
-6.62351066484769	6.8076891236801
-3.16042436380085	3.22024087384887
-3.2331315429687	3.21967693144921
-3.82312276390669	3.71044917591706
-4.91887277231497	5.16862450683624
-0.300606384157496	0.303943625399009
-5.58909234387705	5.82938215517216
-2.42782686344241	2.46795818620253
-4.79174802368416	4.95595247465577
-0.957864069681268	0.959488733202662
-4.86994543499473	5.02439103554957
-0.279063148274134	0.303632058852617
-1.20015593448767	1.16692088807926
-5.73634010625582	5.96239272941598
-3.06596526536113	3.24069643895499
-1.88450121581022	1.98511887536638
-4.12258138620405	4.36856285594621
-5.04511128044692	5.25069116258313
-3.12367498045285	3.06128258605216
-5.07436225687994	5.32926963560819
-3.56859878004543	3.775691481979
-4.141498774949	4.31150791909819
-4.69484983405709	4.95883878539036
-5.6160429297217	5.75143480288721
-2.67986965213553	2.67156966100724
-1.73469997068294	1.7008027253357
-0.49856982797072	0.522301593045681
-5.283689922881	5.49374120501723
-0.879288730651784	0.854307884655311
-1.84817281643171	1.88162416374103
-2.72743056899784	2.8069937025928
-4.76287120600265	4.88237626207642
-2.60796743753844	2.65507134601154
-4.62410692645778	4.82845423697362
-1.18116261417584	1.17235283245562
-0.504743805697028	0.509279547836238
-2.7237188633538	2.77309224754251
-1.39370834427455	1.36542483722237
-6.57544038818147	6.77468507093081
-3.54003271070809	3.60196825078352
-3.12351406988347	3.19181390170572
-0.309589322323187	0.312646066862336
-3.23190815088619	3.37730091893195
-1.17968791891402	1.18869130559341
-4.95629185391614	5.17195139346749
-4.57912208719404	4.74375278318659
-2.87062324458919	2.95250584812011
-3.09914670895083	3.14527725784906
-5.17151470389813	5.27164570424063
-2.25487310049818	2.36574940841303
-4.723852559797	4.90159218081078
-1.58574687754538	1.5450961509245
-2.47607409350097	2.7757677714813
-3.73987336222471	4.09186846535572
-0.520662857042631	0.571224802775569
-4.08253926141609	4.38514346497839
-1.45218479571469	1.45507710934675
-6.6648226318746	6.85923498383643
-4.99227506196175	5.13921498645251
-5.22399428585569	5.43128559590104
-0.451034491476438	0.487247276509652
-5.39377506282011	5.47411504022353
-0.620125959522289	0.653021096551165
-5.33270303991208	5.45977740179738
-4.15798848968597	4.30466421847934
-4.64473775045894	4.84770559295527
-0.191935067364008	0.202487700373177
-5.94301524611692	6.13267072413609
