5.08752588698172	-4.89744077463448
0.219792858775287	-0.205692902635215
9.72404032599096	-9.32987480363168
5.12176038083461	-4.96734767703652
3.29499757232352	-3.21776051028443
5.26945699523178	-5.00465856252761
1.94206130786662	-1.85971566632034
4.11671453268323	-4.00011365087723
4.37574154278844	-4.18442251196374
7.19236451877022	-6.79504814603263
7.68172419545903	-7.3716424324376
7.6034924726953	-7.3086809634857
7.06480359823454	-6.77043578666041
5.64400421768982	-5.44558006428584
5.42815363651658	-5.22918383108684
2.49969948749109	-2.54515045718755
8.26514452236353	-8.00049686588942
5.60264936285566	-5.34011258133003
7.65299666942983	-7.20824728381837
5.93329504418486	-5.82947477678677
8.34924019097206	-7.99950504432802
8.17754161981309	-7.7895133475804
6.07530486640003	-5.65438524883624
5.24019486675784	-5.0010188579329
4.84050212681261	-4.63952781195364
5.70046988930112	-5.51128139794934
5.50216179434751	-5.31703604981443
9.26555676821943	-8.86391204046033
6.10124243476915	-5.66711542185618
6.36577268127417	-6.20643589547087
1.99036664861788	-1.72012392390517
1.52399626456545	-1.55060409776775
3.59354218625037	-3.61168446120516
4.46194129381408	-4.5166650369971
0.271310136389684	-0.282108512341911
4.33998319337942	-3.9749973888808
3.30093899484392	-3.33835807565488
1.94360235788938	-1.95080120710326
7.88594420982981	-7.41893150595826
4.87776298526329	-4.60348589917158
8.21680837445613	-7.78927280771353
7.21055592927851	-6.76521001621746
3.76611499233076	-3.62376355292007
1.90429079551171	-1.90838705018792
4.69750055189298	-4.49783160016856
7.58293024162459	-7.1666587704133
9.95929982379798	-9.57245626297751
1.21926214099818	-1.20137752694939
5.49568880103991	-5.34817976552421
5.32448161609873	-5.12452361787774
7.69623928294055	-7.30665903798123
7.51390308630681	-7.26034551411346
6.36957416869162	-5.89116982999745
7.57253439657588	-7.15675011951391
6.04637228886205	-6.17425072011642
6.19768891401098	-5.70886159877646
6.00618187655436	-5.52435399700571
8.79820490551283	-8.49326690161765
7.12078364765061	-6.99632213088331
2.16931571435174	-2.07395772283493
1.45312627897754	-1.44614618759016
3.43845616562835	-3.27023455435231
9.28331910521035	-8.8785245194514
0.905651877455122	-0.829504416539954
8.5325109517003	-8.11022215290469
8.17143500705341	-7.86835045321064
9.79061828372198	-9.38088046991284
7.46079488225014	-6.98711629468593
7.44419286656716	-6.99729963171912
10.1880397167272	-9.82306978804545
0.60604503726501	-0.570714527807591
2.16026737291956	-2.05006712165278
7.3231717205612	-6.90825493459784
8.59518345681939	-8.19482467035187
3.22091447673587	-3.17962132853145
9.08795603083878	-8.70255836633008
8.74548410354454	-8.28886705714911
0.607712350299231	-0.623984492673334
9.09469846584734	-8.68210774587282
3.65842569133223	-3.53597344249092
8.45831876046416	-8.00868533513732
1.07447201153245	-1.11113167415702
5.73440748285264	-5.43340554659337
9.25277282158964	-8.87898606604277
1.4412181393649	-1.45590385479827
3.38858635509968	-3.29008040672463
5.07600467882482	-4.90642816195922
4.54309527804801	-4.36379637778274
5.35252485975501	-4.8780669242216
1.25845039836083	-1.25797339272788
6.91301425332554	-6.49877592868795
8.28472972075924	-7.85191160650143
1.56781240370152	-1.57870736685653
3.38902089585073	-3.41317204924753
2.38570578941987	-2.40422022838097
8.58375917025435	-8.09465088515087
5.78279867725138	-5.3150341901098
2.36285645241418	-2.34123887312855
7.87237319680346	-7.43757491998163
3.52815417485575	-3.43937545891832
