-1.97569602967963	2.12055904165118
-2.48365114320423	2.45083358559959
-4.13618599733755	4.3050775185584
-3.38405822786531	3.41023567239646
-0.925098424204951	0.94555434902049
-4.21328384599059	4.41311413471504
-3.11163474501948	3.29849025312314
-1.93365377097084	2.098627332287
-4.43813243942539	4.54947274022749
-1.64891141028739	1.65407491747246
-2.58410267029664	2.62998260223483
-2.10522023687981	2.05966134703266
-3.12069882726366	3.05845060757739
-3.05214566056606	3.08326655143099
-1.8136990553325	1.77606982633946
-2.13001500797307	2.13523421383075
-4.48167832085642	4.57007169272283
-2.05818288258015	2.10268502872587
-1.18687507401909	1.50456699267916
-2.98379236893796	3.01933134435047
-2.78517029709499	2.75157889957981
-3.50669042352771	3.46718740553279
-2.30841026314196	2.47924357433082
-3.11086890595778	3.12779350530443
-4.73153225238578	4.81474762513048
-4.37229625944905	4.52097997872008
-2.49980054025094	2.53377380243001
-3.5103489836763	3.62606479982712
-1.57840516895483	1.53094410703316
-1.32437546283931	1.3127879496884
-2.90042462283917	2.83805779812575
-2.91583229462228	2.94933863639128
-5.00698511861468	5.11930734919132
-2.72205484453972	2.7646054240904
-2.20100226640416	2.1705794185967
-3.49675971863853	3.37218537064418
-4.04982852199088	4.23282312413055
-0.123362164062527	0.129620645986299
-4.80988662602185	4.9603244569457
-1.5593958136379	1.6013317507347
-3.65126247566268	3.74370239224267
-1.58391655004663	1.50915120365795
-2.9016347676559	3.05090927275526
-0.24440585124889	0.256729965914292
-2.05354386939203	2.01724862820148
-3.05248407391347	3.2378408139213
-1.17678201274792	1.42291187608146
-0.946878229192925	1.04763956067309
-2.52629253663917	2.80280533441943
-2.66109788642414	2.87830897682313
-2.66435364046319	2.57532801611738
-3.01903660754212	3.2482160895688
-2.73927097245471	2.92534659823396
-2.5167231130662	2.81349545229837
-2.962617528473	3.22269415566597
-4.98682791298311	4.83769932367616
-1.91485826685551	1.78360721367589
-0.878258413938995	0.844424730211506
-0.263677191731532	0.279443153149877
-3.40125485922332	3.56008559446085
-0.804256462436931	0.74434670664851
-1.54880401663951	1.59966433634164
-2.4736381636075	2.53551128538892
-3.55613038241362	3.62568609445566
-2.6687966918202	2.70006009842358
-2.86575938374555	3.06990557967519
-2.09431381097627	2.02356037139699
-0.344538679108123	0.352113964721149
-2.60974000273764	2.62727830478257
-1.423023971865	1.35637761139176
-4.87507362671653	5.02574782433158
-2.97831701175947	3.03456595691998
-1.91476408346092	1.96954636023464
-0.246657992730399	0.251183516693872
-2.93389754894014	2.99237145876346
-1.46545418273725	1.48033310316466
-3.92720364542679	4.09732994870678
-3.41662328799217	3.56177478381304
-1.51586189104366	1.56217183676024
-3.3892748956171	3.33248660360974
-3.30073443645112	3.36621286761206
-2.12711984351296	2.18343132261103
-4.77304043612665	4.87638833334907
-0.995932075855193	0.991712294992596
-2.08096767146302	2.32671946320958
-1.49556424250859	1.89037011477264
-0.122938161478652	0.116779069555452
-2.51690645428772	2.76167105773304
-0.481876393963254	0.492024663637142
-3.66463437561199	3.98734650575258
-4.59694418404781	4.7229926644485
-4.86829485614386	4.98115692736914
-0.322130322969362	0.340570122843507
-4.05552800665003	4.11063924095834
-0.505738949946245	0.529089219844864
-4.11744023247223	4.1965029936808
-3.67004440170293	3.80727066341617
-4.44973201584828	4.58818319129894
-0.104489043156755	0.112675362281339
-4.41414313291497	4.53854262107421
