0.443183974486162	-0.317617776422539
2.15822781259935	-1.82015823322146
2.22179728180903	-1.84711497046031
0.192141742681329	-0.127811364645766
1.57062850173458	-1.37464046485877
1.36344819576995	-1.45173500760119
1.70104613638679	-1.50791889418651
1.63028116853695	-1.45267488803221
2.1832697274685	-1.81505748842083
1.78009839193212	-1.58453050637521
0.00383763292020436	-0.00351781644532467
2.01886751227509	-1.72918185673617
2.4657197079817	-2.14944588488496
2.24239830475345	-1.94534175898602
2.32170179701052	-1.90874226374795
0.188202911478036	-0.156087628632326
2.49328581289004	-2.10517564891948
0.0857522324916318	-0.0559423481524796
2.48181640954311	-2.12375901464387
1.7519877955992	-1.50937475900719
2.45714836412684	-2.12214936642717
0.349723065581679	-0.377954401964203
0.287991761612594	-0.247198015294043
1.41211421184862	-1.17069054003667
0.132936711732809	-0.108239875984437
2.27746153565184	-1.91683610507921
2.15916383404393	-1.85984800881739
0.483775971697282	-0.519473220860695
1.50320157151154	-1.22829772386034
1.6626013130482	-1.31459050759188
2.36021255595002	-2.02025370397421
0.117933715368817	-0.0994691605432481
0.495815415481235	-0.287604072788323
0.858979059266812	-0.608280166836293
1.06147538864194	-0.980886688347956
1.28375845981908	-0.819243826748484
0.114314368701622	-0.0941657128168276
1.81770132239059	-1.52652091794606
2.33630340466597	-2.00568625727888
2.40934753310994	-2.03420414588034
0.980937069404496	-1.03121585188293
2.50419269499394	-2.17040686041631
2.32700518959879	-1.91083997904461
0.504472857611744	-0.496216109962858
2.39570138723584	-2.07920850148774
2.16987292184626	-1.83558707652498
0.104966467381184	-0.104553838410922
1.98221456245472	-1.6394431509207
1.92675345975337	-1.7010524060829
1.70932856647728	-1.41743986490818
2.20245705693313	-1.93262791028237
0.928888062380159	-0.657840734241241
2.3491992799442	-2.00534984856298
2.18807047272339	-1.8188685026957
2.31244628332724	-1.98575722774899
2.01628298897117	-1.70819989005224
2.08165704991018	-1.75805555592423
0.578792945042364	-0.399504556383172
1.88496034302839	-1.63741780527172
2.15207852852879	-1.81662766239699
0.224595921457399	-0.209306481197451
1.29112788586513	-1.15880369209933
1.57949262738421	-1.34658936484982
0.141553965618873	-0.140088067367852
2.29581938629577	-1.96501212690004
2.09835613686332	-1.73562072615813
2.19339496384579	-1.88645294658438
0.0300667273477947	-0.0298191656658953
1.65006633302285	-1.27993627757692
0.286560257169593	-0.230093204598582
0.0201092053208786	-0.0213802474092208
2.04480475644037	-1.68874660943832
2.26699380442198	-1.85559242663701
0.778582683313489	-0.735399364993251
2.44612061508965	-2.13584387170952
1.27668679570511	-1.14893584117479
1.45902282097857	-1.14348465265367
1.48222133124014	-1.26867547657994
0.229130839366404	-0.220474894540603
1.04916813759853	-1.06819673324306
0.11641265259437	-0.12530966264914
0.870996014882436	-0.870144870086664
1.64825555935769	-1.2247673208369
2.14234906238884	-1.79849571099119
2.20085503912925	-1.76736823755764
0.662533088887446	-0.4373903769696
2.20788268321749	-1.86284232057077
0.555326709436264	-0.530379090070611
0.118307629034017	-0.0992361966480386
0.061732297058519	-0.0685709505780046
2.52107174700724	-2.1396763764783
1.90904674877734	-1.88025718864575
0.0532024132158224	-0.0396897943334021
0.995214889917351	-0.82556746073931
1.66198733247493	-1.40049213469403
2.09495811727078	-1.81222300607828
2.2484003174727	-1.92710235107225
2.50796536760172	-2.16340289360547
0.0435083846919578	-0.0219644074201487
1.02148506554097	-0.838213654283263
