-0.284120806517186	0.273417716931072
-0.124599288680857	0.120091684937686
-0.950103775938249	1.1063171196492
-0.264770258950721	0.313192185956569
-1.08405210077986	1.49788828103325
-0.0815108086111254	0.0823228674572122
-1.17034580267254	1.61336795540052
-1.17841272070164	1.62290786366793
-0.0372728133387377	0.0468394014265184
-1.09086434343871	1.54616964047723
-0.0951853524525179	0.105434834462246
-0.958496963532894	1.3573945273851
-1.1004080538517	1.56540321807921
-0.970870179897273	1.46679176315979
-0.361012960450393	0.322402167690719
-1.1084682607523	1.60559376371713
-1.15447157536941	1.50941407074667
-1.18444472005086	1.63282017829501
-0.037097359742239	0.0477346226968688
-0.984465103825457	1.38041196901494
-1.04706004808332	1.45475779548652
-0.118634204893338	0.172680667112932
-1.05612832917602	1.50680087470958
-1.17036102610876	1.62116170743589
-0.080332178849482	0.0997148014006511
-0.0153663173167445	0.0206903950255173
-0.642746545333184	1.026664090071
-1.19734940493214	1.64595061813401
-0.0584298872229017	0.0717421362351934
-0.109216213035893	0.153271881318725
-1.12497669268088	1.57916714746414
-1.01109458671161	1.35395438119621
-0.217944087152298	0.253471043990736
-1.1171529454865	1.60817174936492
-1.16827262922555	1.60363293314198
-0.133706185759696	0.169562288361828
-0.052629124344322	0.0746593194490612
-0.971535326795493	1.4181203152714
-1.00132598146147	1.4372451827623
-1.0944464551013	1.58084617023727
-0.88539968177672	1.31600142895948
-1.11762729139133	1.57643356811158
-1.0492557206404	1.46889374066309
-0.701839262918693	0.995582578404043
-1.1888429645347	1.62233007722318
-1.07030357243397	1.54726506887915
-0.894465226958613	1.3554250572115
-0.995183829767189	1.4400384654782
-1.15532703776046	1.60407953861044
-1.03710794947828	1.48519345398242
-0.167995370173866	0.236468412588656
-0.0733862407334329	0.0873502797601956
-1.13974199038633	1.60565785275937
-1.134101889267	1.6047228201133
-0.234294537921409	0.377235527641069
-0.6731129421479	0.688379074620213
-0.380812417122549	0.646539084474883
-0.763482406884811	0.930850751042928
-0.97680516879057	1.05059229814136
-0.405060765048186	0.455960422594452
-0.177169125214358	0.265820118848752
-0.739679251446952	1.01898450441508
-0.664505855621872	1.01574119786859
-0.868523529798011	1.25176973088784
-0.707145025937611	0.831520428939109
-0.711829816853661	0.786969193292139
-0.158512044829989	0.193730410504464
-0.368719348411886	0.618287017718619
-1.12953719541472	1.59609111760151
-0.76654340156462	1.14597486844896
-0.0199743783638281	0.0367477286630052
-0.0453859824611823	0.0717823591033528
-0.0441238135301781	0.0586875600805477
-1.12611774361604	1.60552335649278
-1.15609331263623	1.60718492550336
-1.09952715967546	1.5931782551209
-0.232027351444935	0.334128779072433
-0.0701089829045993	0.100352332778696
-1.05564433994678	1.5204945286757
-1.13527061953211	1.62339875479658
-0.0125896274915667	0.0187658581539977
-0.0972664951711627	0.124629840812676
-1.04213579999934	1.44193464903352
-0.0607044715042182	0.0770185482055555
-1.02964940552442	1.50078317605106
-1.01635035663825	1.33666630683831
-0.942689559652081	1.41954068838746
-1.03971374170026	1.37268489945467
-0.936359053935986	1.24703155184386
-0.00358542070782283	0.00523394629382023
-0.117445110612962	0.187496129364343
-0.955119588551178	1.28052577356454
-1.08630333839319	1.57129196299431
-0.32735923570214	0.486051949003549
-1.12346354196821	1.59555416498061
-1.14431785946991	1.61046663552162
-0.0816533349814996	0.122567785928367
-1.04865163657931	1.52102643188217
-1.07050202878972	1.5349465234076
-0.106404333578036	0.165326736247621
