0.103234062804707	0.28539203745181
0.00238517378203855	0.121950264936228
0.0156653826595392	0.0797450599431927
-0.0119154536940753	0.0622379746156265
0.0633207961419166	0.202595032806312
0.160605997390455	0.384430478557776
0.160184482330431	0.253817442138868
-0.0157008051464493	0.0687698122101192
0.0435965666486279	0.268229801727814
-0.00357408265775059	0.13889375186268
0.145612079314953	0.332624778445137
0.00356583472863213	0.446960301296923
0.0797804502901499	0.239726330938659
0.0245559315869979	0.109241849585028
0.130660571723497	0.364705865719954
0.264265056127513	0.483004030500338
-0.0156638003481822	0.0970814613768821
0.114133400686722	0.424170025362659
0.0845735571889631	0.285721933475818
0.283953441148234	0.460152313628866
0.0394087274839086	0.0890848067703789
0.176208966325506	0.270927883627952
0.119946066243927	0.142999968564712
0.150737942393776	0.334208476989066
0.126629826439831	0.23732160597872
-0.00802594515308941	0.177054192473597
0.127453595982301	0.297048649529094
0.0325698769048009	0.219106333041405
0.099381741426244	0.256082158252492
0.225701211630383	0.415778566552061
0.186103655489377	0.239150882244382
0.19006915172109	0.510940838158694
0.140977783619686	0.315520548688
0.111053462526188	0.42399895854636
0.207378473207939	0.517553195021679
-0.00715374566600437	0.245667325102053
0.192644174442445	0.36789268196554
0.0984068394515983	0.475721229862675
0.161248133850345	0.265783493470537
0.113350385830441	0.275605709830637
0.123319941526537	0.196770709561221
0.177886900781939	0.40131565324318
0.158655823273807	0.316056678108061
0.159631728483416	0.395119504202549
0.124573553202219	0.402706086533528
-0.0223806889296624	0.185713088462145
0.143966136752031	0.264746379346866
0.0307212519174503	0.0642974140454621
0.0832154555273659	0.486889544727492
0.0639605617242185	0.274906962265495
0.316076670836621	0.430524113197777
-0.0225867896004864	0.229496289109652
0.0275823456834212	0.145203454362764
0.236003213081379	0.239146880353556
0.0337129151329575	0.275584700976318
0.0453613780100733	0.254704121202714
-0.0106696130495747	0.258374583205471
0.0385778554240683	0.0160344795785947
0.180830891258358	0.16047481988381
0.0642739155789943	0.0618991980838858
0.0412338438148141	0.291121988346019
0.179027051062365	0.336469118566446
0.226731465168191	0.420764061316919
0.225293731831137	0.414621058510683
-0.000486444752118411	0.117104378922552
0.0809630322457386	0.445699013312488
0.120451437428476	0.225623031149246
0.186530915741549	0.374415642792562
0.182571867834013	0.295314189749854
0.124868257390904	0.275541674957418
0.117669218491507	0.234730757952373
0.186464200093066	0.218443967953498
0.199970786829711	0.364729443094189
0.0496089413807497	0.0313419504975033
0.117087032842384	0.148510355755566
0.19877509362956	0.440245615267898
-0.00517017707852801	0.0548605742161798
0.073485476874956	0.210016284130746
0.0334578392415258	0.189586851596995
0.103728062222876	0.473868451433899
0.0362229053961936	0.133226180965892
0.152209685889029	0.229414804603989
0.0201843827372794	0.0572191231174044
0.0994174947718718	0.178374813547479
0.219109343839078	0.478919814895478
0.181603262165521	0.501925505074327
-0.0223777410153447	0.241116427098511
0.18938064790355	0.158809940295974
0.178219964419663	0.345036894924644
0.0153069125917804	0.0641785911752367
0.230930860575588	0.490347886289453
0.0866490824676648	0.482963351579934
0.222903595010024	0.457585903241204
0.197035596823069	0.518740579100976
0.235509870886567	0.190456151774405
0.206446819506851	0.490918949036493
0.0588296939340618	0.463055354182312
0.0278962191689347	0.106904888068876
0.162863936717258	0.489878812875843
0.144424784907404	0.489757537383749
