-8.30221999894822	8.65221824434331
-3.39860450739893	3.45645830026057
-2.60159327877108	2.62648157422053
-3.7695784407303	3.72193997152684
-8.4215025680369	8.51750663459479
-13.3562142082679	13.6542805013132
-9.44536843480003	9.59699045077248
-2.55131581052486	2.5355581461131
-8.82392268994702	9.03093964062197
-2.62685836557131	2.76012525772822
-12.0731437434681	12.3245855897174
-13.9912728872081	14.3977816171901
-8.79028363161744	8.97654662375037
-6.86695326511191	6.90237757425376
-10.9095970206076	11.2427341934447
-18.1970276126724	18.5655861263853
-3.0090690225152	3.0498662843307
-11.1475042023097	11.5590846132228
-10.5223070016626	10.6962022719658
-17.1835841216531	17.5435971323681
-1.43136831439678	1.46967449138012
-10.3655932260742	10.5996399817459
-5.50727184922494	5.58794337948412
-9.20431232917086	9.46037602777985
-5.89778191190315	6.10499559693899
-4.13873460589946	4.23420714206686
-11.5853850463766	11.6740543765395
-8.30586554057579	8.42056072013592
-9.93975945010083	10.1343596994962
-13.3635804289198	13.6559795800632
-11.4970049787929	11.5826317534006
-16.0637052413708	16.4961024132808
-9.89396320521088	10.1874788657872
-13.0135939764563	13.3481487537601
-14.2405281301402	14.6527423448974
-5.83389136533203	5.97659086277418
-12.7991902919128	13.0984611473201
-16.3930909779851	16.8204694903722
-10.5883850065949	10.7991970929819
-11.172708520029	11.4118743569879
-10.3232205751418	10.4286011571097
-15.3220054136334	15.6030348837127
-12.5516506215108	12.7842160470081
-16.3636272146678	16.6770798269857
-13.1185910279483	13.407062025064
-5.35800750293885	5.38607436114951
-10.6853788361656	10.8788378823217
-2.00527433689	2.01493725230888
-16.1078502115685	16.5521936800709
-9.14558563151739	9.27508574789719
-17.3353005223414	17.7115878974705
-6.44137910346428	6.59621332825614
-4.09204280645771	4.14240037024244
-12.0232403164082	12.1942293074353
-5.94674477713943	6.15053388590873
-7.07221344794662	7.18124623803675
-6.69799225874206	6.88848486003928
-2.39759688409799	2.39310594131661
-5.78509765142919	5.90576363172485
-4.95485226458021	4.97988483780771
-9.16613542410967	9.33336250331021
-11.6222696428744	11.9425968301533
-15.0746645853101	15.4597624534012
-15.1364235515664	15.451153562712
-4.81360818160316	4.90420920800542
-14.2856845008485	14.6996229620291
-9.51048934059216	9.76379486484213
-9.81592428376863	10.1662919329922
-10.3317262232186	10.4646573505865
-9.8989765711558	10.0371869827535
-11.1427855477155	11.2701479443869
-9.05355201267219	9.14336059767251
-10.3910635715593	10.755677451997
-1.73222767574851	1.79745443188137
-8.398225123552	8.49831880548423
-15.2744920977867	15.5824024791932
-2.58532403366367	2.61417885240388
-8.22369253315834	8.38655076663978
-6.48756384362297	6.60732144008609
-17.1072976939237	17.5579171422002
-5.75404130209207	5.85930565443016
-9.21639734324338	9.42719579331282
-3.14833897104789	3.11812874841941
-8.22895853159126	8.28373614446089
-16.3172248776734	16.7106681282101
-13.6683359233506	14.1824848875308
-6.02134923334074	6.15147668762239
-9.77183591730331	9.92144446138744
-14.2539888074089	14.4095105786014
-2.14553071846347	2.17747145954797
-17.7641885997765	18.159803210618
-16.9799126423177	17.3577337446083
-16.719740999414	17.0461174098284
-15.5930673698641	16.0119630021527
-11.3825405070747	11.5208547668085
-16.084470286058	16.5291788422187
-18.401723034188	18.7531702804982
-2.75064659698594	2.82245498685326
-16.7961920526509	17.1872829264651
-17.2522934500532	17.6269410859514
