8.46927280539743	-8.13411518330117
1.42576092071596	-1.40015444431058
6.35485073212827	-6.1803536736684
4.64271129661406	-4.4503493752443
3.09606182816855	-2.99689967900409
7.67321114219728	-7.54339185487645
7.66241342843209	-7.51434425891291
2.20663029600182	-2.25207650098356
7.79879016999876	-7.53683102581318
4.02644449548963	-4.02774909990492
9.05960718372641	-8.87982987265812
6.08841741579056	-5.83671046511189
6.92772638201519	-6.72920255999858
5.06110180137674	-4.91182170072685
9.64906763069442	-9.41180864231332
2.68315833970129	-2.62840197269867
4.65231891004416	-4.52685867612463
6.27382416806108	-6.10446163383522
3.89347887476932	-3.81114874718399
10.249344803182	-9.98316297137138
2.69716434389539	-2.63908101504373
3.1358012696686	-3.16442377279319
9.93332313206654	-9.68821753143397
6.36800229779562	-6.23343203564438
2.99820075146591	-3.02011760735371
1.21086824496709	-1.23769767426699
1.77687285394512	-1.74686680485039
9.05797813727875	-8.76898675965607
8.31579277387883	-8.1346402831514
8.85673177603907	-8.57474517376609
7.05167079702138	-6.88901423080508
8.8477884172773	-8.58415464408065
1.36453632759506	-1.32451865445373
9.11307670533727	-8.84368851716351
7.06492981580869	-6.83236010039724
5.26476139179735	-5.11565495597439
7.57332941749082	-7.47154583551196
7.78438983822101	-7.63555021163366
5.61604666798094	-5.42214666297968
4.26285816570526	-4.14224621618095
2.30171472584179	-2.33093081254421
4.30750731613551	-4.27991769195011
4.89213960760455	-4.82022257881181
10.1787966751169	-9.95363393718806
10.212781548104	-9.98202081258836
0.181772146840711	-0.181858183094153
2.06311934602761	-2.03849869626872
7.72854717976028	-7.62458034160461
5.64733092641274	-5.47449214472018
5.68072978512471	-5.4495199943129
4.05258932953264	-4.00194417152814
10.0405876489213	-9.83758348332919
2.69561520708799	-2.74624661973851
5.56728231033348	-5.31727523188686
8.37645463569214	-8.17659951007037
2.5385964174988	-2.53016599196458
5.84557516802469	-5.70377355684622
7.56332149283841	-7.32912588589185
9.26729041494481	-9.00112690902848
8.94881633518315	-8.77014050914202
8.6057865418211	-8.42422455428156
10.284373517117	-10.0641019600831
5.75936784819823	-5.65467453515757
4.2570784899859	-4.19993644101914
4.99416716669586	-4.95591954243225
8.75182662635035	-8.56989594939679
4.16686615026035	-4.01865523088595
2.96960247481584	-2.88025379101884
10.0064752854467	-9.73720037617329
2.67796425973288	-2.61496561512386
2.87526496118717	-2.83067188442195
2.17415072893558	-2.1372999989145
2.06358610023436	-2.02700602846766
4.17148465820361	-3.95998649031026
5.03337166191698	-4.90022099731741
3.11412050158853	-3.10150628924481
1.77523403492715	-1.79183664346756
8.15745881985057	-8.04597683781403
6.15303521171692	-5.94547539090964
4.77139485718231	-4.82830984207376
5.29383859371637	-5.16106385447919
4.95373557178637	-4.88979105257873
7.87855463170258	-7.68774771336512
3.22513537097366	-3.14377616419783
3.46948201457121	-3.31990826785114
8.37592178561605	-8.06682695460054
3.21981704635389	-3.15819374365893
6.8708951271216	-6.62765859894938
4.88751144506667	-4.6082991712802
5.95257656185123	-5.67314719409568
6.91461396904196	-6.84160934106557
8.27238906993787	-8.19864192024827
7.60009814154016	-7.4186947397802
7.96014411630365	-7.68103796775316
10.0529056604698	-9.82823878582127
9.00389743680789	-8.74082013941683
5.81535801747703	-5.74275976592775
9.52152721492453	-9.3077919242324
10.1710861657199	-9.95561809373793
6.85417947412473	-6.54746597443798
