-0.0879033910607757	0.394399148167523
-0.00570934570260196	0.147107939412311
0.0395778355097494	0.0769669669887149
0.0470280510064411	0.0487809249830755
0.0327194746540958	0.232109700698501
-2.72208147670867e-05	0.476553512679845
0.142759365892954	0.252501498781036
0.00288957935107931	0.0775950847393843
-0.087721411890108	0.365655571443056
-0.0761267514183999	0.200600518232841
0.0421748410160943	0.39253699672934
-0.272738459644447	0.661246916318234
-0.0291370969622366	0.308555663560652
-0.00346071048790896	0.134143543038066
-0.0302045268416037	0.46373284262252
0.0748415314999279	0.570864278517344
-0.032511229853885	0.128291176621244
-0.119065998951416	0.575022603044932
-0.0409274550461189	0.369125232053939
0.0976409477552507	0.535523897940615
0.098780896272517	0.0623651030592468
0.0838665336806596	0.30369246430301
0.122954606929781	0.125652765647711
0.105170604601559	0.364378261125145
0.0501081370722498	0.273593712354656
0.00915274664970678	0.203388455585218
0.111527022877538	0.314137667487618
-0.049611866793424	0.287411854760742
0.0266937157234632	0.30325693406219
0.165797469501414	0.441602446468561
0.182792598459342	0.219265785261391
0.0198345737487458	0.620229848791781
0.0393934619363678	0.373069027832591
-0.0791791458577778	0.554863029597318
0.0367155472615442	0.622199972442981
-0.037592994694091	0.307348043996878
0.121520847765329	0.402078770853844
-0.146395421459504	0.646959360885373
0.0605642937508433	0.306885634356675
-0.0735252829128605	0.377330489313631
0.114743980824621	0.193553155572846
0.0281468380874002	0.485086906744475
0.0381295489630543	0.376826951675064
-0.0726086827416141	0.524410870247614
-0.0108556429142117	0.498286498288979
-0.00047209614878512	0.216246100392933
0.050328387536173	0.308208740586015
0.0760239149438365	0.0430080778638893
-0.159590402365169	0.664392858444881
-0.0168493294595666	0.341693298464377
0.0849368854653128	0.511383995035985
-0.121524076918964	0.327084658060629
0.0727679046345792	0.139776486846757
0.193650771112777	0.220999081611244
-0.0263904083707191	0.3430086263914
0.0530632778131039	0.281157266346152
-0.115044762026294	0.359845661195191
0.0587520029879134	-0.00433362743390843
0.163723929279941	0.134906087111871
0.0387047745387422	0.0632135513269699
-0.0135883546201472	0.35608414128427
0.015255737387819	0.415012804860934
0.0438156465406596	0.507267048998326
0.135957869018189	0.454814305993239
-0.100006837453299	0.187008965298895
-0.152073955893524	0.611786740424476
-0.00163194488672017	0.283929440740723
0.03384042418847	0.451758605105932
0.167587980853079	0.29238760977493
0.126822071240418	0.280836933175145
0.0933124885855633	0.248048370274946
0.209673150516827	0.181740626258379
0.0495762348768796	0.434671261575919
0.0449534144303889	0.022033410458116
0.105198821064807	0.140435205577927
0.0659918164405219	0.515555216978138
-0.0310110132394829	0.0791743924242176
-0.0606049344959078	0.287869732012835
-0.0710276892025541	0.263143901667633
-0.16749647187727	0.655912352605903
-0.0350212320545551	0.179485922976622
0.054034828181427	0.265898279989754
0.0704556733593565	0.0360075024802367
0.0846042536009211	0.183275825458971
0.0330643145508504	0.580092304955559
-0.0215626579526929	0.628659484187163
-0.0869205409547809	0.323986099124233
0.127972644350878	0.151602585919815
0.0903037179070868	0.388317464758395
0.0124521813221951	0.0718175603450317
0.0290867231434236	0.59718421387365
-0.165144598358749	0.662958342102513
0.0794602641177085	0.532808250826631
0.0398316662080722	0.620656446611092
0.207818899436764	0.156489380301873
0.0109646932744935	0.603355247513428
-0.218741307835993	0.661730875981616
0.0495795388467251	0.105837968048099
-0.0479770532812593	0.624750901672617
-0.0773430524425247	0.636291326359934
