5.28386372440663	-5.27724362209424
66.909329125418	-66.6667647141235
85.8967595729303	-85.61433323771
84.1395204599096	-83.9246676084592
8.25320217742899	-8.24028495805087
93.8436256930905	-93.5418046056425
100.87542183782	-100.539459197358
85.3947306227916	-84.9940815801888
48.8290228261783	-48.5965043318989
40.7014401765635	-40.566935859055
9.74204888955371	-9.71015435423387
7.28174055193766	-7.26605374229457
95.7178485737403	-95.3618176735819
100.052143541698	-99.7003645443854
9.98217376692855	-9.95469473169781
11.4586737895007	-11.4278549600607
100.754189084677	-100.409500253142
9.47304782237942	-9.44520310345692
97.3810775289761	-97.0074675567984
1.94859060709099	-1.94195174550794
100.486867078759	-100.129313972763
15.0651609537621	-15.0393054592697
3.00446894899808	-2.99264158139729
101.970801376573	-101.652818433747
99.9298757332732	-99.5677734909548
99.8755596923134	-99.5306502332481
8.01804287816614	-7.99872755764101
100.006756885722	-99.6512925245771
82.3190418745306	-81.9353660560132
26.0795480627298	-26.0412114915889
98.8623735934491	-98.4866563326375
7.39661987775816	-7.38844778877808
98.7519698914855	-98.3945366293516
99.3392714880111	-98.9903810091424
4.10377042381851	-4.10199537739198
89.1807265601544	-88.8339204758322
97.7518767352471	-97.4312044827917
55.9078797826207	-55.699614262631
77.458438692901	-77.1522523361034
96.3088075535837	-95.9320797344536
16.8005132595025	-16.7190930135222
1.10604429235305	-1.10795501962499
20.2829318651956	-20.248931430715
81.7470100393294	-81.4029735213304
97.4095836504466	-97.0433454505086
93.0523637793787	-92.7005610711522
88.4309609801552	-88.1661867383193
92.0718919680939	-91.75059311327
99.8460632476676	-99.4983427969976
91.6924608860063	-91.38973420797
94.0194785989039	-93.7395516597127
10.871965838929	-10.8447508320377
81.7169979378295	-81.4295794237279
96.4967933587167	-96.1532466942709
48.6272830251309	-48.4382096158099
97.4227121441396	-97.0909751925523
3.51966337433495	-3.51685253166123
84.1028048374669	-83.908154192375
97.2993213616891	-96.9152094832459
17.3375183330621	-17.2834766206794
89.9262350704743	-89.643827445646
58.808894491755	-58.6278832805653
78.1473234084489	-77.7984630933209
84.7565921062259	-84.5352294057715
7.65028368572501	-7.64037044729437
98.3509190395781	-98.0029939110161
75.5157431545585	-75.1875989772934
1.30964224359198	-1.30793197539471
99.2171266968634	-98.8601421467243
95.4599435681706	-95.1222827081253
14.4635726803935	-14.4647293888619
98.2703304969706	-97.9340833501402
51.948456405873	-51.7152205861719
100.651698023862	-100.324081670742
98.8182393991523	-98.4470335899881
88.2456888189575	-88.0192420275579
7.40888387412311	-7.38203912123181
19.7555605689313	-19.7255739061967
12.5063114659047	-12.4967483473082
98.7808295528757	-98.4364164667124
93.09477126932	-92.8059905787013
75.8818554072846	-75.6996748591664
92.6996908273392	-92.3625009889133
6.40568780738689	-6.39099252351283
28.7559326693133	-28.6929309044295
94.8117819902789	-94.4736902236073
92.5418346726535	-92.265822792708
17.7568856694582	-17.7233440796012
97.6384934777863	-97.2838728309446
9.58616322757824	-9.57177925904855
19.4246198836099	-19.3921875948222
101.650682500314	-101.317645960613
3.15515730129099	-3.14951160339353
16.304061761163	-16.250346338177
18.4126864713896	-18.3951339477119
53.1534219126693	-52.9228002479684
101.82716962863	-101.50017222106
9.2269765637143	-9.22559084003089
90.4231224758464	-90.0664830241823
91.347782684895	-90.9915467038275
