0.504528315663577	-0.49427386966269
0.965012348793874	-0.828034641434657
1.65102486000342	-1.37636675412938
1.06913112237134	-0.975495762580346
1.72417751977242	-1.45171550161638
0.229722760897644	-0.249840838250122
1.82583613221721	-1.44609058748058
1.2122600749026	-1.02837797342701
0.10300406253175	-0.0944580760627491
1.28520816625014	-1.05089228905599
0.111594211501533	-0.117886405666593
1.1159726197777	-0.968846933286149
0.169910352094068	-0.190809085519012
0.190055202056605	-0.210709940901167
0.173495007373083	-0.208985012698143
0.396011824451366	-0.33918047139832
1.29436111044776	-1.1237523446436
1.51049826400951	-1.25108907543727
0.226845378550201	-0.229710022371218
0.0647735275951322	-0.0813227928616708
0.623630670738889	-0.647417507223998
0.795517923057094	-0.724234636058315
0.545283306843038	-0.553983088727883
0.734832631765966	-0.78115112694873
0.499019969286803	-0.484804661577284
1.72648373061448	-1.43847387527085
1.30880443370365	-1.02959167183902
0.962107273371522	-0.83796405951295
0.620793634845086	-0.593205334490188
1.34589251397182	-1.07518491034665
0.673751681514702	-0.551508767191181
0.101914672972805	-0.107987395973795
0.691548900445593	-0.621846533607961
0.457076003554978	-0.428254389948056
1.94267275295319	-1.62362587608652
1.65394607146087	-1.36828611036687
1.62290688776257	-1.22835194545378
0.280798882505583	-0.240245094648611
0.248766903394434	-0.223038883956384
1.72587585710229	-1.43916253864937
0.252553872197607	-0.217217013950337
1.8389239280854	-1.55115671781298
1.88539829942516	-1.59426921320909
1.54054907781249	-1.24075818728697
1.89701145362257	-1.63654397159309
1.49264417119917	-1.23490486754969
1.62416061382324	-1.25935801782931
1.52160676146357	-1.18794165269829
1.17905451796883	-1.02622634179199
0.730505598028975	-0.655641635845153
1.48431198943979	-1.10931698806529
1.80474618758594	-1.47538303669733
0.782277064678	-0.494529191253032
0.616780476688552	-0.524288397382646
1.67682734081148	-1.42726976816492
1.25991036244863	-1.12770908281517
1.24582349430965	-1.15502824235058
0.880557017545772	-0.740626586187059
0.313264641160093	-0.291361937896603
0.696216793639526	-0.575074634396771
0.0620459486080287	-0.0647211639806192
0.886610127331477	-0.817116911583739
1.90997351209016	-1.5867005166636
1.3681671196155	-1.15396889604
1.38949093766345	-1.0977498164202
0.973748591856263	-0.906459593723697
1.19632933888317	-1.0165237786231
1.31132307726615	-1.10278781446076
1.35586546666032	-1.08179444595942
0.114549017979411	-0.13502335284022
0.5698442573235	-0.54178619865546
0.237962549723806	-0.296644733543139
0.226432236303723	-0.257749039819814
0.464053675270644	-0.529409704001005
1.19886757858147	-1.03096381978851
1.56260795987501	-1.18147901663506
0.293219385916074	-0.331470252122279
0.260161205889246	-0.215750349788068
0.393552854401168	-0.345735568454586
0.0732052938400891	-0.0672399264486732
1.01221367884344	-0.798414266961204
0.494131300780948	-0.464949731030216
1.67644337806195	-1.41403505924966
0.68283022579852	-0.584107277697691
1.58895002411442	-1.28481221733664
0.421637769939241	-0.33116576364362
0.371610163662726	-0.317917018753715
0.416143160579971	-0.355415567194982
0.325510670950751	-0.375979986667832
1.73338046641406	-1.4335711612049
1.76837940947811	-1.44188836380306
1.24374192750826	-0.998862719105483
1.61926391585131	-1.29280667276558
1.10678786542903	-0.864881440808146
1.39547479808174	-1.10550431608744
1.65020979377215	-1.40056938592134
0.737788751424366	-0.661249616131743
1.6927545566475	-1.43658703696696
1.55502920372578	-1.22356540562096
1.65442426727692	-1.32857164503549
