-0.4114761049573	0.412981377597623
-0.494208062632551	0.680192830930977
-1.07278176264737	1.32402482814851
-0.834800992776313	0.973260461748538
-1.12665657459254	1.39497502746679
-0.182878438191932	0.173375675770586
-1.06170868304247	1.41104756747263
-0.84296376908474	1.03812721218665
-0.111533298965962	0.149148432659393
-0.677068712739995	0.855114649646317
-0.158810116148888	0.138873185836521
-0.681515203404666	0.754801949159742
-0.196535782566468	0.16700595219176
-0.164111011544457	0.175178689202886
-0.199564222799185	0.161512723328059
-0.353682411739448	0.429765103297832
-0.876076214196073	1.06676630940993
-1.03062941357699	1.30442380511142
-0.165911626595007	0.16027947719665
-0.0719678600327057	0.0550647812687096
-0.423130850635548	0.50693608525068
-0.446513810212621	0.53419336835498
-0.378178540541177	0.388590659057798
-0.475841887311483	0.476048576883206
-0.302137499507112	0.314312384620697
-1.26521288432072	1.55752222324554
-0.904575412427628	1.15786877063438
-0.808429074767728	0.934923724492889
-0.51663921546093	0.548754891581025
-0.923355818972119	1.17983921131482
-0.310707046752698	0.434097664050126
-0.039730635260562	0.0452837630950259
-0.389327247535025	0.480410029716364
-0.231429921196169	0.281758884139246
-1.29391898891255	1.5991240509989
-1.18134581864874	1.43550994330751
-0.998316896578859	1.37240526237882
-0.275145507851544	0.29660923797784
-0.242486740533433	0.28763329586725
-1.25188650016732	1.56726560963799
-0.202937375991593	0.293370939314329
-1.27718723878311	1.55540736059959
-1.1744207574855	1.44157407192476
-0.880892529979461	1.15733384286766
-1.13608881583002	1.47727234684194
-1.18671723268922	1.45417507999777
-1.12554842134592	1.42870408766036
-1.07355170202981	1.39132423029261
-0.874275650172577	1.03620030562601
-0.396663359530689	0.5050665986849
-1.09323933271189	1.34361700402816
-1.20870142691283	1.53523293336314
-0.832912873382636	1.07512899603517
-0.433292563587085	0.57481413111916
-1.00834915211745	1.28038304914456
-0.744477957736357	0.854300146673806
-0.600084719858349	0.710762003932089
-0.49172885618773	0.658755194812276
-0.223286818741404	0.264325689430399
-0.560954893778672	0.673784354495976
-0.0878263786558498	0.0933101881262047
-0.626000133788865	0.734690750601885
-1.29002651591643	1.56387653944572
-0.785582400449624	1.02762187421464
-1.00473590013156	1.22878142486294
-0.6590895032141	0.799627809671339
-0.689016956602804	0.836575923638396
-0.875381579718794	1.06707826319663
-0.831564515084832	1.13274735920401
-0.0438689732681074	0.044467790937462
-0.494303951588295	0.506794543504691
-0.165761773267369	0.136265110441877
-0.146181906438928	0.130734936994563
-0.407855905379673	0.351001465948528
-0.862354308482303	1.02018063131335
-0.983390611977093	1.30349019172875
-0.324342651977541	0.387469057761972
-0.177767085955062	0.219694568991353
-0.316970023346989	0.389575007273452
-0.0490219743688807	0.0543079079975898
-0.696826384347276	0.945098197497188
-0.240972199526728	0.265591344690941
-1.07756138611317	1.3159504517578
-0.495689240982092	0.607289742735761
-0.979496245923125	1.2634019752693
-0.306551411494586	0.379244570013271
-0.389630120768527	0.431505474605808
-0.311947677842154	0.356064755430943
-0.264749094111729	0.28603064020514
-1.25320980890122	1.53381937765195
-1.15737421432764	1.4155060937805
-0.743113771418905	1.00692346189017
-1.13578582371016	1.40258864060301
-0.698448670892263	0.953501462866991
-0.849046364582512	1.13009739502712
-1.09716743033489	1.35884355278852
-0.603080183706087	0.681882435480135
-1.24340578969184	1.50987944111235
-1.08846230801893	1.38465972052577
-1.27510786221718	1.56391303866709
