0.158774993279128	0.0531054364558375
0.496458689318378	0.259184445000447
0.544255099213768	0.263539425612254
0.0706199785635064	0.0276238816993215
0.361470809819177	0.160732450871475
0.0741052419420701	0.127557875812557
0.308336717259922	0.209177522991049
0.294222704820326	0.196853654206057
0.535091151099359	0.258653167279948
0.344753817123412	0.202891335320675
0.000756120345834144	0.000373413982511064
0.47266433334108	0.222844372209897
0.544272280102066	0.26944119550194
0.511613209502375	0.240946510077325
0.609255249086217	0.264340929058666
0.0410144897357991	0.0253969021455566
0.6183761697453	0.273133059061935
0.0277495603070447	0.0150658935121817
0.584742724045189	0.27323616937056
0.404287678751321	0.191978129048742
0.558763499265918	0.270661083121207
0.0243516157181268	0.026802493312732
0.0789419092951634	0.0251287547719108
0.369235496778749	0.156252442293368
0.0306118468510501	0.0180942485600755
0.558913272476385	0.256043546425492
0.494978236174074	0.238271591198438
0.046118105146644	0.031925776973118
0.403324324718875	0.170439561821871
0.40364986913895	0.237383358378
0.552518045245551	0.261618696886459
0.026311270852749	0.0146364704687489
0.223407776413561	0.0719887335262354
0.302248500080083	0.110342594624087
0.180207960737439	0.115108963550504
0.475814144671607	0.201538513437209
0.0372564024040507	0.00890857240620694
0.447899829830459	0.205251864156154
0.554999070218757	0.251030085805558
0.584138974970238	0.271369026004284
0.113468556832509	0.0654209661260503
0.565689471742855	0.273405701916199
0.606766995631263	0.268774291192033
0.07103134205583	0.0458021374982227
0.542005599242168	0.259617920551185
0.496921412833374	0.258733366948964
0.0198685123068458	0.00597479125733083
0.508420586846153	0.227021468358602
0.403421234196994	0.210617258630492
0.385830444042902	0.222990140280505
0.490525699781146	0.231036564744674
0.302866169086018	0.132366510469332
0.544306670988778	0.266130549444071
0.539371680562438	0.257620429815146
0.5155391099785	0.266846491508926
0.478159073551331	0.229649106973132
0.502387953756829	0.235626243213382
0.248138850396556	0.0559291351230383
0.443615572609054	0.193825412207442
0.553019132656962	0.225267005322164
0.0492214518473051	0.0172233246324451
0.277449763525457	0.126584417905042
0.379856504728483	0.172249258178736
0.0144117259102962	0.0154757185090529
0.539171336775617	0.253270182435775
0.566271564914864	0.22431315683867
0.500904149230409	0.244844990753838
0.00622294665168043	0.00148418227583313
0.417993695031155	0.239822604443692
0.0819190709800704	0.0320228003696251
0.00210527953953906	0.00134086279300542
0.483621598565849	0.258423465317355
0.594103548470575	0.263270990373774
0.179187537523974	0.0491581552956432
0.524800093622015	0.273761237363098
0.278313720071282	0.121536556044822
0.447508685197521	0.162223004480438
0.362758203497181	0.1553803691937
0.0544972095401102	0.0111850882515874
0.159473564650087	0.0687319960625857
0.0077627383879902	0.00933546804003357
0.0722088293379369	0.0998129182272232
0.513354228079056	0.216080852388073
0.527259364078979	0.242721907247261
0.613988664713315	0.254224932608771
0.236672961923288	0.100890892358443
0.52405447762956	0.255633210405924
0.0859776197433017	0.0550662766267798
0.0231500309528139	0.0167517542663647
0.00310195869944506	0.00436305063767433
0.620560163599	0.272690524116807
0.170742302755491	0.226394402902356
0.0166476440647473	0.00685891439469929
0.231695687553665	0.125717817996515
0.425541485827843	0.176177572099131
0.470579066873212	0.232286708812004
0.527534843182291	0.247017116632479
0.571675705915867	0.276887406023915
0.0202388611817541	0.00782374379718693
0.273790805327484	0.114282738481473
