0.156915276646757	0.723836305511545
0.156379258293659	0.830924649435478
0.103760005383272	0.57546909978745
0.160174375206758	0.86824484323432
0.063715090068139	0.290817806853673
0.0762421144963027	0.426695550733353
0.00293932668461743	0.0150460550440798
0.0573676827679169	0.297308885871355
0.00527991384622954	0.0195502340562124
0.101099885963154	0.669886878315123
0.0105266714297847	0.173627975391829
0.0299935485481961	0.262383809519485
0.168652779162212	0.87307108631431
0.101487673897874	0.566125075172697
0.0146604636344668	0.0508951497201155
0.00704004736967139	0.0826351931248876
0.143780072236777	0.773510071085453
0.15412073617544	0.653195779670395
0.150858256339489	0.802472225657119
0.15841296558219	0.740362705177914
0.0321043819325654	0.157986768004397
0.142559941502522	0.760359837469602
0.0198010762706721	0.0917719162043993
0.136556172394338	0.725565055321526
0.142852641332406	0.583556757426582
0.162096184589262	0.853391515465674
0.158075784538378	0.734903813057544
0.0421563110753434	0.154309186060938
0.161810917698922	0.801722948352328
0.0279258725926073	0.204612863443964
0.139054204433816	0.818760923454858
0.0102100398748405	0.0704534051962876
0.159656397224898	0.772857301536256
0.0521324126055035	0.291759988701626
0.0979376375987728	0.542480563657261
0.119041477742946	0.703094320089944
0.0420305625532077	0.217383551312209
0.158711656670562	0.719270235287784
0.15589757710444	0.77193473049149
0.163982938766289	0.855739664585272
0.114555346911486	0.52705683025725
0.0109159377799413	0.0495301998597785
0.0192797730148435	0.0784895146715221
0.161812005867205	0.823950238883585
0.157707878605091	0.643946606121924
0.164211290348581	0.767319016534856
0.158994298136491	0.859533413212946
0.0187166520827861	0.232303610798598
0.0213487374522534	0.16130440238049
0.0364046704378944	0.18534738717302
0.155603295187079	0.781524089526905
0.165906152103844	0.836492678808068
0.167466121305831	0.897128308459055
0.0502456816307755	0.298177724622473
0.165117008207052	0.867188821734401
0.165128872333266	0.855624247067248
0.0472703617374689	0.243499410841888
0.0481134504167462	0.271468256244896
0.124909269350849	0.5079695394385
0.161384391680845	0.826492130053937
0.0890847883558597	0.416380638812592
0.0954846144557955	0.460098553173009
0.006711647399954	0.0336149614774446
0.0258519360715338	0.147288220919315
0.0758566572035694	0.36447899656731
0.16435518530028	0.813098611038657
0.0351591646031047	0.137050064320854
0.00472835298896681	0.0201120288030512
0.130694987323216	0.67384941191619
0.114069501304768	0.689021723033221
0.165468811599266	0.770511141237314
0.00829667224720558	0.124770973479453
0.164347117844985	0.837699668905347
0.0278155375980756	0.137971745821052
0.00999965030545924	0.0424822115038108
0.105560744063866	0.588343704471086
0.00715532282961587	0.0958276159316426
0.155766523469841	0.841757546335133
0.163421557700069	0.795934291387176
0.159850281357307	0.748559140108341
0.00570178609613596	0.0301897756683793
0.0553633241080286	0.312283693450942
0.121549017293568	0.619731038105663
0.0186507637853796	0.205143452617864
0.159412049012099	0.722864108091285
0.135786969907883	0.769166696220629
0.163464911614768	0.877610621434079
0.162719199418273	0.79098621254035
0.168448820670618	0.889583161865326
0.00853203097426479	0.023294472689399
0.0122091339275705	0.0433631835821449
0.0114900421643121	0.0777831702991439
0.128707061898018	0.72679469057949
0.0347485270366837	0.169822708160136
0.0989936640645398	0.39699774870904
0.121683836500419	0.60391462223317
0.155499897666758	0.58517125542673
0.00529376382367454	0.0615008030102042
0.0122829759564942	0.0981541421649101
0.0026923726591331	0.0169778738435745
