0.483289581334836	-0.508697396251218
0.226561717041536	-0.240093005130103
1.92742136662166	-1.82943457786465
0.546209814023441	-0.514513807032483
2.55472432023707	-2.21751106007287
0.157066277062343	-0.163014742036555
2.78753831674773	-2.43204299472235
2.80213907346024	-2.44553442233458
0.0799703494411625	-0.0727736793994632
2.64594225681698	-2.27119381641422
0.189643438425043	-0.186039497599704
2.3191985123533	-1.99051382130431
2.67236387334787	-2.28822677721634
2.4869257129374	-2.06597650581476
0.593501674488446	-0.652860075461718
2.77155759358582	-2.3642445015117
2.57242733122537	-2.29150476390407
2.82055742081468	-2.46094325723248
0.0783677559189621	-0.0694901505582781
2.31684294280414	-1.98446057838298
2.51634853246329	-2.18856184200894
0.299200904829545	-0.255291695116331
2.56508635685072	-2.19118427810649
2.79437664542191	-2.43077047042892
0.172160544120535	-0.157957203871574
0.0332778416718288	-0.0286946926227912
1.73651525341997	-1.40530748507287
2.84151546589474	-2.48168954313359
0.118794431893272	-0.108267403846801
0.261051520075403	-0.225010792701486
2.71699445322013	-2.34747935170938
2.26833062589213	-1.9857838143352
0.466545638363515	-0.449831026778719
2.75826027630678	-2.35319859106395
2.77797923025493	-2.43126910288669
0.293101392673511	-0.266146616897837
0.13642089965129	-0.119932299315924
2.39386109738966	-2.01677461889678
2.43704464356904	-2.07293190175129
2.7131527960553	-2.31119968855991
2.18588704965754	-1.8145398602148
2.70668946395895	-2.33155734755551
2.50552160085453	-2.16089060158312
1.70523332450107	-1.46364141033388
2.80535480306935	-2.45977582497682
2.65955054286476	-2.26614517947562
2.26239257397489	-1.86470782926084
2.45172087704379	-2.07964202513855
2.75725931239411	-2.39341239363634
2.52981867936729	-2.15671917442816
0.434792334512368	-0.383976110825713
0.158644542976768	-0.15083687837035
2.76473244673366	-2.385645497036
2.76745507616393	-2.38440821925454
0.664565552076134	-0.546082459498239
1.24494038094217	-1.27232376725823
1.09031808874587	-0.857880974081259
1.591569027264	-1.46949134646395
1.83460502152247	-1.81574819283191
0.844059307957447	-0.825996910404674
0.446913139678926	-0.370903350366069
1.80409827780742	-1.58791560186514
1.69640886628154	-1.39216162488139
2.14632929393669	-1.83017485531325
1.48301753647955	-1.40935428866697
1.41435434542138	-1.38775344184442
0.328900888921631	-0.302426899751304
1.01240286358844	-0.789243704898509
2.7516200914502	-2.37186597796522
2.00299222979034	-1.69192738767882
0.0604695759087825	-0.0453908894403921
0.120416794204173	-0.0975966285394959
0.0990886879276918	-0.0873474303395776
2.76070966515299	-2.36768952231359
2.77549534237447	-2.4126774676045
2.73563115893845	-2.32794151978512
0.603772637488617	-0.524939179745073
0.172402645361113	-0.14754493278151
2.59549288703355	-2.21010259990841
2.7921598552866	-2.39196435566269
0.030930360988119	-0.0255474667043197
0.211897804754537	-0.19056705465279
2.49641514810881	-2.17589916397372
0.133357699609041	-0.12107120738189
2.55872622364696	-2.16557987278602
2.23343999243922	-1.97114763713613
2.42270917274719	-2.02083628355911
2.33002857706949	-2.06256777300192
2.10482418083424	-1.85229857313288
0.00958389537615501	-0.00833592578232706
0.313912936967649	-0.253034511891101
2.19339535479512	-1.93335531279627
2.68772795962126	-2.28619985873507
0.798755842157643	-0.660473578267302
2.74907456165814	-2.36407516016487
2.78003775276106	-2.40209780791443
0.213103699572179	-0.17939905478424
2.62143131512162	-2.23341777703855
2.62437113972245	-2.24046222413738
0.263671987227715	-0.210237356358124
