0.537113962027098	-0.159261459674683
0.352074064187394	-0.096084617784744
0.805349817617749	-0.184848624652663
0.524044256589235	-0.108663135600223
0.3198110765309	-0.132423522709184
0.863220479820743	-0.212126078575198
0.730593536412594	-0.186690948537288
0.541612961453621	-0.115890122630107
0.452489582123535	0.0274383994045817
0.529843120214622	-0.190899189977864
0.379211246703531	-0.0629594090918808
0.47211210532839	-0.188701259869474
0.396552636830993	-0.132979852603684
0.472720177195977	-0.138182077811126
0.377835772635918	-0.13483691541561
0.305438674441533	-0.0591830558477643
0.707012919058289	-0.149885970029989
0.447118932704671	-0.128960234210597
0.295231670482353	0.0147847067133384
0.533871969464293	-0.110687267199404
0.45545113748136	-0.172030784926902
0.658442980355846	-0.269971737362599
0.360755239258109	0.0147402323558185
0.547745691799572	-0.128462772893259
0.776271604759926	-0.186586041168335
0.688177840616177	-0.126212721680419
0.601395178209911	-0.210102103126962
0.588912588269606	-0.111783388900541
0.384218986626146	-0.175462333653312
0.192224739036562	-0.101363909018741
0.752670950192644	-0.312416664662822
0.449010677974211	-0.0838821315198958
0.85737452124357	-0.189660818062454
0.512102310365818	-0.165023435919779
0.423381950041267	-0.145546723795888
0.538479644650227	-0.199338312482628
0.686151240057201	-0.11356602587105
0.0824943124237612	-0.0230491611505356
0.831123992387042	-0.189046526984796
0.362815905404628	-0.0850344534013619
0.619888388931269	-0.0569363978423894
0.422268947338418	-0.20328854814877
0.578615926162205	-0.0848363763826837
0.0277359233432684	0.00255450043807938
0.396224840217221	-0.184836861636715
0.480486947614967	0.00568600999469689
0.2685213588091	-0.0158050142622559
0.136696971195089	0.0282334844056592
0.436749120592389	-0.0237782310673617
0.499517837798818	-0.0462176493061831
0.429557408445286	-0.165905889510429
0.394838615222162	0.0387534203077877
0.586372904291034	-0.138038713894394
0.610247209075894	-0.156359825305873
0.347338612627034	0.0741888009464611
0.778261869891833	-0.217858025956501
0.521526779067253	-0.226080989740541
0.32263689946778	-0.157919071585115
0.0506646097268336	-0.00448453069585675
0.722233988034889	-0.123082408017333
0.357910487900025	-0.179418256687965
0.18494418091921	-0.0494286591535016
0.344790407919601	-0.0524928628568857
0.674259150955089	-0.181105178909886
0.428003169105425	-0.146198991593874
0.51263177046893	-0.0520363403006059
0.193145438950462	-0.0858227913434618
0.05397511810881	-0.00216005731249624
0.360572494165659	-0.0854277589553147
0.29017273331022	-0.139858572772333
0.931235186723612	-0.238647477237511
0.493698303392626	-0.144344345442807
0.37947474087211	-0.123879076427808
0.0349320685491613	-0.000957321916914624
0.554237371740057	-0.126074185773467
0.0608515404256001	-0.0118711425076886
0.715893824081696	-0.133355095145218
0.643075038087221	-0.15986358583542
0.232909141356365	-0.0146944756202951
0.25644857192732	-0.00281617851956405
0.606362565749766	-0.159697435824768
0.539800289494664	-0.182511970795551
0.730251212314012	-0.120200698763029
0.133105856529472	-0.0548669205631583
0.422559262473407	-0.0423429910133036
0.170501321902182	0.12145882867004
0.16634926294936	-0.0479562039978682
0.487764740760322	-0.00653280204551078
0.387796150437766	-0.163323191633705
0.680019510615688	-0.100828042941284
0.541933699843701	-0.0230466100009725
0.838759110521119	-0.184295663099818
0.0634138320863569	-0.0116737935639377
0.69051470393668	-0.184212506753886
0.0699860242392063	-0.00349566422406614
0.756168696052299	-0.202631329180085
0.248296815733444	0.0791137399574559
0.763765202330302	-0.143158797937421
0.0148391786091777	0.00492487485348635
0.761857231040632	-0.165362449822754
