0.60030920610934	-0.256565899991108
0.234979449873881	-0.167395834077251
0.172469329159944	-0.134491692778983
0.195847583246064	-0.191039849289913
0.483783316372036	-0.310373526988725
0.866026266713364	-0.506718712497864
0.546907647148271	-0.313615137908661
0.160916067264782	-0.157044379990348
0.591250703505669	-0.354257890172126
0.243351781211342	-0.140849448143149
0.725346409403702	-0.387625449353637
1.00101242515463	-0.585420297665792
0.55309978848866	-0.317203200869373
0.318339042731775	-0.17753752046492
0.780512274171698	-0.441172307445307
1.09531413273756	-0.597677393759949
0.210262047862436	-0.161109099603464
0.885868786802026	-0.518504901391462
0.637293247578067	-0.38803428050665
1.05862432611908	-0.590028190293519
0.127781316124354	-0.101085730091877
0.653875335459437	-0.362664737408698
0.285791698020068	-0.140289823604164
0.640549197936896	-0.368431147080091
0.42162933976503	-0.213386186619525
0.288219603991185	-0.18358536994505
0.648723250869244	-0.442216671806519
0.537371954668673	-0.378447822356074
0.569864769933982	-0.289767825383426
0.835272000005579	-0.465079282713173
0.574803487710248	-0.336903564380029
1.04220536566329	-0.541772412593916
0.644397670431162	-0.311893953249661
0.879052294563365	-0.506292987920728
1.0207983818553	-0.600491988276818
0.418718601360407	-0.270474794386801
0.754383653323179	-0.35891413978584
1.08753773862782	-0.601968368851392
0.628227630083068	-0.337216274547227
0.693906556567727	-0.387761917589114
0.501991809696176	-0.254106881271534
0.90644811233252	-0.506594897918186
0.746959627245461	-0.419620669345532
0.990774086380977	-0.562829976452737
0.884225515718487	-0.552543220543794
0.30822419767316	-0.228506156467025
0.630994172517979	-0.353554873637597
0.10384299647303	-0.06885145225479
1.07999513966282	-0.585849825709364
0.581342684964773	-0.398575170089529
1.07389598855394	-0.592120266498555
0.475850633225694	-0.321762477137993
0.245593665018657	-0.162809331275482
0.649454243324101	-0.349471228620397
0.488513205841903	-0.314899154994764
0.452321217190141	-0.303728427087208
0.503468129428565	-0.320089171678108
0.0803691116594971	-0.0310722109391487
0.342215925538708	-0.177926290448841
0.223103107820383	-0.118678182781161
0.587651511664816	-0.371470750789769
0.794967002934626	-0.447118617432957
0.974050269010891	-0.521244755756492
0.916189866255749	-0.496440666568604
0.311633556093025	-0.19766633163946
0.990475388366961	-0.550528572853353
0.590777298605138	-0.283497421159264
0.75450387754761	-0.429116866651814
0.618894954360951	-0.405267848033252
0.569367343177672	-0.342265175198557
0.59104598523951	-0.335817113998791
0.488322155485163	-0.297972196740571
0.743606564982221	-0.376604820869861
0.138193045597243	-0.0796442722884076
0.369434824976214	-0.135228170059414
0.953234908200004	-0.553878739722688
0.165942477908058	-0.122043795697694
0.537168760253185	-0.337242490959651
0.460014396080223	-0.32918183726792
1.12494104340329	-0.608275914955352
0.333455381653585	-0.179898947147099
0.57037238888867	-0.303802352902552
0.146192255023704	-0.124732107257764
0.500481967863395	-0.380941987105891
1.06285064381865	-0.599057572979042
1.02146429137019	-0.528363811272688
0.426013468267138	-0.286043373153345
0.481071077485704	-0.203953770426539
0.843461018224935	-0.569196708816662
0.132842594971116	-0.0864439883323889
1.12348872355528	-0.632068524651891
1.10147826936649	-0.646014522128333
1.02049334409865	-0.581152473454849
1.05449857350101	-0.591580880954339
0.585637321022072	-0.308244228899307
1.07322158420838	-0.576270123499484
1.14424692812135	-0.679367261726573
0.170068016109398	-0.0818844581002639
1.09701767219852	-0.634116435260953
1.10318283258605	-0.640676688740797
