0.207129420889938	-0.125565448208583
0.327123603050594	-0.0115427528951202
0.654926954115529	-0.160135523373527
0.481366702266745	-0.159598262634053
0.724465640191708	-0.24102020677813
0.0826417119703437	-0.0525906199722126
0.731862636558333	-0.171432973932975
0.522449433494289	-0.147195353466605
0.057764884923171	0.025373161980356
0.46650464685413	-0.184810953080014
0.0601380419123514	-0.0397317118863178
0.406457909402774	-0.226356073860741
0.0787688433221698	-0.0677048975657926
0.0723074609065546	-0.00979216900109552
0.0673020474510493	-0.0536561754070499
0.192381616014878	-0.0124007654776587
0.509497111048044	-0.0988779450613005
0.64274217062481	-0.128438478905055
0.0838437063607544	-0.0620406068749465
0.023500635796349	-0.0231831665834615
0.193433458847182	0.0540252575942175
0.249288816756686	-0.0437970725533731
0.201171426305842	-0.123996360922239
0.2390558984356	-0.146156058926387
0.164845718692628	-0.101290220798215
0.783961806416621	-0.22057485837849
0.576840120463912	-0.119255409786789
0.464087400502452	-0.162093197939376
0.26795286527257	-0.123968904385108
0.583348798972236	-0.112626408690592
0.217736661257237	-0.0220857385291847
0.0234519950476682	-0.010420934817709
0.246170925295648	-0.0768347396931035
0.142573750078731	-0.0441123611244842
0.795124469370748	-0.200182954948295
0.743891128674483	-0.263959267696732
0.708437284552277	-0.127785044877321
0.146164888849013	-0.0663813202298559
0.125695747313002	-0.00726410388487499
0.787160145621383	-0.198970267435068
0.117819288744801	0.0557453301183953
0.790309885298703	-0.248606296541859
0.748017519987402	-0.256687610895756
0.582941035837113	-0.110184215155794
0.74379587186597	-0.152578547528507
0.749582607619322	-0.249625733808135
0.717609299257172	-0.167018324491598
0.692789280327185	-0.129603722511286
0.51873273371503	-0.169716050982649
0.23597634415544	-0.0192021863420446
0.703712809422559	-0.251581567459238
0.77259037206527	-0.183171851764191
0.523917530839271	-0.0776575060521738
0.290038125791598	-0.053672952466561
0.63500545432239	-0.132318568375928
0.426098555171962	-0.157383391809822
0.350404636939267	-0.105026164379836
0.316870896330192	-0.022121018058695
0.127934002407832	-0.0343543074467726
0.331281951690886	-0.0911508090788365
0.041881068858734	-0.0132380293226608
0.365460296726046	-0.120489685063223
0.780052347877033	-0.222267364186654
0.518221454917307	-0.103135194245167
0.607465936102452	-0.15570952772245
0.412841430511808	-0.144066451089456
0.426457661808994	-0.138627091452225
0.541024735926235	-0.167006314923324
0.556957956241886	-0.0519803217936915
0.0241115106536749	-0.0171483279014614
0.25311238598106	-0.142515650282506
0.0651407149811872	-0.0622557459456443
0.067480189834442	-0.0586304178338113
0.168731648490026	-0.143693096050494
0.505421255928156	-0.157448766573915
0.683834576087747	-0.177759672943263
0.152197544691545	0.0297624634628036
0.115591221921644	-0.0416500407037612
0.197122572476525	-0.058290616960213
0.0300060026896113	-0.017916851092991
0.469946631043225	-0.0579347662697125
0.138325146345493	-0.0704044734758335
0.702581058248262	-0.28247972243134
0.278123726029121	-0.0273059250085976
0.651059694625611	-0.169647670307877
0.199149987269686	-0.0694910167530249
0.211063926534679	-0.0837141311331337
0.156866902862938	-0.0219011862173613
0.123218583298312	-0.0242627938292437
0.779401807200031	-0.239670371147217
0.737631899975769	-0.262228778009917
0.51145881825797	-0.086051777977102
0.7307308360281	-0.250098519637113
0.486340231196179	-0.0813067538420089
0.563030382391596	-0.0856948594714992
0.714400518813699	-0.254296860145013
0.340817221758843	-0.135035838209399
0.772061535278312	-0.255637320708133
0.694814854734024	-0.159220214215741
0.786531411558077	-0.224030577676442
