-1.32263091902389	1.61822588142836
-1.32588490553634	1.68962772097748
-0.969415480570804	1.1930913265027
-1.40492975907683	1.77104237669224
-0.631292870061669	0.713005932486913
-0.802882268319256	0.935134270305206
-0.0214001990621837	0.0292713666824401
-0.502746081061745	0.624661105134527
-0.0555775732298112	0.0582430560415717
-0.863156646192185	1.18367542940453
-0.275492747203043	0.307650053590969
-0.435328017020426	0.505264014043826
-1.57149200925535	1.89519575979903
-0.961319570448347	1.1789149735693
-0.111228446276514	0.132245323555848
-0.0855905929308623	0.122487343910142
-1.29773831163026	1.6107684750489
-1.18402737321204	1.48061129187752
-1.25469488916595	1.61538546566762
-1.31912841578621	1.62953033213782
-0.374295936970941	0.403215911534968
-1.1942100788518	1.53392255462171
-0.313088092434546	0.295912835377476
-1.09730018126648	1.43839172843086
-0.94153756434015	1.25860841797367
-1.44285380610888	1.78726281154854
-1.23859885386713	1.57555741189403
-0.458173220154086	0.474003383490091
-1.41393372602594	1.73655464009594
-0.380651357661864	0.428197820073024
-0.950512207868611	1.41234081646178
-0.242204421810434	0.218102809992822
-1.47820876213464	1.75201491690869
-0.489110925629685	0.602640913719813
-0.945446546946688	1.14453088014854
-1.05396134573373	1.36100693845745
-0.493565389710835	0.536094474252022
-1.31474857303706	1.61432578134217
-1.33581922564874	1.65636519376154
-1.47543476188965	1.81490550081977
-0.825120462558821	1.09343152069311
-0.0741278445371855	0.101093604560471
-0.140349500331222	0.178066890450629
-1.50541360804965	1.8070266730419
-1.27915551887632	1.54010831578102
-1.43830842848217	1.73314778136466
-1.33732508292951	1.72108520347043
-0.355512470247129	0.412815081322094
-0.471163856208868	0.442876521868373
-0.654747636748132	0.604362620040545
-1.47320553632184	1.74635961421392
-1.58459446207911	1.87451207243269
-1.49930064727597	1.86571481879427
-0.811337440686773	0.804834359094986
-1.49820865212066	1.83920806908996
-1.54663758507264	1.8617258541616
-0.414055222905084	0.514581457418726
-0.549560755997966	0.619004649142013
-0.800333566292748	1.08551149414163
-1.38218540383604	1.73235474344566
-0.831680194961941	0.972159546474939
-0.860462976516692	1.03175884744164
-0.0672647982551126	0.0776304174284974
-0.260614091031017	0.311987100444803
-0.779236747519652	0.879445122936028
-1.46758108249909	1.78142093153346
-0.275477015878058	0.332686879684553
-0.0581589513848952	0.059149446402029
-1.21528140410519	1.46559077226021
-1.01912273026287	1.32239233858638
-1.47064275626053	1.75775208586654
-0.181824527243899	0.21268099732479
-1.50557786405458	1.82245086358024
-0.186751552164381	0.264071230978365
-0.0775534307561941	0.0966311191016145
-1.01535717150812	1.2337531707771
-0.118434562009004	0.15171301231989
-1.48020917096932	1.79177896115174
-1.42533726726304	1.7429232864293
-1.34601024420685	1.65521799747816
-0.121454582380127	0.107071857576727
-0.631296255579297	0.711760314822773
-1.12999246703316	1.35838667901044
-0.307848825825436	0.365070244452968
-1.28867419276945	1.60206135729379
-1.3515775630005	1.624472730712
-1.43472905157085	1.80394314449656
-1.39370452801178	1.71889089902836
-1.49529378014183	1.85843580086283
-0.104016180202758	0.0978929863446933
-0.0878334462425248	0.108078363192999
-0.0731734447581088	0.120567222527922
-1.18889300115077	1.48053028472433
-0.279933675752082	0.357168449985483
-0.589569207105234	0.829177106995952
-0.956774160400915	1.23973983682142
-1.20321474833014	1.44929786040368
-0.140272275006332	0.138624828258995
-0.333972827884275	0.298269720069509
-0.0250136338157318	0.0321887843148366
