0.180520582151992	0.292750509771991
0.118297867591031	0.161042120893834
0.329047614152688	0.475083740641472
0.207576300626861	0.218244916232481
0.0780806068749247	0.150788519310395
0.33854586003028	0.475192349569249
0.268604454044077	0.410792430960031
0.213850459840736	0.304343298666326
0.343524053098433	0.427245379886118
0.106240389720986	0.102834953324757
0.168155466906809	0.191516396121869
0.100160045718972	0.137659003266331
0.123826637409413	0.154252947398801
0.181249488988983	0.316334626211937
0.110879509238517	0.106259761159705
0.143647068857434	0.263311022215065
0.29977165372152	0.462947134211072
0.1128101009829	0.244810419918086
0.190236950406756	0.328822144597884
0.219216996081834	0.218364876344351
0.111994544680566	0.155747125003047
0.145634895827548	0.243272346486737
0.261194758061743	0.430584802266124
0.188374817542395	0.23774560875519
0.306179705774679	0.350051339390327
0.322996663917231	0.434105912733596
0.162974599026041	0.260897732563533
0.261600842180372	0.351352147695268
0.0504343241215929	0.0746294261833657
0.033160740957593	0.137726661627911
0.15052930918101	0.256504958355639
0.202122564023168	0.310036956350719
0.353305718444572	0.516800322199808
0.156415632570517	0.236781896224383
0.130575001951913	0.208680637633343
0.142236618787598	0.152117041361096
0.306383682400994	0.435039055012918
0.0238994623551038	0.00188758929878274
0.329960743590167	0.476127694734128
0.13713765889323	0.142148614727231
0.317532474880142	0.290990554164095
0.0351293498446378	0.0754556444275929
0.284147934411841	0.355838251085604
0.0212968423587587	0.0297934576208821
0.0438377190004066	0.0524616764983708
0.335431622582304	0.47201053300541
0.176341885742246	0.321439863342272
0.117564978171889	0.172329657644827
0.259455647154645	0.40296452283495
0.28154551299282	0.448108653747342
0.120875464373014	0.15190635079215
0.304183515696345	0.468296312799597
0.213569073827964	0.363305515728239
0.226956366867111	0.376902273175381
0.310354468179266	0.411374703554468
0.271043476035821	0.470061988621668
0.0903783194431673	0.211280343609375
0.0436552190819845	0.130558001754425
0.0278819937462198	0.0485693485536217
0.325671268019292	0.403615575809558
0.0249850082172019	0.0515210698308162
0.0775037226719786	0.1630657255154
0.161612370685508	0.185612815526147
0.240064959526544	0.38342444301016
0.125826602140873	0.198828933718311
0.274470286585786	0.399085831648513
0.0383113762358622	0.0895918777091183
0.0319492026268628	0.0184599898888391
0.149203314410184	0.172926926346374
0.0421870831395856	0.0900402310835865
0.34739462561656	0.538807319052575
0.182949416968914	0.243626913215872
0.13677639802658	0.278975527404507
0.0198735044334308	0.0108306372795025
0.198786207790136	0.268431749396573
0.0405300103218524	0.106449158067755
0.303001524009656	0.405671872182069
0.252773152652404	0.3863293231822
0.154152739354383	0.224471460458316
0.176607186393525	0.172156189149372
0.239367279352183	0.420643587030126
0.135328268657147	0.20471118723716
0.317387754833206	0.298739118258478
0.0480685740018508	0.0919750680956493
0.211226202495113	0.320343219510146
0.256460903945722	0.4809675152925
0.0628455581743453	0.0166785522536952
0.290428322653042	0.406081471033616
0.0672119723292154	0.087231526399559
0.352305541846548	0.53705463092292
0.321158657099824	0.293108668405473
0.325906717320729	0.391332373132582
0.0305051034712771	0.0513849837403616
0.265520937397087	0.379276657957527
0.0398612575970044	0.0540997559402374
0.278816276644853	0.401337900944742
0.25986653109882	0.287579725748021
0.315157302862065	0.320861096203312
0.0139649491110366	0.014024474695522
0.314071733243855	0.499115534557271
