3959,5169,3410,1680,577,4055,8969,3439,1067,7369,4460,8210,2121,1071,6282,3443,7641,536,3798,1087,7860,2157,1240,5792,7863,5782,802,2951,3030,978,7472,770,3402,1641,9076,108,2411,1143,4474,1211,6734,5895,8053,8816,7988,6151,6046,9229,8790,1229,6167,5747,750,2427,1261,2377,392,8592,6635,9329,9416,8716,7089,9518,6869,6950,5318,4905,6331,7091,9599,7944,898,6387,3232,6995,8029,9736,5079,477,6692,8266,5571,8286,7736,8048,3346,6686,2016,3774,238,4752,8572,7391,5086,2278,6417,6496,7352,7137
334,2924,7796,4415,4013,4940,8970,5052,1127,5945,8185,5823,2399,7591,6398,6945,1904,1715,5199,3325,7142,213,3960,2611,5171,4711,7875,7174,2023,4893,1853,6392,3316,4806,9077,2098,2074,814,1745,2941,6045,5849,6408,9177,8819,154,5144,9230,4389,870,829,692,3407,4831,1668,2577,3565,7214,8008,9330,9417,4419,8228,9519,7133,5644,4948,810,6153,7702,9600,8827,3078,6232,1239,7792,8597,9737,376,300,2942,9837,4783,8586,9879,7337,6838,2196,453,5604,49,4902,9954,8353,8741,4613,5392,8098,6306,3507
1497,8685,3474,4009,5900,4654,8971,5407,5254,5613,4686,6112,5539,5506,5198,7479,4408,948,2289,3372,5094,769,1614,3677,5598,3490,2911,3201,925,5152,1960,3426,4294,2224,9078,798,1624,4112,5078,3546,4584,2137,1950,6119,2339,1759,4548,8754,6600,4108,3081,1964,2628,3606,2011,772,2292,7018,858,9331,9418,5714,4192,9520,1911,4628,1806,1010,2510,5009,9601,4825,2637,1090,3727,5416,3634,9738,2321,1287,1628,6566,4744,2630,9880,7477,5623,6320,382,3915,2352,3107,8207,7604,6217,2749,1772,3235,4653,4985
907,7339,6642,3917,6491,3988,8972,5461,7138,6845,1547,2532,5015,4413,3833,7726,3434,1993,3179,2771,3009,349,462,3861,1003,5125,1931,3542,522,1490,2512,3063,2985,4147,9079,2991,5127,5579,4990,2270,4642,739,5351,4864,7659,2064,5932,9231,6930,6426,2993,1371,2775,3023,2923,2277,1835,6246,6115,9332,9419,7827,4627,9521,3159,4930,531,2097,3544,4320,9602,8583,1526,4465,3573,5638,4422,9739,2867,2751,1337,7223,3025,7114,3334,5901,3736,6984,1179,3552,1967,2082,7731,3267,2995,676,2964,4926,5694,5610
1983,8934,7024,6986,8806,4746,8973,1982,5888,8238,7285,4778,7059,7739,4700,9062,8644,6277,4325,240,7609,106,3260,5673,8082,4514,2260,1157,195,5912,2333,5379,5641,1616,9080,1838,1978,1735,5475,1494,6458,4282,8132,8785,8491,1139,7218,9232,7939,8085,2648,516,2384,3095,2868,7146,292,8246,4115,9333,9420,5023,2761,9522,5091,6453,6309,7,5559,4500,9603,7144,6580,5699,764,8118,8831,9740,2095,1546,2485,9838,1549,7349,6809,8919,8638,8924,160,5428,604,1227,6554,9964,3002,3781,3543,8467,7582,1441
4593,7529,6490,5059,8961,5937,8974,6271,2486,1030,7343,5008,4784,7651,6034,2762,5602,242,4077,1436,5306,319,2909,321,5043,5881,3754,841,2978,778,7512,710,598,5236,9081,123,2047,3377,5680,3603,7367,6018,6754,9178,7158,1474,5271,9233,7154,6171,1396,2545,1841,6476,3114,1269,3199,4558,4210,9334,9421,5558,8009,9523,5116,1542,3077,3770,6656,3806,9604,9698,3696,5781,1689,7360,6942,9741,2926,1278,5676,8762,2019,7504,3999,4623,6680,1218,316,6977,3494,593,5021,8737,6766,3194,5633,7628,6181,6797
987,8200,5398,4853,5926,5403,8406,5315,4304,2875,5749,2228,3031,2202,3516,5564,1101,1103,2756,1068,6113,3020,1100,4954,3668,1722,3978,3436,117,4661,2940,2077,5464,1252,9082,3764,4327,3722,4281,4027,6009,363,6513,7085,4796,4267,3411,9234,5045,4809,5522,3645,1912,2602,2676,3211,2457,5793,3045,8326,9422,6158,4113,9524,3298,4529,3864,1665,1935,5515,9605,2781,1241,2546,2075,4004,3858,9742,4296,4028,4236,6890,3382,6366,9881,8767,6014,6705,568,1833,2215,2240,6745,9965,393,3803,3112,7210,1434,2935
746,8849,3006,5827,1941,6708,8975,5653,1094,7128,7169,8168,4547,6622,5425,1748,3877,1862,3360,3584,7009,2070,4771,2456,7221,8162,2143,2700,1284,4666,2001,2757,2375,3831,9083,226,1908,3306,4308,625,7806,3358,8549,8565,8072,807,5120,9235,8062,2268,3356,1816,2445,4457,1582,788,4706,7474,7908,9335,9423,7844,7539,9525,5537,4947,3433,698,5369,8399,9606,9699,512,7044,6565,7717,7869,9743,2076,245,6291,8312,6975,8251,9882,8158,3492,2716,356,6657,140,1207,8769,2625,7995,919,5106,7468,7007,4175
1881,5098,8236,7340,6653,7754,8976,3017,8099,6137,6628,8288,5813,7291,5393,8867,8701,686,4158,747,6433,114,2597,4254,8171,7892,1544,3503,203,7554,4269,3946,5005,2261,9084,5909,5189,621,4734,7668,4531,3529,7556,8878,8752,684,3263,9236,1586,5630,1495,611,3792,5438,1400,6461,1146,8455,2726,9336,9424,5011,3993,9526,7800,2930,4342,227,5047,7092,9607,8413,5253,4335,391,5879,8462,9744,941,3622,2634,9839,2067,7846,8021,8840,7485,6442,333,6396,968,765,5065,8447,648,4668,3386,6752,6961,2008
1660,8155,7855,4485,6785,7252,8977,2509,5004,5139,7398,1029,6205,6414,1717,3990,7329,2332,1115,435,7066,3908,550,3269,3277,726,5750,1182,18,5923,3322,6598,6278,5350,9085,127,4721,5141,2036,1299,7669,205,7374,8071,5773,3862,6677,8611,3089,5770,4743,1350,1684,5356,3630,834,3138,6998,6308,8888,9425,8382,4917,8756,782,6940,1591,2296,5164,8135,9608,8094,832,2828,1631,5471,3644,9745,5586,5178,2835,8725,6837,7216,9883,6800,7184,8535,1058,6637,3347,2706,6378,3461,1823,4777,3178,7535,3594,6194
914,8935,6978,5611,8369,3742,8978,6007,6918,5476,5100,872,6971,4674,4754,6557,5884,2164,2266,267,6001,310,1498,2687,5441,1583,2073,3761,792,7074,3381,4473,5956,3880,9086,1600,549,4167,1801,1358,6599,815,6559,9179,6355,2311,6774,6486,5499,1568,396,736,654,4970,3723,3146,4302,7377,8042,9337,9426,5882,7243,9527,1669,2373,2568,277,3855,7917,9609,7406,2389,6109,2243,7058,4650,9746,4284,2698,6454,9840,2982,6213,9884,5574,8330,7705,1761,3193,3453,3418,8681,4286,2601,4859,2481,8034,5656,2717
6203,8802,4581,8260,5205,6509,8979,2403,8160,2571,7403,6328,7698,5270,3938,8746,3994,5267,1475,431,8747,613,467,6614,8665,622,762,161,38,2548,5608,1429,2233,1856,9087,2640,6370,4928,7864,4052,8375,5657,6886,9180,8293,4621,7076,9237,7320,5784,4982,1043,142,5978,2966,6042,617,8493,1098,9338,9427,8364,6147,8792,4503,4188,2144,1746,6439,3593,9610,8900,6494,6907,497,7751,6836,9747,6140,8056,3620,9841,3482,6377,5538,7769,8401,6620,1033,2894,403,1298,8796,9966,1039,3640,6368,2881,2786,7039
1028,7983,8483,5298,8024,7984,8980,2360,7508,1605,7596,3236,7319,5140,7322,5591,9068,2635,1793,399,8781,163,2041,3051,6822,5875,7365,5282,143,7578,3842,5841,5380,5320,9088,85,900,3458,8564,1351,7824,4455,2845,7643,8361,4276,5876,9238,4191,6640,4142,270,823,6750,2997,896,2974,8456,3387,9339,9428,6949,8134,9528,6279,8615,4163,602,5359,7895,9611,9700,752,7207,1537,8284,8724,9748,5291,655,1055,8365,2793,8653,9885,8533,7871,3747,278,7889,3916,1428,8032,4511,3399,1334,2209,6258,5007,2900
348,7926,8139,7912,7856,7961,8981,5760,6322,3220,8407,4509,7510,4433,6746,1469,7173,1687,3304,1327,8333,410,5016,2134,8869,4867,7921,4758,69,8113,289,3680,4687,6323,9089,184,1108,3828,6041,2766,7922,4341,7519,9181,8002,1693,3191,9239,5556,7790,4069,527,4029,6082,912,389,5226,8791,7885,9340,9429,7742,5854,9529,5795,8718,6906,576,4608,8510,9612,8720,583,6898,1267,8047,8107,9749,1225,574,2255,9842,3914,8196,9886,8623,6130,4672,90,6333,4582,2186,8928,9967,1303,3868,7722,8847,4791,1366
6312,7051,7927,3106,4203,7841,8982,1506,7031,1313,7488,6247,6076,7017,6390,8563,8702,432,1007,398,6597,103,1633,3701,8290,6893,3859,639,116,5493,1184,1170,6363,1339,9090,2175,5295,1696,3373,5915,7727,4018,7375,9182,8609,3278,4456,9240,4209,6003,3664,1956,1144,6409,696,6633,711,8323,2093,9341,9430,2557,5562,9530,6395,7916,4688,355,5724,6103,9613,8901,4566,5735,618,6168,6326,9750,4124,7113,5552,9843,4921,6592,4323,5365,8388,8626,1597,6311,1704,411,3530,9968,1945,1576,3940,6970,7384,7635
3157,8772,7696,7849,8775,5944,8983,1419,8067,5531,8604,4380,4848,3468,4933,7747,7494,7005,1886,193,7962,675,1050,2432,8870,1531,5922,3768,71,4887,1150,6564,5229,664,9091,4,5547,1775,8264,5069,8292,2603,8241,9183,8040,3800,6126,9241,8322,7397,5310,879,388,5814,2422,1984,1332,7902,1489,9342,9431,8147,6384,9531,7454,7465,2715,2508,3072,4537,9614,8461,407,7540,881,5736,8299,9751,4974,6958,3660,9844,4033,8217,9887,7478,8571,8842,283,1691,327,4036,8537,3255,1132,2497,7167,7649,7185,7562
4516,8482,6327,5597,5768,3076,8984,6819,2912,3376,6586,6989,7123,6954,6235,1915,4779,2990,4218,4414,7440,1592,839,2871,8306,5484,95,360,2906,2204,2235,875,1237,5017,9092,89,2710,3505,5825,4222,6483,3254,7865,5783,3142,1551,4718,9242,7230,5083,4923,5832,2039,4007,1375,412,1065,4765,3066,9343,9432,7766,7155,9532,5001,2503,4152,4066,5821,5834,9615,6529,260,5211,1648,2810,3611,9752,3319,2132,2496,8109,2017,7418,9888,5858,5624,3734,12,7071,1510,3153,6525,8066,6198,3303,2779,6141,6891,6926
521,7706,7975,6815,7605,4762,8985,3840,5730,1604,7882,5376,7738,3844,6944,3326,6249,6399,3691,354,7531,36,3714,2101,8211,6829,7195,5208,5,5618,7356,4959,7684,3929,9093,65,5381,969,7592,7035,8037,2646,5928,8749,7421,3551,6049,9243,4634,5971,7241,1232,455,3339,2201,400,3786,7687,2347,9344,9433,9516,8229,9533,5097,6655,5913,1515,5698,8309,9616,9701,605,5826,1048,7232,8832,9753,4035,1765,688,8908,1662,6013,9889,8271,8159,3247,196,3702,3973,1318,5640,5284,2040,4569,5883,5560,1891,2283
1083,8773,8853,8542,8962,7409,8986,7254,5589,4770,7732,3338,8142,7212,4403,3971,7935,1564,3123,683,8391,124,2119,2116,8811,2173,7762,1183,8,7774,644,6314,3187,5481,9094,173,945,2957,7366,1072,8038,4382,8320,9184,7907,2225,1255,9244,8192,8411,4239,507,1971,5551,2958,1357,2535,9319,4310,9345,9434,7293,5581,8825,4073,8055,4262,440,5833,8899,9617,8828,2797,5346,490,7852,7945,9754,3184,1446,7208,9845,4012,8150,8679,9938,5998,7389,340,7552,1762,1460,8929,9969,1656,3892,5700,7965,5530,1426
705,8574,4739,7306,908,7393,8987,7341,1922,5868,8201,3575,4932,5150,6051,1921,7967,179,3576,4305,7355,3281,3343,3894,6236,7518,3366,4626,4601,1270,2129,2394,1360,3873,9095,640,952,4673,2888,1875,7555,1741,8591,8879,6497,1275,5485,8788,8294,1839,1076,2474,4620,4846,983,964,256,7131,7497,9346,9435,6816,7660,9534,5957,7455,3564,637,5645,6897,9618,9702,523,7012,3243,7571,6353,9755,1296,120,6243,9846,7312,8351,9890,8031,3527,2641,2104,2288,237,3143,9955,9970,6201,4643,6831,8111,7617,4644
4681,8125,3698,4594,5138,4121,8988,5239,2131,5468,1562,4995,4329,5584,4804,8013,4953,371,1235,3700,2231,1440,850,2315,4326,2826,2407,3069,1671,4862,4242,275,4878,3962,9096,2864,1909,2028,4705,1152,5919,2830,5260,6066,4742,4154,3491,9245,3666,2849,4726,3234,1478,3511,2636,4301,2529,1465,6004,7941,9436,5148,6824,9535,1145,4899,2581,151,4496,4439,8671,6590,2968,3657,1695,3947,5707,9756,4249,4586,3163,8137,3450,6129,7721,6737,2200,6340,2436,3847,2649,1368,5223,6447,3470,572,3099,2007,4136,4247
1643,8050,7278,5753,2866,6963,8989,6980,1503,5147,8428,9061,5174,7805,6174,4223,4362,2013,1638,7511,6079,22,2441,5033,8319,6294,3513,5431,1622,4340,4386,442,1109,6732,9097,202,2368,5122,4458,3447,7915,4625,6718,6787,8476,347,2449,9246,5405,5892,2768,1907,4618,6184,1141,1266,5142,7810,5973,9347,9437,6356,7645,9536,6939,7309,4151,508,7050,7272,9619,8902,2727,6691,2406,7838,6604,9757,1609,81,378,8267,2671,8463,7655,9939,4633,1095,41,6367,2438,962,8797,9971,7839,5986,3829,5961,6585,1149
584,7911,8051,5931,5277,7104,8990,4828,2442,2570,7857,3951,7798,8176,5366,4896,8606,3151,3830,1209,7658,45,3154,2293,8291,6659,7666,2850,99,4670,6250,2370,2425,7473,9098,225,1356,2896,6654,1737,8708,4786,6035,8608,9224,1788,6237,9247,7281,3766,1206,241,4377,7286,3463,1253,5026,8650,4761,9348,9438,5317,7244,9537,4738,8897,5620,502,7673,8530,9620,8829,818,6618,1056,8556,8195,9758,1957,53,2650,8909,1974,8916,9891,8624,7737,3788,111,8403,3115,889,8538,6638,6506,2440,2647,6721,6155,2284
1151,6302,6706,2303,1901,2045,8991,7755,1034,6826,8287,5994,6097,8068,5861,2533,3183,729,4805,3583,7861,4118,4375,2579,7999,5367,3217,3105,3284,2697,3152,2161,1505,2760,9099,175,1268,1751,3757,1487,7151,1349,6676,9185,8179,1238,4197,8755,8338,1423,6921,4383,2211,5785,669,417,1707,7903,7765,9349,9439,9517,7828,9538,4264,5401,5969,2361,5186,7011,9621,9703,1477,5872,4307,5988,5371,9759,852,547,3968,8726,7197,6825,9892,9940,3405,1916,27,1148,421,4451,7149,8738,8684,5766,7199,8801,7781,3364
2511,4338,5494,3268,1521,2745,8860,6043,2666,5504,7004,6596,5908,4636,4710,6867,3568,3034,3753,2388,5536,1587,1378,4517,4424,4255,1532,2219,1870,6804,1018,3851,1365,4015,9100,2585,4114,997,5965,5283,6481,1834,5819,8710,7411,2653,4367,9248,5655,2188,4597,2167,3389,4156,641,2176,3501,8324,6795,8715,9440,5916,4552,9539,3662,4872,2688,3617,2607,5516,9622,5251,2747,4684,1565,4799,5529,9760,932,1743,1369,9847,4994,5906,2162,8174,4736,2138,215,3087,315,1026,2589,6882,6100,1448,3495,6687,2359,1198
3635,7707,5752,1677,558,2216,8992,2322,7139,5846,7439,3739,7279,5420,6248,8780,7227,2269,1558,5361,7420,1842,2739,2833,6726,5076,6730,30,29,2755,7300,2000,976,1757,9101,5569,2494,4337,5230,5172,7096,1004,4275,9186,6485,6053,6330,7545,8093,1102,6922,4177,390,4988,636,4446,185,5450,1384,9350,9441,3171,5820,9540,5893,6602,4103,4279,5572,6212,9623,9704,4695,5739,6488,7013,5517,9761,3787,3119,3728,9848,4174,7719,6047,7992,3610,2994,2728,652,14,405,5999,9972,2886,5247,4080,6567,6757,5544
714,8803,8366,3712,5716,6786,8993,2685,5662,4595,5780,2876,6771,7577,4155,7255,6307,1520,1247,1778,7986,144,4873,6283,6313,7788,6424,3059,433,6431,1634,719,2379,3451,9102,286,2821,4759,3869,2405,4611,2999,8875,9187,7119,1642,4231,9249,5642,7955,763,989,4143,5242,5718,1501,5071,7730,4515,9351,9442,7088,4667,9541,3891,8826,3084,305,3585,6617,9624,7182,529,4794,1555,6744,8311,9762,4678,150,3775,9849,2151,6421,9893,8920,8218,6855,200,3185,3310,903,8628,7392,2380,3422,5502,5678,5206,2518
7413,8404,6275,5791,768,5467,8994,701,6700,3190,7140,8080,8254,7725,7268,8698,5703,899,1112,1492,7427,783,1543,6928,6563,3167,3941,2804,126,2105,7931,2718,1233,1463,9103,7041,3155,3108,7081,4912,6709,2226,5619,8490,6523,1528,7077,9250,4360,1212,1840,627,306,6661,835,5710,483,5396,425,9352,9443,5423,7430,9542,7090,2847,5759,3414,6164,5085,9625,9705,5979,6853,3424,4671,7743,9763,5873,5509,4397,8910,3465,6553,7991,8656,6636,6594,6173,4332,228,375,7925,9973,218,3562,3233,6784,7022,8274
1077,8936,6059,7025,5488,5612,8995,8332,1807,3901,8695,5583,3794,6510,4153,2667,8144,946,1749,5256,4977,208,5136,3857,8812,8548,5402,2259,118,2065,6848,183,837,6382,9104,155,1462,5940,4417,1798,8709,5252,7217,9188,8191,990,3881,9251,8433,5128,1403,793,4607,6575,1113,1346,4187,8457,6268,9353,9444,5163,7178,9543,5219,7188,4395,647,6019,7245,9626,9706,3976,4821,2390,8442,6262,9764,2160,96,2865,9850,4589,8500,9894,9941,5035,1948,323,7030,2578,1291,9956,9974,7082,4849,5860,8512,6101,1472
1025,8937,8223,3675,8691,4958,8996,5408,5387,4172,7850,3716,7978,8371,5806,7786,6118,1731,1753,475,8392,76,2174,5345,8871,4715,4364,473,93,5521,7270,1382,3022,4123,9105,206,1199,3890,6144,3391,8488,4756,6349,9189,9225,1650,5788,9252,7777,7763,1805,158,2872,3956,5145,3472,2010,8821,5352,9354,9445,6851,5166,8717,4838,8104,2265,170,4882,8498,9627,9707,3181,4071,1855,8087,8833,9765,4041,439,3807,8763,2539,7614,9895,9942,4170,5020,1012,7382,2709,482,7802,8344,2145,1773,5513,8208,5373,1316
4359,8662,5233,4876,3392,4635,8997,352,7284,6226,7170,6729,2678,2057,6630,6062,4243,1314,357,100,7733,3904,408,1059,7213,5954,2086,463,447,7269,3955,6418,5824,2506,9106,2730,5342,2967,7345,3403,7125,3477,8265,8410,7809,4463,4478,9253,8041,6498,6587,6660,186,1620,494,3383,4278,7569,1326,8459,9446,6371,6983,9544,2385,661,740,2026,3966,6669,9628,8672,1014,3000,6871,7135,4895,9766,5719,5524,2214,8384,5110,7524,9896,6179,1776,8198,3329,3649,854,2639,7314,6832,1938,2704,4815,7260,4287,6901
2305,8938,8958,7881,8515,8156,8998,7821,6065,8079,5731,1924,8143,8202,4345,8809,5388,2903,1421,1017,2232,34,3658,4355,8373,4051,2910,1635,51,6200,7699,2608,2544,2002,9107,146,725,4691,7054,3442,8421,2772,8308,9190,8646,1181,5774,9254,8063,8255,1425,438,2415,4693,4797,5697,822,9320,5162,9355,9447,7587,4067,8595,3056,9594,5549,164,5173,8424,9629,9708,7476,2740,970,7971,8761,9767,5263,923,5720,9851,1367,8268,4934,8637,7559,8627,561,4354,628,824,8090,9975,2765,5424,3557,9997,4483,1180
3460,8640,7193,8856,8776,8858,8999,1979,8693,3496,8450,1230,8186,4390,7323,8544,6772,2820,1256,207,9069,134,1452,3292,8486,1271,2651,633,248,5927,1865,2774,7265,1217,9108,73,855,3906,8212,2501,8814,4741,7543,9191,9226,3257,7671,9255,8553,8649,3205,479,402,5664,4070,3486,2528,9321,3815,9356,9448,7335,6096,9545,5626,8383,1092,489,3819,6877,9630,9709,3050,7048,632,8596,8675,9768,5603,4507,6817,9852,3036,8057,9897,7794,9947,9949,557,6215,582,2046,8733,8559,1517,4336,5980,6712,7834,4590
1074,8939,8745,7486,8642,6688,9000,3136,5496,4432,7929,4816,6182,3531,6968,3222,8305,3982,1338,367,9070,699,1763,1119,8519,2034,8783,5257,136,6904,630,5842,7118,1480,9109,80,1509,2408,6542,1342,8129,704,7987,9192,8280,5070,3884,9256,9315,7791,6301,607,518,5034,4436,420,2467,9322,5353,9357,9449,7611,6876,9546,3082,7956,5245,1044,4134,8581,9631,9710,253,7580,856,7845,8120,9769,3024,3212,4572,9853,5053,8917,9898,7350,8732,8352,148,6879,1557,4251,8843,5385,2969,2922,6360,8932,6862,2984
2626,8220,7636,3129,7690,5890,9001,7756,5920,8092,4698,1324,8169,5708,3602,7426,7905,6195,2583,3065,1246,66,4820,1779,6218,2515,4717,2792,19,7264,7637,1700,1556,1847,9110,104,942,5863,7712,2998,8360,3317,8489,9193,8610,3079,6056,9257,7729,6887,2320,1234,2118,2823,4059,4898,1021,7644,7826,9358,9450,8439,4116,8569,2777,8116,6106,322,4396,8075,9632,9711,5533,4146,1040,6864,8108,9770,4423,2037,2617,9854,1708,7654,2189,5738,5894,6225,75,2180,232,2091,8659,9976,5976,5609,4525,9998,3019,1042
2053,8355,6270,7771,7675,7985,9002,840,8863,2349,8865,3683,7759,5455,6093,9063,6526,2594,1011,284,8704,251,753,3558,8146,3176,2787,1783,25,4780,1036,3064,3816,754,9111,869,7404,1878,6885,6685,8748,6010,8335,9194,9227,2253,7693,9258,7266,8436,2182,811,210,7514,1309,4198,3252,7940,1086,9359,9451,5209,4790,9547,8460,5028,1093,3007,4992,3835,9633,8046,1732,7820,426,7019,7332,9771,5798,8835,7735,9855,2945,6704,8314,7313,8175,9950,295,2856,1711,2490,8639,6464,890,5119,7848,5285,6842,8506
6192,8850,5341,8011,7664,8968,9003,678,8864,1486,8866,4704,5409,4277,7394,8517,4466,3699,745,168,8334,471,470,3525,8520,1563,2921,449,78,4956,1456,2839,2477,643,9112,450,7240,2920,8667,4334,9176,6175,8336,9195,8787,6261,7653,9259,8378,6994,6794,670,112,6209,1589,5733,2110,8247,626,9360,9452,7160,5715,9548,7267,5146,708,3822,6072,5843,9634,8903,2056,7681,776,8205,8250,9772,7550,9836,8329,9856,4322,8620,9899,7704,8446,9951,566,3341,849,2522,9957,7616,1364,5066,7753,5348,7015,8418
592,6379,8854,3856,6556,5588,9004,4089,2146,5679,7650,2858,7226,7900,6802,3214,4020,534,5228,596,7835,609,2859,1619,6438,7740,8307,7428,1698,6380,2257,8203,4616,6675,9113,370,735,1096,3409,1300,7700,1459,8114,9196,8711,579,6415,9260,7346,1795,1560,601,787,7109,3096,760,3180,8886,7538,9361,9453,2963,8054,9549,2439,7767,5041,1046,7134,7612,9635,9712,1197,6664,541,8206,8443,9773,838,556,4646,8836,7853,8764,9900,6801,7209,2842,506,4888,1884,6909,9958,8560,7305,5725,5107,8513,7316,3336
1508,7782,8345,7333,8963,7890,9005,3057,7032,5135,5197,4173,7891,8578,6519,6511,8545,2139,3919,346,6990,43,1863,3126,8346,7567,4868,3043,28,5818,5156,5960,3010,5240,9114,478,1272,1449,6779,4376,7713,4845,4053,8474,8180,191,3579,9261,5363,6788,2463,1066,2117,5941,4960,3400,1013,8887,1734,9362,9454,5074,8074,9550,6351,8148,6584,401,3168,8440,9636,9713,1516,3261,543,7633,7287,9774,3493,465,1409,9857,1125,8621,9901,8730,6810,6539,244,6292,5332,906,7964,7949,3541,3897,4574,6000,6667,1939
5779,6437,3718,4966,409,5968,9006,1413,6028,5726,2734,6518,5869,5712,5983,5816,5742,2598,1519,894,5235,2492,129,3321,7621,6457,515,3132,2652,3989,4472,2376,918,2443,9115,79,2078,973,6063,2619,6318,4855,5984,5985,7037,4632,5382,9262,4637,2584,6894,6492,2087,5101,162,1288,1999,5758,6116,8554,9455,4481,7028,9551,3743,254,1858,1437,2889,6941,9637,9714,4657,4914,6751,6799,3555,9775,5063,1164,1651,7682,6040,6135,9902,8060,4285,6089,1770,2451,1277,3528,8660,8416,2675,3164,4885,7412,5918,5453
5981,8599,6240,3719,7797,5993,9007,5073,3814,4297,5472,1771,2127,3166,5741,7459,2937,3672,1859,645,1536,2316,594,5151,6639,631,3867,2799,905,3026,972,672,5046,3939,9116,4428,2165,2549,6546,2558,2620,3011,6743,9197,6133,825,2318,5636,5288,4901,6560,2736,2863,3729,2873,1500,2668,6335,7222,9363,9456,7177,3751,8892,795,6870,1224,159,4499,4598,9638,8499,2100,4043,1972,6074,3826,9776,1588,4814,366,7061,5460,4137,9903,3111,5566,5943,2829,3253,2479,3357,8598,8097,7561,3013,3008,7424,3270,3520
3797,8561,3173,4980,6791,6728,9008,4402,6470,3707,2193,897,4024,4470,6369,3200,3113,3974,1860,1612,4599,3920,1740,4427,4631,4001,4370,1874,487,6108,3972,4299,5599,4259,9117,130,904,2879,5592,3560,6615,751,7670,9198,6850,1529,4951,5158,5470,2855,6177,1304,554,2248,2466,67,943,4751,6088,9364,9457,7000,6966,9552,2917,3773,474,3670,3547,4924,9639,8904,427,6359,6957,5451,7002,9777,4567,3448,4879,7304,6154,7093,7294,3484,5344,7390,3274,2337,1041,3189,8199,1193,6533,2742,2429,2230,5887,6910
1335,8641,3312,6609,5689,3944,9009,4575,3118,1933,4880,6701,6029,6847,6265,4962,6753,721,3286,2242,7532,2574,3396,718,7395,5324,4955,418,1383,1598,5316,1201,720,5160,9118,342,4219,4288,1467,5871,5772,2061,4837,7496,7799,1169,2264,9263,6543,5744,3175,3623,3825,5482,3308,2572,917,8006,6254,9365,9458,6524,8248,8043,5917,920,373,1273,4803,5934,9640,6073,2185,6530,3836,6952,8532,9778,2767,1552,3627,6860,4484,7525,8385,4504,7136,851,1608,7117,2342,273,9959,3068,6666,2306,1422,4126,7960,6545
5410,8575,2750,5234,8112,5386,9010,2030,5557,5946,7597,5114,4817,5660,3536,8304,2976,2107,3648,2404,7583,262,3537,6813,7495,6997,3992,1121,446,7433,4716,4261,7187,1124,9119,4907,6219,2644,7175,3808,4498,4467,2271,6339,4411,3888,5751,9264,4554,6350,2395,318,4232,5643,4008,5054,539,6719,931,8822,9459,3071,7043,8893,5055,7980,6616,1009,2857,2550,9641,2195,3937,6121,857,6515,7517,9779,3755,217,369,7573,1359,7854,9904,6336,7351,8402,84,1789,1035,5168,8589,9977,5648,3117,695,4975,2517,1280
1411,7045,7564,7976,2703,7220,9011,2624,682,3215,8484,7784,5951,6715,6298,3342,3740,3128,5089,2606,7862,178,4234,2877,7027,7299,1709,5817,1525,7181,979,4792,3015,5970,9120,233,1511,1418,4119,1216,8130,5184,7489,6755,7884,734,1802,9265,6814,1955,2908,685,3094,6645,1808,1331,4719,8528,3769,9366,9460,3148,7452,9553,4832,5734,6357,1120,5210,8018,9642,9715,1292,4120,1385,6352,6427,9780,1781,285,1405,8149,4230,8342,9905,8478,7448,3846,236,5874,1981,3771,7872,4984,7276,2808,2416,6960,3882,2024
2711,5805,7840,5444,6916,5740,9012,1673,7977,4775,7757,3983,6919,5880,7677,8472,8289,1088,3085,272,8473,20,3100,3283,6334,7471,4600,4245,31,4475,2327,1454,7462,2220,9121,785,1615,891,7775,7084,3756,6459,5231,8817,8376,1433,5802,9266,2880,7866,7108,1354,1398,6345,2355,2392,614,8458,1610,9367,9461,4449,4707,9554,6914,4656,7010,312,5330,5682,9643,8618,2605,5391,504,7202,9734,9781,2272,2031,532,8414,2301,4312,8511,9943,9948,8536,209,7437,5064,1785,7361,7695,2869,4733,4524,3521,5683,3767
1818,8743,5264,4919,5659,5304,8448,6646,3804,591,5891,7599,5266,6354,3650,7998,5447,4889,1613,1341,6946,799,3954,1373,6520,5274,4518,963,954,2397,4200,2861,5302,2862,9122,101,3790,2205,5787,1657,3471,2502,5763,9199,2295,3907,2972,9267,7513,6050,4394,1639,2400,2914,1902,2470,3165,4813,7292,9368,9462,8115,3518,8193,2155,5811,443,2491,5336,7273,9644,9716,3871,5354,1069,6974,6933,9782,1923,816,4398,8727,4543,5950,9906,7648,2684,1451,166,5443,2294,1260,7289,9978,4292,1027,2776,7145,2654,3291
2523,8390,6569,6714,7783,7026,9013,1752,8012,5058,2673,3985,3667,2279,7785,6227,3875,7256,873,263,8663,1632,423,1723,8872,94,1991,1617,280,5036,3732,2313,1786,1285,9123,5924,4068,2809,3379,3446,7638,569,8876,9200,7825,5193,7877,8789,4812,6344,5500,499,406,6775,1163,6210,1646,8164,2521,9369,9463,8349,6756,8894,2928,6127,1258,2656,4248,7588,9645,8327,820,7057,766,6865,5123,9783,5039,6538,3122,9858,5322,6172,9907,4563,8534,8465,555,6160,1496,5124,9960,5902,1070,5595,6443,8661,8167,5844
1792,6508,8427,5187,6769,7253,9014,7996,1658,7470,4266,7509,560,6647,4184,8518,7608,5885,612,6156,4363,172,5565,4755,6030,4892,7229,880,707,1868,6183,1899,2905,5489,9124,4676,1712,892,4333,6452,7162,3404,7557,8242,6251,23,4180,9268,1947,3659,991,1864,1344,4936,3777,4429,500,4929,6699,9370,9464,6197,7579,9555,5866,7593,727,608,5478,8616,9646,9717,5672,1703,2657,7148,7500,9784,1054,466,1571,8415,3104,8233,9908,7295,1965,4461,874,3294,2956,3037,8154,9979,8590,3144,3952,7338,6811,2827
3487,6400,6389,8276,4961,8224,9015,1251,7236,5030,6937,3854,6982,4196,8605,9064,5294,1579,1052,92,8170,174,573,2003,8546,4570,1625,804,314,6920,2852,4869,6288,1147,9125,6733,3209,1450,8508,6404,8668,4208,5175,9201,7038,2805,6304,9269,7163,7231,1416,358,338,6662,1024,6394,384,8412,3203,9371,9465,5329,7347,8670,5289,2341,397,1295,2096,6888,9647,9718,5812,6678,930,8095,8444,9785,4199,7110,5312,8911,5080,8313,9909,8272,8658,7191,949,8122,1203,1932,7234,9980,1438,4492,5417,6286,7507,3295
7317,7536,7574,1817,2973,3509,9016,2055,4997,4728,7327,5060,8318,6430,7746,8868,3416,2357,4462,152,8664,291,485,6929,7451,4078,379,1559,326,3905,5695,843,3605,1787,9126,6419,2468,953,8374,7405,6547,6364,7749,8880,8181,1131,8004,9270,7307,4894,3454,510,3478,3499,359,6576,107,8477,3849,9372,9466,7778,2280,9556,6967,4400,5227,113,3479,2018,9648,9719,5621,5002,1294,5343,4612,9786,6273,6482,6285,8676,4331,5397,8173,8386,6552,6165,3612,5384,1491,1060,4343,8931,1215,3038,5430,3887,7683,6517
4629,8940,6979,7618,773,6673,9017,5666,1297,7723,6111,8562,929,1493,8187,7760,6613,836,3053,3876,7444,1944,1023,8025,8706,4350,1249,4141,1214,476,8190,493,690,1104,9127,509,2785,3874,5448,4967,6125,4404,8348,7399,8281,1195,8005,9271,7893,786,1683,6895,2329,3549,924,3305,302,8325,4235,9373,9467,7308,8296,9557,7626,6032,1629,3669,5182,5326,9649,8673,6625,5360,7156,7078,5314,9787,6934,182,2351,7886,4908,8622,7887,8657,4708,1081,4965,525,188,5677,7981,8770,4034,6086,6582,8539,6768,7385
1395,8686,8469,8470,8964,8859,9018,2708,6844,4508,6820,2769,8696,6578,6501,4941,8177,913,2686,288,7953,190,2267,1674,8429,3910,5955,1590,156,8001,4789,6644,3047,4833,9128,82,803,4553,8487,1005,8052,2575,6188,9202,8550,2109,5486,9272,7055,7388,3324,441,385,4727,5794,2505,3724,9323,2915,9374,9468,6139,7379,8757,1636,8898,1602,290,5576,9596,9650,9720,995,7147,1336,8106,9735,9788,3809,2081,5167,9859,2784,8654,9910,8558,8197,7689,434,8588,2043,911,9961,8739,2106,6469,3567,8315,8022,1518
1890,8941,8514,6123,8419,6124,9019,6722,5375,5947,6987,6475,7238,7951,4829,6558,7652,3665,2012,2021,6674,33,4092,5704,8278,7364,6947,4723,60,4826,5964,2340,2382,2358,9129,48,1809,5037,6095,4863,7537,3070,6631,8452,7251,1782,5713,9273,7520,5437,6031,339,2681,2454,2981,2004,1963,9324,3878,9375,9469,7378,6376,9558,2344,5459,4702,121,6022,8194,9651,8830,4479,3958,1038,7303,6915,9789,3967,724,610,9860,1390,7020,8269,8921,4550,4011,13,3970,813,1329,7994,9981,5000,4497,4730,4659,2431,422
1667,8942,8959,8140,8965,8405,9020,4072,4409,6069,8100,3653,8261,4802,3663,4683,7822,3626,1869,197,9071,780,1257,1831,8521,1265,8263,4225,102,8707,667,6634,7741,1900,9130,55,1439,2904,5705,1488,8874,921,8877,9203,8551,3362,6365,9274,9316,8256,2450,533,1019,5458,5181,1185,2604,9325,3370,9376,9470,8028,7121,9559,3673,8117,4189,926,4098,8441,9652,8341,296,7934,456,6416,8636,9790,3315,3353,7589,9861,3948,8557,9911,6214,8923,9952,234,4857,1154,3169,8798,4344,1877,1659,7102,8848,7211,4318
2874,8943,8805,8367,8966,7630,9021,2402,8356,6627,8408,3240,5117,3120,4766,8699,4971,8069,1307,221,8145,552,1156,3758,9072,789,3440,5362,199,5308,1228,4767,5706,616,9131,46,3776,3275,7434,5225,8131,1692,8815,9204,8883,3596,8321,9275,8434,7624,3580,344,732,5432,1888,2331,2401,7215,3895,9377,9471,8824,5674,9560,6152,9595,1186,1306,4084,3933,9653,8298,697,7516,939,6840,8019,9791,4538,8619,7663,9862,2573,6694,9912,6455,7947,8925,145,2691,329,2488,8734,4290,1073,2302,8078,9999,8505,6621
821,8944,8960,7803,6027,7773,9022,7487,2135,5727,7930,6075,8516,7920,4476,3018,8703,3388,4763,847,8189,328,3539,2080,9073,3195,8873,1578,62,4244,3504,2367,3256,7622,9132,298,980,5161,7357,1031,6834,1927,5997,9205,9228,1167,2790,9276,8454,4365,1397,293,2455,7546,2939,1574,3711,9326,6196,9378,9472,8133,7878,8496,2194,8719,1976,1080,5321,9597,9654,9721,1008,6889,671,7972,8136,9792,3380,171,4768,8912,4233,9878,9913,8922,4658,4182,383,8166,4740,1627,9962,9982,3264,2472,3074,7542,7438,812
2812,7563,5491,4545,5991,4722,7631,2475,4183,1811,5830,5847,4135,5497,4166,2079,2677,214,2758,2009,5862,404,2246,2788,5709,3789,3834,1892,985,4916,771,3981,2324,2834,9133,1362,2596,1713,3313,4017,5629,2554,7036,7808,4801,1566,4263,9277,4596,4757,5237,3796,2058,2660,2729,845,2236,4096,5243,9379,9473,1920,6372,9561,4178,4378,3156,4160,4311,5508,9655,7646,3135,3182,3535,4406,4005,9793,415,3998,4314,7896,3210,4931,7094,7445,3097,3801,871,3921,2631,1320,4079,7640,6607,2033,1122,2054,2588,6264
2613,8945,7950,5265,2420,3599,9023,7047,2536,7898,7079,8128,6281,7657,5165,5836,6471,3003,3784,3980,4942,535,3720,5281,7106,6773,7410,317,867,1844,3320,1706,2282,5614,9134,235,864,6905,6465,461,7396,4557,2089,5221,8647,620,2555,9278,8379,3368,1504,276,3227,6297,1769,3455,3508,8363,4910,9380,9474,6146,6083,9562,2664,7122,3745,374,6220,6231,9656,9722,4271,4532,2806,4164,7870,9794,3086,167,2670,8020,1880,7526,9914,9944,3127,4054,505,6143,3052,1670,8682,8683,6883,4109,1430,4165,6568,1136
4324,5711,6555,1996,6873,3964,9024,4839,5355,4870,4714,4645,4045,3272,5224,6008,3625,3248,2853,2731,3480,3352,3021,3216,5848,3330,4549,2622,1701,3898,464,3961,5031,3554,9135,877,677,2434,5756,817,1970,935,3791,8475,5204,3374,5548,9279,3643,5687,1406,3679,1796,2669,2824,1223,1725,6912,6858,9381,9475,7042,513,5585,3005,876,428,885,2814,5748,9657,6951,1949,4044,5878,6016,6058,9795,3054,4843,2961,5737,3969,6925,6503,7918,5130,5639,1832,4800,544,2049,2363,8740,2744,1871,3101,4915,5137,6064
629,1702,2453,2854,6341,2822,8778,1672,6293,5196,3395,4865,4679,5800,2035,7761,3371,2587,1849,2610,5250,2208,110,3332,6583,5290,3694,1986,2627,2452,3055,1824,3441,2851,9136,128,1408,2473,4617,1649,3930,1780,2925,7429,5309,5328,3241,8337,2846,1347,3014,4890,2514,3945,1049,2099,551,4106,5561,8889,9476,4652,6913,9563,3926,1815,3986,2665,3911,6652,9658,8086,3349,4387,4996,3139,5062,9796,2840,2364,1431,8089,4317,3977,8464,6605,5652,5303,1961,4349,2362,2330,8466,9983,6337,1829,3641,5989,4265,5072
1165,5767,4088,5857,5244,5170,9025,3984,7913,1852,6965,4513,6044,4441,5255,1919,5546,250,2029,731,6423,665,1220,3661,7386,5717,6187,4258,377,6741,895,4785,5132,4410,9137,1177,6425,844,7107,5456,6484,2542,7816,8566,5176,2480,3314,9280,2172,4048,6224,4592,177,4551,3845,498,3413,4228,2447,8295,9477,6762,6499,9564,6544,2516,2350,4735,3102,6670,9659,4662,947,5856,595,6462,5764,9797,1995,5889,5339,9863,3244,5622,9915,4952,6720,3475,324,3690,3545,1370,8799,9984,542,2841,3608,5701,7321,8023
6403,8946,2428,6739,6342,6570,9026,2932,7904,6740,6748,6683,6479,6238,6725,8579,2092,3879,68,538,6991,303,1928,4521,6828,336,961,761,301,4149,5477,362,4421,3311,9138,1894,2507,5276,5190,4981,7876,4131,7715,8818,6315,5404,4094,9281,7679,6623,6648,437,2737,4884,1606,3957,959,5027,2298,9382,9478,7435,2663,8895,1499,6406,2748,138,4046,5415,9660,9723,4522,5331,1929,6463,4749,9798,4206,6388,2308,8913,4788,6619,5323,7021,5925,3160,3344,5838,893,1580,7948,8800,3587,3778,830,6650,5578,3923
4769,8221,7708,6672,4753,1889,9027,4737,6444,4963,6782,7665,6863,6874,3514,7710,6451,1828,934,1387,7124,2882,6,5807,6534,6793,3133,50,1105,4260,5995,201,1221,4238,9139,575,713,2218,6257,5796,6348,2276,7205,7728,7901,4435,6223,9282,7672,1611,4748,4482,380,3689,712,4274,1116,7283,1682,9383,9479,7271,7818,9565,1444,1726,4042,3359,4560,7189,9661,8721,5006,4579,5038,4957,5246,9799,3918,3759,1402,8064,5003,7097,9916,7381,7993,3598,2184,3832,546,1110,8065,8845,883,3782,4559,7326,5771,3865
859,8947,8275,8576,4519,6149,9028,7354,4494,6839,7598,1637,8697,7416,5520,2319,8277,169,5108,1925,7363,4091,3604,1893,8262,5634,5307,680,313,1442,6266,1577,635,4477,9140,257,559,5996,5025,1061,6572,2120,6289,8881,8182,2335,3276,9283,7176,4031,3394,1189,3147,7483,1394,1153,657,8651,8568,9384,9480,5631,7336,8497,1374,5490,480,1063,6924,4689,9662,9724,998,6023,4140,6445,7594,9800,3935,274,7101,8837,7288,7879,9917,8768,6606,2192,2072,4875,3299,1001,9963,9985,6105,6778,5092,8504,8933,3522
1977,6707,3582,4493,7219,971,8808,2179,2312,2252,4909,5684,4861,6875,3130,1226,3872,1259,1836,3365,5921,1800,3207,1187,6903,6071,5568,3483,2592,3577,1685,3928,3432,4987,9141,216,3654,1194,5436,381,2662,3950,4495,9206,4973,1089,4283,9284,4798,1410,5241,3686,2142,4512,2819,3213,1176,5022,2953,9385,9481,2901,7132,8614,4016,2286,2795,1191,5389,6493,9663,8230,767,2743,2158,3046,2421,9801,944,2556,5778,9864,4303,4214,9918,6446,7627,5446,491,4858,1714,3412,6783,9986,6856,4107,4361,6233,5658,5840
3083,8948,3588,7619,8857,5510,9029,7897,6981,6911,4293,3288,7263,3772,4372,7449,6749,2803,999,1882,3309,3415,909,4065,7060,716,1340,540,58,5275,6521,1719,2254,2069,9142,5615,2642,3600,2123,4991,7152,1415,6383,9207,8567,3427,3307,9285,2383,5465,2014,520,268,5580,3601,4787,2763,6026,7087,8635,9482,8580,6385,8215,56,4295,1134,484,4211,7258,9664,9725,3231,5942,1254,4090,2983,9802,5577,3456,2263,9865,4918,7456,9919,6593,7003,8926,4330,2699,2152,2612,8844,9987,1172,4690,2424,10000,4128,1219
8573,8540,4385,8184,1051,7362,9030,486,5570,5099,8209,5554,6061,5273,8779,9065,7080,7129,1470,187,7836,239,600,4315,8430,1461,564,1485,271,1064,3570,350,1716,960,9143,3273,5095,1851,8522,7837,7334,6992,8523,9208,8648,8713,8026,9286,8102,4039,8204,977,451,4205,784,7602,553,7098,928,9386,9483,8283,7453,9566,6932,8397,6033,1705,5582,2044,9665,8674,6325,7923,1455,7752,7501,9803,7801,5803,6531,9866,2988,6305,7793,7551,7095,3886,1175,2540,231,3592,8123,8480,2287,7408,7528,4212,8124,7262
902,8600,4639,5606,5495,5810,9031,5907,3174,3125,7204,6150,5853,6943,3783,650,7874,673,2724,1401,7105,2459,4420,2147,9074,2291,1310,2537,571,3949,2530,1561,3361,5801,9144,224,3040,3028,4764,1283,5413,2229,6972,9209,5949,2674,3995,9287,7789,6548,3016,1248,4585,4346,2111,430,2892,5728,2944,9387,9484,7680,7464,9567,5975,7661,5669,1764,3913,8045,9666,8905,86,7001,1482,5311,5815,9804,1766,888,5452,9867,6693,7946,9920,6310,4937,3406,153,5056,1825,1951,8049,4058,1630,2418,6422,6180,5804,5440
2590,8804,4480,3628,2190,4145,8237,3385,4950,4280,5179,6070,2178,3092,5952,5394,3860,2210,2464,3841,5962,2460,1720,4530,5851,3300,3651,2249,2701,5126,3327,2006,2732,2275,9145,988,1750,2655,3249,3517,4944,2446,3177,8645,3996,3266,2638,9288,1445,1718,2817,777,1550,2831,387,3429,2124,6549,1404,8823,9485,5194,5681,8758,2975,3902,460,2682,3150,2696,9667,2345,1987,3428,2430,4677,5077,9805,2559,2897,2898,3943,2919,3540,9921,6440,4533,6985,2122,2672,2171,2753,3476,7780,4252,2916,2645,3245,3363,3116
3333,7023,2773,4939,6245,5149,9032,5269,7443,709,6812,4469,6658,4911,4969,1323,2482,445,3489,1739,4972,950,3337,4237,7461,5977,2247,4665,723,5268,1085,5886,2931,4583,9146,259,4300,1545,4565,4651,6052,3852,7069,7954,2489,3367,2593,9289,4150,3237,6632,4074,937,3752,623,1129,2285,7242,3340,8438,9486,7558,6272,9568,2947,5261,4561,4313,2836,4502,9668,6537,1355,4132,395,4407,3280,9806,884,738,3221,8030,5835,6996,8729,7296,4426,2899,219,5563,3762,2203,8479,7506,4006,4162,3590,3715,3581,4713
5503,8744,6962,1747,603,5220,9033,4193,5029,4204,7576,7842,5400,5215,2989,8188,3889,1117,452,2398,7067,1895,416,3909,7111,6374,3348,3591,2615,3748,6579,4347,4795,2752,9147,1581,2115,2843,3656,6002,2414,3779,1959,1738,6163,3526,4527,9290,3765,4692,4835,1279,3462,4648,1593,4256,2409,5743,6420,9388,9487,7463,7963,9569,6402,1393,3445,1097,5377,6878,9669,4540,1213,3615,5528,3196,4321,9807,4127,365,243,6012,5479,3730,9922,2222,1128,7958,3271,5103,307,4076,6936,8417,6507,3633,910,1262,4352,3987
1837,8949,3425,3922,8127,6087,9034,3285,7237,2933,4129,4546,5188,4083,5319,1315,5154,842,966,3355,2950,3709,3093,3821,7330,2504,2281,3398,951,5870,6098,2374,5646,3251,9148,39,2907,5183,5904,1998,2954,887,6381,9210,3290,4903,5032,9291,5647,5933,4104,5972,2713,3652,2051,135,545,5650,4830,9389,9488,4541,6477,9570,5109,6468,3896,3258,2307,6347,9670,7190,297,3746,6104,5406,6854,9808,4562,882,4993,4125,5427,6005,9923,2378,6255,6412,1985,3820,57,2599,6866,1744,2811,2234,3613,3098,2952,3837
1777,8631,7073,4381,5112,5575,9035,8225,1412,7899,6343,8226,368,3538,3029,1676,6260,495,2719,4699,4171,1567,5654,3420,7600,7560,2038,3534,457,1822,1975,176,1290,2241,9149,211,638,4945,4316,3121,7685,6651,8524,9211,8377,1168,4577,9292,6021,3963,927,779,3647,4694,1896,3459,2813,9327,4578,9390,9489,4897,7829,9571,6178,7989,6603,1302,7639,8582,9671,9726,5390,3001,4229,6591,6077,9809,2600,335,3259,8794,6084,7368,9924,8680,3506,3561,1015,8183,1584,2396,6727,9988,8742,757,5535,8235,6843,1621
730,8687,7168,2741,2780,3900,9036,8862,860,6964,6927,6161,7815,8239,6448,3785,4215,2299,1990,6857,4253,741,3818,3614,8409,7711,2943,1804,2025,6329,4680,646,1399,5723,9150,44,1992,5067,5412,1914,7201,1854,8525,7324,7441,1897,3559,9293,9317,3515,3556,2227,3226,4675,548,660,1774,6588,8381,9391,9490,5905,8172,9572,4357,5433,6612,862,7522,4401,9672,8584,1601,7498,1618,8088,5777,9810,1821,343,790,9868,3351,7203,9925,8587,6899,1155,24,3812,2683,6055,6489,9989,8253,5238,4144,6110,4685,1308
1178,8688,6478,3350,7157,5982,9037,7566,3488,2643,7966,8451,3609,6132,4640,2692,6107,1420,4604,3631,8485,459,4669,5121,7906,6697,4978,2618,59,2883,1548,2970,1322,3301,9151,222,694,3975,7280,2365,5334,5850,8394,9212,8003,337,2543,9294,5232,5667,3202,666,4807,7120,1879,805,2052,7447,6923,9392,9491,6487,7979,9573,6764,8398,6435,1171,6373,7819,9673,9727,3162,3510,2245,6830,6316,9811,1192,436,3246,9869,5526,7115,9926,9945,2754,1784,61,6959,3012,1596,5617,8846,6263,722,2221,7982,7656,2960
4392,8222,5790,3899,6038,1276,9038,4949,3979,1435,5601,1906,1663,2310,3618,3393,4368,1286,351,4122,6716,1264,2526,4339,5217,4682,1289,2476,1245,6207,663,3721,2005,2936,9152,424,3197,2478,4793,1968,4871,2979,6698,5692,2356,2955,4606,7490,4964,2721,4176,3481,2818,3607,1140,4087,1989,5797,5102,9393,9492,6473,6474,9574,3287,4195,309,1282,2136,5177,9674,7716,3060,2782,4201,5337,3637,9812,3912,4157,4032,8838,2048,3519,9927,7161,4207,5967,2068,3793,2759,744,6117,6681,6017,2938,3725,5202,2552,4520
3289,5867,6671,5048,8316,2561,9039,7200,8694,7414,7171,1791,7425,4038,3810,9066,2141,5084,1236,748,7194,192,588,5358,5903,4434,1391,32,70,4393,6731,2042,5105,1188,9153,6690,4701,4030,7196,4989,7807,5340,5044,8634,8016,4185,3548,9295,8435,6300,1473,5457,1883,3250,2591,5896,3149,7570,1640,9394,9493,6535,4528,4447,1942,3293,157,1730,5338,7029,9675,8585,4148,3437,320,6735,8834,9813,1173,993,2149,8914,4745,7466,9928,7198,7688,8927,4272,1158,413,2551,6505,8630,2140,5292,3550,7224,3838,5974
597,5286,7709,5299,7469,5545,9040,4110,2860,5852,6988,5607,2419,6723,2884,7460,3532,2066,1114,5207,4488,496,3158,3444,5963,3345,5279,517,364,5421,5157,2090,3378,3533,9154,2971,2217,1205,1137,4776,6528,3780,5550,9213,7932,1161,3049,9296,1512,4725,1758,2206,3131,4384,1845,3328,3693,7422,6284,8890,9494,6806,6796,9575,5118,5757,3621,1898,4900,8105,9676,9728,4824,4448,743,5534,7957,9814,922,1107,325,9870,1830,7814,7407,7442,6935,1654,15,4291,2794,3927,8503,9990,7402,5087,2694,5483,3710,1513
6037,8138,6234,4190,7052,8602,9041,1126,8157,3239,8357,2448,7064,5948,5104,9067,4891,5690,4257,133,7371,131,353,7130,6407,2413,1523,481,198,6081,4306,1664,4564,2159,9155,1190,4464,1866,8431,4444,5939,6868,7691,8882,8669,4811,8527,8884,6574,8257,2567,345,1417,6253,1319,5541,656,7164,826,9395,9495,6601,2887,9576,4772,7750,1644,372,6852,4603,9677,8350,2633,7100,662,6736,5327,9815,5992,5914,6781,8839,2661,4852,9929,7973,8502,9953,511,5040,2807,1250,8273,3802,1652,2560,2929,4968,6321,7103
2251,8689,8091,6682,7150,6917,9042,5374,6176,3681,7804,1348,3586,3137,2695,7172,7748,5061,3569,1690,8240,16,2525,3629,8358,1724,7610,3885,21,7239,4781,3805,6317,2878,9156,63,1312,4100,7358,2433,6717,4655,7568,8786,8017,6222,7686,9297,6993,6973,2323,468,2050,3597,2725,1573,1479,8593,1681,9396,9496,8891,3750,9577,4874,8339,6068,703,3903,7143,9678,5855,587,6665,853,7718,8426,9816,3574,1305,2764,8795,801,7720,5651,7467,6532,7259,97,2437,3061,2832,7795,7126,4050,3512,1913,6186,1819,2353
4019,8507,5378,3204,3430,6770,9043,3032,4468,3435,8141,6078,6166,7298,3571,8700,6827,6138,4452,3206,7678,109,3735,6216,8782,4298,6512,3678,848,7823,4610,5435,6303,5203,9157,72,2444,4663,5864,865,5966,5218,2513,2918,8712,1848,4535,9298,5449,5527,2083,341,1514,7159,3997,2207,1352,8714,967,9397,9497,7817,7099,9578,4836,5159,6502,649,6332,6358,9679,5776,800,7523,886,7549,8793,9817,4010,454,679,5383,1534,5935,9930,8387,2586,5594,115,6456,4412,3485,8930,6561,7325,2541,331,1554,2844,2032
1333,8851,6241,2800,3731,6759,9044,6760,2085,4273,7290,8632,3595,7248,6391,1846,5088,419,3296,3687,8070,689,1208,3421,7372,7180,749,4226,2690,4130,4906,528,1710,5018,9158,230,2538,4641,3632,1973,5192,3384,6849,7376,7006,1653,4647,9299,6514,7070,3795,2346,4638,4418,1768,737,4431,6931,3925,9398,9498,7779,7867,9579,6536,4450,3088,756,6242,7436,9680,8906,733,6411,4240,8165,6128,9818,3170,137,1539,7990,2314,8570,8270,8625,4268,1812,180,7832,1091,519,8735,6738,5057,2770,4580,6713,7629,3498
1037,6413,6276,2150,7247,986,9045,5349,3703,4709,6429,4883,1363,1694,4250,3502,3208,139,3242,5212,6696,936,2838,4615,7249,5540,1645,4025,2381,3423,5685,1794,781,311,9159,458,3578,3655,5507,4139,3737,3523,2582,6460,5930,1599,5910,9300,2693,472,5929,1699,3932,4649,2616,2825,1623,6230,6054,9399,9499,5745,4202,8216,5050,6120,4097,1484,3936,1679,9681,7868,3067,2094,3524,6185,6039,9819,4057,3464,2519,7400,2837,6006,7703,4979,5542,4270,3027,2177,846,3553,8343,9991,4487,3848,3041,1969,4818,3225
2239,8690,5333,5762,7046,5702,9046,7928,4369,6884,7607,5721,4371,6724,5325,5429,2566,599,1626,5068,3369,189,758,5567,3141,3042,5131,2746,2498,4003,6571,194,957,4356,9160,74,1946,6742,4309,3229,5414,3589,8607,9214,8552,1481,2902,9301,8362,6798,3467,2714,3497,4062,1386,3335,2170,7515,8103,9400,9500,7942,4002,9580,2609,6057,3953,394,6324,6835,9682,9729,4774,3198,4168,5439,7674,9820,4732,702,1111,9871,2553,8058,2948,5936,6504,2493,42,4453,2791,64,7974,7847,6880,5357,4731,6202,8331,1118
3931,7179,5293,1458,8577,3763,9047,3452,8449,5822,6287,2659,2015,7370,6577,8081,8372,4353,4179,4505,6792,1123,806,6094,5505,6228,1466,3619,982,755,4712,2108,5722,2387,9161,361,1106,4844,7584,4922,6668,2487,8395,9215,8492,1432,6208,8453,8163,6267,3682,955,503,304,1414,1016,2168,6472,7548,9401,9501,2309,6142,9581,1675,2423,796,9,4622,6551,9683,8310,4047,5445,3624,7246,7417,9821,5129,6679,2391,7634,3134,7183,8765,7049,6080,7116,831,1958,1200,3469,8736,9992,6777,3893,1767,6767,2343,2354
2723,8852,8126,4660,8807,4591,9048,1079,5845,3140,7415,8317,6131,5519,6338,2088,4099,2290,1962,1078,8227,220,2393,1361,7914,7034,7250,4138,37,2965,668,5627,6938,4217,9162,47,2946,2426,6805,2469,7714,4040,5696,9216,7387,6157,4760,9302,6134,6401,8612,996,691,827,3145,808,1075,7811,2153,9402,9502,3934,8495,9582,4056,4810,4536,861,6190,7813,9684,8531,1827,5632,1317,6280,6908,9822,3713,5799,984,9872,2722,6976,9931,8731,8152,8300,149,7014,1142,1468,8301,8234,5463,4573,5372,6090,6122,1813
4064,8950,6015,7127,7772,7457,9049,5518,8603,6397,7141,1424,7328,6695,5498,8633,7053,7033,2213,119,8101,1,2258,6170,8547,4823,2735,2987,35,3457,3282,4750,6823,794,9163,658,2212,2166,4834,5593,7373,2148,5616,9217,7692,1861,6229,9303,7851,7764,2250,469,1242,3646,2705,4571,488,8007,3090,9403,9503,6763,5297,9583,7484,5877,4379,125,4904,4841,9685,7431,6319,5024,606,7499,6495,9823,4808,3075,4544,8728,1166,6765,6067,7493,7590,8010,266,1686,674,1457,7419,7919,3048,3500,4703,6024,4351,2870
3726,8303,4588,6790,700,6169,9050,4373,1389,7342,4877,4437,6020,4506,7008,6480,5625,4720,3279,1311,4619,2,1222,2562,6199,2113,1032,308,809,6048,5732,2798,7075,2564,9164,4186,6522,4023,4095,5686,7153,2300,7601,8243,6573,4602,3676,9304,6405,3223,5200,5543,659,3704,715,2412,589,8396,3375,9404,9504,8613,3103,9584,4490,2163,5898,2156,6011,8340,9686,8328,956,3866,2738,7233,5222,9824,5573,1678,1380,8445,4773,7768,1910,5587,2102,4246,3401,1447,3,2632,8096,6969,3839,1231,4925,7192,6626,6758
1053,8951,8259,6060,8777,5248,9051,7432,5754,7697,5010,3218,7859,4614,3419,1130,8420,5216,4886,619,8393,562,4605,1045,8666,974,7667,5663,40,7533,3684,1926,5628,4159,9165,54,1595,2992,4920,2527,8347,634,8784,9218,5473,4697,7112,9305,7586,6114,5419,537,1728,3749,1392,590,3744,8027,5523,9405,9505,8594,7909,9585,2658,7701,2223,958,5370,8555,9687,8722,448,6776,1174,7492,8652,9825,2778,2334,2133,9873,2815,8059,8918,7401,7505,6159,98,2348,4105,3638,7527,7959,2071,4534,5605,8354,3062,1538
1328,8952,8855,8471,8967,8370,9052,3466,7186,5113,8643,2297,4022,3817,5480,4986,7228,4471,4216,122,8705,501,1575,916,9075,1133,8359,2484,141,7968,2547,2483,4442,3616,9166,11,2022,3228,7301,2169,8039,775,6761,9219,8753,6296,3692,9306,9318,8282,5090,578,1569,6145,4913,981,5775,9328,6948,9406,9506,8494,7910,8896,2959,8044,1943,429,3473,9598,9688,8759,681,7924,797,8425,8232,9826,3417,2913,7572,9874,3110,8678,9932,8501,8153,5958,83,5786,1162,1443,8302,7063,1476,3697,6608,8389,7873,1755
3354,8953,4430,1953,4696,4630,9053,4854,2112,2366,7676,7724,5249,7997,5492,2187,5953,282,2130,2531,7632,524,3035,1980,8000,7642,992,585,2679,1843,6541,265,975,5422,9167,223,2712,3688,3870,1647,7481,4840,7544,8750,7302,1138,2569,9307,8084,6290,2534,4075,4856,4881,2154,1062,4399,6999,4999,9407,9507,6649,7603,9586,7056,5191,3850,1535,5675,6589,9689,9730,933,7165,4405,7647,7348,9827,3390,249,6859,8915,3671,7830,7541,7770,6900,1585,386,6841,1274,229,7833,6136,5487,3705,5258,6500,7016,4938
2062,8954,6595,3738,8692,1721,9054,5553,1379,6204,6091,7758,1760,4842,1057,4609,7936,2328,3058,2273,8014,1020,4501,5649,7938,6299,4224,3318,87,1453,3039,1135,2733,4438,9168,261,586,4568,4093,5096,8422,6881,7734,9220,8244,1381,6085,9308,7623,5661,264,281,3186,5668,4014,4220,901,8437,4847,9408,9508,5133,8249,9587,6211,7662,3942,1002,5514,8617,9690,9731,4425,2084,1243,1607,8400,9828,1471,570,4523,9875,5347,6861,9933,9946,4049,7831,1427,8076,2595,2689,3397,9993,6428,330,6191,8771,6872,1736
1210,8774,4101,6361,4416,7530,9055,4374,2103,1325,4576,6092,7040,6206,6702,1321,3924,1293,1729,1733,5213,2256,2996,2435,6527,5082,2326,4086,581,5938,5691,8279,5837,4169,9169,212,2386,1940,4624,1483,5287,1850,8213,9221,7776,3843,4348,8820,6467,4391,5532,1540,2059,5185,1954,287,3004,7206,3080,9409,9509,5897,7521,9588,4827,6434,5789,1876,3224,7613,9691,9732,147,5637,3883,6780,6711,9829,1742,247,4664,8121,6450,7581,9934,2890,7166,3297,642,5859,332,2237,7315,1082,6953,1196,5670,3706,5081,6902
774,8955,5829,7565,7225,7318,9056,7575,4998,3823,8543,4486,6643,7952,5300,994,8161,77,4927,2371,6833,759,5301,1594,8036,4943,5635,246,1084,1917,2060,492,1502,5831,9170,258,1799,6956,5395,1343,5368,3172,7585,9222,6036,1887,2563,9309,8885,5808,2197,2934,5180,6747,1099,940,1372,7547,8214,9410,9510,7257,7812,8529,5987,5134,1937,2244,4358,7274,9692,8907,567,7423,2495,8119,7744,9830,2500,294,7503,9876,5214,7694,9935,8841,4328,2238,868,6244,2580,624,8629,9994,1666,5466,7277,8481,8468,4213
1952,8956,4221,1803,2980,3109,9057,4850,828,1655,6821,8061,4061,6256,3824,1301,7620,1930,3636,2614,4819,2458,3708,3642,8813,4489,615,4366,863,3124,2895,1873,4227,4194,9171,279,1997,2986,4000,4102,8015,3449,7482,9223,8073,2338,3265,9310,8380,5688,2629,1522,3563,5600,1603,299,3566,7969,4060,9411,9511,7331,7943,9589,6346,7475,5474,1936,5501,8258,9693,9733,414,4289,2114,4161,7502,9831,2325,132,3073,8677,4851,8151,9936,6441,4388,3438,269,7383,1572,2191,6099,3741,5272,255,6562,5729,6436,5111
3813,8035,6148,2801,1047,5014,8861,5454,2462,4729,7858,4440,7083,6629,6189,6610,6689,5280,2789,5511,7450,165,3431,6803,7787,4133,3695,5115,1353,2962,5426,2262,2977,6295,9172,252,1994,5671,4539,3230,6193,4241,1810,1918,8083,687,4319,9311,4181,1867,2520,1527,4445,4510,1377,1507,3188,7491,2198,9412,9512,7625,5313,9590,5462,1797,5278,1006,6550,6221,9694,6641,1160,6807,2524,8231,7311,9832,3799,52,204,5201,3219,7595,9937,7888,4063,4085,181,6432,2020,4117,7446,8110,8033,5596,444,2702,4454,1857
5525,8541,6892,1159,4037,5665,9058,2707,819,5305,6259,7297,7458,7065,5755,7480,6955,4976,915,5075,5555,1697,4021,5042,5469,4526,1524,3238,742,4556,5761,1966,2623,3685,9173,10,2317,5769,6393,2576,6375,3331,2720,7843,6611,1541,6466,9312,7086,6252,2680,3965,3853,1388,2417,2128,2125,3192,2126,9413,9513,7970,7380,9591,5012,8297,5143,91,2183,6269,9695,8760,717,4822,5809,5262,5364,9833,4542,653,1263,6808,1570,2885,8766,7615,3811,5434,693,3733,1988,1756,8077,1407,7235,580,2372,2369,6818,5990
6025,8601,2063,5013,5746,5195,9059,2027,6540,5399,6362,4866,4724,5418,1022,7344,3572,2499,563,1345,4111,706,1661,4935,8178,1754,2465,833,88,5959,1000,1204,2949,5049,9174,526,1330,5512,4459,791,5259,3262,8526,8509,7933,5335,6449,9313,7282,2891,1885,1872,2304,514,2848,4782,938,6102,1281,9414,9514,5296,7894,9592,3302,6663,5153,965,2802,6624,9696,4081,2471,4491,1530,6710,6581,9834,3639,6274,2783,9877,5093,6789,8655,5019,6239,5765,2274,2621,2181,2796,8252,9995,4555,3760,2410,7261,3033,5911
3827,8957,3161,8368,651,4860,9060,1903,3091,7606,5590,6846,5411,7745,7553,8810,5828,2816,5155,2199,7937,105,1727,6162,6684,1790,866,3044,530,565,6703,878,3323,1376,9175,1905,4443,3717,4747,7068,7534,4946,7883,8751,8432,3863,4983,9314,8245,1688,5865,2927,1934,728,1533,5899,26,6410,1553,9415,9515,8423,7359,9593,6896,5693,1820,1464,6386,2565,9697,8723,1826,7310,2893,7275,5442,9835,3408,1202,4082,8285,4026,7062,3991,6516,2336,1244,2461,1814,17,5051,7880,9996,8219,5839,3674,7072,4587,7353
