0.107047612642108	0.0204972215154932
0.515637976960149	0.108321694892271
0.623914453490842	0.050178978085964
0.225784379828543	-0.0669173518115974
0.356120548591277	-0.00311297527507971
-0.143985027598558	0.220287986083871
0.107841707546185	0.203226464568449
0.492448436177077	0.0219217840284211
0.314857108047099	0.211611271348084
-0.0139493495333022	0.264227555595653
0.0534358519261576	-0.0220897645736433
0.297238943930979	0.121004920720537
0.576059637175135	0.0668452863029263
0.545087145280776	0.0454470112029194
0.546664171429292	0.0810351086090283
0.0136155056468707	0.0331934544026857
0.572402287107742	0.0797923489236208
0.00656049041384335	0.0182172212635056
0.619546052947385	0.0556922384837431
0.439337726612705	0.0282222293918169
0.617289684218268	0.0521718409232447
0.00770725518983484	0.0147230871420058
0.150624432385102	-0.0425918214417897
0.300768838647446	0.0547465971571575
0.0146241721326411	0.0191833168185519
0.601127586398747	0.0570135945504263
0.557299848813179	0.0262563738416488
0.1012087372696	-0.0248588500132867
0.341861354970053	0.0422667151513687
0.358242623856963	0.180027489905931
0.589619146229164	0.0546410828656328
0.0164706564063979	0.0125926430713983
0.0855536673358708	0.0564244750092643
0.254306846312617	0.0172666634066613
0.0908151771614056	0.100814560793996
0.362934993153306	0.130841254542802
0.0623626755365893	-0.0215162439683774
0.315675313080978	0.111696555483294
0.563319246188898	0.0467240083635999
0.327837151220349	0.204168845251627
0.337421543255045	-0.105379317685764
0.60616401299282	0.057112079427764
0.576682720083541	0.0711884700034308
0.153589757304758	-0.0176074829766951
0.459166836931538	0.101340740734977
0.553047818277096	0.0671119333429167
0.0933354205519323	-0.042891038864857
0.201635693991362	0.194118877720656
0.483653429943206	0.0322858789640738
0.25833168178759	0.192544966038008
0.578736671673033	0.00597016209948279
0.116860532289983	0.134207556763825
0.524158987122134	0.101024222971506
0.415939121778217	0.159032604279245
0.476383755922592	0.132321436533008
0.448366244285782	0.0886938075035356
0.550825026080522	0.0426034746896773
0.28470904992363	-0.0788977073266884
0.442469775186232	0.0114178250221322
0.612390757828569	-0.0144576051715662
0.179648826230912	-0.0735239895007652
0.220927923413212	0.0353942010490721
0.414449613498402	0.0242521453026123
0.00591218461985901	0.0153304410372285
0.534481067941386	0.0662062456293731
0.485253551804221	0.078355183401431
0.547394336762713	0.0444129696684833
0.0494390602200787	-0.0238187877095471
0.443799856358947	0.142923723269062
0.0280628751267408	0.0467197712917469
0.103713905529336	-0.0482039455881136
0.463779434067988	0.126647611354085
0.604912103653829	0.0634709172222563
0.0975551168289021	-0.000762371840390037
0.442814130220213	0.14173610312864
0.503631666801093	-0.0899744648000303
0.378013962061036	0.0374870852339764
0.4119359571573	-0.0113689962924653
0.0920947150023567	-0.0438122985916306
0.563800036283473	-0.219929140650738
0.220628880496317	-0.0968524871997172
0.121799628725877	0.0664105902141629
0.339158764159074	0.144552295161733
0.484722010461539	0.0853255696112423
0.530795249193026	0.0752625797306604
0.189857034488995	0.0591290682014448
0.474333600728744	0.117896757961057
0.119269321931283	0.00929476737712215
0.00941051236345139	0.0202690932129033
0.0466636716064781	-0.0200619485801413
0.525932952372812	0.0962960573936704
0.400736102477173	0.0960624386396144
0.0135695698995948	0.00350994515746679
0.186079976174444	0.0801549368296889
0.431067426994085	0.0136202953314482
0.521685774076748	0.0649906845285791
0.496539775387144	0.0762955691085475
0.580670786065292	0.0776412085028025
0.0321097651340362	0.00703932868657742
0.341708342630439	-0.0122764548634658
