0.0662832498270332	0.0292612678060277
0.0468586424223901	0.0082615514786533
0.383564451811711	0.124844021784372
0.113831522305351	0.0345849778271853
0.628950418887413	0.173888530550808
0.0379319946746941	0.00470184084668795
0.719604642049396	0.176196622450627
0.720438281393717	0.177872133026843
0.0171079213123349	0.00549074871358242
0.681273719757165	0.176464716982541
0.0411977854115043	0.00970916441545464
0.591747351100826	0.156479719163117
0.686561089472825	0.179946415777009
0.672741953703044	0.171100190411664
0.0884934314193874	0.0271200884618873
0.761748627260964	0.172433084112561
0.575720978385834	0.180410422280857
0.726951710542255	0.178649282608564
0.0137175858566949	0.0068122644338723
0.540309280824651	0.173720099285959
0.660208703452235	0.15715820814116
0.0841214011041545	0.0179504117142996
0.652855322335888	0.175941516997118
0.717027128657272	0.179744829311584
0.0373166195628508	0.0114026290218603
0.00586872364226697	0.0030520255607894
0.495944397906284	0.119588476293031
0.72723796948523	0.181105500803735
0.0191988188186927	0.0101751818588848
0.065745725126166	0.0176115056127162
0.706007098582359	0.175550265298142
0.487074647882086	0.173690056646399
0.121545338285088	0.0191509916208889
0.731342717314291	0.180337584992656
0.720968511321763	0.172541519183382
0.0665175864054604	0.0190801286063466
0.0445690057418825	0.00535723133979996
0.608169425760301	0.170979480625491
0.616066520485271	0.170492327767249
0.725528662104284	0.176253040761887
0.533323728854256	0.169396025823119
0.702587786659766	0.17674104495583
0.627853191063019	0.170204138316003
0.441499857386644	0.1129276644847
0.714000198595573	0.177893670787524
0.716470699023912	0.170890126050711
0.57785623179234	0.170064138064008
0.635015313715032	0.168109685604634
0.703046484440075	0.179963207566223
0.647988549506058	0.173295054190467
0.142717116317487	0.016517536798445
0.040769446500594	0.00717108924596347
0.725786113690656	0.176882621675317
0.735587851257903	0.174938779687551
0.220415780371133	0.0338359555898833
0.236110977161135	0.0631781308566556
0.32836305954673	0.0752295509683175
0.315785734440786	0.112802176000118
0.309104070019005	0.119586111943511
0.217271840226642	0.0327511904102214
0.115380093724259	0.0326385777507889
0.515013033182264	0.0947095694776919
0.434643963120638	0.128660358219744
0.572185795357711	0.139477358000554
0.345911779516169	0.0789436655179265
0.307102824995557	0.072562797726448
0.0632009520833981	0.0242837442216265
0.267866865891463	0.0836212901426563
0.728366326624958	0.174690323947937
0.596263750501157	0.113741151658829
0.0181947264960428	0.00467932925213977
0.0331682367943949	0.00864165211687604
0.0217079150163661	0.00730598388841355
0.730030544449767	0.178316424464647
0.724366474587033	0.17479463199895
0.73731175996591	0.176302251235536
0.191928758625204	0.0268849077665609
0.0459615295953359	0.0110820503066688
0.677961242365347	0.173889533111674
0.744031920066618	0.179046781728549
0.00720715603946235	0.00253856240299068
0.0451837020198817	0.0151586821286975
0.653049704623234	0.155512491319325
0.0306712584286381	0.00856344232436808
0.673406307807016	0.172947472090532
0.458089962901558	0.174311495061466
0.669360114035303	0.160248926433371
0.519710111011948	0.167020569309612
0.463506112720122	0.155275340041342
0.00320628739087916	0.000373126675099335
0.0857856213876851	0.0231047431614618
0.524756398974232	0.147530169718567
0.70976975417369	0.178194176142258
0.185735504011233	0.0654436316991436
0.72925193930292	0.17530746896171
0.734757400197607	0.175547422861847
0.0623071944068114	0.0126006465488341
0.71770103989005	0.16462470966172
0.686492266491548	0.174207973046715
0.0563667333058978	0.0250344266275091
