-0.30878983470715	0.330359011290384
-0.081900286921333	0.0926440648302653
-1.60755281647944	1.89129582300054
-0.457168451438911	0.508006539837982
-2.18674880309759	2.51943570276422
-0.0426819216207996	0.0455872583266112
-2.27013614627208	2.6822444147087
-2.2543512845991	2.67400932723623
-0.0660969955993577	0.0751869484994287
-2.22642043227277	2.6505268960169
-0.121964284997048	0.13440368938886
-1.94951973881645	2.30070371909887
-2.20735227677038	2.61827489174542
-2.16023501520817	2.53967353986272
-0.442402201271077	0.543559925434727
-2.25399929038578	2.67375621262802
-2.25811999770412	2.48999948518866
-2.27527933372519	2.68372636035685
-0.0851983064981141	0.0928415415124559
-2.24252715198867	2.54769212334087
-1.98850343683765	2.36626946320872
-0.246347752057081	0.27666416064331
-2.21936038568604	2.47847575586144
-2.26931276743879	2.67940522754611
-0.164972979314486	0.180255803695294
-0.0380536068877065	0.0358135809846837
-1.53900118043671	1.82503101506354
-2.18895130786921	2.62192420054785
-0.131314291593626	0.134559009010363
-0.35164228928771	0.366417431082382
-2.19359452945094	2.55366679991673
-2.24756180387497	2.57335139403654
-0.179702018390561	0.205313516299076
-2.24895749223507	2.66201916858593
-2.08685597150878	2.49910157314674
-0.333650395936514	0.357055164322962
-0.0793556946589194	0.120069935321759
-2.23607405592107	2.56936327975722
-2.28832577100208	2.68270118398197
-2.2112427634961	2.63693882558869
-2.2040480289552	2.45928544578873
-2.20756781085805	2.6225814370523
-2.1499646914487	2.48195485146231
-1.48645878504857	1.73353253263208
-2.27558183149357	2.6774892061915
-2.2041940212802	2.60961039827619
-2.2608370648997	2.65486230189036
-2.23399128369553	2.65111896790494
-2.24223654210822	2.63011104010996
-2.28883763805803	2.69277281410785
-0.228819041568638	0.287716287774417
-0.074605845124573	0.0821467813545435
-2.24920962072185	2.67286477488541
-2.29810218638242	2.69450301894321
-0.304654539405347	0.421503666203542
-0.948116176295095	1.02221164308055
-0.757968610326191	1.04495856783451
-1.58114847045568	1.66688722635545
-1.50826090857493	1.60135991441288
-0.45808519904236	0.571093225378782
-0.319921143476436	0.411559743619179
-1.23454712113484	1.50273821815315
-1.38773475394464	1.62631498816481
-2.03362071260623	2.3774643721467
-1.21099652284607	1.34784136924303
-1.32207147974719	1.49671314235307
-0.268102497985432	0.306355838491063
-0.886644233483119	1.09642571186599
-2.26799270497362	2.67899074115723
-1.44261515525213	1.82201878648671
-0.0650606152731815	0.0713581648245844
-0.0974053312148786	0.112421011197228
-0.0806403338757672	0.0846732611200712
-2.28570660133183	2.69252471625392
-2.24610791782986	2.65802867408802
-2.26029048003938	2.67296347608021
-0.389662302930513	0.577134165420416
-0.148715489882185	0.166118146016948
-2.26387977375867	2.52171101804981
-2.28138862796919	2.68624587078445
-0.0356970770036983	0.0375219545564174
-0.22461139328758	0.251277381979945
-1.76303346175145	2.11645046131427
-0.144256160057138	0.169508434154916
-2.0857045696389	2.2073896893953
-2.23827381631936	2.60322699646328
-2.11570692677561	2.50176540519165
-2.14397376579403	2.51114226223407
-1.93242778482027	2.24592460910445
-0.0510265143517545	0.060485702589143
-0.344771900579883	0.398023760257206
-1.81890207312687	2.0838156413313
-2.264673225661	2.5602001571913
-0.846633055199932	0.942785932061061
-2.28037766042789	2.70108654937392
-2.27641429918486	2.68460715652446
-0.216873928676758	0.23597780276676
-2.10061562636061	2.48038651237315
-2.25785974510694	2.55549476496317
-0.387039385889957	0.452294834197469
