0.95853101068999	-0.666927499056126
0.0623032266662975	-0.00471683579824862
1.42295799855058	-0.824798177646634
0.799122605609956	-0.484198205523981
0.383875448956372	-0.244037173221868
0.800349166025109	-0.484760996322854
0.33508679875632	-0.211556273922666
0.432703238791997	-0.187609513904555
0.727294422086653	-0.453221266870392
1.14919336471193	-0.668865221115536
1.01436779474811	-0.51487818477624
0.977951419794343	-0.505006171870856
0.900778098527725	-0.519749244001768
0.772487007827128	-0.414572010210606
0.731254793754438	-0.431821629702235
0.285795795404982	-0.182111507691436
1.04989588699178	-0.57530720979591
0.688098438045945	-0.373096516696678
1.43817541164484	-0.928198952104008
0.462287886033234	-0.184960755116932
1.2693874013011	-0.804042720525577
1.49176211250157	-0.936253975510531
1.32860837440976	-0.894659976397745
0.92347714555189	-0.592597318938084
0.752288419790246	-0.41399739991969
0.853639659947104	-0.511813646592637
0.665002601047324	-0.311879892265395
1.31510988685483	-0.735311658048589
1.38059332780031	-0.842132974742478
0.765756089139535	-0.410508366767425
0.425933772002068	-0.232120565125581
0.119816793274395	-0.0843440592005574
0.360806687872667	-0.216844931744428
0.248279459306655	-0.0934137604501116
0.0341393221390465	-0.0278118844099326
0.568854468539991	-0.298836307484175
0.409614939105327	-0.208227546429254
0.164664740623306	-0.0906188748999387
1.19904548269932	-0.696096260504816
1.0219310914968	-0.75668904592292
1.29830275794561	-0.791379636593928
1.5017914836102	-0.952932721774823
0.59069850669341	-0.409239092787389
0.112530622595022	-0.0699633260105405
0.733200157317196	-0.425285899137119
0.972881624024426	-0.38396444991144
1.39498217438906	-0.791066614788182
0.118231494518422	-0.0877147706815997
0.546505010022329	-0.280313856500525
0.722755330005409	-0.409729015141245
1.21773051301187	-0.687355014665152
0.938870865095838	-0.555718903411774
1.33493646119569	-0.84025645858422
1.42065633661875	-0.949628126797396
0.274003038004497	-0.0822020115483149
1.24806223622529	-0.757687375928436
1.18248022828501	-0.731655314050195
1.21425948347984	-0.714459966617906
0.784600516215581	-0.413059661894748
0.320041285226317	-0.170744711474922
0.174605334253788	-0.129749268624195
0.433414930989694	-0.197759698392324
1.42048902566107	-0.868029029533317
0.190303632955091	-0.147460250528313
1.32678440787765	-0.795494639919578
1.06264806005154	-0.555228288119217
1.29326794784985	-0.699072581479991
1.2152666311625	-0.648964104771621
1.39901775677247	-0.852783260492036
1.44069358775203	-0.85690259515871
0.0987988473727975	-0.0728532144650929
0.298772293504747	-0.156635072402325
1.43926166444048	-0.902133319483491
1.37710460347775	-0.85102982458451
0.311453577541339	-0.149388386534869
1.42601289361033	-0.874717668551027
1.26857251528481	-0.695894289554611
0.0991368642729707	-0.0662351521015358
1.40044533993309	-0.932416542269795
0.589138900421501	-0.335316720139169
1.39930701305051	-0.829704040218715
0.0555046210342814	0.0156232112430941
0.932750054496665	-0.600004029857821
1.4284045587801	-0.81752601989846
0.162648884327527	0.00914763368836343
0.377062166266969	-0.195422326426154
0.722334932679643	-0.402426068654222
0.745494871750351	-0.49949136912617
0.78443243403572	-0.38333781727339
0.177742347470203	-0.0560095172990481
1.14432727275202	-0.717043348415089
1.42660144346651	-0.875558284856636
0.226752657286418	-0.091730552086168
0.180986185609874	-0.0556236150009757
0.0966924501521272	-0.00805250495067929
1.3791323674607	-0.803891694224395
1.41553668726807	-0.807672548851205
0.305979069889477	-0.0788196563435474
1.3243634817228	-0.774014207403084
0.531983438369803	-0.334681368508871
