0.155020052605827	-0.118311381848802
0.0424036109556462	-0.0267048333304254
0.881454321494924	-0.502627988446002
0.237885611196076	-0.162956712845319
1.20938078615522	-0.769655399520197
0.0215296124924575	-0.0166073838561711
1.27722994553745	-0.743853688727083
1.27244599444615	-0.731164172844528
0.0356836342400374	-0.0232097298335987
1.26402488972658	-0.720453132099433
0.0632474044975963	-0.0446291770009766
1.09705299377761	-0.642711719142993
1.24854525234031	-0.719827707886218
1.2140639609813	-0.722638466720399
0.235177301052571	-0.0966343468354766
1.27361483272152	-0.732863323388076
1.19553075743619	-0.861343831469501
1.27533004587495	-0.744367020554094
0.0453509549440065	-0.0343239693819485
1.21883971758543	-0.804414173564416
1.12840934691185	-0.643980465897018
0.130420617133767	-0.0873237680441095
1.19149014187851	-0.830497166742052
1.27454430550816	-0.742709661553774
0.0849997442085369	-0.0615528809028859
0.0177902586440819	-0.0190555636826924
0.873125461837371	-0.506503210045152
1.24875609061017	-0.696261635824678
0.065080666922798	-0.0568901020993753
0.166695255092575	-0.132737043636404
1.22178721986739	-0.750417510273978
1.22984235998804	-0.79244386662599
0.0988244382421225	-0.064682024124042
1.26850143113711	-0.735433451717456
1.19626930712757	-0.673422741477892
0.165342278245892	-0.124419972330358
0.0541951084180889	-0.00573660548934568
1.23003341892296	-0.786077226790766
1.27779336728251	-0.76293503308902
1.26025287613367	-0.716954894621728
1.18174356080577	-0.825037623483308
1.25303005890771	-0.721136025776977
1.19337994943451	-0.756757398227158
0.82724570228771	-0.50340279445513
1.27451000484071	-0.751638841052339
1.24482536639643	-0.72238637524396
1.26552979653316	-0.75266830642686
1.26136566335599	-0.723479886878618
1.25193578740152	-0.745487156241128
1.28195203969092	-0.756532991102965
0.133911436173564	-0.0599139947805161
0.0394795221344035	-0.0285816719715422
1.27260407453189	-0.727589192963536
1.28136355345769	-0.762910744414182
0.211125543902245	-0.0786996080490868
0.464199496587498	-0.335089669866696
0.508862487212335	-0.176125027455906
0.789956907782465	-0.632859897206047
0.749001970225996	-0.581966279624633
0.255298060276063	-0.106973511376537
0.200380814735591	-0.0915143586204109
0.709554747883688	-0.368999607189954
0.804309344200138	-0.508105846511529
1.11852285766374	-0.660902589999484
0.622747286466252	-0.417507581807641
0.673680969378143	-0.413093892096281
0.148260046205451	-0.0976906996202936
0.540141486897886	-0.288758171182078
1.2751031747103	-0.742744760120599
0.864908158839614	-0.398305350336455
0.0340941785274439	-0.0247877869399985
0.0546605721753421	-0.0352163895209749
0.0415580627281343	-0.0346415129857358
1.27952810599108	-0.749931189641979
1.26519150119967	-0.732693899704948
1.27273234666116	-0.739079040267246
0.261809554090141	-0.0381807058801345
0.08023280603973	-0.0561710258910771
1.21028033873742	-0.847811184467424
1.27863142731744	-0.752373840314318
0.0181544008796749	-0.0149083860789681
0.117184832530835	-0.0782890024221812
1.02141254013849	-0.578349987807967
0.0776082375198165	-0.0431121808077614
1.08203019544072	-0.884043533466192
1.2422310266863	-0.762179258813655
1.19117885998676	-0.691955824051681
1.19958054454815	-0.721499499039668
1.07769156727861	-0.668028153017682
0.0250694131187903	-0.0109412897595685
0.185983190745094	-0.113186281367411
1.00309209992053	-0.651531347385015
1.22631966825706	-0.822109877748678
0.453357512152138	-0.318526182862392
1.28718389140281	-0.744687378078096
1.27953251667444	-0.7506925270478
0.109731607808159	-0.0791582718606745
1.18698713447534	-0.698158769692112
1.22305777914408	-0.816350553300567
0.213651664295661	-0.127196806606867
