0.388715576123721	-0.10040485316963
0.0179271175061825	0.0448011489726466
0.581905863750033	0.0578723379080089
0.308340175278645	-0.00548799502328336
0.183240356865714	0.0570750970617189
0.306006838320311	0.0483382796629934
0.1329760041104	-0.0054543102840243
0.159797283742461	0.158866755834632
0.32627200713082	0.00389505624054359
0.444440454876317	0.0896989457238368
0.452196204202265	0.00324194811106941
0.37762039936831	0.0827802968364045
0.345008281631787	-0.0427232636455612
0.296629837326678	-0.0572225374526697
0.296531679147758	0.0631431348126309
0.118560624443436	-0.00762774688007769
0.469921951570777	0.0358293398758996
0.255342866865441	0.0638900072582493
0.505356387007158	-0.040002760624932
0.179917716570269	0.167208089233798
0.5185322571434	0.0192967209170027
0.566003255283159	-0.130244178657306
0.527746550288483	-0.148828420343787
0.435708717059679	-0.0773836610995653
0.322722987239178	0.0248502618926093
0.281094763859992	0.0952824449193455
0.308676512687898	0.0982701504070278
0.510159609111858	0.112445239625454
0.539635909012257	-0.221956651296365
0.324567605423424	0.078007618932313
0.170771399145147	0.079105691411845
0.0948832784118519	0.0376838919811834
0.213059478603173	0.0334648885271093
0.129678103623662	0.123470638261604
0.0101973790134719	0.00353310336253004
0.15131240915176	0.122881178270851
0.215167125103499	-0.0303645512872131
0.0741876301156119	0.100361282874401
0.492076617277695	0.0374102424273385
0.396069695290867	-0.023970999097067
0.58050991237091	0.034287090926836
0.573792711435124	-0.0507362030804437
0.235357304462705	-0.0388918509582793
0.0597573220871278	0.0104790693061804
0.295451002926839	0.0270976080618341
0.429960584632347	0.0780281164533989
0.580796023865761	-0.0167442851790679
0.0543854313252858	-0.00267983312449936
0.239937513009783	-0.0475217257793612
0.348165075999595	0.0498633012325572
0.436873650037767	0.0708285575219146
0.367058747400179	0.156850626214462
0.483935995451666	-0.140113150746749
0.545443501102076	-0.00504429914163301
0.139914175682938	0.119944424810098
0.448235031649179	0.0621846788165356
0.485934952656526	-0.0977495280617291
0.500824386473521	0.0357673960833118
0.308533090789506	0.116162975213319
0.136835324146551	-0.00501957634859868
0.0550969563196939	0.0184724597110546
0.18678409440076	0.0652199730188381
0.554253573654985	0.0707149983948021
0.0892867253436682	-0.0341568737879539
0.562669865486667	-0.00158852568153018
0.432180438185122	0.0563029700180843
0.530671459014056	0.104960783128349
0.438729500876793	0.133794131904675
0.568475184398267	-0.0781761750399285
0.569640663914169	0.0720823400129882
0.0390069292573841	0.0153742533210185
0.125436892711861	0.0538616172831832
0.580596777844982	-0.100121096569099
0.576425087858624	-0.00927619142108818
0.115475876459979	0.139436075110789
0.566491235596995	0.0460829520121845
0.547098332566577	0.0416892944519169
0.0223773770380094	-0.00498717581209094
0.573042015956183	-0.0472712652986032
0.239940121526531	0.0120635986957745
0.53431628999002	0.0458310370340524
0.0133895008798453	0.0281942679713455
0.389448475457086	-0.0823387321928101
0.575990472600144	0.0438573686043367
0.0166736606931724	0.0342349865963415
0.148584496041531	0.0388189033952087
0.292720256948935	0.0112899697006115
0.333357270152044	0.0041223254352808
0.281911991418326	0.23272533115096
0.0723028301018848	0.092254619072898
0.450954440998883	-0.117940648667512
0.574956114449936	-0.0861929556267503
0.042879390907981	0.0410751479749596
0.0295469226023078	0.0686934921503924
0.0239863395188316	0.111299273866051
0.56933646366526	-0.0667881530699566
0.573624562663449	0.00577356396123714
0.0805269891913325	0.0809034449451138
0.522688065777351	0.0645890352376009
0.226843251159743	-0.0440681344302088
