0.274014524354599	-0.267065746256978
0.0825878260062465	-0.0788153932487272
1.67617630445249	-1.50674086796085
0.434629642953341	-0.410794514247878
2.11059646501633	-1.85152711915132
0.0376137424276983	-0.0366038965733124
2.30606290133804	-1.99871151194813
2.30686050939478	-1.99483871181282
0.0634845778562003	-0.0572303835721732
2.28079989454742	-1.95626457779976
0.11406466783179	-0.108397272398117
1.97243274839614	-1.70756009503159
2.24981580607637	-1.9374071034687
2.16433475554031	-1.87292783162137
0.538866229751492	-0.507627420723959
2.30061616240248	-1.98376117131235
2.0395132811273	-1.87635178149933
2.31328418075153	-2.01544403526328
0.0733408049111712	-0.066519090886019
2.13220457918928	-1.91004630654418
2.03604537348896	-1.74733336478959
0.235286392037157	-0.217723785734262
2.04255358653805	-1.85226538038951
2.30812079553946	-2.00665815775021
0.150798587015363	-0.143350791983707
0.0248563818066841	-0.0264671670444833
1.561091193208	-1.33846927834005
2.2669398954205	-1.93631258369607
0.104680919605081	-0.103940702608996
0.315020998426296	-0.327864679906399
2.1637692280501	-1.88965590936261
2.16572350405632	-1.92725312365897
0.170831835134468	-0.150815244267049
2.2885542657334	-1.97809383492015
2.15044744385042	-1.82829835206889
0.302999812630187	-0.300574459499387
0.122350558775061	-0.0937053291169458
2.15935279976118	-1.90836303446571
2.29683570910633	-2.00563326360554
2.26276209750803	-1.93005512408688
2.02163119864228	-1.83126077756761
2.2468669180432	-1.92430780213187
2.07535866038174	-1.81156677222751
1.47703526427062	-1.29372147479595
2.29839531324085	-2.00137273147886
2.24016328561802	-1.932622229573
2.27255731627349	-1.97910948631524
2.28607685407652	-1.97444906790586
2.255236115375	-1.97076064582119
2.31358644117755	-2.01685901932455
0.263126433795087	-0.222742041615537
0.0669922181087827	-0.0615204544465709
2.3056898968572	-1.98810285573094
2.31478033667179	-2.02796734529187
0.356462569756714	-0.234674029012409
0.897681869663466	-0.904454604991773
0.932525581520275	-0.671681737018148
1.36014005405218	-1.33884252990372
1.34276538930335	-1.33568777514798
0.548027550006348	-0.492545466418254
0.358823505299519	-0.277998909220475
1.32647920720587	-1.13125740354992
1.31408153964078	-1.0787638099895
2.07018199069164	-1.84595252476995
1.17465830343818	-1.12507398653548
1.36256001465664	-1.32172084504823
0.252494376036146	-0.220755553103918
0.917836618980071	-0.718815840303149
2.30632398682778	-2.00254030893099
1.62336689379661	-1.32638534985241
0.0585417866256314	-0.054390891388695
0.0921263772017642	-0.0787712330128179
0.0647864465412173	-0.0608463837251533
2.32017903151891	-2.02477760708383
2.28789415016318	-1.98062746626589
2.29888311146867	-1.99056263761313
0.58210537287844	-0.450753889990145
0.135184402098902	-0.121054992577306
2.07635397340933	-1.88890859494777
2.3078181473947	-2.00915543697649
0.0292423674877329	-0.0278446731264896
0.217116868149872	-0.204930661456669
1.79570436909305	-1.49764676562702
0.154186021875265	-0.14224762652352
1.70512939270102	-1.59297196267283
2.21373668142571	-1.94318286139663
2.15437109164456	-1.86818918750304
2.13860855402007	-1.86001799576192
1.89459261695449	-1.65139229925109
0.0628423866771753	-0.063948496824589
0.347856029707615	-0.316998353584747
1.73670358528784	-1.52927236733664
2.13276389445073	-1.91664842050926
0.773550080958791	-0.70169061224899
2.32290404676675	-2.00635236775017
2.30244356389021	-1.996153110946
0.200258168313542	-0.193850592429166
2.11694863102279	-1.82266111228126
2.13362471774188	-1.91809444109263
0.391019593905238	-0.346421966817978
