2.16792353150356	-1.98763805911687
1.43159006425673	-1.27949767054367
3.49513191960291	-3.17765920434728
2.31424310044215	-2.08771101357479
1.21047847780326	-1.16550489744742
3.81927959979837	-3.46974765847175
2.71718168313856	-2.37300714259085
1.92286324824714	-1.65972163854511
3.55442425761249	-3.19271330075961
1.39609327177619	-1.30130764008597
1.67596369874943	-1.51599933851536
2.09425670125494	-2.08287204377465
2.38568226425612	-2.3530780180816
2.52457395584262	-2.38569176102538
1.13807962636623	-1.10318059693451
2.04529944596913	-1.95776859200501
3.45629522986917	-3.16149848333025
1.52094348131738	-1.40835914601956
1.33030307146729	-0.961435752113617
2.46333990177114	-2.29711777847147
2.02019299256485	-1.99544121684525
2.52233312303024	-2.45998966825809
2.31064586458475	-2.0057587478206
2.15539855310505	-1.98000699870815
3.83871167949143	-3.56197290981728
3.85716315121942	-3.55733734465657
2.32556983939384	-2.20231463988182
3.04776115316117	-2.810611463656
1.39497085300962	-1.41681710681967
1.13441437875143	-1.15039711656584
2.66350842694421	-2.60805112133057
2.27663083848616	-2.0457278076895
4.21035968726683	-3.87946969665436
2.16985303198937	-2.01053505671243
1.89631323447545	-1.80786643952692
2.49013329092207	-2.49670133931025
3.32548994176484	-2.9775062079988
0.159860110127248	-0.148987914827941
3.76705688578403	-3.46919231755842
1.48680506091547	-1.34730599962671
3.56319201505283	-3.1890374110217
0.697716457880027	-0.711845328756206
3.04325001038555	-2.73436038782316
0.216895516031791	-0.19040076056505
1.35594314584093	-1.39621619331984
2.69933393541762	-2.3194235439411
1.07508841038066	-0.817521928239985
0.862575752361924	-0.729619536890261
2.40229137947076	-2.0173564888542
2.79682292888717	-2.44003508696361
1.73614584354383	-1.67741503322823
2.8747635874704	-2.52072715693755
2.12675460074586	-1.82806271862691
2.6968353283842	-2.43561086463591
2.81198894501744	-2.37885634862171
3.65548274939999	-3.44446487386925
1.90483096406959	-1.95343970446736
0.895274312653207	-0.905581543201969
0.207586270105224	-0.179767989316596
3.75341875816345	-3.43104422864885
0.544811910833217	-0.567920878006106
1.32629625801681	-1.26245216548487
1.64731436721731	-1.50510476085429
3.05763778770245	-2.85937266593374
1.53625190598883	-1.40207524036431
2.62185446020198	-2.3061037299732
0.7011934150039	-0.703167258400412
0.227690739420116	-0.203166695618128
1.55324051731543	-1.41560081478374
0.610348744587691	-0.610396307589171
4.01099593116656	-3.68795902033405
1.87670729793599	-1.71800035109894
1.50822747451879	-1.39270760524212
0.256464055491097	-0.240463361093708
2.15370817222141	-1.87181430102928
0.568432329692856	-0.548096438954276
3.65654009538163	-3.35965605090421
2.99984009184047	-2.73533329834067
1.44772273930428	-1.27881974951052
2.19328487755545	-2.05485632368864
2.74811475857133	-2.58372180158883
1.99957799183772	-1.86454985266831
3.50989586527512	-3.1390278432598
0.741712588819585	-0.721744859105821
1.76226904935302	-1.44145108567361
1.79232041296873	-1.32813787250635
0.309915533140389	-0.291349157687927
3.04741748337907	-2.66587835023643
0.522673239719955	-0.504699861091704
3.69928681707382	-3.30806099851378
3.57385616463342	-3.21236213566179
3.43172796926077	-3.09538191098044
0.26689737085085	-0.230293495823221
3.03896008948124	-2.81209801755321
0.311549618601963	-0.256143361796128
3.32797184763532	-3.03563112398089
2.72069437470461	-2.40198949722654
3.3992141128721	-3.01997905341213
0.159201445856553	-0.146632721090925
3.48176514844509	-3.16796880323928
