1.49767616122778	-1.54649919563449
0.960792330593062	-0.992194186069252
4.2001819110563	-4.2313607003757
1.31335017739985	-1.32683549023941
4.46635551216592	-3.92124510142596
0.0410014758233155	-0.0283131626564099
4.40679286401531	-3.82906091585915
4.51946314105935	-4.04616714060615
0.0983952369713559	-0.0877017539497795
4.52803034541227	-4.00839382354937
0.177718325255552	-0.15785041066454
4.22608037284696	-3.83729283565147
4.47764691067851	-3.96576381227774
4.72058829678738	-4.28521759723506
1.76546465701851	-1.85701423572654
4.11785760348881	-3.63231302150783
4.41855075139196	-3.89011368189723
4.49627759172152	-3.87828092108802
0.136459584664134	-0.117498241053591
2.48851225286854	-1.94862005727455
4.04142799753656	-3.57440226702577
1.11302813101301	-1.08893998475282
4.50398570287506	-3.97919161483567
4.45537823607345	-3.91475401689389
0.15681057858721	-0.116344941005962
0.0287671411625251	-0.0127468259656128
2.97186744325872	-2.61822212601536
4.00554914847929	-3.49128326474788
0.169626418439308	-0.131462648488037
0.718447539930973	-0.702834367187816
3.64049465349766	-3.11147239709974
3.86866675460184	-3.32683057458362
0.407369047740561	-0.378987828685727
4.46083807374338	-3.92722267533587
4.32237839219359	-3.79974348413436
0.541649912510886	-0.493928026513901
0.355268831418275	-0.349788915032771
4.09700817803276	-3.5452737619469
3.9431694713607	-3.41276971504876
4.53574189239156	-4.08364369942067
4.31913839740299	-3.83239552513201
4.17899068505292	-3.65308015409918
4.18559527592727	-3.64562875050416
2.8720237351298	-2.54511933779315
4.45980932134532	-3.9085885347839
4.52716769599965	-3.98202457667985
4.03368087835108	-3.47519042872591
4.34446211053981	-3.83974518765659
4.58118228797043	-4.09101958940731
4.33447162781139	-3.76168224159249
1.36773736071132	-1.35000105403365
0.0625358345680614	-0.034553176969466
4.48324011799486	-3.91391299860813
4.36863154997811	-3.86127793411457
0.215831454251308	0.159399869558052
2.55870096055802	-2.6051296686027
1.07178829863142	-0.697109578743468
2.96560373883767	-2.81409119056798
2.23729668211729	-2.18076717521252
2.98412082589284	-3.03151979085158
0.29895859992387	-0.184194130267434
3.21424442440708	-2.92687405953999
1.00722648519074	-0.494267764407592
4.5714030501886	-4.1829115522702
3.42407890755259	-3.29775086906211
4.019744464088	-4.05507573814937
0.266225515322699	-0.184774452130677
0.392058639401645	0.0399473418297883
4.44030361702289	-3.91322803762351
3.72850527977994	-3.38087379196304
0.0904050731816363	-0.0754388585501923
0.115479387325447	-0.071973419582206
0.140706892846983	-0.124187312967467
4.56482213535844	-3.98437820346777
4.52912754798995	-4.05143194745508
4.51373813873119	-3.9575574738119
0.615342305577509	-0.527921483818622
0.155487623186517	-0.0996472726708806
4.23602236420095	-3.70178179317843
4.64136986009508	-4.14266067701476
0.0400316470227482	-0.0288681748907457
0.272414015946066	-0.218440036018082
4.00833903390735	-3.48521004603121
0.185269250457544	-0.153494092342332
3.35085134680544	-2.8280815007619
4.15774085711779	-3.61204205028302
4.07518761339526	-3.61561006190586
3.97060993240592	-3.47025040461432
3.32496253062368	-2.8865550766918
0.0106071984938966	-0.0089913602348218
0.602237879630791	-0.527081803022891
2.97282561240968	-2.50728832443633
4.27418258191743	-3.71918511233263
1.53962639338385	-1.36673885922888
4.52100771718172	-3.97212923866321
4.60635504350863	-4.10802278411205
0.323876377309677	-0.275859285511514
4.25959756068064	-3.77136196708463
4.40907981438996	-3.85539345813072
0.706618283150386	-0.611169832926771
