11.9798379716281	-11.8806719468322
1.97204367272782	-1.97591304787131
22.7097926776389	-22.4914597092367
10.9732091085042	-10.8500797562968
8.94001192422981	-8.93041801075228
10.91042076281	-10.6904135598905
4.63352650216212	-4.57867220434088
9.96783788074877	-9.89817200069395
12.8304603361267	-12.7748153443155
17.1035609356738	-16.8358211133298
15.8991849903215	-15.6806620032819
14.916853432256	-14.691966624449
9.92740295301065	-9.68754452434915
8.32770071657405	-8.14793204024485
11.4399072362108	-11.250958362101
5.85781840027042	-5.94039333786318
18.7957312904	-18.6645938107004
8.39162042357438	-8.11467554282029
14.4842703127877	-14.0849357322871
10.767844253965	-10.6789689407864
19.2929965193695	-19.0980020582154
15.8132918770741	-15.5202742190801
12.4663344536309	-12.0700912292027
13.9541129345183	-13.8076694537966
12.2396321222957	-12.1071128930764
11.9128708442315	-11.7394888940262
14.7011515739812	-14.6401294011365
19.9392901192142	-19.6227204673371
11.7206615951369	-11.3847315182011
14.9092872134825	-14.8662394331142
6.83101726894581	-6.66253232654918
6.63870928894639	-6.77214485707619
11.311175087513	-11.4384109856049
10.1654965208714	-10.2757363886632
0.731876103409565	-0.748236440606416
4.64026918708038	-4.27183134368358
9.33725312887433	-9.43937136045827
6.00553138797114	-6.02807212824114
17.4805552890408	-17.1913957284605
14.1120029382707	-13.995390360478
21.9774760638706	-21.7528750715524
19.116827470956	-18.8718325630657
7.13755506522384	-7.02252495377801
2.78035655329413	-2.7818420135962
10.1809874328245	-9.98231558624212
15.8128127625401	-15.5066902763198
20.6058380931251	-20.3799338629597
2.21004132376707	-2.21581635322001
7.65490385969749	-7.5744428375873
14.811339519764	-14.7540677562248
16.9502080570845	-16.7134284677402
16.9506462634118	-16.7610507356963
10.7492090483961	-10.3303338073818
18.1503863942691	-17.8326119067321
11.2571409246057	-11.4237718346885
14.957908824188	-14.5669979908582
12.2318370822422	-11.8443771972955
19.3253160814297	-19.1451426771967
14.1362210443493	-14.0118932009234
4.91206625903433	-4.86469538027451
2.48632155272131	-2.46419671010062
7.55103237031071	-7.41332576898357
21.4082651749381	-21.1492366869717
2.57179826681268	-2.55694710519389
19.0134702235694	-18.7079912021114
17.7139794842641	-17.5832577445717
20.9293850676462	-20.6318449907156
16.9917106564572	-16.6229465110545
17.1555177974345	-16.8484453808209
22.3773806958458	-22.1440382937583
1.61221334182283	-1.5838701957793
5.67148136511314	-5.60153833570451
18.4366430299272	-18.2200805035407
19.9357548495366	-19.6665489530379
8.03647679385134	-8.00004429127699
20.5816265882588	-20.2844398535937
21.0860405015749	-20.8852354155194
0.862387864355744	-0.86809081172701
19.5354436092401	-19.3129199764803
10.5204950791899	-10.5495886167336
18.6044449695768	-18.2502443299374
1.60996091536203	-1.63334839502565
11.033023966562	-10.8321996522837
22.1886262629572	-21.9741038577224
1.80719228838786	-1.81970117097447
6.64257491098166	-6.60584734476079
12.2867550889022	-12.2711885375489
13.3614841414113	-13.3212370905226
14.3671832329795	-14.1067486129156
6.20155197278034	-6.25715094655777
10.2969798903576	-9.91260254850981
17.2908787471932	-16.9925000318569
3.00912868276232	-3.01990427467206
3.29520213081827	-3.30890661319453
4.41210833104893	-4.43964524700604
17.8219575374371	-17.537213774506
20.2078355612324	-19.9405991784395
5.08497329240472	-5.05691500320037
19.9103595996815	-19.6545680374704
7.88845803637237	-7.87038791947004
