0.198135349393019	0.214589158644965
0.0153987134770863	0.039014056030405
0.310982068986403	0.476294867209332
0.171662307749542	0.243992543181272
0.0814166609221146	0.106873557414071
0.172607628709793	0.24177105748268
0.071888994680258	0.101272448562721
0.0986560122684842	0.189759154759563
0.1569234241755	0.221603581362366
0.250156381939034	0.372640069940181
0.231048907907581	0.441253263298115
0.219860152143021	0.381609261894907
0.198089603349294	0.317719714990575
0.171793961866839	0.292616016848209
0.159449744905837	0.24322988705911
0.0548493810056094	0.0488316485404033
0.233793190353931	0.398635474733534
0.154366260427845	0.265155341491427
0.304190388713553	0.373118025028158
0.107354906823378	0.219639143831037
0.268670787671618	0.344505136499326
0.318579399157987	0.429600663029334
0.280755937391085	0.349764649537807
0.198056559096815	0.264876272914875
0.166532504195358	0.262268359793388
0.182916747724601	0.262229685406089
0.152558165727063	0.299903010579526
0.291512319189836	0.471037988155572
0.298930372788234	0.429124260973129
0.168805209450329	0.281765056155152
0.0997315211573437	0.181923667346174
0.0236471013664043	0.01984487703744
0.0754400797825983	0.0998442811276357
0.0534774645221404	0.0965029529437944
0.00597543623141233	0.000606793428130386
0.132473780922433	0.251925371055397
0.0869005995004059	0.129967183596418
0.0344298496290346	0.0480218532012652
0.265112999027493	0.410419587895422
0.202990560411071	0.161611345680967
0.284611138748444	0.427585503575807
0.31865319718453	0.406346827531763
0.123545000446873	0.138750350255399
0.024340866228877	0.036096824658885
0.161241589697182	0.255609926933689
0.235355201067133	0.528698686174006
0.306689109658624	0.489544088529551
0.0231129661049224	0.0168005334897137
0.122930540377058	0.222066866695457
0.158771708717046	0.253986775495301
0.266456762919079	0.415121141232111
0.205130053050317	0.308813889939549
0.28793921828835	0.403142450094747
0.299988215435712	0.362630802949647
0.0595400220451386	0.114487590358863
0.274101523456197	0.410448686914382
0.258609352399013	0.38529180099576
0.263875519766421	0.388387455781081
0.174107677706773	0.301765950869834
0.0717067230147649	0.125330686173479
0.0345611092680235	0.0262097361686402
0.101183139177039	0.201038518318868
0.305251836389779	0.423938284748845
0.0384894716357204	0.0317095858243609
0.290238258330398	0.4410121875293
0.237714477217925	0.402209183661965
0.290821932415575	0.501024263904581
0.274748739990941	0.487404091874365
0.302757443070056	0.428968236482856
0.312042930178652	0.46134566041415
0.0204479863873376	0.0178791805418049
0.0680197541230464	0.124677775193265
0.308593671261958	0.42004268159856
0.296337909156874	0.418354931729089
0.0703271771096799	0.127221268397254
0.307214891041963	0.433106514704049
0.283428152194316	0.473708820827428
0.0190014623329215	0.0138112961550623
0.295661280188646	0.36491828392796
0.124611773558637	0.182527930234353
0.304991271695984	0.454566399393862
0.0147873285945521	0.0483355807220231
0.197703045468443	0.267010072857373
0.313216138809018	0.490544621024209
0.0406866653060896	0.113905361956591
0.0827389792441081	0.138938509289851
0.157298670762879	0.243143498412122
0.157068215667762	0.197931318984753
0.178472438245189	0.321557858198547
0.0395679044287716	0.0797676491027793
0.250635492384467	0.362689551942876
0.307024596027545	0.438143572631783
0.0486712497842066	0.0850331562267734
0.0401132403138007	0.0773819802622777
0.0233482765451083	0.0615405894283911
0.302057560325289	0.470282714082988
0.309547943374969	0.487505338748069
0.0717771308994035	0.156257025725731
0.289661334897957	0.436625675494528
0.111940117037809	0.147420919227613
