0.011186237873902	0.0630660602998444
0.152224730889929	0.378677642363886
0.216242236174892	0.503705234842176
0.220991546417214	0.387701282660666
0.0131261305232482	0.246686805077144
0.22609017957474	0.460617860755442
0.227369990261756	0.608060595816754
0.20369368783878	0.501267694998158
0.124833480353517	0.322190034551612
0.10040567521257	0.178139202693599
0.0261570658953295	0.0889475839759399
0.0186798922149172	0.055398609875506
0.215883389265035	0.521585168912705
0.226526847531007	0.60833474144311
0.0319039700621989	0.0709242060519114
0.0314557993189862	0.11548756394761
0.227707181216395	0.597458558056927
0.0232105377109961	0.0459815537439424
0.228025576013366	0.576389781766585
0.0137406197874285	0.0692428332678917
0.226803202946238	0.582319483567697
0.0412929256526862	0.0605569686264071
0.0101943217524208	0.0235520649943593
0.222712028536462	0.607434554123872
0.22993037948269	0.603572574530616
0.228829024682224	0.589911285150275
0.0187833807606345	0.0724341927432863
0.221467467756583	0.57699512892253
0.201614648475136	0.534436376205246
0.0461967599022118	0.134314128980172
0.229140441967738	0.600312741092188
0.0214161914986676	0.0306645800598771
0.227542254228779	0.585541184189299
0.223905506007771	0.587511894640322
0.0112387013544719	0.015422085553228
0.204432928590977	0.55385367452561
0.220703459555641	0.578364505207145
0.136284338063413	0.428782375201472
0.192346249199893	0.416120219839719
0.226557321587576	0.594315482398226
0.0260284573413349	0.190026039725076
0.00213661266365689	0.00292378022693722
0.0392410080492632	0.127655430439147
0.197490883742186	0.505311980923012
0.227660678315343	0.598591116610538
0.216084317656438	0.547634065258527
0.223863993093129	0.386551779541215
0.227842293353296	0.504885885417686
0.228210731754389	0.584101786952301
0.221182148044345	0.453601514786065
0.232497172729837	0.37285972915499
0.0269304797279319	0.0339487161173525
0.190901957311435	0.489374117430067
0.219012649440685	0.545368477550507
0.1238116313185	0.318701609384153
0.21717850573196	0.587256975492797
0.00851541748486734	0.0205760262622702
0.224433829827061	0.367703332215997
0.220175925637289	0.566508467323539
0.014443103176672	0.127206175268777
0.227945524765683	0.564411050274018
0.165561900126033	0.368683424004492
0.209378107817252	0.502990316228965
0.226513901752756	0.394288984606948
0.010956084702303	0.0269212372797523
0.229938341600913	0.592077290939923
0.18670958934357	0.470700384662796
0.00541203978987455	0.00907326327668712
0.226364041432678	0.582899873227868
0.215086616688815	0.531490595679572
0.0148973789868584	0.0765494768756366
0.222079598779647	0.569458096662331
0.118202909667427	0.491174778623349
0.225927223093078	0.472111458252521
0.228594261325662	0.595431536572126
0.226625466754889	0.554447857551693
0.0204180387354391	0.075118758055971
0.0248231803116061	0.0339930527098846
0.00678924361132021	0.0143624544607724
0.231129576563669	0.58320920382933
0.227736753445673	0.524902045994729
0.209405500576905	0.372149920376733
0.227202482527658	0.5683201508289
0.00999905580811007	0.247242318676272
0.0799460307240313	0.210853573441973
0.22144024769269	0.602757928590988
0.225749493337826	0.547095126577573
0.0442274499168583	0.0752237604799289
0.22625201693163	0.582269948371021
0.0184868807660137	0.0446793469799416
0.0299738701455126	0.0989763877106127
0.228418970195049	0.595768500020809
0.00699390108145308	0.0119239147209456
0.0328405947033283	0.0574459962718249
0.012588449489987	0.0149004613552332
0.125342950044687	0.302701989221572
0.225275299503521	0.59342619790443
0.0132334840585195	0.0284226265657065
0.222590113323618	0.555537101762041
0.221468432749307	0.566104428803547
