-41.024305129668	41.2620109100846
-11.6059211336066	11.6987434136567
-7.65451554289955	7.70937560640177
-15.0846269530043	15.0797203982606
-38.9437488695495	39.1636592678975
-58.3260938550489	58.7175603436631
-32.6339795039779	32.9175354607317
-9.24048134460099	9.26008238775661
-43.3004144395099	43.5222600288676
-20.5786639563826	20.7429611368608
-40.4210181901851	40.7775122639471
-56.5019250509488	56.9957593715916
-34.1778101820559	34.4015769519605
-16.6872934451721	16.7550273999873
-39.8061697541731	40.1996729557247
-69.0739269541815	69.6367353011075
-13.702634809676	13.7849901593152
-60.7827202876469	61.3443611188531
-52.8868914725384	53.1139993524886
-66.0381224704311	66.6101454220529
-26.5580181260682	26.5709582500075
-45.2227053213081	45.504960489698
-28.4884810400617	28.6097285320471
-48.0011971767632	48.2664677324455
-29.8700152359948	30.0895413874143
-16.8867245372191	17.0121101688766
-42.6860430056927	42.8937480832394
-15.5978646307588	15.8292509278089
-40.0850121467284	40.3426040465491
-51.1976008727566	51.5610264652996
-29.6866209771178	29.8958194330818
-59.0548066681448	59.6308337762411
-50.2840780228716	50.6369185098425
-62.8819605718529	63.3515165425247
-59.9744940020879	60.4982884465212
-26.6864319469076	26.8464693119594
-49.4105118301631	49.7634602788296
-58.1965986671479	58.6976795353661
-37.8027774652273	38.1099334928229
-40.1855117957651	40.5108843997878
-30.6902612935539	30.8722513847403
-49.9023171719776	50.3815546581828
-45.2139148754436	45.5699209036584
-51.8901299524821	52.383495786091
-50.1236251959983	50.5479376052502
-23.7345343538108	23.7834669787179
-39.9596067767516	40.2536629533909
-13.9144520568976	13.9502678343365
-58.4656911925889	59.001499068199
-32.019667717755	32.2462404229422
-66.3555618111231	66.9047380429979
-26.9149302025501	27.1288548856503
-19.7172841257159	19.7767714187306
-40.0450401789163	40.3401516438698
-27.1991368786467	27.4247178564823
-36.1556019003795	36.3139512233345
-33.6526799994088	33.8538624264091
-8.04866810565106	8.05006646647887
-20.4373409435489	20.6478157054219
-26.8233898589123	26.8954790341571
-31.9684010790435	32.2072139275589
-45.797041188886	46.1914252541903
-46.8833668399205	47.363503573712
-52.5779078613301	52.974759381858
-16.9492299016936	17.081363967787
-55.9351582639699	56.4467600454939
-39.3815972043846	39.6433439644252
-32.3051051948727	32.7620987428155
-40.7309199038	40.9940805653724
-28.1248589335529	28.3911659676607
-34.7084378814185	34.8837503990256
-35.4282578645673	35.595675538734
-58.2856563274398	58.7310003907185
-10.1227534794577	10.1690460385064
-25.4133635528661	25.5485032128165
-64.7232137002459	65.1484089314364
-5.79470374171784	5.83291681512405
-30.7766216084479	31.0719336729605
-23.647860493837	23.881968315555
-59.6553168745944	60.137467873742
-22.9779120525413	23.1415398554564
-40.2569735521865	40.5478899839356
-11.9320749547564	11.9395009590525
-19.5532172364527	19.8332507578803
-63.5636795836236	64.0974658103599
-65.3273089008748	65.8490797599213
-31.0472624477873	31.2722709507449
-29.1436104218478	29.3418653189347
-47.4190541028703	47.7411972877827
-13.0191422603782	13.0890005465502
-70.6450297826358	71.1641162181434
-54.1085402371415	54.6386233186956
-63.9752835896429	64.4992824076408
-69.2576177135531	69.8306502804301
-50.0958618484658	50.3738405128944
-67.6961359794774	68.2409603174091
-67.9192228417689	68.4262095273971
-9.84949436915656	9.94690185201068
-53.459295114236	54.0972347908407
-65.7172427079833	66.2633774252308
