2.5156186264847	-2.27541728378959
0.289164438455963	-0.270656280961178
1.63393320632949	-1.51060709269684
1.69029658225385	-1.50136695161719
0.976383612788889	-0.878699198025063
1.95599301926469	-1.85122628307937
1.71391229237881	-1.55219330167437
0.88184342820122	-0.868622398968372
2.21666146756101	-1.96539854366443
0.780735242513017	-0.721236865669687
2.12718675491767	-1.94187772466694
1.48035645111356	-1.26611978578869
1.8151036010162	-1.6295307258096
1.04704381849302	-0.898793640408341
2.2043530811927	-1.96544410148498
0.70347951560497	-0.631445695825102
1.28476772146127	-1.16075873831469
1.73857321205334	-1.56948200110582
0.878516031026037	-0.788988560384011
2.65237511582754	-2.42536356365949
0.725158449004625	-0.670677271224179
0.583329843180336	-0.537532339887627
1.85978221257584	-1.57634426302752
1.33610410511046	-1.12236511093085
0.649995818361701	-0.600498781053269
0.423551974105514	-0.475458970131669
0.399726673617856	-0.368929611310959
2.18055284907299	-1.94513083470858
1.89306775800626	-1.65139104103064
2.39056281891889	-2.17718250740177
1.72427788961159	-1.57152880083773
2.55922686824187	-2.33522206561133
0.345021274636961	-0.306807135265998
2.52285185359972	-2.30384365015735
1.8693544385694	-1.6349735750766
1.50841805112304	-1.32737018651388
1.75741036071749	-1.60201087291748
1.89549460155215	-1.72009050567628
1.52321823138213	-1.36388079665395
1.08201899850712	-0.958063688018126
0.0840508812322966	-0.0754533805647671
0.872835065244742	-0.811285739811424
1.28600921667935	-1.20872884385678
2.59629583990332	-2.34427280609117
2.62620153024064	-2.40310714577532
0.121168265460989	-0.132284396950597
0.495992694429943	-0.463560786117738
1.68331309678551	-1.52294009469656
1.52358936468382	-1.40313600267533
1.67412680106375	-1.5043004081596
0.921954001154438	-0.848883905523988
2.33286878266284	-2.10658226842394
0.606952388978664	-0.617864094202777
1.62886223088869	-1.4464786547648
2.18015440927826	-1.98205329575392
0.507614948241933	-0.455950557799462
1.65530672858207	-1.54286855348829
2.06100460566471	-1.89264215090586
2.45971988377196	-2.20272628686311
2.30236507298941	-2.09194577048434
2.25649168161075	-2.08332345353431
2.60007801201912	-2.35657709670179
1.42947852419406	-1.29915732337181
0.900387028085796	-0.812827027067277
0.929921322093827	-0.818825197133708
2.04201955521124	-1.83204766073753
1.16886182092777	-1.10357058716228
0.810986489672406	-0.769893896383222
2.58802096756343	-2.35345422631496
0.656997193844225	-0.593210756087287
0.719047965634278	-0.708936753198529
0.697248508425781	-0.718013332914957
0.67802925826225	-0.6931361126882
1.34537986281013	-1.24539512476746
1.51906934706743	-1.38097211742432
0.783921409335181	-0.762075668375655
0.313631628233364	-0.272358349406508
2.0625096881981	-1.88862934562596
1.72446090364459	-1.51485634670523
1.05144230343841	-1.04849059071354
1.22164278120203	-1.10160380764053
1.07107514258666	-1.01776019570305
2.23882417790435	-2.01252080960048
0.654979084143803	-0.578918756974172
0.927466654259487	-0.795020224819131
2.23239207706153	-1.97036833399846
0.760805588064409	-0.690043145757562
1.98239012130393	-1.75882348565485
1.55657161824366	-1.31124803570049
2.03939540103299	-1.83442321649973
1.49073621407569	-1.39415599950416
1.75370525698277	-1.59931537721776
1.8205620549273	-1.55789049555491
2.40071914062233	-2.19035578495208
2.45077815329211	-2.19924547211948
2.13499810784564	-1.94479180652339
0.977651357398561	-0.862609852007077
2.14517971243527	-1.91385089275658
2.46384576089642	-2.26169512121709
2.55729908337925	-2.29835659951536
