27,18,9,4,8,17,26,98,974,5519,8553,9062,7715,7431,7957,8316,7500,6508,8279,7192,7586,6476,6780,9178,9182,9254,7860,8526,9267,8528,9290,5953,9313,8373,8374,1968,9332,7246,9337,9343,9411,6988,9487,9560,9564,9568,9571,9580,7335,8229,9682,9685,4337,7996,7445,9702,7469,6618,9797,6898,5386,7884,9805,9810,8678,1765,8193,7799,5524,8543,7573,8232,8365,8603,8040,9838,8478,9845,8609,8610,9891,9895,7942,9899,9949,9952,9957,9962,7633,9966,9970,9974,7956,7430,8238,7251,9986,8616,9994,8086
277,29,20,10,3,6,14,24,45,562,8259,9063,7763,8626,7900,9165,9167,8027,8144,9171,8554,8424,8628,9179,9183,9255,9263,9265,9268,8638,9291,8560,9314,7964,8111,8562,9333,9335,9338,9344,9412,7926,9488,9561,9565,9569,9572,9581,8510,8273,9683,9686,7895,9697,9699,9703,8428,8676,9798,9800,8105,9803,9806,9811,8679,9816,8680,8185,8231,9822,8477,9826,9830,9833,9835,9839,8140,9846,9886,9888,9892,9896,8107,9900,9950,9953,9958,9963,8693,9967,9971,9975,8068,9980,9983,7961,9987,9991,9995,9999
8696,8782,6343,8869,7682,4486,5566,4184,8968,3801,5531,9064,3039,2235,5488,6889,6347,1654,1925,1944,4202,3991,1135,1985,9184,6229,3002,880,7018,2901,8590,703,7363,6925,6837,1630,3192,2777,7548,7972,9413,956,9489,7959,2562,6185,8566,9582,5453,2348,2219,6408,1410,54,4685,9704,5810,4759,1326,4584,6327,5710,4137,5175,4047,1734,3444,6465,449,4059,2713,1206,3954,2191,6462,7896,2919,8683,4242,4949,175,4865,6752,9901,898,8441,7201,5807,670,3209,7396,6020,3438,561,3538,6532,6256,803,4180,209
15,23,30,169,759,2197,4993,5733,8552,6294,8422,9065,4587,363,8045,7539,8310,8423,6648,2761,3698,6233,2571,4899,9185,7907,5768,1392,9269,4020,8336,3175,9315,8029,8435,1900,3770,6016,4123,9345,9414,7474,9490,8357,3483,5688,9573,9583,7092,4583,1958,8472,4368,133,2709,9705,6357,4621,8216,8284,5446,7803,5663,8325,8166,1159,2127,8167,477,6519,7928,1231,8264,4421,8389,9840,4043,8479,6710,8484,927,2321,7287,9902,6260,3596,8548,8013,7834,8237,5162,1148,8112,403,2757,8394,9988,6815,7346,7179
8277,8549,3277,8870,4532,3089,8061,6227,8969,1393,6867,9066,1604,1846,2926,3624,8172,5451,3452,1508,1877,5011,2009,598,9186,7637,7193,2822,6459,1731,8319,1296,8445,4777,5233,4951,4373,4962,7866,9346,9415,1802,9491,3181,4127,6916,7079,9584,3156,3079,239,9687,4220,47,7000,9706,7046,3849,2200,7008,4644,2246,2738,7733,4370,1372,2095,7922,377,6309,7384,2115,7822,4057,5956,8295,2217,8266,7574,5494,412,3454,4245,9903,1199,5427,8054,6870,3682,7222,8023,240,1866,192,74,7508,7420,3654,7051,1946
8697,8783,1698,8871,7687,3034,6733,1013,8970,3931,2108,9067,2065,285,6114,6000,3899,3631,924,3971,2666,6484,3378,1680,8629,2800,6153,877,8036,4152,5825,644,7671,4722,3542,4710,2553,5820,2425,8650,9416,4526,9492,7159,619,1288,6819,9585,6360,5681,3486,6444,4785,454,1998,9707,6681,2263,5806,1942,4369,1052,5447,7165,1586,942,1395,2411,375,5229,7069,5813,6567,6473,7337,7308,2728,7550,5426,2809,1650,1191,3722,8393,1728,6426,7657,5139,4578,6716,2107,5966,1930,979,4112,4789,1214,2457,6652,959
8698,8784,6195,8872,8619,5279,4389,6346,8971,1133,5428,9068,5061,249,1839,3869,3953,6537,2160,1196,3046,2857,967,1066,9187,6317,5797,402,8146,2685,8206,2182,8099,5808,4994,2826,6718,5263,7673,9347,9417,4130,8661,7156,1988,1639,8052,9586,5785,5391,1658,7838,3061,89,3855,9708,2100,3590,863,5173,5569,4665,782,6965,3383,1751,5638,4974,253,4826,7122,7524,7446,7409,7564,7897,2412,8416,4623,4907,203,1489,7053,8177,817,7357,6722,2893,3261,4571,7250,1249,5754,389,2374,3774,2909,2674,7358,1872
8699,8785,6907,8873,7820,4869,7139,4698,8972,4756,7349,9069,5924,533,5257,6031,7501,6996,5467,4867,2488,6501,2480,2428,8580,7783,5287,827,9270,841,7920,559,8501,6894,7644,896,1842,6569,5390,8532,7982,3363,9493,6614,4119,6296,8228,9587,6573,2627,632,8294,2260,150,6243,9709,7068,1192,1453,7187,6109,5946,1027,6057,6428,193,1145,7034,158,5396,6328,530,7371,5559,5703,8458,2114,9847,5571,6937,547,4089,5760,9904,3711,3051,6303,6304,5674,7268,7695,390,6499,83,145,7669,7987,3981,7664,4315
32,131,424,1352,2976,5495,2131,1291,8973,8464,2169,9070,4934,416,5652,5535,7705,2511,6881,6115,5301,3150,1515,2372,9188,9256,8493,8014,8527,6218,9292,184,9316,6319,5506,664,2134,1042,9339,9348,9418,6363,9494,6811,1113,426,8358,9588,5568,5185,4527,9688,3860,374,4589,9710,3464,7130,8600,4761,2359,6817,9807,9812,7027,256,5822,3085,5934,5888,1584,1328,9831,3652,8313,3442,5814,6672,2561,4916,1010,7392,6594,9905,4782,9954,9959,3445,7805,8186,8007,9976,7283,5865,434,5842,1062,6866,9996,5791
8700,8786,7198,8874,6663,5837,1438,5362,8974,704,6524,9071,4913,2110,5774,6203,6970,4866,1950,5832,4504,4929,1824,3715,9189,8124,7520,2249,7583,1147,7339,553,7764,6758,6932,135,3656,6222,6283,9349,7387,2286,9495,7719,1648,1110,8183,9589,6913,6396,522,7839,3857,87,4606,9711,4780,393,5039,7107,5717,4452,4938,7722,5643,439,1831,7071,224,5719,7028,366,8038,5133,3008,7605,2161,9848,4575,2825,1505,1440,5580,8518,4075,6600,6986,4945,5689,7649,7606,447,3103,1160,525,3846,7460,2053,5693,4211
8701,8787,5757,8875,7692,1497,2604,4126,8975,2894,1710,9072,1332,1916,4196,3487,1892,2624,1817,1311,2340,2137,2403,3420,9190,4857,1243,1673,7237,396,7370,1923,7620,5561,6402,2424,4425,3781,6851,8651,9419,2276,8534,6739,2846,4784,7549,9590,6017,2086,2320,6388,3475,985,3601,9712,922,2364,5239,4738,2587,2461,4317,6950,4224,1709,3963,3349,3642,2309,3892,6418,923,6419,6314,6481,1665,9849,2158,3027,1443,319,1619,8611,2667,5518,5126,3591,4788,6011,5174,384,3082,3248,1575,5295,3607,1080,5006,2771
385,34,21,11,1,2,12,22,35,386,9061,9073,9162,9163,9164,9166,9168,9169,9170,9172,9174,9175,9176,9180,9191,9257,9264,9266,9271,9289,9293,9312,9317,9329,9330,9331,9334,9336,9340,9350,9420,9486,9496,9562,9566,9570,9574,9591,9680,9681,9684,9689,9696,9698,9700,9713,9795,9796,9799,9801,9802,9804,9808,9813,9815,9817,9818,9819,9820,9823,9825,9827,9832,9834,9836,9841,8682,9850,9887,9889,9893,9897,9898,9906,9951,9955,9960,9964,9965,9968,9972,9977,9979,9981,9984,9985,9989,9992,9997,10000
8702,8788,4684,8876,7608,2467,2840,6628,8976,2029,7261,9074,2994,2937,1239,2159,7052,6354,3045,3203,1457,5330,1725,3745,9192,8125,7060,3539,7510,1048,9294,497,8348,5320,5067,5007,5282,6042,8502,8652,9421,4118,9497,2464,1661,6719,8359,9592,6335,3734,112,7978,5182,46,5445,9714,4657,6632,1934,6518,3143,1941,1374,6493,4618,3528,3220,6822,568,2665,4622,8285,6806,3188,7096,3411,2651,8235,2913,5648,392,5124,6994,9907,297,2094,7929,5628,5599,6530,7103,1331,3360,789,105,6943,4579,1322,6789,686
8703,8789,1479,8877,7447,3498,5499,2356,8977,6829,8143,9075,3721,264,2272,2501,7338,6850,1620,2731,3895,6968,3098,3609,9193,9258,7489,5975,9272,3769,9295,931,9318,6696,7712,294,1111,4095,3060,9351,9422,5178,9498,3553,2784,1217,8282,9593,3678,3727,865,7588,2486,207,2546,9715,4558,3075,4105,7274,6885,1045,2117,4798,5448,1475,5200,6425,611,4592,7808,822,7703,2774,4326,5083,996,8094,2194,5076,3780,5284,6634,9908,3010,2120,7340,4214,6824,8159,5077,600,7298,3251,215,7098,4997,831,7876,234
8704,8790,2237,8878,7906,2384,4466,3299,8978,2614,584,9076,2683,1025,2010,1723,5748,2375,1175,5066,2871,5437,2524,1735,9194,6903,2214,1274,7528,1295,9296,2981,6702,4733,2788,3398,4823,3873,4310,9352,9423,5706,9499,7745,303,2211,7487,9594,3924,5179,3496,7817,4033,579,1689,9716,1903,1779,5685,5477,3693,2305,5920,4391,345,2469,3870,5730,2269,4170,5476,7951,5194,5925,3258,7710,1057,9851,4813,4307,552,2196,1975,7498,2610,2016,6922,3269,2830,7217,5777,3168,4509,874,2060,5212,1780,910,6510,1750
8705,8791,7569,8879,8420,1529,929,1894,8979,2212,4961,9077,3600,1588,3364,5598,6868,6803,4599,2365,3551,5913,309,7614,9195,9259,7170,1833,9273,1491,9297,1603,8354,5145,7066,460,2845,5206,7006,9353,7842,6873,9500,5713,4268,5044,8360,9595,6375,4601,2173,8362,4682,43,2695,9717,6864,749,6392,6692,6224,1168,661,7002,4048,1140,1254,7050,501,5491,5288,289,7823,4799,5449,6521,2410,9852,6585,693,3335,4263,5659,9909,4763,7499,7555,6070,6281,7207,7723,2387,3522,296,1036,6071,6051,237,7075,1225
8706,8792,5183,8880,8332,4453,3104,5626,8980,2062,4038,9078,4078,2481,1694,5334,5793,5260,3859,2204,3250,4702,658,5359,9196,7153,6272,950,7770,3390,8070,1606,7398,5242,6268,849,3382,2047,6999,8293,8154,3863,9501,2004,733,2449,7977,9596,4085,5483,483,6400,3866,1462,3661,9718,4303,1339,1014,6056,4905,4567,281,5068,2383,343,3651,5480,735,2532,2613,2866,6610,1959,1286,3287,1821,9853,4329,4072,1984,4418,6660,9910,2611,4976,6131,3558,3013,6164,6763,4464,1793,4413,503,5104,6623,587,5069,1678
8707,8793,706,8881,7888,2307,2190,3368,8981,3840,4090,9079,2203,1355,4830,2727,5970,1624,2122,4424,639,2338,1810,3348,9197,7769,5275,1726,8633,2001,8495,2767,4101,2938,4502,2292,1360,2967,2943,8256,9424,4013,8662,3731,726,4459,7061,9597,1229,1218,818,7750,4503,365,2969,9719,2891,4693,3069,5928,2251,4844,1696,2935,4747,2215,1321,4888,1579,4149,6570,7266,4484,6732,5841,6155,1854,9854,4807,3387,2068,2815,6019,7451,3695,3450,5309,1718,4273,6188,4440,1492,4091,1980,1798,3078,6500,1496,4457,526
8708,8794,3047,8882,7968,5364,2171,3950,8982,5074,5383,9080,1823,3744,3713,4299,7421,5779,1430,4909,4041,4336,4133,4816,9198,7826,5100,3699,8346,546,9298,3291,8312,7493,7449,3262,3327,3706,7552,9354,9425,3354,9502,962,3447,3754,7617,9598,6514,2036,1772,8064,3006,36,3598,8474,5743,688,3886,6504,2073,6033,90,7383,5929,722,1517,6960,423,4026,6659,5619,7752,5259,5860,6102,1936,9855,3743,4104,2242,1871,6579,9911,2151,551,7793,5726,4828,6787,4379,325,2325,1973,151,6586,6410,3531,3429,586
8709,8795,4166,8883,7963,3102,5041,624,8983,1540,4847,9081,1865,511,5337,3597,6135,6369,1456,2142,5343,5527,262,1812,9199,7729,2795,2549,8241,3998,8591,400,7747,4874,7517,1436,2090,4168,4030,9355,9426,6349,9503,1412,3728,6497,4989,9599,6391,3819,247,8455,5749,287,1790,9720,2509,6527,5403,5214,6182,6431,2312,5070,6542,1469,2472,2720,3207,4985,6565,6566,2746,2333,4146,7507,1178,4210,3366,963,1617,3669,6646,8065,2430,4716,7655,3336,6568,7518,5887,914,5498,2264,134,6427,6112,1382,3329,3092
8710,8796,5740,8884,6847,4432,6379,179,8984,3004,1870,9082,3185,1561,5572,4565,5274,5272,3071,4610,3096,4616,2853,456,8413,8047,6816,3121,7626,351,9299,2189,7521,4901,4811,2422,4483,1564,7473,9356,9427,1031,8535,7816,1883,4161,8175,9600,1559,255,2391,6424,3191,868,2874,9721,1713,4332,1509,3915,1032,5917,6068,5474,5513,2588,2213,5422,1021,4850,3883,1563,6807,3794,5393,6390,903,9856,5276,4822,428,2900,6909,8612,2927,4097,7599,4744,3748,5642,6906,779,5329,1583,1327,5582,3436,952,6478,3063
8711,8797,2069,8885,8421,5088,3907,4429,8985,5247,5919,9083,4393,864,1373,2470,6914,5735,2294,1054,2228,3035,5315,1753,9200,7609,7017,3584,8450,1805,8639,427,8003,7252,4922,478,2332,6793,7631,9357,9428,6251,9504,2586,5995,2818,6949,9601,6540,1774,2939,8672,4472,107,2037,9722,1669,2684,3817,5469,3473,7328,431,6337,4162,1315,1466,6766,2024,3357,6534,3667,5997,4687,6274,5525,2878,9857,6783,3138,1771,1405,6823,8519,1016,1365,7648,3077,2413,7161,2301,265,2820,727,543,6924,8170,1278,7210,4478
8712,8798,7999,8886,8620,906,1102,5999,8986,4998,6966,9084,3878,976,7128,3625,7448,5780,1520,1756,5262,7105,588,5853,8152,8311,4843,4295,9274,4480,8434,315,7672,4765,6094,190,633,3435,7775,8653,6036,7264,9505,8437,4734,1006,8155,9602,6875,5303,1174,9690,2368,52,1507,9723,4395,3560,6598,6899,6736,1164,1558,5522,5131,441,3660,6186,508,5017,5647,342,5856,1874,2569,4670,2232,9858,5921,1721,2912,4596,3735,8686,5170,8096,6395,2673,5297,7476,7874,6799,5357,1094,1353,3864,7260,3333,7479,663
8713,8799,2070,8887,6685,3024,7464,5106,8987,3282,6105,9085,4394,770,1407,2576,7360,6595,3996,3154,2346,6563,3264,495,9201,8113,7642,4402,7111,1071,8320,2499,8379,6207,6340,3105,3049,6320,6066,9358,9429,2254,9506,4248,5458,6638,6238,9603,3700,1458,299,8599,5885,41,6336,9724,4875,4375,1101,7049,3900,2381,4093,3897,3190,2172,3484,7840,356,5055,6365,3230,5414,3685,6430,8286,1033,7899,5998,6371,1555,5154,5314,8687,1560,1005,8203,2657,4704,7302,8343,361,4341,404,69,6841,7726,1764,6770,642
5629,7471,7934,8888,8960,6562,6605,2735,8988,3611,2531,9086,7858,2599,4581,4212,7711,5358,3289,3037,3719,4856,2230,1396,8581,9260,7699,3453,8335,5844,8271,892,8644,1761,5016,117,6170,521,8226,9359,8281,4646,9507,8050,527,944,8598,9604,1417,7645,5555,5085,5345,101,636,9725,7869,2101,2659,4683,1523,7721,4677,8457,7661,482,3926,1703,710,7291,7395,322,3512,4071,7244,6098,2991,8210,2078,6048,243,541,7083,9912,5144,8442,8194,6299,1363,7780,6768,1119,7203,711,3406,2996,3858,4608,7470,4752
8714,8800,4882,8889,8080,2832,3042,6458,8989,5907,7697,9087,4730,486,4935,7016,6358,5108,2041,288,4346,6049,1029,1685,9202,3015,7011,1827,8299,4643,9300,357,7039,5931,4691,1114,445,1970,6759,6735,8659,2573,8536,1982,3474,2556,8090,9605,2789,1267,2059,8011,5489,124,3158,9726,2810,2592,5377,6331,6900,1538,4004,6270,6944,1676,4176,5557,585,3028,6550,1377,7336,1781,6209,882,2091,9859,6420,2944,2721,6080,4456,9913,1446,7760,7640,6226,3165,5800,6688,1626,5684,883,837,7459,6103,2640,6378,781
8715,8801,3302,8890,8961,5511,6152,2540,8990,1948,5079,9088,4444,1576,2888,4271,6581,5604,2702,2285,4380,4600,2139,2006,6582,7630,2688,657,7976,2902,8115,408,8349,1348,5098,355,5551,4750,7284,8415,6477,5142,9508,7802,1276,1333,6334,9606,4237,2679,2243,5010,3760,415,4887,9727,3908,815,5385,5378,4836,5795,5332,7276,2226,1621,4591,3459,1271,1247,417,758,6429,6187,3212,762,2465,5415,5321,2051,804,3825,7401,8367,2400,6797,6276,5418,2113,1786,6277,4285,4064,2358,3296,3593,3620,1423,5134,2195
8716,8802,3451,8891,7629,5843,4898,7368,8991,6339,5602,9089,5388,2710,6469,6516,6588,7132,5305,5637,1320,7426,3810,4620,9203,8298,4831,816,9275,327,8592,1608,8244,7044,4650,4191,4084,5389,8255,9360,9430,7278,8663,1832,5344,4351,8184,9607,4445,3997,221,8439,3492,53,3811,9728,8135,5464,2097,7394,4111,4074,1482,7853,6771,574,1549,7389,129,6737,6361,1253,7021,7149,5850,8459,4142,8480,3041,6746,119,1184,3940,9914,715,3259,8488,4372,6383,5354,7857,592,7073,198,79,4855,7755,1345,5739,1442
8717,8803,2543,8892,8962,4586,2181,5231,8992,4450,6161,9090,2382,2132,3670,7104,7315,6589,3707,3350,719,6204,3594,7228,9204,7796,6106,320,8098,1002,8426,488,8028,7032,7413,593,2756,7025,7731,9361,9431,7444,9509,4374,3751,4207,8214,9608,5210,5402,650,8410,3665,55,2087,9729,3634,5165,2895,6656,2067,7253,3729,8364,7365,2859,3100,5812,271,6263,4539,3107,1910,7680,6908,8073,3009,9860,5573,6027,94,2291,7115,9915,244,4053,6311,3462,1663,5146,7881,2129,4981,5440,1012,6911,6662,346,7125,125
8718,8804,4846,8893,7727,5256,5479,5591,8993,1787,6007,9091,2420,2537,6183,886,5266,3169,3837,1840,5208,3559,3322,4607,8630,7587,5128,2763,8634,566,4783,1585,8163,3974,4904,2022,4628,4219,6165,8380,9432,1305,8213,5081,1627,4723,7701,9609,1632,4817,2077,7927,3592,305,2303,9730,4773,2602,2492,2963,1546,2782,1896,3005,5082,1081,5317,3040,102,4318,5639,282,3128,5029,4897,1768,2349,8417,1044,3582,1494,2964,5889,8218,3546,6099,6798,2552,7108,6086,5211,4063,3361,3405,514,4933,4770,1421,891,2399
8719,8805,7116,8894,7410,1498,580,1495,8994,4613,7561,9092,6134,3141,7233,3928,4842,5349,2298,4175,4895,3890,3766,2630,7989,7453,6525,4135,8433,3923,8057,2905,7239,2314,4958,4331,870,5336,2185,9362,8446,3913,9510,440,4735,3242,7265,9610,4419,5653,461,8383,4477,344,5429,9731,3847,1809,4186,6804,6342,1736,471,7787,5724,176,2220,3172,626,6004,6761,1138,3135,6813,3530,2245,2886,7628,4405,7373,1480,5125,3874,9916,3757,1652,7530,3497,1906,7556,7379,1137,3352,2558,97,1940,1445,4559,6316,2080
8720,8806,7303,8895,7314,2112,3564,7762,8995,2311,6553,9093,4656,293,4390,6507,5021,4972,4649,6258,4291,5960,1629,5540,7577,7877,2418,1167,8372,1106,7706,1578,7578,6583,6697,372,2804,4812,6269,9363,4879,5871,9511,7849,3777,5064,8361,9611,5937,3155,1969,8540,2884,39,4707,9732,5893,957,4435,5826,2813,3831,160,7436,4853,513,754,6549,232,5744,7168,127,7879,3980,1938,6762,934,8605,2447,7102,1240,2284,6558,8688,3067,6028,5197,4886,6175,6938,8179,5699,6156,435,1092,6143,7875,3615,8694,4011
8449,8575,3152,8896,7670,3573,5838,3344,8996,4433,4195,9094,3536,1825,4001,3111,6292,5235,3692,394,1701,4594,2834,1150,9205,6987,2199,4008,7432,3561,8496,1451,5606,1668,5059,1814,6079,3315,6198,9364,9433,3176,9512,6964,4515,2707,8019,9612,2319,2174,824,8102,2327,790,3993,9733,4115,3133,5916,6171,5408,6678,7062,6985,2608,201,1281,2744,1402,4272,5947,4420,7029,1398,2582,7898,1334,9861,1383,5234,572,4308,3347,6254,1887,7137,5435,3602,172,4820,5596,1000,3295,4569,1974,2638,7184,1268,2951,739
8721,8807,2618,8897,6848,2252,1117,916,8997,2184,2792,9095,3798,977,2567,4674,5839,5324,2719,3932,737,6097,971,2259,9206,2869,3070,2544,5103,3443,9301,794,7112,1749,2898,3211,5764,1692,6708,9365,9434,3759,9513,2353,3323,4096,6147,9613,1338,1815,1486,7100,2265,609,4384,9734,5811,4760,1939,3415,4045,3432,7148,5380,907,2089,2616,5770,3970,3081,5405,7533,4145,4833,5909,3284,3093,8606,2584,905,1260,3489,4881,7681,1677,6467,7329,5244,4732,4892,5363,775,1277,3059,3916,5441,1895,2088,7024,506
8722,8808,1400,8898,7076,3832,5030,3677,8998,4688,5056,9096,1915,911,4253,1465,6454,5267,1615,3266,785,2223,3099,1976,9207,1207,4910,2378,7847,3346,9302,1727,7908,5151,4029,1023,6844,4864,7310,9366,9435,3671,8507,5462,3189,3131,7983,9614,3427,4079,411,7868,4157,1855,4261,9735,4767,3955,4797,7085,1841,3410,7135,5553,3687,2843,4978,4639,3134,2812,6043,7399,7197,6572,5817,9842,1385,7854,5594,3017,2013,2451,6910,8178,1836,425,7531,5660,5641,7781,2852,48,6324,450,104,6240,3182,336,6846,805
8723,8809,2244,8899,8963,1463,5121,1745,8624,1737,6406,9097,4918,485,6449,1646,5141,5268,3502,4870,4122,5319,948,7901,4900,8344,4725,2572,7481,5058,8497,153,1951,5900,6748,1612,3330,4561,7427,9367,1664,7454,9514,2035,2395,3680,8261,9615,7093,4925,1109,8164,871,286,2255,9736,3167,859,438,6821,2274,4537,7960,4563,4854,2892,5454,6639,3101,3106,1954,301,6946,3884,4449,1876,4488,8329,2936,4556,1366,5752,4739,8571,983,7779,5353,701,1068,7873,8289,6675,6474,2745,829,4039,7037,3942,4912,4388
8724,8810,7526,8900,8043,3048,6029,5930,8999,3649,2876,9098,4070,1179,5824,5635,7585,5831,3232,960,3628,5496,1306,2526,8555,7361,4776,3223,8635,5032,5438,955,8272,5781,7738,1252,4296,4113,8117,8654,7163,7311,8537,6295,1155,4513,9575,9616,6896,2856,1804,8324,4819,44,1351,9737,6615,1928,5859,2906,3529,3080,1660,3644,1687,2222,5457,3115,466,4633,6616,1020,5849,7126,5224,7941,2754,9862,1514,3003,475,1715,2448,7647,537,6332,7405,6352,2705,6384,6647,732,3987,421,2779,6061,6101,1683,2431,163
8725,8811,3903,8901,8490,3839,4518,4443,9000,2308,4407,9099,4641,1766,5943,4615,5868,2105,4092,4555,1464,4144,1967,1035,8582,8270,5255,832,7656,1922,8188,777,3936,6242,2687,991,7040,4982,7914,9368,9436,5627,8538,5607,3292,881,5622,9617,2518,5881,2790,8190,4718,750,1034,9738,3716,5769,118,4991,6515,7080,6679,4686,5976,2208,4411,2649,641,3526,1800,8516,7773,7243,6921,4868,2144,9863,2577,6145,114,2560,4066,8402,140,6275,2350,1752,5368,2760,3011,4540,6544,2295,3555,5857,3161,162,7516,2289
8726,8812,4564,8902,8964,6442,7402,3629,9001,3894,3813,9100,5348,1862,4576,6184,7299,7089,3887,2942,933,6380,597,1859,9208,8162,5249,429,8114,4878,8337,1707,7971,4136,6731,4588,7380,2154,3673,8595,9437,3408,9515,7720,2386,3854,8438,9618,627,6025,984,8384,3306,57,4990,9739,5714,4737,970,5636,5202,4984,2039,7281,4939,2261,4163,5672,274,6201,4463,8304,5481,5341,6858,8158,3117,9864,1261,3579,225,1801,2092,9917,1506,3139,7202,3018,1953,7593,8024,218,4604,216,3562,3231,4068,2473,8035,520
332,654,844,2002,3414,2023,3943,4282,9002,2033,6886,9101,1897,3952,5157,6664,6790,5509,5526,5184,3274,6695,1638,4753,9209,6596,7602,2005,8081,821,9303,902,5899,3294,6810,1470,938,1990,7134,2329,9438,1937,9516,4102,3572,6297,6874,9619,5798,2178,591,2165,4410,2031,917,9740,6137,6208,6412,4381,5113,6929,4768,7660,5433,4225,4140,5167,981,1127,6543,8129,4845,7391,6160,7953,3225,8544,2700,7216,3303,2483,5722,8268,1460,2188,8249,6953,812,3238,1408,2922,5615,1120,312,7594,7918,2580,517,4031
5180,6828,4264,8225,8550,2362,6040,1978,9003,2495,2026,9102,2011,442,1304,7546,7935,2175,5248,5116,1504,8376,795,2923,8008,8556,7902,2379,9276,5296,7991,630,6107,1474,5452,132,3556,2680,4779,8655,9439,7598,9517,6559,1350,3057,9576,9620,2533,6083,4128,8176,7364,62,2875,9741,3856,3666,2536,1908,1233,7827,8387,8165,6704,401,2899,1341,1590,7182,6435,1091,3021,3567,7824,6090,1611,7663,1342,6452,233,2239,1634,9918,3032,8288,6118,3355,7442,6958,8034,6814,6437,3705,786,4319,3812,4921,7332,2794
8727,8813,4672,8903,8395,3311,1287,3749,9004,4320,2955,9103,1811,1132,668,3640,5588,3300,3243,4300,3356,3637,2135,5369,9210,6825,2621,2429,8260,1511,8082,724,8254,4915,2974,4305,2103,4517,7067,9369,9440,3577,9518,3967,3257,1302,7603,9621,6064,5034,1426,5565,2753,37,3925,9742,4514,3525,2634,5670,2766,2824,1610,6008,2839,1415,3506,5009,518,4806,5093,1795,4338,5264,2965,2328,2516,9865,3515,2701,1040,2166,4474,8340,1297,2209,6990,5673,5664,6535,5922,3675,3270,3778,1161,5983,5948,879,6386,267
5984,7309,4902,8489,8122,7088,4086,5508,9005,3790,6743,9104,3083,1183,7227,6438,7919,4151,3417,2111,5023,4129,4354,6313,8583,7912,4323,458,6972,825,8083,1699,9319,7294,7848,6843,4757,4297,7351,9370,9441,5153,6895,6302,1072,6703,7665,9622,7716,4231,382,7915,2380,231,6054,9743,7622,3458,4006,4507,3151,8106,5465,8514,4076,2302,2868,5827,76,6557,4116,2541,8039,7461,7554,8390,2458,9866,4229,3449,71,918,2978,8485,961,4528,8307,3927,7788,6012,8195,577,6463,40,350,4221,1222,399,6287,1406
8728,8814,7641,8904,8333,6291,4365,2739,9006,2116,7812,9105,2849,307,6912,7326,8278,6127,4699,2946,5794,5539,1994,1389,9211,7597,4347,108,8636,1108,7746,1123,9320,7938,7205,855,3426,6655,7945,8656,9442,7621,8664,8051,270,5990,7749,9623,7434,4815,3933,6667,5346,205,6417,9744,6741,2262,3377,6917,6619,5556,5371,5065,7437,369,3308,7505,64,2625,8012,418,7635,7810,2003,8233,3123,9867,6225,5195,206,515,6969,9919,1018,7948,8074,4595,6085,7525,7190,1499,5732,70,1534,8097,3979,5634,8370,1500
8729,8815,4640,8905,7774,6306,3217,7600,9007,6249,7570,9106,6607,3724,6809,6849,8046,5840,1444,6246,3844,6747,3632,6602,9212,7422,4188,1651,9277,283,8110,1258,9321,8126,7129,2409,3641,4520,7732,9371,9443,6591,9519,1674,2597,4343,7091,9624,5033,4791,685,8030,2887,63,3543,9745,7532,2168,1300,7709,2256,6003,252,8677,7739,594,1719,8031,148,6831,7456,1729,7623,7286,5656,7954,3334,8607,6578,5581,228,1337,6693,9920,1704,3073,8573,4363,6421,7189,7478,241,6194,122,59,6494,7735,3490,6871,997
8730,8816,4400,8906,8044,676,5365,6635,9008,5600,6686,9107,1399,1635,3756,5585,2817,3043,4749,2479,1536,5926,2637,4719,6433,8405,7065,2924,7730,4501,8347,1238,7890,1279,6919,2749,5205,2393,4669,9372,8089,7295,9520,5510,4471,1932,8509,9625,5617,4232,146,8071,1662,214,5316,9746,5980,1232,6472,3307,4051,3578,2975,2287,6620,542,5718,4889,1599,2275,5695,988,7740,6177,4080,7973,2775,7825,5731,4339,318,3422,3455,8460,1788,5164,6923,1983,5727,4141,5965,1069,3723,329,147,1628,2730,1739,7041,4054
8731,8817,3639,8907,8240,951,5265,4894,9009,4651,5236,9108,5062,1645,2783,5761,3830,1371,940,2798,3708,3500,662,4914,4627,7859,5977,1702,8467,582,8593,2787,3241,2043,7272,2990,3256,4681,6144,9373,8189,712,8665,2271,2514,2953,5668,9626,6122,1591,3304,8191,3469,1244,675,9747,3975,3755,740,4762,6633,3800,799,4494,5671,2512,4940,2806,337,3982,5002,2102,5918,2751,3835,7297,2462,9868,6030,4793,899,3119,7087,9921,4236,2755,2484,2715,4069,4774,3834,6372,5493,4666,629,6151,7382,500,1024,2596
28,19,13,5,7,16,25,58,660,6330,5111,9109,5051,8627,8026,8579,8465,7924,3433,9173,4701,7320,9177,9181,9213,9261,8009,8443,9278,2949,9304,8561,9322,7909,8004,6154,8037,6948,9341,9374,9444,8174,9521,9563,9567,8508,9577,9627,8511,7113,8251,9691,6897,7604,9701,9748,6485,6820,8022,7086,8429,7483,9809,9814,8263,6765,8476,5991,9821,9824,5633,9828,8602,7986,9837,9843,6651,9869,8570,9890,9894,6368,6146,9922,8447,9956,9961,8141,8219,9969,9973,9978,8269,9982,8239,7886,9990,9993,9998,8448
8732,8818,4167,8908,8123,1730,1987,3396,9010,3658,2042,9110,793,1700,5300,4652,4423,4174,4524,3173,2780,696,3240,3720,9214,1609,5254,1245,7784,2385,7707,746,5981,5819,2225,3482,4832,4114,6451,8227,9445,1921,9522,7878,3199,5238,7653,9628,2071,3820,279,3984,2925,847,1165,9749,1431,4148,4125,5399,1754,5579,2811,5421,5132,1437,3159,5424,828,3595,6394,6698,5878,4103,1962,567,2671,7400,2979,3488,690,3116,2691,8486,576,5161,5829,3920,3930,6178,3676,4132,2406,4230,2407,4834,5897,1390,6859,1873
8733,8819,5298,8909,5704,4109,3985,4632,9011,1547,4181,9111,4877,1476,3880,3214,5158,1447,4294,3633,2716,4944,1070,1488,9215,7737,3272,1461,8069,3976,7992,2807,7411,3160,4316,2300,5198,1557,7155,8503,9446,2459,9523,3679,1357,2055,4292,9629,1819,2882,853,7354,2482,554,1298,9750,4469,557,5245,5846,2460,1851,6645,3850,3793,1313,4979,3881,2872,2598,4333,7932,4497,2279,4094,8258,2038,6215,1686,5308,388,3782,1493,7544,2084,3614,4205,4927,2367,5896,5215,1129,2850,4138,331,4289,4475,1441,4382,2157
8734,8820,5397,8910,8576,7538,6006,5694,9012,5095,7678,9112,6860,3875,5867,6612,7416,5700,3370,4018,3456,6626,3732,2620,9216,8466,6217,341,8589,648,7913,838,9323,7798,8133,888,4040,5080,8148,9375,9447,5901,9524,4110,731,8127,7466,9630,1344,7213,3792,6740,7241,182,1411,9751,8138,4577,1386,6973,1487,6777,606,8150,7249,738,3228,6671,164,2958,7872,5040,7254,8517,7627,8287,3966,9870,4818,5352,188,463,7855,9923,677,7676,8615,1963,6446,7856,4309,113,6689,116,409,8108,3824,4690,8695,1112
8735,8821,7397,8911,8315,4529,5073,7736,9013,5583,7465,9113,4172,1043,4200,6041,7659,6261,1528,2639,3267,7048,3493,6502,9217,7043,7181,1051,9279,263,8444,3694,7831,4348,7744,6533,1186,1143,6120,7248,9448,1784,9525,2450,2823,6714,7296,9631,4965,2496,858,3283,5304,141,476,9752,7571,1837,2564,7033,4560,4430,908,8601,7352,1785,2227,7206,138,6214,6936,5679,5514,4996,7345,8681,3293,9871,6174,6398,571,920,4959,9924,4603,4251,8692,4531,7109,6523,3285,468,6385,165,72,8404,7795,4908,1063,1706
8736,8822,5898,8912,8621,5270,3381,3738,9014,3252,5373,9114,4206,802,4255,6624,5097,5985,4534,3994,763,5532,1625,5631,9218,8132,4706,1919,8557,1397,8207,88,8116,4005,2096,359,5609,4434,5782,9376,9449,5880,9526,4676,3479,3904,7019,9632,5786,4661,730,8512,2579,316,5809,9753,4954,5613,1501,6285,5086,1835,873,4570,5054,1748,972,4088,909,5529,3351,5847,6979,4209,4293,6235,3019,8569,2136,5379,170,1705,2489,8042,620,7654,3326,6231,5374,5601,7452,904,7070,4364,364,5001,4712,1613,7568,1544
8737,8823,2971,8913,8297,4841,1185,3583,9015,5908,7152,9115,2966,2765,5470,6625,6326,6373,4257,5471,2626,6757,1755,3848,9219,7683,5939,6597,9280,987,9305,323,9324,6169,5406,728,3434,6517,8048,9377,8356,6926,9527,1744,1830,1073,8134,9633,4655,6876,465,8021,5698,31,5035,9754,7055,5199,3271,7056,5092,1289,311,7618,7428,999,2119,7114,178,5646,7196,498,7741,3872,4427,7293,2052,8351,2770,2045,2370,6338,6742,9925,2072,2504,8276,5848,5818,7761,4278,919,2466,1947,254,5292,4334,5310,8308,313
8738,8824,4967,8914,8965,3179,2376,4077,9016,3836,4533,9116,1478,3086,455,3608,7211,2490,3690,3650,752,2669,1857,7334,8584,6234,6206,3072,8425,260,8640,2455,6690,3359,7694,3828,2805,5945,7285,8149,9450,2841,9528,994,1926,5914,7994,9634,2360,4851,2123,7542,4860,292,1152,9755,4492,2947,5439,5190,4385,4955,177,8119,5166,2658,1720,5350,347,4970,6930,4158,6727,6488,2998,8223,2555,9872,3518,5692,1103,742,6111,8275,1316,2816,8169,4401,4378,7582,2063,941,1428,5110,617,5574,7463,2603,4198,1047
7191,8142,2012,8915,7829,6764,3508,5115,9017,5436,6221,9117,3861,3763,3112,6712,7813,5261,2049,2870,3478,4617,3586,7341,9220,7970,6636,3358,8637,492,7777,845,9325,7980,6526,3764,3521,7511,7893,9378,9451,7541,9529,290,3988,5012,8283,9635,2542,6407,1280,8200,6356,50,1708,8192,5882,6541,1329,4223,2453,4022,38,8157,7553,504,1416,7800,161,4496,6892,1724,7742,6705,6110,4880,1738,9873,4150,4838,2476,1960,6529,9926,744,3288,8522,1571,6376,7477,3768,531,3373,1130,200,7486,7074,4216,7776,1552
8739,8825,4968,8916,7789,5280,595,3568,9018,3636,4392,9118,4366,494,1655,4416,6416,5461,2363,3740,2081,4448,2629,2299,9221,8280,3342,2646,7643,4012,8641,1537,7440,5501,5135,1995,5858,6087,4173,9379,9452,2198,9530,4746,1413,5089,8101,9636,5521,2058,673,7766,3286,928,4695,9756,2768,1905,3404,6148,4439,2910,7690,4715,3969,700,4306,4349,1050,1762,3265,3949,6461,6069,4362,2076,1822,8481,4386,4473,1477,1911,4609,9927,2389,2724,4358,1435,840,6808,7567,1146,2125,3941,419,6286,3668,77,5587,975
8740,8826,4645,8917,8131,3533,6096,3110,9019,5575,5734,9119,809,212,5015,2915,7042,2642,3163,3120,3162,4458,398,607,9222,4988,3646,2390,7176,3409,6947,379,8645,1961,4605,1131,6116,1644,2485,9380,9453,5455,9531,3457,391,646,7331,9637,6284,6166,3674,6983,5645,774,5669,9757,2507,1283,6341,4973,4729,1158,7870,7199,5413,787,2020,3882,5417,5903,373,7997,7324,5356,6265,2933,2606,6673,4178,4049,589,1714,6855,8306,3367,7367,7166,1270,5799,7734,6641,3999,5094,2660,1166,7058,2879,2776,7974,1343
8741,8827,2848,8918,7333,2980,2435,5883,9020,4171,6606,9120,1711,1375,651,3589,1055,3739,3000,748,1931,5625,2446,3186,7133,5024,6496,649,7610,5331,8451,2248,7412,6423,5258,473,3226,6073,3206,9381,9454,4279,9532,7724,969,5060,8199,9638,2908,5192,725,6259,3480,1449,3254,9758,5787,5291,4262,6138,1142,5729,7356,5894,2609,765,5392,5307,1293,3851,6140,1955,2778,3823,4679,7543,1083,8482,2954,6193,2799,2433,6888,8487,1228,395,7145,3184,4546,7230,1553,4928,5755,3585,3065,1513,3056,708,7696,306
8742,8828,1531,8919,8060,4254,2741,3213,9021,5584,2956,9121,405,1848,1403,3362,5974,5286,1404,3921,1335,2697,2341,4848,9223,7245,2234,4275,7406,679,8397,464,7832,6180,5038,3318,4745,2288,6077,9382,9455,4134,8666,2176,2018,1622,7467,9639,4250,3580,1829,6857,3789,199,2970,9759,2282,4222,3509,4208,4992,3909,4724,4398,1909,2773,2416,3750,2357,4283,6668,6520,6397,6129,6687,3472,2764,8431,5715,1527,1573,4062,5400,9928,1853,1716,6767,5611,1971,7753,5052,2221,472,2530,811,2648,3771,2940,8617,152
8743,8829,1176,8920,8577,3403,3337,5796,9022,3276,2427,9122,3097,469,1582,2733,3520,4060,2021,893,1041,6191,2554,1670,9224,8345,1631,524,7563,3791,8338,656,8058,5013,4550,2961,3797,1907,7194,8470,9456,6053,9533,5411,3905,5962,8215,9640,1614,4852,2523,8385,5169,80,1992,9760,2128,1419,2098,3939,3033,2258,3532,6509,1623,769,4415,3845,4234,5045,4630,2635,7534,1838,7342,2982,3767,8095,4330,4147,457,4028,4926,9929,1056,6738,7658,4634,5225,2478,5087,2712,6901,5216,4314,2622,5450,3298,7545,328
8744,8830,4580,8921,8371,6157,7359,4462,9023,4675,3918,9123,5866,755,966,6001,7327,1616,5767,3437,5667,2296,2046,381,9225,5269,3389,792,7684,5605,8321,378,7891,6564,7322,1427,6941,7381,6724,9383,9457,990,9534,6443,4481,6830,6852,9641,3554,6158,1952,7851,3431,91,698,8675,4911,6176,550,4543,6755,5191,166,5412,6239,2398,5382,6682,317,532,6592,8168,3523,5143,6220,2696,2079,8483,4786,5560,757,4923,6522,8613,862,4213,7378,2907,723,7668,2000,5709,6329,2394,5597,6062,4941,2392,7054,1007
8745,8831,7801,8922,8551,7224,3898,6307,9024,2867,8025,9124,6414,1319,2454,7698,1468,4360,1089,1170,3935,5621,3204,1885,9226,8588,6212,764,8211,4505,8559,1807,9326,2344,3494,1087,6301,5376,7316,9384,9458,6189,9535,3052,470,4654,7279,9642,8567,7496,2396,6782,4824,66,1105,5423,6560,3219,5963,7455,5546,1059,702,6920,5395,338,4585,5228,295,1519,5964,5351,6005,5971,6699,8053,397,9874,1095,4396,1543,3879,7157,9930,6255,8572,5835,4764,1791,7835,625,229,3686,430,2130,7515,3776,7390,8204,7836
8746,8832,820,8923,8017,4479,7140,2522,9025,4120,5147,9125,4107,1525,2505,5043,5994,4403,2155,3965,3937,5875,3233,583,8631,8145,6962,3215,8318,529,9306,4021,8646,1512,5443,1920,5936,4155,7247,9385,9459,954,9536,7894,5576,6022,7220,9643,5463,1156,2677,8230,2802,348,4936,9761,4397,3320,570,4937,2607,3511,2734,3761,1154,1359,2989,6505,462,4598,6487,5118,1566,2106,6599,8430,982,8684,6279,5196,1136,3906,7288,8520,1420,986,7955,901,3610,7208,7458,1439,4960,965,448,7794,6604,1782,4709,1058
8747,8833,1173,8924,5987,3519,5042,2617,9026,5252,5150,9126,1769,1347,2752,5466,3726,5675,887,3697,3540,5293,2703,1030,9227,5306,4919,1134,7830,1368,8322,1038,7883,3545,4467,623,3807,2316,4795,9386,9460,2801,8323,6890,885,3053,5090,9644,1957,5805,2842,3401,3565,936,3183,9762,4871,4298,2962,5294,4544,2838,1330,1064,2361,2441,4177,5250,3501,3309,4009,6445,5036,2164,6603,7022,3440,4671,4194,3020,1503,4099,5776,7828,714,4748,2547,4485,1861,2240,2929,766,1088,3460,3275,4769,2513,2193,5361,768
8748,8834,1869,8925,8966,7270,5778,6587,9027,1776,7064,9127,4667,894,7131,6571,7969,5801,4801,4487,3741,7038,1418,3340,8632,7990,1235,407,7204,5442,8242,68,5550,6730,4417,314,6863,5063,5020,9387,7273,6575,9537,4451,612,2550,8084,9645,7689,6933,3279,7522,5676,383,6492,8541,5075,555,3374,7504,1565,5490,8091,7488,7167,261,1999,5758,618,5834,1180,86,7809,6278,5708,697,3499,7916,4975,6700,446,1307,6409,9931,3612,8236,7576,5534,6305,7917,7282,5419,7223,217,4010,7256,2831,1666,8079,3278
8749,8835,6113,8926,4055,3622,4510,6918,9028,3263,3964,9128,5912,1234,3663,6058,6045,6093,3317,1882,5335,4027,1378,213,7305,8317,1901,4350,7791,5237,8498,1746,7121,3802,7005,353,3630,5803,2781,9388,7616,3153,9538,8539,1605,801,8063,9646,4153,6081,1039,9692,1325,362,2152,9763,6556,2281,3495,5339,3730,2601,3200,7160,3380,96,823,5759,926,5789,7675,459,3054,4792,4023,7457,2216,8121,536,7301,1518,5482,3516,8689,3912,3606,4377,1079,5662,7491,2563,5941,7218,4274,1015,3126,1722,3147,8290,5957
8750,8836,5323,8927,7348,1467,4327,3951,9029,745,507,9129,4971,796,4058,4800,5775,5031,848,4498,1202,4083,604,1981,9228,5658,5528,1820,7162,1914,7700,3170,5203,6024,3796,4455,4778,2796,4883,9389,9461,5892,9539,4884,2186,5723,6199,9647,5004,2187,1898,8103,2434,610,4426,9764,5578,3662,1292,5548,2250,2835,5654,6942,2575,682,4714,2914,3148,3688,4235,7366,6190,6366,4700,8391,1126,5911,2628,2283,1913,2310,5549,8331,2426,2743,1868,6142,2419,6878,3193,81,2643,3689,717,2247,6052,1019,6468,2535
8751,8837,6074,8928,7882,7728,7790,1956,9030,3338,8250,9130,6754,1455,4542,7186,8353,5370,6168,3659,1856,7234,851,780,9229,7846,3742,65,9281,5497,7785,932,7262,7981,3392,189,7786,6219,8245,9390,9462,4562,9540,7388,370,2268,7765,9648,2995,3576,2918,4658,6955,60,2858,9765,8104,5407,8059,6139,2678,5512,6159,8515,7490,3552,4169,1078,186,5485,4187,2445,5425,7419,7952,1294,4352,7686,2266,7811,230,674,3132,9932,4371,8461,8067,5027,4624,8085,2525,2600,7047,95,6483,4252,1157,678,8574,5120
8752,8838,2632,8929,8412,5784,4862,5771,9031,5773,3467,9131,3842,2206,2605,2141,3023,7119,2423,5401,453,5505,4636,1162,9230,7362,6882,2670,8558,139,9307,1356,8220,5680,6574,3237,7540,6095,7433,9391,9463,4361,9541,4287,3618,6121,6666,9649,2722,5148,238,8673,6018,321,6032,9766,4183,2568,616,4602,3647,4893,1741,5487,7418,3386,3418,4495,491,3783,6989,7702,4233,5492,7173,7904,1850,8608,5712,7127,92,1888,7221,8341,1370,1125,7943,1773,6092,3838,7607,481,3762,937,210,7257,7319,1459,3130,1672
8753,8839,4482,8930,8205,1275,5177,2682,9032,2471,2034,9132,1884,2304,2950,4668,4143,2904,2099,2030,3995,3896,1265,3944,8525,6654,4903,2654,7502,3218,6931,2280,6241,4660,1195,622,2992,5152,5870,9392,9464,3623,9542,6434,2862,5367,7142,9650,5765,1266,603,8513,3312,1308,4499,9767,4321,655,5716,3421,1394,5409,3477,5502,3627,1792,1775,5230,1760,4751,808,2723,4322,4837,1796,6466,3616,9875,5326,5138,1367,1778,4612,8368,1918,6039,1640,4692,747,6132,5905,2594,5119,930,219,4446,3737,1580,4694,2061
8754,8840,834,8931,8967,3934,6353,3535,9033,3425,5241,9133,5959,326,3717,6401,6818,4201,4969,1061,2148,7350,826,1740,7180,9262,5486,687,8212,3198,8015,167,6344,3313,5025,2591,4863,4536,4995,9393,4491,7106,9543,5078,615,3108,8246,9651,5538,5736,2988,7497,7355,220,6439,9768,3328,1077,968,4019,681,7946,8201,4956,4164,1653,5933,3007,3399,4827,1093,1949,8005,5168,7535,729,3701,7611,3221,5003,275,1224,4980,9933,2652,8314,7819,5507,3826,4554,6552,7289,7651,484,1336,7636,1219,2664,5072,7385
8755,8841,3867,8932,4227,4808,5271,4217,9034,5949,2855,9134,1562,1011,2444,2672,1997,4359,2179,3068,2323,4493,2371,2162,8585,6205,4193,2717,8300,2347,8642,1813,7375,3236,2452,1545,1845,6009,6555,8381,8660,4056,8453,7013,1490,2750,6677,9652,5283,2557,2468,6883,2821,1139,3177,9769,5223,2377,3428,5122,2207,2404,4703,3704,643,1743,2414,819,1256,4241,713,3808,3280,5696,4920,1581,1144,8418,5410,4522,1187,3527,3929,8342,3653,528,6100,2057,1163,2153,5018,5008,1409,2791,2008,5967,5285,2040,2793,2726
8756,8842,4082,8933,8136,5958,7889,3657,9035,4803,7031,9135,1986,2337,5746,6197,5220,2595,509,4525,4476,1637,2997,2578,9231,5742,2948,867,5129,1380,9308,839,8529,6940,6002,4003,6590,1246,8088,9394,9465,5302,9544,7850,3962,2527,6838,9653,7495,5444,756,7468,3914,694,505,9770,3050,3945,4244,6826,5954,1098,707,5833,2066,2694,5219,4590,836,1193,6264,8388,7506,2007,2650,8328,1226,7124,2201,4647,860,4680,7377,9934,5289,7036,1924,5459,5972,7612,716,223,7558,4422,4124,7559,1647,56,7677,1237
8757,8843,5720,8934,6512,6779,2644,6475,9036,3961,5253,9136,2497,3014,3253,2315,7936,4266,2589,1388,2343,2559,2890,878,9232,4977,6915,1979,8055,2977,8594,310,7837,2277,1172,548,5112,5047,7708,9395,9466,5207,8667,6046,3321,5563,8118,9654,7164,3992,168,7523,3968,545,1067,8475,2317,4412,7214,5240,3613,7081,2474,7014,6658,2373,2156,3888,2656,1026,7306,1429,1594,4015,1551,7376,1084,8296,1223,2973,1929,4490,4067,9935,3210,1965,4081,4711,3395,7318,925,1733,3513,1097,667,3249,3806,4065,7962,2229
8758,8844,5188,8935,8000,3655,3784,7527,9037,2015,4614,9137,3246,1053,4637,2932,1452,2692,4335,3524,2968,6262,760,5127,9233,4663,3255,1082,7807,3391,7271,257,6734,3541,3877,1001,5181,5338,6631,9396,9467,5707,9545,1834,1641,2583,7843,9655,3174,3911,2236,8262,2027,115,4182,9771,3076,2050,3066,6749,5328,4872,2440,7200,5187,180,2984,5996,197,4409,4461,191,4052,4404,3402,3795,2192,9876,2860,4986,1532,5322,6091,8521,3978,7138,6957,2681,5973,5738,7536,1912,6441,628,3025,4437,6405,2662,5969,1273
8759,8845,7374,8936,8352,4442,3375,4839,9038,4199,6774,9138,5019,3229,2405,6861,7519,6257,1122,5159,1212,2133,3638,6993,9234,8137,5989,1346,9282,2740,8243,2877,7693,7177,4218,669,2506,6745,7748,9397,9468,7393,9546,761,4512,4726,5564,9656,6956,6649,2612,8247,3136,226,854,9772,3986,3388,2270,4731,5340,6082,61,7417,2183,340,3016,7804,143,1358,4802,2985,7662,7144,2863,6865,444,9877,2388,6711,278,3012,7579,9936,1284,7429,4950,7097,4947,6531,1242,2121,5851,1535,638,5756,7887,672,8309,5523
8618,8846,7347,8937,7509,4281,6991,1213,9039,2911,6723,9139,3563,236,2498,5624,6035,7425,6470,2366,5096,2827,2880,414,9235,5952,5515,413,8378,645,7958,2758,7407,5687,7814,998,1255,5000,2534,9398,9469,4547,9547,8400,784,5432,5028,9657,8128,1361,3036,7312,6760,187,4796,9773,4288,797,4519,7095,4356,5101,6034,3765,6253,334,1996,6403,93,4758,7292,788,5136,3341,7565,8265,1794,7229,7169,2762,549,4154,5277,8690,2928,2529,6832,4489,6323,7344,5130,4468,6232,599,1115,7010,3804,2326,7537,5114
8760,8847,6977,8938,8523,4383,2748,6872,9040,5741,6228,9140,1843,4286,6717,6415,7595,5545,1636,1188,1471,6063,5037,7369,9236,8491,2999,1009,8075,2205,7492,2233,8182,7321,6450,3353,5221,2808,5891,9399,9470,7026,9548,2903,2241,5632,6181,9658,6887,4629,798,5193,1401,202,1259,9774,7280,810,3537,6486,7275,6172,540,6974,4538,800,5763,7666,269,3959,6978,8209,7833,6163,7639,9844,1086,8685,3681,5517,103,783,6290,9937,2714,2690,5478,5661,7581,5623,3055,371,6769,149,154,5542,7151,613,4942,5649
8761,8848,6312,8939,7030,6211,4814,6992,9041,4742,5942,9141,5431,2267,3588,4728,6617,3461,2590,5554,3948,5384,1414,6495,7562,8406,4061,535,9283,751,6997,1230,7861,6370,6059,422,3799,3485,5702,9400,6503,5690,8668,6037,2502,4548,5932,9659,7713,6728,2581,9693,1379,78,3365,8456,5218,1324,7242,4966,4460,6609,110,7818,5381,776,1075,5682,155,4931,7172,136,3747,5816,3534,7123,2570,9878,5201,3400,250,2945,6436,9938,1369,4340,5640,5544,3862,6879,5665,3419,5616,272,876,5830,5968,3815,7691,3725
8762,8849,4312,8940,7613,6196,4087,7063,9042,5500,7077,9142,6967,3703,6893,6713,3865,3714,5313,4192,946,7443,3972,3164,9237,7547,3773,2456,9284,973,9309,1301,8530,6791,5593,1570,7944,5468,7965,9401,8504,5862,8399,4859,3829,5014,8382,9660,7435,5290,195,9694,1285,49,7001,9775,6884,4247,3127,7195,2829,3919,2417,7317,6308,1317,2025,6192,242,4885,6945,1116,7979,6362,4165,8224,4345,8267,3325,6854,73,2149,6995,9939,354,1181,8403,6125,6905,6674,7557,510,6788,268,137,3702,6377,621,6753,647
8763,8850,1149,8941,3917,6248,6513,1593,9043,5226,4740,9143,1587,1891,2986,5375,5721,3514,1667,4705,4790,4535,2351,569,9238,7930,1602,1808,7238,4267,8076,1675,8414,5217,7615,3822,5750,4050,2851,8398,9471,3603,9549,8100,1770,5209,7353,9661,1100,4276,333,6247,4664,993,3710,9776,6548,1966,3507,6561,4376,5618,5516,6657,665,1211,2146,4431,2330,1682,5877,709,3149,6141,6584,2593,1767,9879,2138,2345,1657,2202,3957,8419,4259,1826,5342,1881,1598,6413,7485,1533,4190,1889,964,3281,4470,2585,1262,467
8764,8851,5854,8942,6778,4835,5938,2885,9044,5705,1742,9144,743,1758,5504,4002,6802,4367,4662,980,1227,5852,2742,866,9239,6471,3902,1860,4946,1391,2844,490,7236,5982,4073,2083,3803,3841,6348,7867,9472,5222,9550,5845,614,2293,4963,9662,3224,5355,324,3095,3144,1607,2369,9777,5049,2397,5543,5005,1171,4046,6351,4344,1569,1717,3772,5955,3746,1763,4436,2290,5711,4964,3621,7845,1671,5160,2987,5333,1384,900,2093,5986,3733,7057,3947,5372,3197,6880,684,4189,4179,1849,1037,4953,4246,1989,6545,1003
8765,8852,2170,8943,8524,1151,889,4342,9045,4265,5988,9145,806,452,3960,5603,5189,6076,502,1194,3491,6179,1264,4025,8586,7797,6613,3062,9285,1601,8499,1060,9327,6491,7940,653,3549,4858,7903,9402,8563,6067,9551,7482,5608,1076,7494,9663,5762,5472,2545,7503,2064,82,2883,9778,4983,2273,6839,4438,5456,1190,2334,5246,3787,3166,6432,4042,1878,1484,5678,1349,6952,3718,5910,3476,1205,7484,7007,3696,1783,4787,7174,8066,1124,5683,5737,6271,4829,7158,4256,772,6856,3922,523,6961,6464,1863,6167,99
8766,8853,2653,8944,8622,4648,3617,1340,9046,1904,6065,9146,2785,2952,4239,2231,5311,4032,1220,913,3505,4328,1210,6539,9240,5327,4582,3332,8018,1902,8500,947,2865,3031,6608,432,3384,3084,6665,9403,8049,6927,8597,949,2574,6289,8222,9664,6123,2074,2708,8363,1448,721,601,9779,2704,3439,3938,5589,5404,4611,4098,7725,5071,807,4034,4781,4014,5430,2983,939,7307,3557,1362,1251,1993,9880,1567,4203,1541,4159,6315,8614,1691,7415,1310,695,4987,7277,2167,4717,6133,4597,3202,5105,6104,2641,7560,194
8767,8854,4948,8945,8181,7480,8001,5299,9047,5347,6707,9147,5792,1777,4036,7117,8161,5701,5318,4553,2177,5815,2916,1679,9241,8432,7141,539,8407,360,8153,671,8531,6998,7652,2706,4566,4406,8649,8533,9473,3468,9552,3448,1618,7512,8020,9665,1107,6650,1209,7450,5022,142,2519,9780,7566,6162,2180,7844,2048,6038,1177,8202,7871,1526,4625,5992,123,4932,7667,6244,7985,6976,6869,8568,3412,8545,5394,2814,85,556,7625,9940,691,8033,7343,3893,6640,6669,7768,157,6453,67,538,8180,2736,2210,8411,565
8768,8855,1684,8946,8578,2633,6266,3548,9048,4593,6729,9148,4626,4121,4447,3180,5879,5802,1472,2930,512,3876,995,6971,9242,7806,7386,3113,8087,652,8302,2881,6963,7258,4185,3094,3709,753,4506,8657,9474,4743,9553,771,4000,3424,7685,9666,4156,3145,1927,8077,4805,291,635,9781,5788,1933,2737,2615,2408,6149,196,3503,6150,897,3956,5725,1789,3852,1597,6785,6709,6593,6130,8234,2124,6236,3022,5874,1816,1516,6661,9941,2401,6840,6280,5057,3222,6202,3058,183,4428,1893,130,6447,7023,3227,1592,5387
8769,8856,6126,8947,8334,3983,3245,5772,9049,2402,5567,9149,2487,1522,1797,3544,5520,2339,2861,1574,3397,3816,1216,1250,9243,6836,6237,3030,8292,2463,6455,406,5204,861,6399,245,5537,5562,6381,9404,8505,4713,9554,7219,5048,1642,2163,9667,2699,4277,895,8386,3379,773,2238,9782,4736,4766,734,6364,1502,6298,6440,3805,3604,2085,3977,3871,100,4810,6750,2028,2019,5766,3038,7939,2313,8006,5109,3087,1241,3833,6489,9942,4204,3470,5836,248,3990,6622,7150,3247,3788,3201,3001,5655,1643,2415,2477,2503
8770,8857,2539,8948,8196,5084,3465,5823,8625,3157,4290,9150,5804,204,4408,3216,6387,6023,4631,2432,1450,4804,4240,2836,7756,8492,7154,1323,8253,5227,7949,1473,7862,6554,7424,3371,1977,1880,6644,9405,9475,5863,9555,7632,2732,5915,7911,9668,6293,6200,493,9695,4849,106,3691,9783,3570,519,1847,2957,6322,5691,958,7136,6904,1690,1524,1899,339,3517,7020,6786,2510,2854,1542,7372,1681,9881,6684,6367,705,2759,7580,8546,4568,2565,2725,4270,3316,7462,7714,358,3664,659,683,6611,7209,1004,6834,791
8771,8858,5906,8949,6772,4160,6670,4573,9050,4465,4007,9151,4999,3843,4117,5747,4794,5171,2619,4775,376,4924,1991,1945,8587,6136,3779,3194,6422,590,9310,1818,6318,6547,6862,2698,4754,5961,4896,9406,9476,5951,7078,1852,699,5650,9578,9669,6350,2693,266,7995,1732,602,4302,9784,2917,6088,6934,5473,1215,4269,3372,7408,6084,846,1028,6577,2147,3566,3648,284,6310,6230,7035,3146,2493,9882,2354,5595,1381,2920,7004,9943,3208,1600,7313,4696,1485,1221,4197,578,6282,2718,246,3124,2257,1422,1272,5312
8772,8859,2729,8950,8171,3821,4619,4139,9051,4280,3463,9152,4673,3569,2324,6075,5884,6601,1354,1596,1182,2475,4387,5861,9244,6359,7423,2993,8056,3122,8147,1049,7240,7263,5944,4511,1556,2253,1697,7863,9477,6411,9556,575,3142,6479,6223,9670,6321,2491,1236,6794,4659,433,273,9785,6213,2145,3946,3684,7143,5651,128,5895,6128,2689,3109,7120,890,5360,6498,8217,5751,6173,3273,7880,1539,8330,3626,2297,3481,2931,5753,8369,3129,634,7175,7592,4917,7226,581,437,5728,1169,84,7015,7905,2686,915,4454
8773,8860,5278,8951,3973,7718,8160,298,9052,4642,7330,9153,5460,558,6775,3407,8002,5536,3504,1299,3758,7472,2352,75,9245,4653,8291,159,9286,1318,8643,1759,8647,5612,7925,2828,7012,6010,5552,8221,9478,1248,9557,7529,835,6627,8375,9671,1875,1595,173,2442,7589,489,1198,9786,5172,7572,6792,7767,6877,6891,7215,8248,6835,3466,6805,7591,1269,5475,7984,8440,4890,8093,7758,8305,5541,8401,2104,4873,280,869,6482,9944,480,3818,4861,6551,1314,7933,2218,5666,7551,6756,608,3196,1074,1312,4572,1204
8774,8861,5686,8952,6546,3090,1208,4557,9053,2306,3889,9154,4249,387,2521,4414,3125,4500,1257,3510,4243,1483,1879,2772,9246,6389,5533,2711,8173,1890,7993,1649,4545,2500,5050,1828,5890,2663,4930,9407,8506,4508,9558,7300,2508,5783,4727,9672,4238,368,2126,8473,2150,496,3672,9787,1548,4355,6047,1656,2647,4638,4325,741,3178,689,857,2847,2551,3635,5873,2278,4516,5790,4957,8151,945,7646,1844,3029,843,3423,5243,7267,3413,6784,1577,4552,1521,6506,6536,2335,1203,3430,3712,4228,5156,2520,5872,2661
8775,8862,7782,8953,5923,2636,4284,850,9054,1303,6653,9155,6643,227,2797,4943,7988,2439,4891,4530,5102,7596,2224,451,9247,6781,6954,144,6119,4772,9311,3587,8469,7403,1530,3885,7865,7772,6721,8596,9479,5586,8669,6355,479,3268,9579,9673,6725,6720,126,4324,7590,534,1282,9788,3244,7931,7921,5186,7751,2140,7757,8326,6621,1263,2675,2336,6480,1693,4952,9829,8032,7792,7082,4906,2864,5416,1085,7325,276,2538,3385,9945,4106,3137,3575,7188,637,6694,814,7650,6902,2655,251,666,1189,4399,7110,5657
8776,8863,6511,8954,5026,6959,7304,2833,9055,6267,8187,9156,3446,156,8109,5398,1099,2109,2056,258,6630,7601,3643,222,9248,1695,7235,174,9287,5592,8468,640,8648,7892,6050,2803,1364,2517,8427,7910,9480,8062,8670,8010,121,3187,8016,9674,6252,6060,912,992,7045,813,1799,9789,6984,6117,6055,3394,7101,8252,8139,7259,7619,4311,6393,6935,4821,6124,3091,6951,7255,7404,7584,8041,2322,7967,1424,7624,1688,443,6796,9946,4755,4016,6404,7072,4024,6580,300,2668,4523,852,1712,4708,563,718,7185,5420
8777,8864,3753,8955,7923,3205,7059,3550,9056,2896,5281,9157,1017,1964,3645,2941,3339,5950,1153,4635,4301,1589,1425,2437,9249,5232,5117,833,3044,3026,7771,4037,8355,5935,6744,1864,7178,2645,3331,8658,9481,5610,8471,7146,367,3786,8339,9675,596,1376,605,6691,3683,436,3114,9790,3989,5927,3599,3581,875,6528,8072,6576,5137,2631,5273,6683,2342,1022,1387,943,4876,6853,4035,8366,1633,7704,2355,5099,830,3901,4353,7947,1046,3343,6333,6715,2769,7439,3195,1090,4825,1200,680,4017,5176,2528,3310,3234
8778,8865,3305,8956,6773,6980,6676,6800,9057,4771,6629,9158,5140,573,6490,5697,7821,7212,6250,5325,2959,6538,3853,5163,9250,8396,5155,856,9288,410,8197,3171,9328,7171,6015,3235,4044,6680,6460,9408,9482,6108,9559,5876,5053,6456,8409,9676,3324,3301,302,8674,2873,51,6726,9791,7638,2837,1510,7147,2014,3891,1434,7885,6026,1290,1554,6827,259,5530,6795,978,7003,5570,3809,8392,2032,9883,3574,5434,171,1201,5904,8547,989,1858,8463,2747,7514,7009,7743,474,7231,120,109,5993,4441,3547,7232,842
8779,8866,1121,8957,7717,2889,6457,5503,9058,4100,6021,9159,1309,2623,5547,5107,1747,6245,631,1757,872,2972,3140,3471,9251,6014,3441,2548,3827,2897,7679,1572,8408,4809,1433,3260,3314,2054,3785,9409,9483,1803,8454,6981,884,5644,6382,9677,2494,2921,778,6776,3393,1806,6845,9792,2819,5484,6812,5821,4131,1118,8156,6975,4551,692,3297,4304,2515,2960,5149,8120,5745,2075,4226,8604,2676,5123,4258,6216,560,4720,7438,8691,1096,2331,6706,4697,3319,6300,1917,516,5590,1568,1550,4215,4549,487,5213,181
8780,8867,7841,8958,7290,7975,7634,4541,9059,6072,3369,9160,3868,953,7084,6801,7118,7090,5366,1972,1867,6939,2436,1197,9252,8377,3290,211,8301,1141,8198,2082,8452,5940,7815,2566,3910,5869,9342,8436,9484,7950,8671,8565,308,7688,7966,9678,2044,6982,3619,6273,4521,235,5979,9793,8257,7094,5091,7414,1935,7778,7674,8542,7323,935,4108,7475,185,5855,7441,1454,8092,7513,8327,7998,1943,9884,4313,5828,111,352,7759,9947,564,8462,8078,2443,6210,7754,3088,304,7183,42,4357,7269,380,3814,3064,420
8781,8868,3736,8959,8623,5630,5620,6642,9060,3074,7225,9161,6325,2786,4840,6288,3775,6701,1481,4574,1008,4721,1432,4260,9253,7937,3376,5046,8494,2118,8303,720,8208,3958,6842,1104,7099,3239,8350,9410,9485,4689,8564,6637,2438,6374,7864,9679,1886,5978,1065,7852,3345,33,5577,9794,5902,6089,5677,6928,5864,3571,544,6345,6078,2421,4678,2318,349,5886,6013,5558,3605,2143,6751,8274,1128,9885,3416,3118,330,3752,7575,9948,335,2934,5251,6044,2017,5614,4741,736,767,921,208,6448,6833,1659,8130,499
