1482,204,6665,2218,3018,3948,8513,8612,8620,3283,3193,1211,4803,1744,8722,8820,6180,3179,6853,6150,8088,7053,3932,3671,757,5792,5656,8311,3585,3768,866,8931,7322,6867,8336,971,7831,4080,6614,4638,7582,8981,9078,3956,4333,2337,5765,6238,5783,1292,6193,6855,8172,417,7406,3696,5845,5899,5268,3494,3740,6359,9168,8064,4715,7683,9279,8205,4709,492,1645,8159,7423,3989,9428,6816,161,4249,497,6213,3168,49,4311,1065,1561,101,6170,4808,6066,9539,9639,9736,7697,9842,1520,793,3712,2600,405,9901
584,2001,7384,1153,4740,3394,8514,7819,8621,5812,1141,713,5437,1038,8723,8821,7184,3383,5530,2522,8124,5548,8901,4451,824,5395,6701,5182,6345,6019,2314,8375,7760,5375,7520,1458,3166,3058,4663,818,6566,8982,9079,4794,5324,7471,3999,3051,5325,893,7592,5485,7850,1606,6815,4199,7050,2987,1501,3638,7056,7752,9169,9268,4731,5708,9280,9340,3430,305,393,3242,5250,6783,9429,7366,65,4210,704,3228,8142,732,2605,488,1784,1570,2475,5105,7181,9540,9640,9737,7224,9843,683,1035,5122,3522,2607,9902
6588,3760,3677,2740,668,5992,8515,5604,8622,1443,494,1426,7497,4592,8724,8123,2535,5452,5308,4379,7580,7574,8421,7349,4065,2610,4730,6539,1775,6061,3763,8432,6759,1856,7799,440,1088,3969,7335,1709,7611,8983,9080,6647,1880,6462,5647,169,4806,230,5600,5330,7718,679,7313,6015,3347,5411,2626,1060,6924,7352,9170,7484,3185,5507,8186,9341,7535,2508,3335,5591,7776,9390,9430,6468,167,6832,1402,5355,7956,227,3238,140,2661,2191,3159,3790,5948,9541,9641,9738,7743,8494,192,2473,4547,5447,1341,9903
358,301,1731,2812,4796,5779,8516,2945,8623,790,4214,1423,6857,2926,8725,6891,5825,1611,2397,1339,7380,1418,6322,5492,2306,5476,5167,7433,4282,4395,1083,7305,2645,4070,4473,6669,8170,2868,4783,2757,1005,8984,9081,579,3939,6037,5526,4329,1998,6522,6518,5188,4618,1754,6281,5098,8015,6509,2750,1369,5959,7636,9171,4553,489,1127,8115,9342,2807,2064,5302,6876,4216,5617,9431,1297,4122,2243,3903,1670,9532,436,2824,669,4517,4198,4197,4429,4961,9542,9642,9739,7229,8495,2652,470,5442,7562,2355,9904
1063,5908,7319,6530,74,447,8517,7183,8624,125,1955,2018,7778,4774,8726,1770,4928,4028,4550,3610,8332,5870,6935,6328,3978,5834,4544,7700,3715,2668,2502,8932,6323,7812,6983,883,7565,1039,7060,232,7256,8985,9082,4090,6352,4668,7532,2030,247,4914,3218,3216,1988,316,5644,5867,7803,135,2798,5204,3281,4801,9172,7191,4074,4739,9281,9343,7063,3620,1573,7092,6348,9391,9432,6403,1945,6525,4948,3287,5136,130,5782,2308,3866,4989,5342,1995,4173,9543,9643,9740,7858,9844,265,3753,4040,2415,5618,9905
809,3525,7893,7058,762,3221,8518,8166,8625,4213,4398,7440,4571,926,8727,1816,2428,2995,2209,4681,8858,5184,8023,7123,1951,5763,4452,8373,5194,4029,1445,8933,7311,7386,7159,2427,5516,5776,6450,892,4180,8986,9083,6925,6353,6886,6020,294,885,1057,2077,5506,6670,40,4287,1365,6373,6032,2282,2105,6706,6510,9173,5781,2873,6569,9282,9344,6004,1013,4589,4584,4271,7993,9433,6762,2359,5942,5233,24,2505,3,4687,3664,3282,1722,5172,3561,7474,9544,9644,9741,7199,9845,303,3176,5137,2818,1817,9906
1347,337,3604,867,2457,1757,8263,3464,8626,958,1960,3110,4732,3265,8728,1660,2294,5162,3555,5153,8368,5688,7067,3837,3485,5686,5896,7811,1833,1116,758,8433,6266,5044,3211,4309,2809,5662,5339,2350,8317,8987,6408,4797,5543,3509,4978,4278,1340,923,1983,5151,6620,2060,5022,3333,7978,4091,1836,4538,6309,7407,9174,7192,1539,6044,7594,4566,4676,2257,4075,7768,3860,6504,9434,1133,197,5239,1646,4220,5839,734,5371,605,3802,1550,3120,4694,4407,9545,9645,9742,3865,9846,3259,3880,5993,1516,881,9907
2778,5143,6842,7431,2395,1909,8519,8613,8627,2644,2212,4509,7115,76,8729,7411,6263,3329,6236,1886,8859,6340,6893,1175,248,2165,3052,4527,5216,4786,828,3681,7295,3289,8127,4582,1958,4771,7987,5562,6959,8988,9084,5557,7492,3628,8061,1822,5087,983,5139,6523,3010,56,6896,7719,7979,7860,2853,4401,4877,8113,9175,9269,2300,6195,9283,7791,4100,210,4632,4396,2787,7495,9435,5664,96,6673,3855,4590,4415,6,5713,2640,3829,2201,6276,5883,2509,9546,9646,9743,4793,9847,384,2963,6718,1289,425,9908
5824,1168,1785,7439,2192,1763,8520,5667,8628,729,2710,5376,6091,2039,8730,8822,5480,5559,3895,6350,8860,5144,5954,4985,2259,3614,5774,7798,4702,927,803,8434,2548,8249,6577,4342,8091,2923,5066,2342,5917,8989,9085,2150,3616,1798,3318,7451,2267,1694,6616,6438,4916,137,7018,5267,7999,7020,4791,670,3919,7720,9176,7117,415,6964,9284,6651,5758,121,5381,6800,4116,8138,9436,6202,104,7596,6158,5773,2082,61,6519,4064,3603,3149,5721,4491,2301,9547,9647,9744,7032,9848,745,4827,2540,773,242,9909
6338,2871,5851,4391,4133,3650,8521,7248,8629,3372,1436,4526,8039,194,8731,4215,6619,2022,5932,2436,6854,4262,6229,1453,1270,4025,3373,6389,5224,5114,912,8934,6948,4442,7602,3797,3253,2188,7269,4375,6589,8990,9086,3355,6838,4462,7936,1749,3686,764,2659,4206,7071,66,5058,3911,8257,7173,3864,3243,6364,7570,9177,8174,444,6585,9285,7080,3624,233,4235,3481,3304,7968,9437,5902,52,7409,4068,1892,3682,10,6917,4102,3024,4683,6643,4947,3539,9548,8238,9745,7608,8496,782,2760,6785,629,314,9910
5970,6551,8053,8215,6653,6371,8522,6639,8630,409,17,7821,8267,3325,8732,8823,7609,6581,3515,5804,7917,7945,6144,7869,220,1661,3403,2696,4610,1961,250,2767,4303,1385,8079,6687,1417,2891,7801,5145,8974,8991,8381,4380,6237,6604,8286,1508,3198,600,7289,7576,7045,443,6994,8030,7453,4761,1463,5934,8235,6081,9178,9270,1954,6294,8461,5171,7981,89,6023,2186,5514,8481,9438,4154,63,6680,2133,5307,5168,71,4507,2332,2601,4217,2339,6196,5811,9549,9648,9746,6773,9849,390,3951,7706,1194,658,9911
1328,21,2924,2783,5778,3931,8523,5581,8631,1726,3170,608,3754,1043,8733,8824,7693,2108,2657,5819,6273,8040,4804,1907,1307,6806,3436,7870,6093,2581,1490,8935,6351,8279,7800,5989,6807,4898,7160,1069,7544,8992,8382,2014,2390,3665,6834,9148,3076,903,6333,7741,6878,1061,8319,2622,6109,2255,5550,5060,7467,7651,9179,9271,3878,7705,9286,7615,6458,879,450,7836,5607,2494,9439,6155,1891,2409,550,5253,3137,164,2331,1644,3673,942,4117,4155,5169,9550,9649,9747,7475,8400,1299,4519,4054,1994,275,9912
2136,4458,6033,4749,3415,4176,8524,6975,8632,1145,3241,5837,2497,1009,8734,8825,2703,1174,3938,2193,8861,5832,8902,6883,3065,2023,4497,5785,1132,2536,2594,4489,2319,5458,2372,2727,2516,416,5228,1687,6367,8993,6181,3896,3192,2905,5472,5248,2894,2488,2969,3646,3266,2373,5886,4033,6851,7015,1875,1981,7025,2010,9180,2272,860,3053,7790,9345,1896,239,3706,984,6593,8350,9440,2089,297,3955,4057,2618,8298,3130,4858,3496,1797,875,3567,3701,1125,9551,9650,9748,5291,7454,2511,4724,4685,4182,6344,9913
1034,5796,3328,6899,90,2076,8525,6914,8633,388,3703,6139,6668,3369,8735,1505,4300,3236,3488,3536,8333,7194,8310,7042,1625,4576,4529,7884,5097,2849,4561,8435,6254,1428,3957,1634,8966,4320,5319,397,7306,8994,9087,1267,4150,5750,6211,699,725,4132,1787,5769,2903,41,4971,5185,6960,459,2844,4273,5891,4860,9181,6386,3722,6909,9287,8472,7910,2382,2555,6973,6244,9392,9441,6737,3143,6376,4414,649,7410,331,4539,2922,3980,3711,4042,1914,5010,9552,9651,9749,7392,9850,129,3689,1689,5265,3486,9914
4744,1859,7630,2070,1622,1702,8526,7896,8634,4464,348,7645,6067,2069,8736,1105,6008,5401,5003,2213,2731,3985,2394,6548,20,5462,2384,5008,4556,4495,300,8313,5236,3210,6492,1235,4822,2170,7387,5583,7771,8995,9088,4125,6095,6601,3148,3037,1823,546,6567,4134,6286,286,6943,4438,8258,6961,3334,4181,3173,7947,9182,6625,2856,5495,9288,8348,7571,1879,3995,7572,4554,8066,9442,4679,166,6227,3227,5946,1673,7,6377,4406,4094,1524,3742,4314,7396,9553,9652,9750,5429,8497,685,357,6414,6795,7274,9915
4587,7915,8068,4850,2072,2276,8527,8307,8635,1504,890,846,6635,4137,8737,4598,6128,6992,3924,179,8862,6953,8903,8247,3945,3886,4817,6092,569,3427,5085,8936,6609,1217,8281,4037,7542,2635,3912,2139,7772,8996,9089,7832,4400,1441,7220,253,2476,1089,2762,7773,7509,1761,6481,4941,5152,7763,1180,3510,4979,6584,9183,1718,5438,3612,9289,9346,2065,788,1704,449,7723,9393,9443,5665,610,6910,4307,898,9533,6769,993,1693,3803,6484,356,6304,8143,9554,9653,9751,7147,7241,213,296,5961,9900,7950,9916
5288,6049,8022,3949,466,4984,8528,4121,8636,68,1280,1658,4518,3352,8738,8364,3615,1703,4832,856,8863,2744,8904,5443,3633,4634,4499,6514,1257,4488,1977,8937,6041,7822,7457,201,8128,1920,5977,3395,6267,8997,5912,1344,6864,3537,7533,6026,4746,4664,5613,6710,3602,2912,4692,5624,4585,4286,2230,3621,6931,6511,9184,6977,2368,6045,9290,1349,3670,53,967,2048,5976,8206,9444,6406,43,6441,4387,1783,9534,215,4367,3535,2896,5435,3720,4573,7182,9555,9654,9752,7424,9851,3735,1496,5962,190,2823,9917
4227,556,7537,2514,4120,940,8529,8614,8637,4788,2399,2937,7478,917,8739,8826,6843,1353,5684,1872,6151,8103,3353,5201,187,3255,3194,7530,3184,5740,180,8376,6521,7541,8026,1106,7405,2222,7658,3516,8200,8998,9090,1906,5711,7252,7157,7435,5320,2781,3479,6141,5553,4313,7290,1357,9158,6179,1665,4248,7401,6875,9185,7029,5005,7258,9291,9347,5991,2172,1304,8047,5731,7081,9445,6261,136,3578,2775,4890,5222,94,3606,1584,2804,911,2434,1051,4212,9556,9655,9753,7345,9852,150,389,5621,1600,2019,9918
5956,4218,8165,5240,2417,5165,8530,5252,8638,378,18,4171,7944,4533,8740,4623,6272,6797,1598,2625,7469,8150,6502,8929,1613,1735,6111,8312,4066,2641,1025,8938,7275,4686,7458,3950,1044,1177,8131,1639,8120,8999,6833,2830,2199,4580,8044,360,3085,458,5756,7788,7501,589,7146,5572,7923,5900,1773,2814,7704,4385,9186,8385,5341,7486,8462,3425,7512,383,5855,1668,7377,8482,9446,4674,451,4924,1627,3922,4767,236,2573,5471,5091,2519,3954,3936,4602,9557,9656,9754,9833,9853,241,226,7158,4371,3187,9919
5406,259,6777,3067,5922,6552,8531,8055,8639,5674,733,2351,6547,1583,8741,4306,7664,2876,3209,760,2867,8169,1760,2375,57,3247,4084,3871,5826,4987,262,8939,7934,3745,7500,4381,3432,3784,7710,1829,8132,9000,9091,5350,1874,3631,7814,1495,1867,829,6280,7507,7393,536,8155,4386,7774,4257,2485,5001,7006,7428,9187,7953,4370,7678,9292,7941,7047,929,1389,5397,3011,5893,9447,6652,2140,5580,1160,2392,4907,58,4076,3434,5714,2672,2997,5813,7957,9558,9657,9755,8119,8144,575,742,3495,2636,1435,9920
922,3088,8357,3239,6216,5738,8532,469,8640,1052,170,246,2646,784,8742,8827,5943,6113,1626,433,8193,7549,8905,7540,2934,3042,7373,2694,2991,146,5957,7195,1250,5835,8959,3226,6192,6976,6490,681,7161,9001,9092,5821,1791,7674,8133,1350,2556,4776,7787,1862,6873,2250,4622,2943,5244,6356,434,5158,6828,6947,9188,6707,3020,4878,9293,9348,2763,852,1364,2087,5460,9394,9448,8019,731,6763,2054,1724,7292,4555,6520,3043,6442,6284,1479,5079,3990,9559,9658,9756,7075,7585,3336,943,6459,7327,2348,9921
5611,1538,7995,5040,3584,1184,8533,8264,8641,2732,832,3131,6732,1470,8743,7736,3107,3442,2483,1596,6739,4840,6740,8104,251,2097,5064,7779,2404,5311,3843,8275,6901,7297,6493,6342,1765,1363,7703,195,6908,9002,9093,1336,4299,7506,7288,2499,3816,2364,5266,5964,6874,703,3533,1699,8173,7726,3647,4163,3834,7660,9189,7954,2671,6716,9294,9349,2524,269,2887,2884,3472,9395,9449,1985,418,5002,574,5528,5551,1130,1197,2827,5386,6275,1623,1547,3698,9560,9659,9757,7958,9854,143,2637,6659,6248,1950,9922
3448,2305,8189,842,5695,2667,8534,8360,8642,2848,181,508,6655,4521,8744,6595,8167,4870,3836,656,7087,7843,8422,6531,897,502,8073,2124,4982,1488,2042,7985,4615,7142,8182,5723,7823,6119,8199,1170,8446,9003,9094,7070,5295,7413,8154,710,6382,1781,6222,7369,7939,4876,6989,7906,6301,2544,572,2575,8344,7677,9190,4960,811,7107,9295,8473,3102,457,578,1058,8137,8395,9450,5620,479,8396,613,395,8352,3346,3625,1825,4799,8035,1272,3751,7383,9561,9660,9758,9834,8401,767,310,6368,7548,7346,9923
1636,1683,5861,1400,2114,2735,8535,7755,8643,3296,98,714,7808,4981,8745,8828,5931,3015,2226,1827,4706,4909,7588,6538,391,5081,7156,8429,5967,6176,2695,8940,5982,787,3858,3518,5326,2989,6506,1454,4366,9004,9095,5011,2095,6534,6256,2855,5121,2786,7008,6084,7009,988,7494,6060,6439,2161,3508,1219,7593,7721,9191,2768,2895,3437,8018,9350,7692,4920,3200,4983,6755,8483,9451,7205,602,3458,580,5062,7863,8,1201,528,3598,2205,1871,5413,6073,9562,9661,9759,7959,8212,225,664,5540,7128,6477,9924
5030,3056,8069,7573,6778,635,8536,8361,8644,1036,519,7385,6804,820,8746,8406,5541,3444,4697,5190,7462,8370,4950,4764,11,711,3072,1198,5605,2996,120,2086,7739,2979,8960,4738,2013,1721,7887,5207,8380,9005,9096,6660,6434,7121,8109,2180,3730,1433,3351,7742,7243,865,6435,6690,9159,8063,3034,4829,5938,7238,9192,8322,3412,7265,9296,9351,8136,147,6034,5907,1710,8484,9452,7016,423,6209,1607,7578,5602,141,4460,1530,2950,3251,6890,7165,2889,9563,9662,9760,6905,9855,249,3699,6997,1655,560,9925
5174,4777,7707,7076,4995,4285,8537,2994,8645,950,51,2425,6003,3908,8747,8829,2286,6719,3075,1684,8271,5853,8423,7844,533,144,4542,4308,2295,1007,1901,394,5000,7034,8220,2057,7986,6412,5133,4263,7647,9006,9097,5692,5596,7188,8094,715,1041,5671,5301,5849,5163,2669,6200,3619,2080,7688,531,2944,3930,7436,9193,6194,1511,6409,9297,9352,5522,1728,537,1368,5147,9396,9453,6866,123,7002,677,1233,7969,3413,5717,527,4524,5666,4952,2532,4077,9564,9663,9761,6296,9856,2264,4957,5846,2878,6160,9926
3257,4305,6259,2507,2678,2445,8538,5789,8646,1902,1255,3392,5317,1769,8748,8407,1845,4097,3410,4456,8410,3636,8906,7283,2664,2107,2733,7556,1895,3261,3456,6515,4650,3183,2109,1742,7919,2691,5303,2958,6105,9007,8221,1006,1889,3062,2685,6692,5026,1115,4013,2983,4086,2035,3205,5563,7444,1375,825,900,2918,5935,9194,6314,186,5015,5490,9353,5061,2406,1396,7163,5006,8139,9454,4643,1393,1171,5556,2012,7244,2919,3003,1055,4419,1439,3786,1119,1425,9565,9664,9762,3576,9857,2096,1380,2588,5729,5052,9927
2004,2098,6117,6709,5269,1551,8539,1487,8647,2357,410,4755,7012,4331,8749,8830,4052,5063,2258,4515,8411,6933,4581,4336,23,2154,6217,2799,4165,3831,2291,99,5863,3134,7367,4929,8967,5772,5749,2045,5323,9008,9098,6219,5195,5844,3547,177,962,2746,5927,5189,6705,2311,6578,7000,3054,3994,891,3087,1335,5417,9195,3641,3940,3531,9298,8390,7473,1212,4596,319,6836,9397,9455,5610,252,7279,464,3905,5508,4000,7223,183,4669,4058,4471,4917,6586,9566,9665,9763,5659,9858,3096,6444,2972,1971,6526,9928
5850,2145,8358,6818,3285,5923,8540,6546,8648,1934,1565,5215,7449,1727,8750,1664,6676,6298,4301,4862,8149,7868,8907,7657,3634,3551,4760,8025,1461,1467,4630,8941,6051,3929,5636,1652,2224,1692,4968,1377,7920,9009,3298,1150,6043,3446,7414,1099,1560,2793,1222,6097,7370,243,7460,6126,8112,7642,5906,5351,2860,3921,9196,8386,3362,3835,8463,1351,4209,284,4722,587,7074,8160,9456,654,139,5374,5366,659,5634,482,3357,6846,4530,5045,931,3966,5451,9567,9666,9764,7826,9859,367,4904,3313,1173,3649,9929
6565,2566,7894,8086,4980,5333,8541,8147,8649,1421,977,3839,7866,159,8751,6941,6099,2142,5481,2386,7332,8217,6900,4810,406,6432,5241,7623,2244,3343,1271,8942,8105,5920,7666,1101,2138,1594,7120,2181,7903,9010,8050,2612,6722,5822,7747,1847,4994,1913,5806,7309,7750,2325,7314,3443,7751,6440,5380,5568,6714,7965,9197,6471,2546,7558,9299,7967,3859,698,2447,1554,3774,7560,9457,7086,73,5219,6618,267,5484,38,3500,4750,1047,500,581,3571,6817,9568,9667,9765,8161,9860,463,510,7818,2000,4514,9930
4915,5475,8226,1799,4128,6485,8542,7930,8650,2486,59,282,6920,2333,8752,8831,5924,3138,3177,1491,8412,8892,8908,3791,369,162,7054,1097,1918,700,2565,889,2796,7235,8282,4296,8250,3013,8108,1409,8283,9011,9099,6623,5983,8043,7523,562,4056,3766,5384,6405,6938,4334,9156,7834,5921,6069,972,3773,6767,7908,9198,6466,2698,8065,9300,9354,3483,235,1107,1214,6133,8033,9458,6570,39,8209,637,1027,8299,2589,7179,636,5104,7403,5284,5658,7619,9569,9668,9766,8260,9861,5895,970,5709,7378,4637,9931
3622,5645,7218,3944,4440,2092,8543,1024,8651,1390,224,4859,2843,5754,8753,8408,4168,4534,2451,5223,8864,7149,8424,5501,155,1821,6884,2122,4479,4184,3263,534,5734,7211,7813,4004,7419,6249,2376,1320,7731,9012,9100,7024,5373,2068,6039,54,1477,3637,5538,5724,5878,1162,6879,4728,2051,5287,1838,1996,857,3596,9199,5434,6246,6173,9301,9355,8032,3139,6063,609,6201,9398,9459,5378,153,7724,202,3845,8188,819,7030,597,4956,6295,2223,4201,7583,9570,9669,9767,3876,7404,1333,3367,7113,4148,4743,9932
4325,3309,8122,1800,2225,1424,8544,4230,8652,1245,594,3453,4934,2613,8363,8832,1256,3323,4318,5117,8865,3078,5809,3885,26,1366,4540,7151,4363,3841,1500,8276,2125,5068,5820,4733,6499,1979,4228,448,6850,9013,7133,3806,4977,4593,5830,6781,1861,3824,2742,2538,1697,2528,4238,2722,5735,2670,1767,4486,6168,1717,9200,6142,2278,3643,9302,1231,2604,3007,4039,1427,6239,9399,9460,3737,1243,6077,4384,2284,5894,1075,4830,4559,3918,1284,4167,2592,4434,9571,9670,9768,7041,9862,421,3260,2730,7242,2015,9933
737,6215,7699,5905,3600,2998,8545,6765,8653,2093,2091,6654,6629,814,8754,8833,4631,2629,2863,4104,8866,5365,8909,6025,2296,4805,4478,7780,4958,362,4131,6748,3322,4624,7084,3090,8042,2084,6543,2747,7521,8447,9101,2904,1802,6774,5913,1578,1933,3764,1273,947,3991,1223,5039,5111,6788,5793,83,2405,6662,5972,9201,7909,424,4895,8236,9356,5089,3426,2557,3868,6756,8034,9461,7215,158,6743,5186,343,6744,722,6841,4119,1991,3103,974,3693,4966,9572,9671,9769,7446,9863,577,4789,1466,1878,802,9934
3025,5138,6998,4061,501,4710,8546,959,8654,15,4501,3399,2118,674,8755,8834,2795,1053,1533,4347,7587,7141,8910,1756,1953,965,5764,6766,4842,598,3817,8943,3702,2616,2902,5065,8443,5509,6125,1630,4098,9014,8450,5035,3805,2446,3779,5766,3725,5150,5197,4510,6624,88,4665,3983,6775,4905,2704,4226,5682,4513,9202,7526,2455,5889,8323,6137,5626,1498,511,6574,1200,8297,9462,4889,1090,5404,3534,2162,5074,3081,5784,1572,4059,2676,1820,792,5691,9573,8491,9770,7209,8302,2872,1213,3599,7769,5858,9935
4020,3776,5966,6349,3388,3317,8547,1149,8655,505,4976,6645,3840,4411,8756,8835,5048,3050,4378,1195,7974,2085,8911,1203,2683,2899,1903,7759,3499,221,2842,8314,6362,1264,4883,2006,5441,3119,5031,1082,5876,9015,9102,5357,2081,1751,6285,7189,3197,964,3733,2025,5146,1026,6040,4207,7852,5494,743,2163,2679,6443,9203,7339,1045,5112,8293,9357,4073,3092,1672,6830,6730,8485,9463,6302,1789,3642,4193,4246,4972,326,2737,5496,1240,1898,4481,2906,2374,9574,9672,9771,6240,9864,339,3613,2576,7417,1139,9936
4879,4204,7231,6803,5672,6415,8548,2194,8656,402,329,1521,5880,1536,8757,8836,1708,2468,3387,5805,8867,6805,8912,5141,1414,5703,3172,7738,4821,257,5775,8195,3489,2772,7767,1599,3378,5524,5728,3916,6203,9016,9103,5872,2210,6031,4745,595,1046,6678,3741,2496,8110,2279,3501,7315,6957,3904,142,2624,7106,6996,9204,3294,689,6062,9303,7691,3390,3248,399,1592,6810,9400,9464,7011,222,6427,5230,718,5690,3984,2366,2153,1576,2403,3154,245,5160,9575,9673,9772,7881,8498,3627,4997,2699,6279,7153,9937
3315,2721,7330,2418,771,2845,8549,3175,8657,779,2412,6496,7745,3654,8758,1157,7103,5944,4718,2280,6372,7254,4372,6101,1796,4487,3246,7964,4811,1190,2237,8944,5075,3982,5343,2326,899,810,7186,3429,7206,9017,9104,2758,4229,7137,7094,280,1638,776,1483,2754,4383,306,7046,4151,8343,6553,5521,2545,5639,3597,9205,7391,2854,7073,5975,9358,7266,3928,4625,7816,4727,9401,9465,6366,355,3605,2256,4265,2450,46,3048,3232,5398,3398,1248,2171,7584,9576,9674,9773,7320,9865,273,1621,4232,5930,3573,9938
2420,3217,6796,1651,821,3975,8550,5322,8658,1114,3339,3915,2828,3142,8759,8269,4346,3543,3163,3690,8089,2988,8334,2413,2453,3002,2158,6921,491,1635,2317,2515,2110,2252,5952,4813,6749,4124,2297,667,1948,9018,9105,2358,921,4153,3844,5534,2800,2953,3727,3371,3290,1863,1472,5995,5996,2430,3191,3629,6110,6476,9206,7376,858,1331,8294,8474,2836,2553,2365,6274,3476,5725,9466,4531,3125,2728,4457,1679,7217,2241,3850,4591,3870,999,2897,1209,2443,9577,9675,9774,6224,8402,876,2523,2389,7328,6148,9939
5023,678,3913,5866,3113,6327,8551,6981,8659,4189,755,1011,8087,272,8760,8365,6305,5220,5915,6463,7918,7829,4863,3267,672,6388,4756,8074,3732,4247,1450,8945,8077,7499,7581,5334,951,6120,7270,525,8253,9019,4038,276,7522,6221,7633,6479,5178,1819,8254,5888,8095,3264,8045,2456,4988,4067,4872,6610,7079,7100,9207,9272,4433,7940,9304,1146,5984,462,949,1559,4330,7026,9467,3206,119,5277,2438,2481,4110,193,5029,3563,5372,750,3391,5511,3897,9578,9676,9775,7971,9866,320,1774,4586,1261,690,9940
3213,4816,6127,5090,2466,4475,8552,6940,8660,2268,693,5950,5157,453,8761,6927,4143,3273,2344,2073,8413,4836,7155,3079,288,3660,3846,7434,2071,4078,3275,8946,3431,2179,7709,5449,6124,1723,3987,1713,3676,9020,8184,961,1246,2835,6199,5290,2518,1850,4231,2852,3180,3014,5965,3589,7213,3212,1788,2825,4887,6945,9208,8289,1238,1915,7824,9359,1762,515,3240,3129,3408,6456,9468,5678,1091,5483,3653,2387,8020,2866,2525,4496,1135,1860,3570,3244,4322,9579,9677,9776,2033,8303,638,475,2700,7671,3507,9941
6156,1602,8328,5862,651,5879,8553,5053,8661,95,3022,6394,7973,3060,8762,4494,6932,5246,6129,6299,8168,2049,6640,3000,3777,5614,4465,8274,4560,1438,1282,8947,6942,4106,7770,863,4026,1381,7567,5335,7904,9021,7921,2369,6533,2379,7308,805,1218,769,2159,4160,7257,174,7482,2690,7271,5086,5482,3041,7394,5465,9209,7980,3055,4869,9305,6112,1685,400,2764,3769,6869,9402,9469,6087,13,7616,5331,4834,4626,45,6357,6634,4861,4820,4933,1383,1182,9580,9678,9777,8100,9867,1152,4361,7685,939,1023,9942
5358,1312,7528,5683,2936,688,8554,6024,8662,1165,281,4563,3332,1342,8763,8837,1294,5715,4157,621,7347,7797,6847,3977,1609,5532,3297,7589,1134,2266,5020,8436,6671,4814,8176,2675,6395,5567,3810,878,6822,9022,9106,1964,5038,6205,7284,7938,4537,4925,6503,6528,3541,332,7472,3814,7804,7889,4594,5464,7613,1151,9210,8345,3946,6282,9306,8099,6330,299,1492,1885,6691,7696,9470,6724,1484,1239,3484,5280,1990,16,3787,5909,1747,191,4736,3433,3493,9581,9679,9778,7536,9868,157,6247,6738,7281,1877,9943
997,3438,5175,4275,5519,4998,8555,7756,8663,4034,676,1071,5099,1803,8764,8838,5699,4660,2526,2954,8868,1137,8230,1064,3808,5426,2007,8430,4328,5537,1569,8948,6465,4993,6100,3222,2582,6872,5408,216,7648,9023,4436,4409,6233,6198,4703,7358,6307,1283,7264,2955,7085,1021,3892,3811,7553,544,4975,5217,6944,3093,9211,8006,3889,5124,8464,2478,5868,1128,490,555,4389,6288,9471,4348,234,6898,4027,1759,6979,133,5012,3935,5129,3972,3545,4607,3683,9582,9680,9779,3608,7732,1308,759,5497,1118,1946,9944
5368,1696,7438,4069,4651,3941,8556,5352,8664,523,325,3572,5609,2058,8765,7841,6988,6358,2310,3856,5637,1748,2391,5131,558,976,3324,6993,5615,4269,413,8949,7601,6760,6489,3370,4295,3284,5470,5990,7263,9024,9107,5937,1142,7675,6688,582,1884,263,5069,6814,5536,1343,4268,1766,4779,7124,553,3389,6076,3785,9212,9273,2985,6287,8465,9360,5817,1303,2993,7365,5128,9403,9472,7216,1857,5387,840,6146,5679,214,3310,739,4280,4388,6138,5242,7793,9583,9681,9780,7754,9869,495,789,2638,6922,1795,9945
3566,2249,7734,6428,783,3925,8557,7952,8665,624,3920,6059,6071,2779,8766,639,4272,2599,3961,2947,7932,4541,7621,6556,2803,4337,5281,7701,2408,1904,3963,5488,1975,3258,7089,1442,6860,3331,5739,4081,2908,9025,8451,2874,4936,2260,6354,266,380,4174,1193,2503,3419,292,1278,3988,6418,4848,870,1752,7099,6573,9213,7626,1674,2608,9307,9361,3833,302,4146,1786,6985,9404,9473,256,1978,5608,4766,3157,7927,3538,5278,4254,2543,3337,3781,1148,4445,9584,9682,9781,6708,9870,1810,6550,5315,6054,3656,9946
3884,6189,7489,4675,1740,1926,8558,7166,8666,1792,653,1330,4088,2251,8767,7202,504,3286,2759,2452,6929,6982,7687,7622,428,3762,5205,5843,4364,5616,1311,8377,5294,1905,6603,2606,5887,3852,6052,2046,5382,9026,9108,4884,1919,4787,3964,583,4191,3799,665,1963,6648,791,6167,3577,8005,3801,1169,4023,5892,5262,9214,6789,1000,3953,9308,8475,4356,1973,411,2893,6064,9405,9474,2480,1900,5298,2881,682,7684,1549,4397,2707,3544,2562,1085,3450,4606,9585,9683,9782,6871,9871,1309,3782,1413,6331,5730,9947
1102,4942,6622,6946,1494,4374,8559,6006,8667,317,1666,7883,7996,4564,8768,655,7842,3640,4912,5388,7333,7219,6461,6683,1499,2684,4974,3901,4851,1062,529,3857,3765,2454,7575,3308,2299,1855,7783,6154,8153,9027,9109,7336,4382,5421,8223,1,285,520,1790,6355,6741,359,7676,4852,7695,6145,1002,5453,6949,7375,9215,8387,5619,5418,9309,9362,9387,752,3155,3144,6174,9406,9475,4321,3759,7402,1957,2869,5694,122,3405,2965,6401,7082,4717,2837,6278,9586,9684,9783,7579,9872,189,3899,5818,3553,985,9948
7129,7928,6987,5126,2052,2090,8560,8615,8668,6486,255,2208,8362,5831,8769,2715,7360,5869,4467,3478,8229,8893,8125,5455,847,992,4871,2247,2832,7363,1925,2461,8378,1509,8961,4635,3321,1930,8251,1733,8975,9028,9110,7312,3872,5704,8082,112,2928,93,4609,8256,9151,518,7789,6824,6260,9161,1354,3001,8096,9166,9216,7021,5428,7227,9310,8476,6512,365,3080,906,7643,9407,9476,6270,279,8351,754,1191,8300,351,4854,593,5393,7679,3794,5939,7794,9587,9685,9784,8492,8499,260,460,7733,6965,1695,9949
6699,8214,5226,5737,4326,645,8561,7372,8669,465,345,981,8720,6537,8770,4652,5710,5391,4399,1755,8869,8894,8913,7268,662,541,7013,3726,4332,2506,5958,1474,8106,1275,8962,3132,5582,3506,8339,548,8976,9029,9111,8028,5106,7989,9146,127,3396,808,1831,6734,8134,1387,6823,6494,6572,9162,748,1848,7764,9167,9217,5601,576,7364,8389,9363,6637,2464,2003,697,9389,9408,9477,7027,346,7862,932,545,8210,6633,3498,437,4339,7354,3718,3917,7503,9588,9686,9785,9835,8500,1922,641,7083,7329,7943,9950
2964,3306,6686,486,1608,952,8562,5093,8670,2978,4404,4422,2115,3381,8216,8839,817,5531,2931,980,8870,6858,8914,3651,1087,1410,5650,4757,1471,2653,3910,6820,7167,3575,7323,4310,5651,4583,3934,2962,3655,9030,9112,3960,3409,5757,6336,5379,765,2182,2104,2160,5564,918,6072,6568,7210,4135,1220,2168,2144,6360,9218,6715,1110,4765,7775,9364,3186,3312,2229,7239,6728,8008,9478,3658,1370,2627,3970,3639,5405,9,5590,6159,671,877,1804,2921,6188,9589,9687,9786,6164,7637,1738,3714,2470,4849,2152,9951
341,2148,4447,1263,3204,4953,8563,6602,8671,1241,2816,6012,4368,2909,8771,7331,3513,2808,2776,2614,8871,3407,8915,6575,2044,2444,3269,5566,2361,3393,3691,7933,1698,2706,4365,1837,5166,3274,4111,837,3900,9031,9113,1356,4352,3756,5170,5798,4770,3004,2726,1987,4846,2239,3593,5410,8016,526,2175,3319,3697,1662,9219,7371,516,4139,8466,8477,2312,872,2416,7214,5461,7805,9479,1397,3520,4900,3397,3071,6856,995,4345,5733,3468,884,3039,1794,1989,9590,9688,8398,4644,7455,920,1780,3746,4780,4762,9952
3862,4251,5369,6017,1324,1281,8564,7118,8672,2660,4293,4087,1476,2385,8772,8308,1310,1968,3748,4896,8242,6143,8425,5309,2687,2462,2777,5881,3057,1371,2034,6329,4708,5191,6177,1019,4416,986,4910,2957,5780,9032,9114,2217,1972,1716,6697,1758,2973,2248,5473,4369,4360,386,4192,5810,7650,6579,3466,4505,5249,4552,9220,7437,2512,3127,8467,9365,291,991,1675,6347,4417,7222,9480,5422,2680,4349,3568,3292,5904,198,1073,2040,2204,902,4152,4289,3548,9591,9689,9787,3804,9873,554,1359,3316,6393,6560,9953
5642,7663,8190,7929,6746,2552,8565,7725,8673,1468,277,835,7517,778,8773,7983,7304,3562,3789,2313,8194,8895,8181,7004,366,1947,5187,4568,3045,1548,2459,6885,8078,2335,8198,6094,3350,3141,8445,675,7591,9033,9115,6425,6426,9145,7748,182,3997,1566,5070,9149,9152,4864,8224,3380,5456,6420,807,2826,9163,8458,9221,8290,956,6495,9311,9366,5043,219,1003,498,7926,9409,9481,7955,643,9529,2877,559,8180,2520,6729,601,2752,2857,1883,3937,8353,9592,9690,9788,9836,9874,103,373,7972,8505,5914,9954
2431,1682,2106,3190,1663,3140,8566,5103,8674,1876,4276,4680,4548,632,8774,7441,4944,4018,2043,2719,8872,896,8231,3611,2567,3288,4011,7665,2088,3973,3469,8437,2851,5549,4986,5344,7543,4021,3793,611,2380,9034,9116,2367,1587,229,5629,6096,2550,4658,5584,2647,3560,2121,1911,4424,6742,4654,3293,766,3223,5777,9222,5412,2595,2650,6641,8391,2940,1545,2534,7134,6321,8048,9482,4112,2338,978,3459,1650,6545,1870,2020,1155,4113,1840,4045,2619,3123,9593,9691,9789,5940,9875,1059,1873,1167,5125,6116,9955
721,2697,7048,6190,2713,612,8567,4170,8675,274,2383,2341,5359,1531,8775,8840,3104,4629,4022,1618,8873,2820,8426,5177,471,3556,3376,6424,1557,3675,2920,7781,6848,4047,7043,1642,8444,3713,5399,3853,6861,9035,8080,4493,3428,5433,3580,3416,5415,2132,5118,6184,6234,1338,6398,3569,4463,6226,4242,3694,2489,2927,9223,7344,2334,5028,8468,9367,1232,298,3626,2584,5364,7792,9483,5009,47,6391,1834,5928,7618,113,2879,1910,1858,5016,5285,4186,3659,9594,9692,9790,6644,9876,979,3017,4661,1739,1285,9956
1290,935,8054,6310,322,3490,8568,8038,8676,2794,5083,1590,2530,209,8776,8841,1360,6277,6161,5518,8414,6497,7809,2474,1229,4302,6752,3422,4959,3440,1764,2354,6733,4844,7782,4072,3225,6402,6544,5211,6845,9036,7946,2254,5945,4775,6083,5751,4203,1967,2711,6863,7833,744,7427,7612,864,4991,4670,3411,5873,8046,9224,9274,2422,7296,9312,7890,1456,368,1720,6337,4965,7272,9484,4578,1431,5874,4636,3326,4512,160,3201,1962,1067,1376,2630,2513,7298,9595,9693,9791,7101,8213,499,3524,4503,1104,244,9957
633,3379,7379,6165,2036,3196,8569,2421,8677,116,4392,4943,6378,1459,8777,7876,6487,3386,4261,4035,8874,1778,6700,7714,1510,3445,2883,1832,4577,628,3069,1258,6430,4712,7900,5755,8002,5638,7036,199,6491,9037,9117,4642,1681,1776,3465,6915,5102,5261,4826,1455,7062,2537,6880,5078,7606,1518,1444,4613,696,5454,9225,6611,454,6230,9313,8392,6617,4145,3902,6482,7064,9410,9485,6840,2821,4449,1839,1614,3586,522,4237,3700,2817,4639,2898,2656,3100,9596,9694,9792,7193,9877,547,1676,3320,3549,327,9958
4480,4874,8262,7201,3558,5795,8570,8616,8678,3579,148,7735,8148,2322,8778,4809,7877,6429,4608,6646,7456,6934,5004,6630,70,2196,4423,4841,6210,2810,340,6527,4014,1812,8439,4390,2411,1556,8003,6404,8183,9038,9118,7922,3512,4696,8341,35,1657,315,6895,7508,6799,87,7991,6022,7028,7879,347,5697,7343,8459,9226,8017,5272,4773,9314,9368,5627,228,6257,2099,4921,8486,9486,6852,566,5598,2129,3136,5332,25,2008,2623,3521,5251,3672,6607,5155,9597,9695,9793,8067,8304,354,1384,7914,3807,1318,9959
6369,313,8012,2157,304,6074,8571,5767,8679,1888,1768,2862,4089,4690,8779,4713,3491,2620,4315,5643,7681,8272,5689,6191,540,6600,1580,7830,6319,4498,1008,8950,7935,6162,8315,254,4421,719,8058,2586,8977,9039,9119,2377,2642,6753,7324,1098,2846,414,6474,7420,7551,372,9157,2959,9160,6995,5625,727,8156,6808,9227,6663,5578,8114,9315,9369,8394,6580,4570,8480,6558,7234,9487,7065,217,5592,625,7554,6289,114,3505,830,4485,1540,5367,7180,6559,9598,9696,9794,9837,9878,615,1081,8239,2677,823,9960
1582,5316,5803,5523,3402,1846,8572,3099,8680,2041,3550,5270,7102,34,8780,1866,3029,3993,4551,4662,8415,4567,8916,1656,848,2274,6183,2472,4646,723,3755,432,1952,4667,6457,6505,3888,6437,7144,3066,6042,9040,9120,3565,5275,6590,5707,5478,4825,5897,271,2378,6269,953,6592,1489,4455,2353,738,616,145,3591,9228,8291,1887,5353,7873,9370,4520,975,2882,6606,3047,7911,9488,5742,467,4867,6035,5385,8397,3847,5159,3820,4659,5420,2271,3272,2517,9599,9697,9795,5297,9879,1156,6374,2541,6454,6387,9961
3214,6419,7744,6228,4729,3156,8573,3554,8681,32,761,2059,7119,843,8781,8842,3976,6038,3418,4453,8001,3400,8427,7017,3414,3967,5293,7730,4290,831,2811,8196,5847,3150,5256,1291,3968,4930,7388,2720,7976,9041,5247,3114,5257,3873,6689,6839,5296,2424,5130,6166,9153,644,7568,6771,6649,3161,3657,4030,7125,1601,9229,7966,1032,2682,9316,957,3118,258,3447,2120,6751,7317,9489,3049,19,6675,6283,4655,4437,42,3559,3169,1828,4461,2498,4511,6207,9600,9698,9796,7496,9880,768,2231,6315,401,1725,9962
5860,5254,7875,3761,507,3601,8574,7114,8682,901,2729,6225,5529,1316,8782,7442,5349,3723,2147,4108,8416,6674,7975,2841,2925,2328,1714,7898,514,1449,2771,6341,6792,7143,5370,4919,8968,1004,4240,2549,6540,9042,8452,4823,4800,2966,5021,476,2674,2031,888,2914,2183,1949,3354,6204,7659,6970,3709,1999,4323,4402,9230,6339,3106,882,7690,9371,4050,3262,5403,839,5273,9411,9490,631,207,5712,5354,2603,4719,3033,5071,3311,2663,874,37,4046,6291,9601,9699,9797,7447,9881,941,5173,4043,4855,7260,9963
1464,1078,7839,5588,650,1486,8575,8265,8683,5033,4967,5680,1361,5512,8783,1612,3894,4691,3164,6208,7104,6242,6251,4343,1719,4682,6014,3027,2734,2298,724,5552,7132,4868,7667,82,7902,1164,7276,1399,7463,9043,9121,5127,7037,5670,6827,1158,2242,2429,6984,4735,4795,132,7635,6787,8177,7337,4082,4612,5479,5633,9231,7022,1737,1416,9317,8116,6048,2270,6258,7461,3341,9412,9491,6005,138,6703,4927,1401,4236,64,4194,6085,2487,812,5833,4831,4574,9602,9700,9798,6078,8162,666,1068,7516,1131,2200,9964
3800,1943,8102,2716,5949,350,8576,2724,8684,29,3208,2432,4549,4492,8784,8843,5808,5986,1932,2840,6791,6411,8917,5910,2131,4913,5828,7715,4812,371,4224,5594,862,8280,7334,7450,8129,6868,2531,1269,7187,9044,8059,5340,2117,3704,6902,5630,1080,6480,3271,1653,7605,880,3965,7019,4772,684,3073,2078,5489,7174,9232,8225,2135,6605,8178,9372,3692,77,798,6939,5657,9413,9492,5051,869,6303,2177,845,5980,2100,6516,648,4109,1525,3189,617,4255,9603,9701,9799,7882,7838,1603,4258,6627,4901,4010,9965
1187,5113,3792,5095,1315,3375,8577,6779,8685,1452,4095,2533,5515,1448,8785,8366,1868,1712,1485,1408,8875,4721,8918,6416,905,2500,4955,7068,2577,2198,3729,8277,2307,2155,2002,4292,6396,1535,4565,607,2356,9045,9122,3798,1705,4828,5599,4893,4627,2834,5109,4291,5203,1938,4172,3235,6990,5554,3082,2265,2149,5973,9233,6958,218,2234,9318,9373,4279,1974,2655,6318,6016,8140,9493,5586,2207,1434,4425,1959,7864,1921,2572,3582,909,2790,2469,1815,2946,9604,9702,9800,1252,8501,1066,3477,1882,6980,5622,9966
2639,2062,7895,4640,2283,2439,8578,2789,8686,81,591,6999,6446,3178,8786,7796,6892,5838,3909,2273,8876,3674,7418,5790,3342,6252,4114,8374,5073,934,1701,8951,6380,1230,4412,4865,1567,2211,7212,2240,6956,9046,9123,4283,5504,7116,5558,1313,2709,481,2360,6711,7204,382,6308,2769,7525,1931,5377,4545,6768,7190,9234,9275,3927,5555,4195,8324,6621,661,2281,7711,6090,9414,9494,7837,474,7326,3330,6784,2611,22,4319,945,1512,1777,4723,4376,7152,9605,9703,9801,7561,9882,363,2123,2658,2986,1314,9967
1690,7916,8359,1226,4284,5884,8579,8617,8687,4327,176,542,7656,2634,8787,8844,2597,5425,1300,1326,8877,4641,8919,5987,557,2651,5963,7631,919,1982,477,7196,7498,4190,1497,3382,2363,7847,5533,91,7145,9047,3474,2911,6894,6375,5017,6306,5014,3772,4466,8287,7138,1997,7171,7301,7172,1001,5463,4470,7090,1096,9235,7727,5183,2932,8135,1207,6187,2215,2465,344,7110,9415,9495,4298,171,7514,6563,4051,6790,1050,3111,2609,3971,6870,5264,4754,7003,9606,9704,9802,9838,8356,3497,333,5286,844,5389,9968
660,5164,2591,3026,925,3891,8580,6735,8688,1323,1419,6704,5361,106,8788,8845,565,4483,1295,2017,8417,4999,8175,6264,627,1382,5067,6727,2398,3827,3279,3423,3783,5502,6849,3758,7491,3449,5279,3592,3867,9048,9124,2688,5041,5345,2880,5771,5505,4169,3645,2381,3590,946,5445,5135,5953,3962,3280,3094,4839,2402,9236,6421,1406,3947,8097,9374,1374,1942,2521,6776,6513,8084,9496,2554,3421,2829,4147,2407,5875,619,3452,1367,4096,439,3504,1321,5960,9607,9705,9803,2460,7430,642,3401,3451,7246,6918,9969
3249,5245,7148,7059,3830,1980,8581,8266,8689,3663,184,1446,5971,4149,8789,8330,6047,4177,2563,774,8878,4019,8920,4698,1124,673,4063,2490,1196,5593,2400,599,4940,7069,4897,1274,8969,5745,7230,1129,4234,9049,7061,2578,5025,7307,7545,691,4838,2756,3153,5652,7422,2287,7569,6672,5898,5606,1199,751,5088,7614,9237,7854,33,6089,9319,2602,6717,538,2037,353,4704,9416,9497,5263,208,6991,1422,4350,8301,4338,4324,1189,4837,4802,4656,2631,6231,9608,9706,9804,6271,9883,2026,4420,4969,6186,4617,9970
4362,173,7200,3462,5654,4130,8582,7655,8690,5802,1372,1224,6108,396,8790,8409,6507,1553,3959,4720,6837,7672,5655,1379,328,6608,3202,7646,5493,5911,695,8952,6907,5255,8963,2570,5646,1236,7784,2935,7988,9050,9125,2968,5212,4866,7634,5459,4894,1451,6021,7465,7888,2915,7277,2770,5474,2839,4886,5076,7511,7316,9238,9276,5363,8292,9320,8117,4595,412,342,5057,3461,2815,9498,7891,240,7546,1629,4543,5648,109,6152,1172,1306,1317,2714,2831,3898,9609,9707,9805,8326,8502,1020,2580,4221,1465,308,9971
6422,6913,7286,7795,2718,4695,8583,8070,8691,1574,493,8329,8191,330,8791,7310,5007,7425,5200,6292,8879,8371,6612,6726,652,4935,3061,4707,2615,1643,1302,4945,2681,5407,8107,7005,1079,3181,5926,2929,8978,9051,5882,2571,7649,4049,7285,1615,2705,928,7990,7342,6597,283,7998,6549,7208,7338,2253,4693,8031,5469,9239,9277,2340,6070,9321,2343,7178,85,6206,571,4048,8207,9499,1807,80,3454,4536,1095,3552,67,4835,6986,3374,2463,2393,6290,5865,9610,9708,9806,4430,9884,307,5231,7865,1249,1037,9972
1265,3875,8037,5788,4490,5037,8584,7356,8692,4156,1808,2643,6079,3299,8792,6636,4252,1346,3360,3881,7828,5700,5871,1707,69,1457,5181,646,3887,1865,456,573,6473,1986,7459,7168,6656,4233,4178,2027,7381,9052,9126,5283,4954,6300,6835,75,1266,692,5877,1779,5110,604,6661,4790,7415,2702,1242,1138,5969,4140,9240,8346,1254,4572,8469,7857,5978,1543,3825,2974,1881,9417,9500,5720,2112,2976,4616,3077,6642,2101,6220,5082,2285,3303,3738,4792,3848,9611,9709,9807,6517,9885,1620,5799,4666,4446,1734,9973
2662,1237,6666,747,3630,5072,8585,7840,8693,705,1183,480,6423,4657,8793,6725,3583,1515,2933,1287,8880,5084,8024,7638,238,4208,5468,7984,1555,2083,5444,7878,4253,7251,7682,6335,8130,6449,6721,4,3021,9053,9127,3406,1016,4264,2773,5595,2529,4645,5258,5055,2510,1730,6098,7382,8456,152,2289,3006,904,7122,9241,7627,730,2164,8470,9375,6557,3530,1564,5347,6325,6801,9501,6831,4141,3635,1176,3623,6214,3778,4516,309,2761,4426,4340,2910,6554,9612,9710,9808,3295,9886,2952,2330,3074,7563,6107,9974
3517,4016,7951,7713,2504,5306,8586,4939,8694,1076,998,3926,7867,1012,8794,3879,6747,6928,4633,2967,6877,5941,5013,7518,1030,6057,3036,8126,5024,1771,1293,8953,4963,1654,6596,1031,438,3687,5396,5575,7225,9054,7007,1147,4162,4355,7464,503,1753,634,3160,6754,6392,312,7162,2587,6470,7237,2203,4807,6971,7880,9242,6223,3502,3883,9322,4079,5997,868,5180,2228,7302,8487,9502,6598,131,5108,4196,2304,2992,27,3345,3851,4266,4159,2961,5570,7031,9613,9711,9809,7994,9887,370,2185,5446,2712,1362,9975
4435,3546,6469,6541,3992,2032,8587,6011,8695,2621,3420,4768,4099,4673,8795,3044,5696,2527,4394,2484,8881,3463,7673,6587,1404,3528,5227,8041,736,2564,1412,4317,4243,7557,6448,6293,8338,3529,5282,4115,7639,9055,3457,1677,5049,855,2288,1084,1529,5716,806,2558,5994,894,6028,6897,5955,2791,4444,2617,6452,2590,9243,6963,3063,2774,9323,1181,4274,290,5213,1140,3581,7318,9503,944,1279,2262,5432,4946,9535,512,3031,3356,568,570,4211,2102,4599,9614,9712,9810,7644,8403,590,1992,6431,6001,6764,9976
6599,6029,7564,7539,4992,1072,8588,6628,8696,212,2128,7586,5768,3245,8796,8846,4277,6677,4032,3084,8882,6967,7550,6050,2864,4267,5815,5132,3721,336,907,3482,4474,3237,7885,853,2689,3098,7610,4118,8979,9056,4781,1667,5276,5746,7848,7481,2859,2336,7640,8201,5864,506,7466,6657,7607,8052,2130,2493,7038,6365,9244,7855,1117,6212,9324,1092,6343,78,6829,3147,4649,9418,9504,4083,2,4354,6185,6757,3943,50,6036,5840,1813,1563,1864,4881,4477,9615,9713,9811,4620,9888,720,6594,7654,196,746,9977
3435,4092,4044,6232,3695,4737,8589,7299,8697,420,1628,910,2195,623,8797,8847,4062,3644,2938,1519,8243,7476,8335,7130,445,2371,2858,6104,4316,712,4647,7287,2574,2797,6631,5687,7035,5545,5327,1022,5848,9057,9128,5500,5409,6268,4469,1405,3167,2875,5576,2892,4144,1678,4241,1388,5560,6695,278,3812,4008,4341,9245,7091,1852,2011,9325,8478,1649,1843,211,717,6679,8488,9505,4911,861,1589,5221,3861,7164,1378,2479,3158,3455,3492,1178,3907,5148,9616,9714,9812,5225,7765,1844,5722,4575,7629,6745,9978
5348,206,7729,5753,6696,2467,8590,4970,8698,813,2166,2708,5698,2245,8798,8848,6082,5034,2426,5675,7135,7746,3724,2435,48,3030,4892,5676,5360,740,663,4012,3818,2410,7871,1835,2948,4188,7399,4611,8980,9058,9129,5719,4525,4344,7169,2648,1534,592,5312,7221,5823,403,8320,3105,7390,6080,3250,5271,5392,5974,9246,8347,4297,5705,8098,9376,7126,352,4005,7228,4903,6632,9506,5107,2941,6157,530,5947,4716,111,2047,854,5985,2269,6802,5761,3757,9617,9715,9813,8211,9889,827,5800,6564,1805,86,9979
3788,1161,6088,5486,3981,2569,8591,6197,8699,117,5046,5499,6265,800,8799,2850,1532,5574,5951,5760,5080,7758,6013,2352,4833,6114,6906,8930,1841,4036,2173,8954,6576,8958,3384,4902,6058,3475,1028,5123,6134,9059,8222,1729,5383,4845,7443,1506,1185,1503,3117,6115,6383,134,2579,963,7762,6524,3826,5968,2316,7669,9247,5027,1640,6916,8259,8349,5466,1277,4815,3958,4671,9419,9507,3854,1976,4853,6009,334,2559,5,4700,6772,3046,960,1969,1893,6698,9618,9716,9814,7273,8163,716,1094,7280,2725,2221,9980
5859,5827,8506,8512,4621,3923,8592,7398,8700,387,323,702,7599,126,8800,8241,6245,3112,5077,3277,8883,8896,8921,4990,419,3557,5936,6844,2665,2324,4557,7590,7845,7262,8027,5289,2701,5101,7531,1154,6825,9060,8171,1944,7802,7905,6887,1126,7534,1432,5431,7761,8455,3882,6135,3667,5050,4432,2021,4653,9164,7853,9248,7502,4245,7108,9326,7925,5036,311,914,509,6702,8237,9508,7806,455,7111,5641,128,7245,175,6571,2184,2189,1227,1544,2433,9538,9619,9717,9815,9839,9890,97,487,7942,5635,5390,9981
1928,7140,8000,7247,5706,2628,8593,7820,8701,1221,149,521,7931,3680,8801,8849,4017,3089,2901,2999,8884,8420,8922,7737,1897,2593,6532,8090,5202,2802,3823,8197,8151,801,8440,2063,5727,4819,8972,1103,8092,9061,8340,5525,5628,6968,7368,1352,2885,6798,7849,7421,8202,4857,8004,7851,5510,795,938,1327,7907,5018,9249,5513,2813,2890,9327,4200,2916,108,321,785,7992,8187,9509,9528,72,7825,4138,1260,8489,1586,2551,374,1558,3254,815,1334,7477,9620,9718,9816,8493,9891,3914,680,7712,4431,5801,9982
4562,79,8404,2275,2232,6555,8594,5156,8702,701,2293,2178,4335,2116,8802,4778,5199,5797,4158,5726,5318,6919,7033,3364,1123,6770,3278,7899,4454,630,1394,8955,7708,756,7479,2009,3358,4569,7097,4127,5243,9062,9130,6121,1513,1329,6363,2053,3128,1691,6694,7078,7139,289,7641,6000,6536,1358,2977,2206,6972,6950,9250,8460,2056,7628,9328,8479,7595,4161,3032,7662,7488,7259,9510,3526,2323,6926,392,4938,5547,287,1049,461,1993,6122,4294,3775,2748,9621,9719,9817,7448,7397,955,7321,5762,2238,270,9983
6370,381,8507,4759,7261,5196,8595,5673,8703,1632,422,3588,4459,6149,8803,7962,7361,4071,2349,6819,8885,8897,7897,5304,154,4923,2900,4741,5681,1715,614,6311,5457,1033,8441,4705,3685,3162,8252,4931,8049,9063,9131,6255,3828,6068,7786,2303,4007,585,7400,7452,7815,786,8384,3906,6794,763,4405,3059,7625,8321,9251,8388,4906,8185,9329,9377,9388,1010,3016,7577,5786,7240,9511,6390,1210,7515,948,6685,7057,124,2050,30,1296,2539,2134,1899,4818,9622,9720,9818,8011,9892,473,3385,7766,1215,178,9984
5214,1493,7807,2143,2982,3662,8596,4875,8704,385,2930,6103,5149,3668,8804,8850,5649,3815,4259,5852,8886,6923,8923,3574,3151,4281,5235,7341,4427,4962,2833,8076,4588,5232,7233,1631,7846,6163,6250,1395,7351,9064,9132,2197,3974,5571,4270,7749,3470,6075,5527,4601,7552,3366,4085,5237,4260,850,442,3467,5329,6723,9252,4476,1927,5314,9330,8325,5631,1514,954,6132,6483,9420,9512,5597,14,5903,5565,4798,7353,12,4688,603,484,1192,3305,741,6758,9623,9721,9819,6912,9893,1070,168,5116,200,1605,9985
5748,1936,8508,5603,6030,2633,8597,8228,8705,1818,156,1159,6955,4763,8805,8270,7185,6780,6332,3361,8887,7293,8924,7300,1849,933,4244,4358,4880,1056,2971,7716,7519,1617,7901,1420,8970,6413,6911,1216,6615,9065,9133,6862,4782,3091,7480,1355,4205,4926,5752,2126,3728,2886,5179,3780,3716,472,324,1268,7861,6888,9253,7948,1386,3710,9331,9378,7109,780,223,441,7728,9421,9513,7527,517,3679,2113,1398,6951,749,1259,626,4003,3542,2917,1700,6010,9624,9722,9820,5394,9894,2956,4908,3008,8306,7093,9986
2477,1659,8405,4256,2236,5424,8598,8240,8706,5299,55,4223,7066,5520,8806,2067,7232,6488,6140,1935,7348,7529,6613,7810,1894,5854,4441,8431,3126,3083,915,8956,6859,966,8152,3439,5816,834,7717,5229,7604,9066,9134,7136,5890,3771,7493,816,2745,2103,5885,6397,7177,561,7389,2440,7105,1522,3359,2649,1908,5209,9254,7835,5206,7429,9332,9379,7052,1112,2561,4439,6169,9422,9514,3607,110,6175,2292,2501,6235,100,3503,532,1517,2792,1415,1392,6529,9625,9723,9821,7913,8503,118,1648,6262,2401,1966,9987
6882,1121,7961,7432,4450,6046,8599,7282,8707,1917,804,1579,7267,1234,8807,8851,5120,1262,5487,6813,8888,4351,8925,4123,2302,5154,5448,8075,6102,3822,2169,8278,7426,1373,8337,1680,8057,6455,7624,4179,6433,9067,9135,4742,5836,7632,4500,6591,6171,2806,3595,5450,8062,4448,3473,3086,3404,231,3115,4932,6384,6761,9255,9278,3231,6136,9333,9380,5807,1348,833,3040,7023,6467,9515,6400,105,4093,6407,1100,8010,31,7112,606,709,1478,1298,588,3734,9626,9724,9822,7555,8504,524,1319,6147,552,551,9988
3171,5292,4882,2235,3188,2788,8600,1686,8708,772,1624,5517,5300,3719,8808,8367,4752,2005,1806,4785,8369,3877,6682,4701,2137,2151,1637,6379,1528,349,2449,8957,5770,3809,6508,2888,7374,4055,5701,483,5669,8448,9136,1581,4504,2805,4648,7170,4600,2441,1853,1276,3291,268,4225,3688,6334,5238,2141,3019,2583,5042,9256,7485,2560,5119,9334,9381,6324,1391,1166,4410,6664,8208,9516,5732,3095,4522,5587,4535,6055,2028,4689,3220,4751,1745,3064,2482,770,9627,9725,8355,2263,8145,408,1475,1054,6974,2309,9989
6297,1460,7538,5310,3705,3514,8601,7827,8709,4418,5414,2448,5744,1801,8809,8072,7176,6447,2146,4949,4614,1809,6712,987,3813,5814,3012,5988,5047,4843,871,8218,7490,1706,6821,3377,2949,2980,5274,2458,7785,9068,9137,3005,6582,7077,3182,1345,3669,535,2346,6316,7014,1074,5259,1965,4678,1136,4758,2216,5019,7483,9257,6782,657,2819,7010,8393,5640,1204,3219,7487,7198,7039,9517,5260,563,6326,4753,620,6626,28,6361,2187,1109,427,908,3707,4597,9628,9726,9823,7504,7670,686,3564,4873,2156,1301,9990
5702,3215,7686,5498,2038,4136,8602,6667,8710,435,3849,5436,6007,2990,8810,5841,3233,4747,1473,1163,8244,5176,6056,2471,735,4105,5623,5981,2320,2673,84,2190,2654,7055,6736,1616,7566,3743,5542,1179,5416,9069,9138,2739,5741,3666,6535,777,1469,376,4734,5653,6317,994,3842,5362,5313,5032,3101,3133,6453,3146,9258,7445,1782,5100,8295,7395,4726,2079,3480,7340,3348,7175,9518,7001,1403,3869,2981,3717,4288,115,4185,3890,3038,640,5918,2029,5929,9629,8021,9824,6658,9895,1244,3174,4579,1562,1018,9991
3587,3632,7505,7096,4403,5544,8603,8071,8711,3942,203,5094,6812,2024,8811,8056,4041,3121,2755,4996,8889,6018,8926,7357,1225,2780,3234,8248,2491,5718,4101,7412,7197,1568,7886,3122,2321,4484,2907,2423,2277,9070,8285,2951,4603,6936,6583,1916,5336,564,1253,4677,5693,726,6053,7049,4468,4219,5346,1711,6881,6086,9259,6978,1144,5321,9335,3363,5979,185,1940,1481,7359,9423,9519,3268,92,6410,3199,1202,7468,36,2692,1042,4015,1523,2870,2822,3998,9630,9727,8399,4187,9896,261,2568,5579,3511,6002,9992
2167,1286,5198,3116,2202,2419,8604,3594,8712,2016,3230,1956,4847,3731,8812,8331,4891,4472,3795,687,8418,2751,8372,5791,836,3165,3749,7250,3145,5054,3270,1541,6131,3838,6243,1206,7255,4408,4951,2741,1029,9071,8453,1937,2315,2442,4824,6969,5612,3256,1526,4312,4885,478,5134,5999,4413,5056,2784,2693,5427,4166,9260,5337,708,5115,9336,9382,5439,2596,3035,7559,5338,6865,9520,1941,1288,996,2753,2127,7949,468,1842,1143,1113,2960,2176,2847,2327,9631,9728,9825,3750,8121,1571,3767,3648,6638,2738,9993
1120,1015,3471,3617,3302,4202,8605,6445,8713,2227,3340,5743,6542,1546,8813,916,1750,1772,4973,2055,6501,3338,5573,2766,1507,4918,4711,6253,2094,3109,3028,5998,3952,5829,6793,1793,5677,4748,3618,1912,5933,9072,9139,4359,2246,1462,6451,1122,728,2939,3070,4353,6475,379,4937,6562,5539,1619,973,3460,6313,6346,9261,7051,1854,3832,7653,8296,1633,151,1542,7513,4031,7040,9521,3424,3276,3527,4888,2220,5747,2396,3068,2495,3207,3229,2388,4605,5092,9632,9729,9826,5901,5305,2074,3519,1111,3368,2942,9994
2666,1595,8509,6952,4482,1671,8606,8618,8714,2984,429,539,8192,6460,8814,8852,6966,5856,1593,1597,8890,8898,8927,7088,586,1077,8273,4129,5210,3739,1732,7350,8438,622,8442,1929,7702,4528,8379,924,7740,9073,9140,7977,4377,6826,7253,485,6178,2061,7044,7207,8234,4725,6172,6417,4502,990,543,1604,8203,6962,9262,8204,4964,5400,9337,8179,6399,62,338,841,8118,7874,9522,7892,172,7912,1537,1407,8490,1851,2585,794,3417,5794,1014,4126,6904,9633,9730,9827,8036,8305,4357,936,8146,6106,3532,9995
5161,7960,4373,6811,6436,1411,8607,4532,8715,107,318,3307,7680,4769,8815,8853,7963,5668,3933,2437,8245,3996,7997,7249,407,4714,5842,6130,3108,937,6118,7470,3684,2542,7603,4699,8971,4002,7098,982,1814,8449,9141,2865,6381,7859,7937,2347,1447,5535,6930,4175,8111,1984,6312,7510,7095,2362,398,364,7416,3523,9263,7652,60,1552,8471,9383,4619,1688,913,1188,6954,9424,9523,8009,1017,7617,4546,2370,5440,3979,873,797,2970,5857,375,822,7970,9634,9731,9828,5467,8327,4304,1610,7303,8101,5423,9996
1251,3349,7355,4558,2801,4024,8608,6241,8716,989,3609,5491,6561,969,8816,8854,4628,1869,4006,1093,8309,5430,8428,5192,3796,2329,2214,7294,1741,426,3540,8232,1332,6153,6498,5356,7236,3708,2492,1924,5328,9074,8383,3487,851,5477,2345,5208,2075,3203,4107,3652,6027,102,3152,5059,7226,3863,2261,2723,1811,5577,9264,7661,2119,4506,6182,9384,4183,1647,1305,6903,5589,8141,9524,5419,2785,2743,2782,4784,4142,44,1824,5569,4222,4009,4060,3752,1186,9635,9732,9829,6123,7597,513,2233,1970,2632,2736,9997
4443,8164,8510,8227,3441,3097,8609,7757,8717,1086,188,1337,8721,7154,8817,8855,4001,4856,3770,2686,8891,8899,8928,7150,781,165,7203,1480,3365,3986,1575,1669,8219,1641,8964,6937,6478,4899,8316,1746,8318,9075,9142,8093,6500,8014,9147,826,7524,596,8342,8454,9154,1527,7872,8288,5546,3135,1585,1577,8157,5402,9265,7072,6650,7689,9338,8083,6889,377,930,1040,8007,9425,9525,6684,205,9530,1429,886,9536,335,5736,446,1437,3821,2111,1588,7817,9636,9733,9830,9840,9897,1890,1208,7598,4508,1228,9998
3747,2913,8511,5234,5660,2975,8610,8619,8718,2598,237,496,8268,6681,8818,8856,7600,3009,3252,2219,8419,8900,8246,6786,452,264,7362,3314,6464,3344,1048,6320,8233,1108,8965,4103,6218,4523,8973,775,8284,9076,9143,8060,5663,8081,7325,694,6693,838,8255,9150,9155,3744,8029,6713,7278,1322,796,1325,9165,8158,9266,7924,3327,7856,9339,9385,7127,549,647,1939,7982,9426,9526,8085,293,9531,753,1830,9537,567,5193,361,2318,4428,2547,2066,8354,9637,9734,9831,9841,9898,968,404,8261,7698,4672,9999
5787,3301,7620,4164,5759,2838,8611,5661,8719,431,887,5919,5096,2414,8819,8857,6472,4393,895,5685,5925,4239,8013,4053,707,5140,1591,3736,1205,3224,849,7131,2174,3678,3124,5561,5916,3023,3195,1923,7694,9077,9144,2290,6750,3661,7668,2749,3819,706,3300,3893,5632,1430,8051,7291,8457,5585,5503,5218,6385,7408,9267,7753,163,1743,7722,9386,6809,295,5142,4684,2861,9427,9527,2717,1247,4604,1502,6731,7547,430,2765,1826,6065,4922,1736,3874,1440,9638,9735,9832,7777,9899,618,799,6720,4250,859,10000
