-0.0106584847518991	0.014363336485906
-0.00156481376690655	0.00284321184935055
-0.774087930448763	1.33293156926887
0.00321240291310013	0.025565447133568
0.0433582814612127	0.083669931077144
-0.71741288055923	1.20432884205205
-0.428592766363677	0.806065608888779
-0.42322187086553	0.718636762005577
-0.0187574665535812	0.0275220445211682
-0.774725811670274	1.31506234303187
-0.766374470527798	1.29423580770165
0.101322452001203	0.0507969792315633
-0.846781379748951	1.24638251957375
-0.912910998620819	1.22120102280242
-0.790887867545544	1.32455708145576
-0.739450937116578	1.18622044688932
-0.607565896484605	1.02067806403583
-0.755336122190962	1.31774964965155
-0.906385346260996	1.29777585847061
-0.56820435345954	0.912546719757181
-0.653111123224314	1.13832936965663
-0.795676395573227	1.34615543537223
-0.891382407661757	1.29122457064039
0.0555616031136284	0.063838163748232
-0.0223190431868748	0.0577602383970466
-0.179789741147782	0.302258861985951
-0.757037057150033	1.32470387703115
-0.578071150653233	0.712406556852327
-0.190916301705175	0.373299235873803
-0.91199727357951	1.25288334799213
-0.177284552000292	0.19828886733607
-0.762774262596143	1.31834643375118
-0.162989395854546	0.363300976048837
-0.705490393058647	1.22800156465061
-0.787559797143077	1.35640106433027
-0.782244961157171	1.34182162489685
-0.447569925135863	0.724376079394185
-0.63337864721147	1.11221921365295
-0.431071010824821	0.808255885290416
-0.0475381841856259	0.0934293310187123
-0.0343309142583916	0.043859321582453
-0.787254868368064	1.33556846959661
0.0114282222771576	0.0420142118114488
-0.238738793877406	0.401439405529926
0.0105771351105824	0.185241625968181
-0.42015331089803	0.738325027981886
-0.170286090416972	0.523537345251872
-0.00824347659873876	0.0117156463479138
-0.641457105545546	1.12853727870426
-0.829573059046951	1.29985994101155
-0.0952635772377071	0.511181964801377
-0.0141875398132032	0.108562883342398
-0.812123254902495	1.33497335865985
-0.875398191909496	1.33142826998211
-0.475978443889499	0.903806113289074
0.0134709837276899	0.0472451589150079
-0.726934807476325	1.26070168347041
-0.778464237958511	1.33566130030647
-0.599241662631054	1.09994696342794
-0.774194461794901	1.29426898817583
-0.754613790361197	1.26732468481702
-0.447655213151129	0.935843925804256
-0.0225265015528498	0.0306739653976457
-0.286973353998604	0.530104231321943
-0.846808632093947	1.25683425776183
-0.73576725893864	1.29202116839053
-0.756654816642518	1.29889563437335
-0.74710358945644	1.2840666345453
-0.634304083361195	1.18469090536703
-0.508432499897606	0.793864830060278
-0.811862955653726	1.36119421300174
-0.0299974721509898	0.0297733590557455
-0.546035720651656	1.01443892217597
-0.599493109110429	1.03171458090005
-0.576109254249925	0.985716184039862
-0.0898355769027813	0.152280419821145
-0.830988949793012	1.3198955332862
-0.0750488393457012	0.10739568426266
-0.523608458839731	0.867774401690092
-0.387044540229256	0.680270478533875
0.0262839591726901	0.207908017996533
-0.586532587628904	1.06752474679607
-0.80119697546282	1.35919708121825
-0.20024456150539	0.341621734022318
-0.355007303163314	0.549889897556801
-0.262974007220404	0.400241158469228
-0.323037408667171	0.481991280421394
-0.387671419967456	0.540452776456643
-0.619214928889571	1.14365808706668
-0.225189489217567	0.401092691284436
-0.0678785237490264	0.185452441478002
-0.395437239590148	0.656690151395918
-0.780417196590086	1.33984806947399
-0.312525595499454	0.651357707976388
-0.458728428929262	0.669880058569978
-0.775619656237887	1.33962567989299
-0.012452460552555	0.101387344250797
-0.254379336107537	0.437651850600247
-0.229809467477205	0.326937725696055
-0.246619138712102	0.473346717296306
