2689,8353,1987,5750,23,4137,3195,5922,3608,184,6030,2772,2728,2320,7964,4574,513,4296,8504,6134,2323,8604,1530,7200,8705,8805,8150,4110,8913,9013,5715,1370,9039,5587,6903,9138,4718,1985,809,6459,6711,3662,4947,2700,5667,5755,569,661,5924,3505,7299,6833,1230,1335,6928,8243,6277,5687,3816,296,8082,5516,2451,4022,6108,2944,8337,3690,2405,5335,9479,9579,9679,6994,5615,7282,7306,9779,1528,5971,9878,7995,5018,8066,5272,124,2980,3157,2636,8226,3972,1833,342,3648,506,2754,3786,5247,2942,7872
15,98,147,980,1264,2315,5224,2878,7577,2639,7743,7935,6085,1018,8456,4862,951,2461,8505,7592,2404,8605,1923,6362,8706,8806,7791,7609,8914,7549,7113,4249,9040,3645,3097,9139,9233,1116,908,7035,5560,8135,5855,7581,6927,4710,2852,3660,3579,4228,6167,9308,2565,4579,442,6208,2327,3854,2236,822,9358,3288,3497,5484,6201,4844,9396,5122,6935,3274,9480,9580,9680,7066,5565,4868,7742,9780,897,2623,5815,7533,2150,3036,7184,1015,3121,2406,2685,5983,7460,5830,1748,1410,4179,5729,487,1126,7010,9920
6587,8354,2118,6194,3162,1766,6539,5745,3858,5487,6432,6839,4634,5098,8308,2266,4304,6841,8506,6860,1743,8606,4662,4360,8707,8807,7119,5876,8915,7472,6500,1483,9041,4144,7338,9140,9234,5065,5285,2357,5774,7632,7521,3557,6275,3615,3620,855,1970,4313,4692,9309,1716,2335,5078,3898,6111,134,43,6156,8282,243,1108,3626,1184,583,9397,2732,6564,4071,9481,9581,9681,4967,1504,6984,6394,9781,789,1814,3174,3633,465,1701,6006,2836,1153,1487,761,965,9896,6552,2678,5315,6952,4880,2382,2488,934,9921
1486,8355,1877,7724,162,3144,4096,7469,2524,383,3717,6211,6279,3954,8201,1474,613,7607,8507,4920,1204,8607,7177,7367,8708,8808,8905,7427,8916,7849,7337,576,9042,4340,7428,9141,8325,895,5370,7438,7397,6512,7229,2930,7246,3887,4767,844,4723,2215,7482,8168,4111,4084,2052,2968,7582,3132,835,540,8057,393,3090,7510,4514,1463,9398,2441,5887,6993,9482,9582,9682,7477,7361,7604,6388,9782,602,3523,7715,6181,649,5701,3572,419,931,5889,3616,5080,6964,3679,712,556,929,4838,5086,5713,3366,9922
1981,8356,1584,6980,80,1086,4074,7175,1524,330,3377,6531,5239,1190,8457,3129,408,7440,8508,6451,3839,8608,7739,7076,8709,8809,8207,7866,8917,9014,4460,2462,9043,3959,8132,9142,8047,3948,5686,6122,7859,8093,7218,2189,4705,6472,1133,351,6852,847,4623,7834,5282,5190,597,5726,4998,6380,4808,269,8283,90,3262,7458,3884,1328,9399,2081,7987,6697,9483,9583,9683,7371,7466,7088,7989,9783,876,4060,8344,6883,2736,7211,6365,933,959,2867,2938,7637,3547,5489,722,2232,1297,5744,697,2722,7157,9923
1008,8357,772,6887,39,3961,4308,7296,1612,133,4647,4279,2185,3805,8458,2937,625,7714,8509,5564,5048,8609,5303,7457,8710,8810,8151,6058,8918,9015,6987,2259,9044,6706,6842,9143,7747,1583,936,7868,6273,6179,6413,2543,5769,5498,1005,830,5910,862,7515,4938,4485,3909,2518,7979,4172,3196,857,267,9359,2792,3140,3292,5919,3518,9400,6729,4645,6585,9484,9584,9684,7151,6191,7900,6923,9784,755,5944,9879,7697,6752,8008,3072,110,3537,2932,1166,7981,3803,2530,771,1934,658,1791,3893,5351,6945,8196
5551,8358,729,6229,4119,3552,455,3086,6145,5952,7396,2776,3249,736,7429,4391,5281,5449,8510,3857,5648,8610,1733,4338,8711,8811,5202,5451,8919,7186,2416,3853,9045,5220,5356,9144,9235,797,1841,6543,7054,5473,3160,4666,1042,2777,3641,825,5230,310,441,8113,2086,4607,1020,5991,2528,2857,1084,2616,8169,2868,3721,4434,2523,3638,7878,5761,5322,849,9485,9585,9685,4441,6371,1151,3381,9785,2297,5024,5618,4396,5114,3510,4219,699,3189,4693,1513,6334,5702,6538,476,7155,4499,763,961,4078,4996,9924
5877,8359,1372,6285,1692,3093,5805,1362,5361,5709,7335,4067,5076,2950,8091,3076,3250,3083,8511,3255,1075,8611,3982,4970,8712,8812,7578,5106,8920,9016,4861,1874,9046,1340,5918,9145,9236,2869,689,1279,1855,4641,3640,7078,5168,1632,562,836,1055,3100,731,9310,4592,1688,3063,2516,4476,2064,223,5203,7107,2934,1598,5216,5159,2364,9401,6267,1092,1610,9486,9586,9686,5221,2514,2887,6573,9786,615,1830,8290,7554,2299,7635,2041,2476,5804,2688,2747,6735,8293,6113,2542,4674,6360,667,3188,5046,1880,9925
1916,8360,493,5060,64,3543,3327,5006,2415,84,5411,3598,1754,2667,8459,3830,470,6406,8512,4081,6866,8612,3410,6318,8713,8813,8023,4475,8921,9017,6010,2676,9047,6375,6731,9146,8167,2142,859,7127,5868,6691,5725,4151,5635,4135,2571,1997,5698,2350,7541,7195,3346,2856,5305,5668,4907,1704,278,534,9360,5365,2303,2833,3860,1281,9402,4651,2446,5691,9487,9587,9687,5692,5187,5597,6789,9787,1022,2991,9880,8097,4789,8027,4021,167,3939,2883,818,9892,6846,3289,1853,3458,462,1682,4261,3493,4800,8142
4384,8361,2181,4990,65,2498,3955,5563,5306,1178,7471,6068,5025,3367,8460,1849,1439,6631,8513,5011,2718,8613,4849,6205,8714,8814,8077,2556,8922,9018,6173,3895,9048,2470,2847,9147,6331,1045,2645,5472,5514,3272,6288,888,5504,5214,2279,877,3124,1309,6535,7230,4293,5016,810,7800,3128,4123,2501,386,9361,2243,2670,1976,5770,3783,8338,6234,5676,4952,9488,9588,9688,4603,2758,6521,2765,9788,294,5575,8096,6196,4550,7433,3481,40,3524,2735,1435,8086,2624,861,1953,3511,502,3060,3560,4824,2870,7895
1543,8362,1172,5028,25,3651,4677,5552,2818,112,5000,3099,1199,3780,8461,3318,397,5840,8514,5464,3203,8614,5325,6562,8715,8815,8235,4904,8923,9019,6961,2613,9049,6199,7194,9148,7910,589,2919,7569,6755,5708,6910,4291,6180,6517,717,858,6218,1246,5274,5478,1266,1975,6985,8335,7043,3926,1848,203,9362,5488,3190,2512,6056,4002,9403,6545,3874,5100,9489,9589,9689,6655,6311,7822,6193,9789,1596,5392,9881,8224,6996,8021,4683,48,4241,2618,1087,9893,6648,2307,631,1977,404,1963,5045,4957,4748,8041
5055,8363,436,7242,113,7163,6757,6681,8164,948,8446,3761,3432,4113,6547,4329,3370,6896,8515,7199,1271,8615,3208,6216,8716,8816,7886,3897,8924,9020,5996,3698,9050,5173,7614,9149,7991,1641,4064,4878,6559,1989,7058,2147,7540,5862,829,1070,2922,1800,5946,6834,4943,4203,3317,605,6159,6125,3041,246,4966,2139,3287,1994,457,173,9404,1321,5323,3214,9490,9590,9690,4109,7281,7491,6162,9790,720,3649,8174,7870,1132,6610,6076,1371,6210,5067,4371,7141,2489,1025,179,3019,1922,5688,2210,2502,4873,8298
2999,8364,1959,7334,241,4088,3610,5613,7348,4321,7926,4678,3981,3247,8462,947,5147,6774,8516,2180,5607,8616,5482,6452,8717,8817,7630,2965,8925,8130,5317,5037,9051,3252,3199,9150,6137,1344,1564,3602,5465,4344,3240,1208,4684,5158,360,218,2112,1217,6744,4436,4125,3863,5348,3849,6033,4358,236,128,9363,2691,1821,6844,4543,1090,7924,5023,5437,3442,9491,9591,9691,5292,4725,4480,6924,9791,1912,2484,7347,7676,2253,6015,4466,499,2267,4238,3021,7249,5581,863,1337,1441,2427,1120,3229,4796,3357,8100
1076,8365,954,7969,114,4180,5846,3622,2300,77,6067,1991,1538,4265,8463,4581,921,7805,8517,6592,7782,8617,7790,7355,8718,8818,7927,5185,8926,8078,6886,2545,9052,6890,6668,9151,8133,1616,2432,7730,5649,7682,6941,3165,4909,3402,514,582,4208,407,6044,7223,7550,4712,3269,8244,1465,3429,4190,251,9364,4598,3869,4442,4256,3885,9405,6603,2900,5506,9492,9592,9692,7546,4283,8221,5096,9792,479,4708,7893,6821,1591,6509,4493,151,2065,4012,679,7685,6908,3886,305,1158,1503,5374,4310,6424,3945,9926
5288,8366,1600,7902,1255,7606,6341,4649,8005,3283,7424,5621,7456,5088,6611,163,3513,4061,8518,1422,998,8618,5459,5538,8719,8819,8208,6166,8927,7621,7812,260,9053,3609,6217,9152,9237,1621,1811,6771,7213,6141,7833,5523,7310,559,4701,730,4055,2808,5407,9311,6460,5163,923,2509,7311,3663,592,1379,9365,153,4375,7986,2859,1058,9406,2829,7279,3965,9493,9593,9693,5008,6836,3126,4567,9793,199,4302,6797,6734,485,4686,2423,1234,646,6183,4655,6579,7300,2485,799,981,4540,6589,3107,3856,2095,9927
5393,8367,409,4965,3680,7146,3158,3260,7691,6510,5566,5238,4447,1267,7493,111,5052,5435,8519,2012,1507,8619,3550,6302,8720,8820,7244,3980,8928,8212,3394,4663,9054,2018,2244,9153,9238,3709,3601,6904,7251,7041,6155,2302,6963,508,1623,666,1878,301,3038,8192,2247,3903,172,6363,4619,3792,2601,2943,7207,299,3074,4897,5022,1527,9407,4548,1906,4214,9494,9594,9694,4918,6202,2245,6481,9794,4593,6037,9882,7749,2390,8159,1220,1522,978,2132,3871,8347,4171,581,3055,6163,6065,4822,1180,3421,2465,9928
5689,8368,1089,7612,942,1238,5352,6207,1272,1468,1797,5446,6818,992,8309,3071,32,6301,8520,7111,2366,8620,6867,6526,8721,8821,7545,6506,8929,9021,4385,2699,9055,2197,5998,8324,9239,5492,4615,6718,6412,6527,5666,2899,3812,3508,3503,3540,5347,3570,5899,9312,5466,1135,1817,3697,5973,4079,2434,1910,6200,82,1671,5192,3597,588,9408,1433,4464,5963,9495,9595,9695,5748,7168,3628,5320,9795,341,1250,8345,7808,2713,7547,5479,805,200,5136,1844,6986,5269,6184,3022,4551,327,1393,4446,5955,3453,9929
8088,8369,1640,6094,2815,6484,3574,3844,7320,5454,8447,1189,2104,4589,8128,2114,2055,1942,8521,5340,2849,8621,3519,1913,8722,8822,7754,4357,8930,9022,4864,228,9056,4130,1935,9154,9240,1179,2802,7258,3020,6605,6099,3731,2626,4706,608,4093,1068,1277,4107,8114,5419,5278,2967,4381,2391,2122,1850,2468,6387,3688,3379,3878,3244,823,8173,808,735,922,9496,9596,9696,2038,3781,3828,2741,9796,2008,5387,7352,7802,2053,4289,4980,279,2508,2029,3669,5764,8349,5432,292,1670,5684,4552,5294,4774,2821,9930
884,1943,1445,4735,2906,6230,2664,5097,8127,5047,7735,6369,7354,3924,8464,653,3312,6078,8522,7627,1334,8622,5438,7085,8723,8823,8209,3990,8931,8271,5556,1581,9057,4516,6807,9155,9241,2989,6188,7264,6233,5129,7757,5710,6084,444,804,533,3631,1926,4955,9313,1607,3522,303,4819,4457,4963,5012,3109,9366,2905,4738,4458,5808,2961,9409,5093,7357,3563,9497,9597,9697,6647,5940,1038,3390,9797,91,4217,7993,3487,527,5031,2638,59,1157,532,4515,6978,6462,2503,657,2890,5245,7156,2161,903,3992,9931
7716,8370,1305,5811,1140,6865,6128,3751,7959,6009,8448,4388,2619,4105,5496,1061,449,6254,8523,1138,887,8623,3943,4971,8724,8824,7767,4413,8932,8213,5754,1288,9058,3791,1915,9156,9242,591,3559,6683,6335,5290,5959,6684,5394,4167,1315,3296,984,2507,3136,9314,2594,1431,1690,1803,3815,2599,2555,3426,7190,3227,2844,5456,2252,1007,9410,843,5181,358,9498,9598,9698,2290,6781,6131,4346,9798,872,3595,8194,8065,2799,7415,5672,195,3573,2569,3427,7226,6354,1566,1737,4872,4459,4470,2983,1307,1518,7932
6109,8371,438,7970,1509,5941,6246,4316,7971,5270,8101,955,3667,1812,8075,2149,5511,5585,8524,3147,2531,8624,1876,3198,8725,8825,2762,1720,8933,7977,4594,523,9059,5266,1533,9157,9243,2984,2843,1620,5537,4004,3604,4727,5424,4988,765,3826,4781,2069,6282,8035,2089,2100,5259,7252,3899,3369,175,680,7603,3058,2051,4038,3475,2794,8038,1498,5775,1893,9499,9599,9699,6983,4865,5905,893,9799,2363,2115,8195,7624,2258,7721,5480,247,4498,3089,775,5948,9897,2354,372,6804,4949,4978,3787,4667,1004,8229
7759,8252,1666,5822,2578,7236,5935,3724,8232,2851,7360,6492,6540,4427,8268,1464,3919,6238,8525,3795,5875,8625,6270,3624,8726,8826,7369,6025,8934,8166,2334,784,9060,3254,6090,9158,9244,4277,1514,4510,4414,6786,1451,4612,6297,410,2660,1136,4292,594,1847,8115,5313,3718,1066,2143,6219,2726,1395,654,8336,131,3309,7208,1744,985,8339,3673,3774,4646,9500,9600,9700,5518,6715,5683,6300,9800,1386,3541,9883,8225,762,7769,6048,3431,1891,2133,2343,8098,2176,969,188,5595,5205,5525,359,1106,2657,9932
7933,8372,2314,7883,2810,5984,5400,3654,5806,5657,8449,3042,5528,3087,8202,846,2467,6632,8526,1341,1429,8626,384,5976,8727,8827,7894,2662,8935,8237,6599,474,9061,4576,4205,9159,9245,2168,1359,5616,4845,6809,3444,6549,4629,2770,3439,5330,1960,3520,3403,9315,47,313,627,7134,4116,4750,2101,1867,6816,1885,918,6487,5542,1774,9411,5390,4795,4126,9501,9601,9701,2804,3052,6827,1349,9801,73,5644,4141,6740,1902,6422,5982,214,5559,3112,4045,7764,7901,4188,1437,732,4779,4908,3360,5706,6185,9933
4722,8373,944,6441,1983,3841,3927,4426,6569,4181,7999,3619,4716,811,8183,1365,4568,2496,8527,5260,3265,8627,3102,2596,8728,8828,6799,4211,8936,7494,401,4813,9062,4554,1649,9160,9246,2631,1391,5117,3131,6825,4853,4363,1715,1318,1547,1651,1016,2666,6190,8329,1759,4637,678,1672,2714,3064,2248,5663,7827,1709,1761,6023,2355,504,9412,2537,5092,2787,9502,9602,9702,5293,3451,1280,5373,9802,879,3210,6627,6440,1633,2798,3743,1028,4018,3796,3984,2179,8119,2872,2744,1265,5384,3918,1951,6052,4884,8351
1496,5237,2066,6676,4502,2834,2251,6262,5685,5376,5072,7074,6286,746,7666,943,3408,7844,8528,5586,6328,8628,2204,5521,8729,8829,6036,7112,8937,8131,3479,1149,9063,2546,7221,9161,9247,4542,3486,5360,6324,7214,6618,1706,4294,2375,2789,510,2884,757,3368,9316,5557,4269,4638,2527,6266,770,174,616,8284,413,2866,5515,1082,676,9413,4739,2952,4858,9503,9603,9703,6284,6693,2764,7968,9803,1252,2016,5074,7036,1233,2544,2641,3668,1194,4694,1291,3034,7327,5396,3350,2288,1226,5572,1060,6586,2346,9934
2,6,12,275,349,725,3422,5779,3728,6041,5206,7185,6077,1375,8465,4953,5759,7416,8529,7297,1617,8629,4282,6523,8730,8830,8108,5592,8938,9023,4538,3363,9064,3584,7936,9162,9248,6486,6232,7792,6026,8103,7842,8063,7640,5084,3496,2933,4503,1097,7356,9317,6019,6643,713,1560,7876,3687,1477,4902,9367,388,3029,7476,2033,295,9414,1399,3837,7280,9504,9604,9704,7253,6027,3735,6554,9804,1955,3454,9884,8020,1088,7385,6716,4320,5299,4977,2443,7192,9898,7534,2663,5236,6268,5602,1290,2083,6340,9935
6066,8374,568,3979,1628,5183,6103,5962,8090,3555,8199,5807,6937,2646,3769,430,5854,1726,8530,5927,3053,8630,4658,3822,8731,8831,6730,5353,8939,3048,5405,1517,9065,1035,6843,9163,9249,2241,4404,5174,5763,2997,5139,1630,3891,5002,1425,2954,1406,3340,2628,8277,5439,4051,4685,2988,3964,491,3745,2138,7071,655,2513,6377,103,171,8288,2701,2826,4225,9505,9605,9705,7232,6449,4462,6389,9805,2566,1229,8122,5554,2188,2956,4100,1012,4280,1146,545,3732,6863,3664,3650,7516,5562,1529,1232,4565,3176,9936
6838,8375,672,5913,1394,6132,1270,5526,8233,4715,8450,4334,2235,2717,8203,1749,4157,3159,8531,4087,1702,8631,4325,3530,8732,8832,6154,700,8940,8238,1619,3133,9066,3976,5180,9164,9250,2463,2745,6478,957,5619,5235,5513,3040,1119,1992,2338,3925,1866,4695,8218,2750,2629,2421,5412,3194,2162,815,5279,7575,2272,2331,5799,1047,711,8139,5485,4549,848,9506,9606,9706,4488,2800,1941,2908,9806,1262,4170,6546,6597,681,7021,3430,1492,3908,1723,1776,7871,8028,3457,1368,2592,3896,2377,3436,3177,1100,8050
1894,5233,2312,7174,2694,3772,6174,5324,6622,1572,6678,5162,4432,964,8466,2580,2898,3553,8532,6511,3809,8632,1521,6831,8733,8833,7848,4946,8941,7922,5553,690,9067,5436,6950,9165,9251,4260,1298,7594,4196,3028,5818,4732,5209,4040,1304,4410,4921,2996,1508,7189,1342,238,739,5261,4094,2317,664,6013,8219,1000,290,2026,930,1225,9415,6071,5200,1269,9507,9607,9707,6248,1356,5468,5857,9807,2076,2436,3852,4472,780,6101,6457,2766,4945,2990,1415,7641,8294,5832,2275,2977,6177,4274,437,2021,3161,9937
5332,8376,3894,7997,2121,4825,2049,4173,7341,4736,8052,5243,6704,5737,8467,4474,5417,4856,8533,5606,6938,8633,1648,6976,8734,8834,6135,5077,8942,8079,7023,1681,9068,6966,3328,9166,9252,1412,3733,5634,1104,3554,3073,6479,6674,2921,4807,2923,685,3115,119,9318,202,315,803,7278,483,6228,4508,5104,7748,6429,914,5979,6571,2706,9416,2321,5030,5461,9508,9608,9708,5524,6520,6796,2260,9808,17,1398,7392,6333,932,6203,5042,180,7751,168,791,2263,9899,4029,4770,6649,7461,5142,1686,4699,3467,9938
4993,8377,682,7145,3291,5647,4573,6256,7771,4037,7176,5110,3941,2564,7965,939,3401,4324,8534,2550,4224,8634,4254,6329,8735,8835,7276,2294,8943,9024,1214,377,9069,2141,1128,9167,9253,2213,4076,2904,2326,3729,3068,6385,5418,4886,1476,2107,3204,2368,7017,9319,2407,3406,5161,6795,1746,2558,321,1695,7149,4229,1838,4672,4035,2845,8340,1113,4681,2356,9509,9609,9709,5222,5462,3864,1118,9809,695,2886,7994,6656,265,6936,1401,507,1532,603,3033,7394,8180,4048,1550,6828,2796,3455,6001,3488,4522,9939
7934,8378,132,5231,1898,7097,6566,4941,7998,4221,8200,7121,2724,3736,8310,637,5627,3443,8535,4541,3207,8635,5481,3653,8736,8836,7086,3226,8944,8239,5277,688,9070,3172,7368,9168,8326,145,5906,2855,5502,5312,4312,6376,7474,4733,2412,4513,2372,566,1531,9320,5968,3056,3305,4250,4556,5075,1274,788,5007,468,4008,2022,1009,530,9417,6351,2172,2730,9510,9610,9710,5445,4714,3923,6251,9810,2475,4847,8346,7689,4698,5655,5452,579,5947,665,1033,5402,5043,5068,378,7563,6000,5760,346,1511,2889,9940
4898,8379,2547,5536,3059,2913,6555,7267,7268,2123,7498,7290,4178,4362,8468,4621,6343,7193,8536,5134,6018,8636,7336,7528,8737,8837,6889,5851,8945,3967,1400,6469,9071,2793,7328,9169,9254,4821,4025,6397,7382,7602,4942,1602,6455,1534,1545,357,2901,793,1235,7825,538,2362,868,3354,7483,4400,432,1705,9368,37,3324,7135,1773,619,9418,2891,5943,3321,9511,9611,9711,6057,7793,5474,7484,9811,539,1843,2655,2337,999,1332,6304,3202,1928,5735,1044,2650,5338,5337,3768,3120,6414,7446,139,1614,3565,9941
7037,8380,226,7738,2500,5823,4036,1019,7061,4653,8234,4121,5490,2778,3794,467,5063,4174,8537,4959,3331,8637,2863,5184,8738,8838,6819,1313,8946,8110,3722,2474,9072,2075,6448,9170,9255,2520,4979,5207,3079,7106,5743,4065,2824,1789,1449,1904,3504,353,4948,8330,2191,4467,800,6496,1469,1556,3137,1921,3313,1851,3536,2828,5711,2387,9419,1634,5359,2047,9512,9612,9712,4117,1631,4999,5276,9812,1693,4986,8061,5558,2926,7102,3656,564,3242,3007,1134,8067,7809,3026,196,1823,6038,3549,1903,1311,5170,9942
7308,8381,1148,5128,571,4791,1678,4489,7590,3556,8304,650,4049,373,7448,639,2862,3339,8538,5589,5628,8638,4468,4501,8739,8839,5413,3921,8947,8016,794,4930,9073,5346,2665,7966,9256,1790,2380,5079,5987,4729,3391,5040,1920,5652,1879,1842,652,2201,1998,8186,354,3329,1567,4326,3297,2319,1364,3929,8058,3931,1613,5612,3143,1155,9420,3222,2246,3125,9513,9613,9713,1553,5369,4919,3082,9813,1559,4815,6942,7918,1396,5219,4257,2690,1765,3456,1526,7284,8250,5019,1946,2173,3763,3870,4364,4753,2284,9943
7717,8382,1594,7027,1873,7130,3268,6278,7678,4976,8451,2769,5828,1358,8105,1606,777,6640,8539,2203,6110,8639,5780,6069,8740,8840,2712,5532,8948,9025,6998,704,9074,4351,2394,7437,9257,3977,4199,6039,4961,7064,5798,6988,5651,740,642,1251,4711,156,5425,9321,1755,425,1455,3163,2584,5297,2519,2559,7081,2228,1316,3461,4679,2820,9421,4788,5280,2226,9514,9614,9714,2425,5693,5391,4964,9814,2348,2709,9885,7160,3237,7294,4817,129,2200,2541,2582,7654,4841,1320,176,4691,3412,5583,675,1752,3197,9944
1258,8383,5732,5493,211,1699,3739,4848,3696,207,6133,6784,3395,3151,8469,5201,3330,7342,8540,7148,6447,8640,7274,3123,8741,8841,8320,5914,8949,9026,7745,851,9075,7324,6558,9171,4954,4659,901,7187,7889,5064,7180,753,4973,6239,399,169,4411,696,6637,3881,4491,5608,6911,3906,7206,6801,2408,93,9369,286,2384,6209,3116,557,9422,3571,7511,6763,9515,9615,9715,7988,7018,6722,7605,9815,898,7317,9886,7694,5873,7862,6313,2449,5175,4790,3875,8141,1751,2238,71,6607,4386,4091,283,744,5961,9945
1884,8384,673,8263,2450,2274,5471,7670,3298,1447,3142,6955,7650,1424,8311,2218,1426,6426,8541,7373,1127,8641,3474,7463,8742,8842,7845,6673,8950,7529,4760,2278,9076,7062,6272,9172,9258,1259,3985,7101,3748,6563,4911,7850,7383,768,4268,3279,5574,1541,4951,9322,376,2196,215,2633,3512,4742,1519,4299,9370,520,1310,6713,6357,4332,9423,6732,7049,3950,9516,9616,9716,7345,6352,5767,4031,9816,92,6633,3777,4504,769,5787,4017,152,272,2137,2438,7561,9900,3220,3629,751,2094,2293,4956,4264,6236,9946
1571,8385,1956,7502,1967,1644,1887,5656,3716,2119,7753,6553,2832,2054,8470,1949,2935,6153,8542,3867,3789,8642,4429,2017,8743,8843,5254,4801,8951,9027,4654,6075,9077,5406,6542,9173,8111,2686,107,6891,4028,2809,4937,778,3095,5444,19,235,4586,88,2493,5662,4702,2622,456,8280,5363,4857,1355,1057,8036,4688,1819,6416,2727,3062,9424,5156,3691,2846,9517,9617,9717,7399,6837,7183,6857,9817,1999,1719,8117,3267,3583,5165,1557,3096,3995,4837,1237,7019,5925,5035,2058,7915,5009,5671,2353,4328,1152,8251
1787,8386,1494,6446,2036,3156,5087,1502,4195,2027,6463,5013,2067,1674,7990,2756,2978,6991,8543,6263,1191,8643,5477,6089,8744,8844,7788,6172,8952,6666,6330,1854,9078,5029,4765,9174,9259,850,2429,1442,5665,5137,5724,6439,5593,4642,161,543,3699,1471,1427,8157,1161,1416,2511,7443,5784,1420,1804,1347,7937,4155,1295,2753,5026,3759,9425,5105,7305,4380,9518,9618,9718,2658,2790,7159,4859,9818,308,5343,4680,7919,2517,6390,5768,2444,2202,3209,3464,8227,7486,2817,686,2381,4927,2607,355,774,6253,9947
3692,8387,2755,7556,1257,2409,7543,2946,6934,6645,7657,7626,7147,1273,8471,4156,4777,4421,8544,7364,1506,8644,609,6129,8745,8845,6488,6541,8953,6242,5414,4806,9079,6962,6999,9175,9260,2671,1052,6123,1635,7432,5533,7266,3670,4916,3316,4278,1095,3215,4209,9323,311,1558,318,2347,1589,5974,977,6709,9371,123,3119,6593,4373,2024,9426,6519,7215,2692,9519,9619,9719,5785,6977,4690,4033,9819,11,2006,1662,2070,724,1769,5547,1003,2598,3091,4747,4744,8087,5756,2386,478,3840,4855,1908,5127,6293,9948
7555,8388,492,7798,1397,6969,3940,2842,7795,1597,8072,4003,4389,1809,8204,3311,617,5240,8545,4675,2098,8645,1195,4138,8746,8846,7138,4307,8954,4803,3002,4668,9080,935,3831,9176,8161,2310,3890,3148,4958,2835,4764,1668,2063,1603,1497,2088,4737,2227,1936,9324,4578,2761,706,5440,1209,1515,754,1091,7929,4077,1932,4112,3836,2644,8220,3935,6319,618,9520,9620,9720,4776,5902,5194,4520,9820,1687,1862,5152,4330,2273,3015,3862,2687,4832,2085,1105,6034,8009,4009,2495,3806,2552,3764,4114,4811,1137,9949
8022,8389,421,4235,1193,7453,2807,5149,8303,2264,7973,5853,1869,4159,8031,1815,4892,5367,8546,6700,5629,8646,5253,6130,8747,8847,1192,5058,8955,7030,5318,1859,9081,4161,1636,9177,9261,4202,693,6767,4905,5777,3469,3356,5783,1972,271,343,1802,69,4314,9325,2651,4053,721,7330,5099,4345,364,2342,7619,3261,2479,5145,3462,2840,9427,2894,5543,3922,9521,9621,9721,5545,6332,3713,3819,7980,2287,2654,7312,6874,677,4072,1482,2221,2097,3141,1667,4536,7562,1418,1736,5859,5540,4585,4559,5776,734,9950
3850,8390,698,3499,1837,3905,6670,6946,7094,3146,7864,5357,5836,3478,7271,1650,1254,5302,8547,5872,781,8647,3727,5958,8748,8848,7585,6305,8956,7464,5576,641,9082,4640,4570,9178,8162,1173,663,5739,3411,4145,6259,3003,5909,973,1659,902,5140,643,5286,5916,2084,2785,447,7410,2117,3725,4043,3471,8120,2166,1432,5467,4486,3491,8158,4016,4058,3916,9522,9622,9722,5066,2653,2410,7452,9821,2113,5378,8179,8085,894,7401,2482,209,2529,2270,1141,7803,7665,3790,1771,490,4372,882,3962,4019,4495,9951
7588,8391,2014,6695,832,3677,3164,5345,5316,424,7873,4492,3336,3101,8043,2184,1657,2291,8548,4298,3770,8648,4169,1067,8749,8849,2456,4239,8957,7744,4403,4525,9083,1578,5483,9179,9262,3238,3386,5570,1984,3343,5697,4139,1872,4026,638,3845,572,640,6104,9326,2422,1656,391,3958,4095,2080,1868,2955,8083,3383,2464,5848,4901,2858,9428,1123,5409,2015,9523,9623,9723,5670,6669,2400,6338,9822,956,1763,8291,7653,4200,5888,4939,2738,1510,1330,2812,8099,6575,4497,307,4810,3171,4253,3811,2223,1889,9952
1937,8392,3067,7939,1609,3788,6170,7752,3892,612,6402,3032,2941,2174,5497,461,1865,7350,8549,3178,4266,8649,4158,5001,8750,8850,8257,4828,8958,8055,6766,501,9084,7316,6187,9180,9263,1099,6258,7856,7615,2705,3953,7473,8080,1512,1861,1950,4572,4650,4367,9327,509,201,1574,7762,2298,5349,1169,458,7733,6160,2433,6091,1982,3092,8341,6596,6126,4197,9524,9624,9724,6504,7807,7326,3012,9823,814,4032,8123,7664,1228,7703,4423,120,549,3749,1303,6482,9901,3564,158,3960,1438,3944,6220,4483,5722,7863
3230,8393,3282,7589,2127,2805,2974,6650,5416,3098,7142,7760,7291,2473,8472,2152,4524,6888,8550,7380,4455,8650,7608,5965,8751,8851,7955,7391,8959,6247,2877,1489,9085,5733,7381,9181,8327,5427,1901,7259,7139,5138,5782,1343,7375,2289,61,323,5967,674,5820,6654,5178,6644,1036,1875,7140,4319,423,140,9372,366,3110,7963,2234,512,9429,1707,4519,6461,9525,9625,9725,7776,7861,2929,7523,9824,1660,4163,6568,4783,1006,2361,2096,1599,4273,5719,5287,5081,2311,1911,274,5645,6361,7723,266,1551,2910,9953
4133,8394,1325,3719,694,6467,8089,7288,7804,1742,8305,6072,2060,3372,7262,300,5095,593,8551,5881,1645,8651,7237,3998,8752,8852,6372,6939,8960,8024,2733,5867,9086,4563,6747,9182,8241,536,3212,7537,6855,1939,5933,7351,7344,5210,237,466,6495,2020,1973,7731,5746,6409,6080,8281,5734,6748,3135,239,9373,1588,3880,2669,3094,3263,9430,5675,3920,334,9526,9626,9726,4968,3932,1957,2909,9825,1930,6764,9887,7677,6749,5816,5350,52,6401,2105,1403,6879,8004,477,250,5861,2522,5397,2401,4365,1969,7797
4435,8395,2420,7690,3539,3278,2914,2949,7349,6591,7256,5264,6859,2648,8473,2402,6392,3206,8552,6687,6899,8652,2037,6739,8753,8853,7479,3752,8961,8214,6725,3342,9087,6760,3776,9183,9264,920,2924,7292,873,4972,3445,8048,3480,6560,4020,3551,644,2190,259,9328,102,150,414,6929,379,5227,3130,5632,8026,1102,1063,6438,7042,5059,9431,3567,6419,5336,9527,9627,9727,4176,4944,6192,2445,9826,26,2973,7225,5578,2848,6574,6410,452,6182,867,563,1764,9902,5211,4248,6917,7162,5101,1139,3234,5771,8352
6105,8396,191,4882,406,6664,7704,7557,7972,1611,8266,7110,2947,4417,7165,967,4315,1966,8553,7941,4798,8653,7386,6074,8754,8854,7508,2652,8962,8321,4244,4539,9088,4799,7727,9184,9265,1142,2526,7419,5354,7340,6619,6326,7495,6641,185,53,2486,443,6004,6345,6578,7329,3495,7899,6570,5364,3320,135,7828,1154,3407,2850,2951,3049,9432,6417,7711,1302,9528,9628,9728,7026,1323,6225,4564,9827,3281,3528,7930,7210,3276,4913,2448,121,5841,1593,585,4580,7778,1417,392,7669,1069,6576,2499,4609,1563,8299
6918,8397,4000,8253,1198,3911,4625,7639,8264,5422,7692,3865,6411,1436,8474,3778,4544,7272,8554,7034,2661,8654,4056,6198,8755,8855,7250,6577,8963,6271,6501,1750,9089,4622,7702,9185,9266,687,4869,7070,3295,5291,6325,7080,6503,2205,3798,446,2588,792,4874,9329,86,570,109,1806,4696,4355,2515,7758,8059,1762,1886,3773,4420,4631,9433,5653,7668,1639,9529,9629,9729,6777,2874,5980,798,9828,18,1820,7050,6906,4682,4535,5555,49,1312,210,1111,3352,8295,4336,3946,6864,6252,6699,4368,2019,6221,9954
2936,8398,1423,4431,220,3973,4438,6431,7004,1024,7787,4506,4243,3183,8475,2116,5014,2431,8555,7343,2719,8655,5753,6097,8756,8856,8185,6453,8964,9028,6743,4393,9090,3438,6011,9186,7095,2611,345,7610,4339,7128,3991,2888,6881,4618,55,79,3416,1352,7851,5021,6337,5215,2099,7475,6240,2087,2010,325,9374,5355,1383,3251,3825,2374,9434,5131,7060,2295,9530,9630,9730,5904,4843,5580,3299,9829,524,4720,9888,9891,4768,8039,1679,439,5344,1993,3441,8175,2477,552,187,7301,2077,5584,2011,4297,3459,6355
7514,8399,2002,8010,1805,7779,6171,7708,8051,1369,8452,2440,2675,3797,8001,2487,5458,7390,8556,7884,5113,8656,3600,6224,8757,8857,6972,5491,8965,434,2731,2483,9091,5765,6548,9187,9267,1460,3531,4566,5797,2214,1382,1665,5381,6189,3044,4124,1728,3915,3738,9330,248,3307,2695,3284,6464,3672,3470,6144,8007,2158,1064,1725,3900,3104,7734,1440,1405,1689,9531,9631,9731,5124,2301,6733,1227,9830,537,2602,1683,4251,5988,1587,4131,87,3498,1345,578,1085,9903,6791,748,2814,7033,5926,1799,6241,6053,9955
6178,8400,886,7378,1758,2242,3689,7359,7039,1626,6368,3043,3463,1278,8476,4451,3166,6806,8557,6344,5172,8657,3623,7322,8758,8858,7245,5892,8966,3385,6502,2277,9092,714,5900,8274,9268,2220,3720,5646,5208,7222,7150,7025,6761,7240,1990,463,1215,3546,1552,9331,35,1129,2893,3592,6537,3676,2131,5992,8285,1159,1856,6346,3758,1711,9435,4482,6958,5275,9532,9632,9732,6212,4415,7620,1236,9831,10,2365,2710,7136,4505,2811,6703,875,1165,222,2093,2572,9904,6694,2583,4252,2948,6119,2108,2535,3952,9956
7958,8401,1548,7535,4772,7093,2491,5573,7847,7527,8453,7100,5890,5289,8154,3506,4478,3851,8558,5622,3868,8658,3193,3741,8759,8859,7450,6746,8967,6117,6902,3009,9093,5781,5716,9188,9269,2625,5083,3842,6336,5695,6022,6062,6612,4212,1495,2045,1462,3913,6721,9332,192,1077,3846,8137,5056,165,950,4547,6992,2329,833,995,1408,555,8060,2931,6235,4778,9533,9633,9733,5795,707,7365,4010,9832,2964,946,1643,2739,387,1183,5508,945,926,2195,264,972,9905,5883,3155,6445,4975,3744,4780,5864,767,9957
1380,8402,280,8300,1144,1456,7880,8070,2490,1062,6522,7725,7126,3347,8312,1965,3294,7709,8559,6651,6396,8659,7079,7132,8760,8860,8906,6176,8968,3286,5970,2647,9094,5611,3485,9189,9270,4766,5193,3181,7172,4906,8017,1831,7684,4005,645,1698,1478,1294,4006,9333,62,2615,2827,7732,4601,4353,2192,403,9375,1293,3224,7411,7412,4713,9436,3861,7843,1361,9534,9634,9734,8147,4620,7892,3642,9833,1407,518,4295,3951,1419,1857,2367,417,3404,4242,4885,2720,7260,7712,170,727,2861,4327,3152,1899,7153,9958
4366,8403,2136,7525,1813,1895,6367,7255,4201,4399,4827,7974,6753,928,8313,5751,1175,8106,8560,7667,1536,8660,6477,7143,8761,8861,7960,7600,8969,5897,7686,244,9095,5696,7559,9190,9271,4870,3225,4352,6659,7020,7120,3785,5070,1339,4245,1177,1741,3671,7574,9334,2960,5130,2630,3016,6381,1914,1275,628,7911,83,3928,4831,990,249,9437,1605,6675,5561,9535,9635,9735,6915,5749,6614,7524,9834,909,1283,3606,3334,630,1863,6900,2079,723,5736,2336,2233,6197,5911,352,1346,5044,4597,854,3644,2976,9959
2620,8404,183,6968,422,2178,5674,5835,1285,4397,5993,5426,3532,5522,8149,621,5132,2271,8561,6897,3901,8661,1101,6379,8762,8862,7548,6499,8970,9029,6850,5198,9096,1618,7202,9191,9272,4216,5120,3353,7077,6719,6544,1775,6276,1834,845,4041,4630,1322,2816,9335,473,333,4852,8025,4850,3526,1071,4412,8146,5326,2915,2325,6532,2032,9438,5517,7082,3545,9536,9636,9736,4851,1663,7675,1493,9835,288,3325,5969,6845,1299,4527,1958,2903,692,3821,1162,2224,8350,5705,565,6848,6737,1675,5833,6007,1114,8197
6686,8405,108,8301,2595,2001,7287,4929,2171,5957,6294,6214,3231,4923,8477,3000,5520,5339,8562,5404,7053,8662,1472,5659,8763,8863,8190,5884,8971,8240,7263,5639,9097,6824,6516,9192,9273,3271,5341,2435,6940,7318,6625,7203,7007,3046,1703,738,2825,70,3666,7728,100,551,5428,7205,2417,1331,1378,515,7967,5398,2403,4707,4689,1818,9439,4794,6151,4557,9537,9637,9737,4099,1147,6626,5160,9836,489,1374,8152,7459,3701,4322,4177,1185,1390,2071,484,1714,8296,1241,1125,7695,6086,1387,6817,6249,1021,9960
1676,8406,3473,4749,1540,2563,5796,4101,5195,2040,6913,8000,4891,1909,8314,5244,6083,7572,8563,7781,4636,8663,7298,6264,8764,8864,8129,7740,8972,7858,7309,448,9098,5703,7536,9193,7888,6524,3949,7024,7761,7265,5953,2175,6494,2672,182,242,4997,938,3675,6428,6195,6227,5382,2265,7002,3302,881,38,8170,304,3742,6250,1168,282,9440,1717,7786,5263,9538,9638,9738,7879,7254,3800,7611,9837,958,4871,7115,6378,2308,3341,6353,2958,4969,2782,1807,5252,1785,3384,45,5610,5246,7051,130,816,6314,9961
2318,8407,4356,6919,3017,4616,6990,5931,7372,4833,6623,8144,7975,1485,8478,1646,7075,7567,8564,7729,1276,8664,5891,8155,8765,8865,8236,7407,8973,3437,8012,656,9099,7435,7855,9194,9274,2187,4341,7874,6635,4453,7961,3957,6914,1130,480,225,2743,782,4826,8064,2589,2039,827,1840,5371,4062,411,519,9376,212,3514,8172,2471,1261,9441,4394,7947,4719,9539,9639,9739,8095,8289,2902,7283,9838,374,3389,3232,2734,733,2186,6876,828,2568,6790,5475,5720,6932,3415,340,865,6822,6741,742,2369,6783,9962
5457,8408,2729,7857,4425,6765,7319,8029,7896,3804,7566,7839,3801,1978,8479,1182,4531,7652,8565,7920,3113,8665,4057,8704,8766,8866,8907,6079,8974,7882,7451,821,9100,5423,5650,9195,9275,2370,5791,7841,7832,4818,6528,4915,8034,1011,219,496,5863,365,4448,8002,1247,1243,1824,4129,5535,6606,2830,198,9377,1414,4477,6714,6802,3248,9442,3213,5430,1798,9540,9640,9740,5372,6320,3139,5519,9839,302,5549,8187,6907,1073,6628,4757,22,3024,4164,2145,9894,4521,1778,42,3027,2268,7629,728,634,2125,9963
2222,8409,4802,8042,4854,3970,7705,7505,7565,3652,7406,8307,6042,1213,8480,3396,7462,6738,8566,8319,1796,8666,2892,8256,8767,8867,8908,8269,8975,6265,8046,528,9101,6925,7579,9196,9276,2881,5447,7898,7414,4730,5296,7166,7905,2151,841,194,1900,651,5614,8278,1150,853,1083,1845,5747,4560,812,255,9378,270,3562,7951,3873,962,9443,3365,8248,5544,9541,9641,9741,7836,6358,6505,6782,9840,58,2759,3376,3586,819,2359,7628,824,4809,6138,6912,6551,4896,2748,262,1256,6114,7699,475,1475,7358,9964
1094,8410,3290,3245,5442,1054,4656,7564,2397,2876,3323,5307,6435,3989,8315,2640,6035,5512,8567,6317,4408,8667,6231,7006,8768,8868,6146,6705,8976,5295,7228,289,9102,6136,7887,9197,9277,3223,5151,7520,4804,4070,7539,3655,7442,1544,1080,149,1260,1360,2534,8018,1350,1783,1768,3502,5727,1860,2160,1470,9379,381,4089,6646,3122,3544,9444,7553,6768,5383,9542,9642,9742,6871,6321,3011,6698,9841,51,6364,3170,1637,553,1995,3702,1170,1223,4220,5051,4471,6620,4073,328,5938,7003,6997,511,2219,5509,9965
2090,8411,3057,8444,1491,3974,6425,6884,5956,2711,6798,8073,7645,1484,8481,604,4378,7982,8568,7885,4011,8668,7275,8044,8769,8869,8909,7500,8977,5723,7774,940,9103,7681,5885,9198,8134,4761,3310,7662,9307,3548,7522,2050,7978,1537,85,217,2993,205,7586,7890,7531,6536,1197,5778,6415,5901,429,312,9380,691,4481,8094,5800,1389,9445,2617,7820,3173,9543,9643,9743,7952,8049,5268,6530,9842,2395,2082,5501,4728,869,2603,1825,356,2751,5860,5223,5990,3876,2452,143,1730,4743,6778,726,1248,2801,9966
1731,8412,2981,8104,1576,2593,7656,7366,5057,1284,6458,7773,5265,1961,8482,2986,4083,8189,8569,8165,3802,8669,7374,8184,8770,8870,8910,7646,8978,4106,8145,525,9104,6758,7063,9199,8275,4379,6652,6616,8102,5267,7683,3934,7956,1788,331,166,1700,471,5505,8081,5939,3397,2059,5460,5740,3694,1164,332,9381,544,4108,9395,5643,2169,9446,3817,8343,2240,9544,9644,9744,8148,7917,5893,5486,9843,257,1661,3509,3117,996,1377,4494,370,2540,5395,5989,5366,5399,5005,117,1039,3969,6475,600,1048,7949,9967
7333,8413,2007,8445,4270,7810,4626,7220,7925,6970,7659,7243,6894,2393,8483,1059,3956,7909,8570,6829,2917,8670,7387,6832,8771,8871,7323,4532,8979,7985,2970,2048,9105,5966,5189,9200,9278,5284,5308,6862,7746,7179,7465,4361,7617,1747,773,482,5121,976,892,9336,598,2379,385,7182,6835,3409,807,2341,9382,1205,2632,7376,4602,709,8342,1713,3304,2254,9545,9645,9745,6812,5251,3986,2521,9844,427,3081,8084,5109,889,5850,1174,517,705,915,5166,7996,4401,1525,369,7068,3527,5232,1010,1411,2995,9968
1156,8414,3753,8124,3434,3428,8181,6515,7011,2525,7073,8074,6759,1979,8484,3661,7571,7811,8571,8107,2157,8671,3118,7799,8772,8872,8911,8270,8980,4792,7946,337,9106,7854,7661,9201,9279,1962,6653,7796,5603,5061,5654,5869,7928,4187,208,68,982,420,4194,8003,662,743,1143,6070,3582,6309,975,348,9383,1212,1348,7860,6974,5197,9447,7173,8261,3280,9546,9646,9746,8116,7595,6046,5386,9845,28,4846,3080,2682,1864,1907,7089,498,7353,6629,7015,6139,7196,4450,350,703,5433,6339,960,2723,4635,9969
8153,8415,36,7487,3657,5379,6008,802,7405,3993,8143,5772,3423,4047,6280,3153,4259,4835,8572,5225,6404,8672,4227,7426,8773,8873,6165,4444,8981,7622,4960,817,9107,1772,1385,9202,9280,3561,3734,4342,6909,7048,5049,4050,4950,3566,1131,684,4526,1181,2383,8331,1986,626,4595,8258,2023,3843,2781,5541,8019,1919,3907,2206,2110,779,9448,1160,3808,5050,9547,9647,9747,4671,5849,5027,2916,9846,116,4023,7688,4895,913,5507,2199,880,1871,4286,1948,7698,4734,2328,2627,6814,6306,1792,454,1176,4407,9970
7625,8416,4337,8125,5229,6580,4537,6959,8071,5034,8182,6567,6485,3264,8485,4347,5038,6316,8573,4600,3192,8673,4063,7417,8774,8874,6921,5494,8982,6775,3978,989,9108,6021,6671,9203,9281,4409,3001,7831,6287,6787,6608,4533,6905,1944,614,160,3419,548,1308,7912,317,971,245,3169,3392,4184,1952,547,9384,1074,3061,6951,4624,3319,9449,6100,3818,3866,9548,9648,9748,7096,7736,5003,3658,9847,31,4454,6745,2339,3440,2466,4440,234,7467,2864,5327,6514,4086,1093,647,7542,7916,4823,522,1216,702,9971
3,34,118,760,1499,2182,2170,5115,6770,1653,6750,7558,6215,4785,8486,2164,4226,7449,8574,6407,4490,8674,5300,5829,8775,8875,5150,7197,8983,7818,5186,5328,9109,6679,6851,9204,9282,4545,5766,6726,5548,4829,3332,3500,6289,864,3070,842,4605,941,5534,9337,4390,4030,601,2413,6118,5448,2262,1770,7992,584,1897,2442,1669,481,9450,1828,6255,2286,9549,9649,9749,5623,6383,5071,7152,9848,580,2249,7241,6112,1964,4860,6465,3634,2918,5441,4398,7777,6638,2940,1740,7655,5191,6490,3963,7307,2439,9972
1,9,29,402,233,2078,3581,4500,7454,1115,8454,4154,3373,4507,8487,2609,5010,5248,8575,7040,6476,8675,1409,6688,8776,8876,6307,7238,8984,9030,2605,3708,9110,1565,5978,9205,9283,2373,3253,4741,2506,4207,2587,5819,6142,6856,1780,5123,2987,2972,4422,9338,46,1793,1186,6299,2966,3659,4670,4134,9385,4786,2454,4697,4246,3191,9451,5085,7209,4059,9550,9650,9750,4276,6810,6820,6873,9849,550,4755,6421,4834,3587,6127,6291,1727,6359,5420,1784,8292,9906,5242,4014,6901,4842,6102,5871,5721,4604,9973
5,44,74,632,683,1586,2225,3425,5453,3460,7816,671,6442,4614,8488,3848,1732,5273,8576,3517,2316,8676,5116,1595,8777,8877,7418,445,8985,9031,3420,1767,9111,3348,5089,9206,9284,5125,4433,6754,4068,6556,4590,6826,4879,3013,1446,806,3077,3239,6168,9339,4703,2281,4247,6696,6143,2211,1968,6055,8138,4213,2330,7059,5682,1124,9452,6672,4934,2697,9551,9651,9751,2853,3607,5856,1786,9850,2250,4465,8222,7838,3569,7513,3221,1231,6384,3750,3917,7045,9907,2385,2283,4660,2634,5577,7286,3999,4992,9974
7718,8417,1488,7526,2683,7052,3715,3703,8254,3754,7679,3832,5824,3075,7413,986,826,5789,8577,1625,4575,8677,4569,3449,8778,8878,7122,3359,8986,6667,2418,324,9112,852,6051,8216,8328,3435,2786,5680,3182,2920,6124,6398,5329,4982,2873,2567,3205,3111,4830,9340,2737,3466,2573,1014,5600,1829,230,2455,8259,335,2912,5690,2871,1722,8193,1466,5845,3710,9552,9652,9752,2120,3594,6471,1832,9851,2389,2358,6769,7512,1112,4449,2437,837,856,4234,2458,6916,7756,5212,1027,3695,3877,2880,2322,1421,1457,9975
6366,8418,669,8198,2532,7363,5834,1718,7506,3707,8267,3393,6060,1577,7976,3484,4657,4773,8578,6898,2135,8678,1892,5102,8779,8879,7133,2668,8987,5590,4027,4469,9113,1034,4092,9207,8177,3589,4146,3051,5660,6617,6727,1917,5810,6642,2128,3613,2649,541,2426,9341,298,917,1023,3577,4814,3398,2013,412,8014,1795,1196,5929,6728,2388,9453,5717,3399,2209,9553,9653,9753,2945,2360,2539,1570,9852,554,3767,7233,7485,2469,5594,3793,497,2140,1324,2704,7496,8228,5972,611,5954,1642,1480,4406,1777,6016,7953
6315,8419,900,2586,2398,6140,5421,4387,7823,2971,7944,4987,2261,3211,2044,3037,2536,4863,8579,7012,4924,8679,3833,5036,8780,8880,6751,968,8988,9032,3084,4763,9114,3639,1745,9208,9285,2600,3235,4001,4571,6792,4192,3184,4793,620,2028,1664,2577,1782,840,8332,431,2035,3349,7551,3938,1918,2749,3472,8121,256,2554,5241,3018,453,9454,5801,4627,1121,9554,9654,9754,6020,4090,1500,5228,9853,396,2911,8140,6047,3362,7108,3730,1171,1287,4587,2773,7103,3643,6204,2752,5664,4903,4443,633,1428,3050,9976
7700,8420,1300,8126,66,4262,3216,7084,7897,6342,7940,5309,5434,5599,8489,4418,6840,3936,8580,5742,4981,8680,3603,5932,8781,8881,3747,6121,8989,5977,2561,2510,9115,5107,6148,9209,8276,4128,3266,7631,1680,3630,4335,7904,6298,7409,2313,2538,1244,459,277,9342,54,326,469,7388,2962,3106,2230,912,8245,1224,2885,6518,5898,5920,9455,2879,5728,5250,9555,9655,9755,5529,7191,6561,1050,9854,24,2771,5388,1286,4104,1810,1582,1329,6436,3243,5146,5843,9908,6483,1580,7707,6933,4890,752,3947,3723,9977
6087,8421,623,7908,3521,5385,6742,5625,8265,3008,6971,6269,6237,6175,8316,1207,5937,6960,8581,2306,6281,8681,5234,4984,8782,8882,7701,4562,8990,4456,2780,428,9116,5311,4439,9210,9286,3361,4517,6779,4555,5894,5177,5319,6788,2492,2056,494,3994,668,2746,9343,4223,1710,464,6040,5571,1712,1481,2428,8260,206,4147,5642,4376,1037,9456,1905,5730,5298,9556,9656,9756,4370,6430,2282,1836,9855,320,3031,6525,2585,382,2167,2378,1103,1624,5470,3538,5837,5314,3757,607,6965,4928,6604,586,911,4118,9978
3784,8422,2480,7814,426,2285,5921,6164,7591,2198,7517,5510,6657,3966,8490,2591,7227,4186,8582,7436,5752,8682,2767,6624,8783,8883,6689,7706,8991,4231,4182,2057,9117,3418,7091,9211,9287,4931,4812,6059,1734,6922,6869,7370,6893,6877,1890,1516,741,764,560,9344,268,1242,361,7875,2292,3217,2581,7389,8286,263,2994,7224,987,2146,9457,5825,7583,5882,9557,9657,9757,7087,6995,7044,2154,9856,4,3023,2239,1109,2130,1049,6292,4215,5842,5179,1430,3682,8297,7576,3314,4608,7395,7638,213,1206,7587,9979
3501,8423,3468,5827,1201,2193,3175,6081,4512,4402,7649,7680,6186,3490,8491,3004,1801,1721,8583,4052,6073,8683,1929,6849,8784,8884,7105,4305,8992,6861,6107,1738,9118,4479,4127,9212,9288,1032,4419,6808,596,3590,4115,7741,6470,6550,4746,5090,1072,1520,204,9345,189,155,590,7826,606,5256,3533,4288,7913,2217,2109,6014,5814,4985,9458,2163,4509,6005,9558,9658,9758,6092,6473,4652,3014,9857,16,2000,7129,4039,2757,6943,4290,347,7439,1078,2783,3333,9909,3621,3285,6565,7302,4840,796,5213,5094,9980
2681,8424,3529,7713,3465,3145,3765,5839,6323,4428,7455,7544,6581,3838,8492,3337,5377,3371,8584,7169,7431,8684,1654,6880,8785,8885,7983,6373,8993,9033,6682,1896,9119,6158,4769,9213,9289,813,6032,6296,1040,5358,2551,7277,5041,7114,4168,5103,573,3374,339,9346,137,115,224,7634,749,4529,3888,6685,8178,6260,500,6930,5960,2183,9459,3678,7065,5636,9559,9659,9759,5821,5169,6803,1658,9858,30,1117,6813,7362,2046,3847,5731,106,7117,297,574,1505,9910,5582,3588,7722,7303,5817,3127,4236,4311,9981
6093,8425,3482,8302,1858,3322,5812,6677,7098,3740,8030,6257,4797,3378,8493,5188,5793,4392,8585,7321,7057,8685,1434,7178,8786,8886,7519,6374,8994,7923,6615,1835,9120,6973,5915,9214,9290,745,4166,6003,1735,4150,5020,3937,6794,6244,4591,4042,1079,3446,126,9347,221,154,395,7008,587,5073,2775,4762,8171,3782,622,6434,6661,2212,9460,2072,6967,5700,9560,9660,9760,5718,3683,6953,1218,9859,20,2715,7248,5204,2698,6064,6024,60,4726,380,787,1366,9911,5550,4816,7285,6944,5874,1289,2635,6491,9982
3477,8426,4940,8230,5157,2575,7468,6947,5694,3636,7772,7028,5773,4237,8317,2673,4097,4230,8586,6223,3714,8686,1098,6043,8787,8887,7573,6308,8995,9034,5334,2621,9121,2560,7339,9215,9291,1696,6149,7188,1870,4910,2533,7647,7181,6349,1467,3259,4577,1043,503,8333,33,27,719,4932,2124,3762,3138,7532,7009,4724,708,6310,2324,362,9461,970,7377,2447,9561,9661,9761,6662,6045,7032,1585,9860,50,3737,5546,5469,1363,6474,4044,95,5858,2144,885,4530,9912,3813,3039,7331,5985,5375,3452,4881,2562,9983
2822,8427,3632,7503,1739,2129,3933,5626,5986,3355,7478,6805,6498,3293,8494,3942,5171,3154,8587,6830,7131,8687,1413,7315,8788,8888,7144,5813,8996,7601,6823,1353,9122,7201,4582,9216,9292,1065,4994,7217,1188,4518,3344,7633,6720,6800,5271,3375,1579,1647,164,9348,216,181,254,7618,488,4754,3889,5591,8246,2806,994,6489,6982,3515,9462,3025,6497,5283,9562,9662,9762,5880,5500,7083,1450,9861,13,2304,6322,4643,2854,6226,5598,136,6450,521,988,2570,9913,5757,4759,7403,7261,5852,1026,2998,4687,9984
5912,8428,1381,7815,3179,3637,1881,6082,5942,5143,6096,7154,3617,3483,8205,2460,1539,7445,8588,6533,2677,8688,5310,7090,8789,8889,7726,3167,8997,8045,1945,2332,9123,1938,6356,9217,9293,5640,2003,7538,5707,3219,6793,4606,6399,820,1239,786,3535,440,6870,8279,2126,4183,178,3700,6350,3914,1222,4348,9386,758,3746,4839,4925,1568,9463,3760,4152,5217,9563,9663,9763,5624,6161,3187,1980,9862,405,1708,7869,5679,577,3578,400,904,542,5119,1167,6028,7584,2597,4142,4661,3364,3665,5182,3448,531,9985
2656,8429,1473,7504,4511,1569,4272,7846,2875,3413,2453,7499,7314,1629,8318,4709,1053,6116,8589,7441,3693,8689,6427,7865,8790,8890,7593,5321,8998,6948,3766,1202,9124,7016,7687,9218,9294,3646,4331,8112,4359,7824,6274,6012,7672,927,4917,1056,2708,322,1971,9349,367,2165,319,4991,3387,3218,2925,7784,9387,416,4309,7490,3799,1573,9464,4962,7829,4162,9564,9664,9764,7813,7837,4333,4752,9863,63,2305,4416,1988,953,2791,1940,157,368,3968,3492,6858,7444,3010,4820,3308,4756,2957,919,2497,3066,9986
4523,8430,1996,5463,750,5802,4613,2680,5758,1210,7104,7118,3246,2031,8495,1221,2481,7518,8590,4452,3755,8690,5738,7489,8791,8891,8006,3599,8999,8272,6600,1245,9125,4103,3088,9219,9295,1296,4189,6680,7755,5401,5579,7204,6386,3534,1822,4888,5617,495,5895,9350,905,635,924,7962,5053,5108,3824,1452,8247,6327,526,4933,910,636,9465,6400,1319,1282,9565,9665,9765,2255,4883,6572,2472,9864,529,6347,7234,7596,1336,7597,2411,281,974,3542,1546,8348,9914,4445,701,2349,747,3233,7957,6466,5949,9987
3726,8431,2106,6395,1017,2208,2959,5495,5865,4867,5908,7599,6956,2779,8496,4198,6370,4383,8591,6054,4175,8691,3200,5450,8792,8892,7171,6583,9000,5380,2642,1615,9126,5111,5154,9220,9296,1924,6658,7580,1839,5362,4676,7819,7384,1883,3591,891,4644,1357,433,9351,197,390,240,7801,1051,2156,3596,5499,9388,1110,2674,4787,3614,3580,9466,6098,3568,4496,9566,9666,9766,7092,6773,5017,3085,9865,8,4721,4395,1882,2882,4218,4405,284,2610,870,4303,6853,9915,5631,4596,6954,6979,5604,252,1638,5620,9988
3047,8432,710,8231,3301,1590,4922,7492,2839,2831,2574,6403,7270,1604,8497,2760,871,6222,8592,7921,3771,8692,7069,8011,8793,8893,8160,4102,9001,8273,5951,991,9127,7158,7775,9221,9297,3711,2803,8242,5503,5794,6454,7001,7658,1627,1694,1555,6708,567,1479,9352,336,1314,227,7720,3834,4066,1081,4233,9389,718,2159,7674,7325,4664,9467,6508,7231,3612,9567,9667,9767,7346,7768,7247,2345,9866,78,2604,6312,4473,1888,5762,2229,99,261,4382,670,7737,7907,5588,4143,3705,2953,1794,2841,2576,3476,9989
2860,8433,2679,7943,2579,2392,3494,5403,6029,4080,7425,7125,7005,2895,8498,4191,6295,2982,8593,6701,7212,8693,1575,7660,8794,8894,6868,6584,9002,6949,6854,795,9128,6815,3380,9222,9298,979,5015,7239,963,5167,1931,7570,5568,6878,4983,3706,3829,1443,231,9353,127,146,293,7891,610,4007,3835,6613,8287,1729,756,6433,7304,4377,9468,3030,6931,5431,9568,9668,9768,5870,5677,6872,1691,9867,7,4148,4354,2788,4633,5981,5032,76,5112,1249,1561,4784,9916,6736,4534,6391,6975,5844,716,2371,4285,9990
7719,8434,1753,7765,4648,4034,7404,7780,6724,2637,8306,6717,5530,2344,7651,451,5866,5091,8594,7568,1338,8694,3150,7507,8795,8895,8210,7434,9003,9035,1454,486,9129,5567,1954,9223,9299,1925,5928,7693,6712,2819,6061,6892,2237,253,389,418,6602,1163,6507,9354,983,472,3134,4583,4287,6393,2549,316,7785,6169,2963,6283,5408,3605,9469,6418,4153,2061,9569,9669,9769,5826,2269,3910,3489,9868,516,6348,8223,8188,6261,7770,5997,14,7014,3576,1333,6663,5410,899,57,3507,6639,5831,4437,6002,3180,9991
7598,8435,737,2034,1203,3335,2557,7038,4553,5476,6920,7029,5936,2612,5531,1041,5133,6049,8595,5994,6534,8695,1200,7806,8796,8896,4617,3859,9004,8056,2009,6050,9130,4232,2907,9224,9300,860,5126,5678,7293,5301,7000,5199,6303,6290,839,2030,5226,1107,6444,7560,3241,1947,3306,4771,3712,2707,3575,5601,6529,344,1760,5930,398,138,9470,1326,3971,144,9570,9670,9770,7648,4893,7072,1846,9869,1373,3930,7942,7422,3674,7198,7056,105,5673,801,1145,2928,9917,5039,1013,7938,6245,4350,1461,4700,2309,9992
4717,8436,1501,6630,5258,4271,5945,5082,7497,2091,7269,7945,4122,1816,8499,4639,6895,7903,8596,7170,3405,8696,5847,5714,8797,8897,7984,6147,9005,6690,7047,276,9131,4610,6437,9225,8013,5443,5633,7530,7616,6707,6981,2459,6609,3433,1219,371,3681,896,1376,7673,2504,2768,546,4284,6405,5681,2897,125,9390,314,4463,8015,2296,460,9471,2194,6480,5609,9571,9671,9771,7914,6882,5141,5630,9870,229,3516,7400,3326,937,2742,6756,3904,4673,4887,1542,6557,1808,1652,41,7022,7332,7480,159,415,6590,9993
7447,8437,1601,7766,1388,3647,7313,5803,4731,2068,5638,5792,7164,906,8206,1096,450,7273,8597,2865,660,8697,4894,6582,8798,8898,8032,5699,9006,8215,5144,4374,9132,4877,5790,9226,9301,4369,1677,7031,3273,5249,7420,7408,6762,874,2606,6595,3450,3338,435,9355,890,148,3525,1002,2414,6150,2494,3593,7835,329,2896,7167,3684,766,9472,1001,4974,6702,9572,9672,9772,6513,7219,6152,6456,9871,1351,3065,7393,6875,375,6598,3400,2340,394,5257,3256,2424,9918,4995,3315,624,1673,1392,7235,6811,5605,9994
5964,8438,2813,7137,3078,2280,5838,4745,4740,5527,8455,4082,5658,2795,8255,1268,4160,7257,8598,3114,2823,8698,5153,7046,8799,8899,5995,4665,9007,8322,4075,2376,9133,2419,785,9227,9302,3258,2702,6926,3810,4318,5661,5923,5596,4912,3149,3779,2399,1592,4255,9356,4875,1684,783,1562,5135,4546,1852,1122,9391,104,3045,2276,4085,505,9473,831,6063,2740,9573,9673,9773,6382,4343,4185,3035,9872,1317,2457,9889,5907,878,7116,5004,75,4484,4349,3704,7642,6989,659,193,2774,3417,1030,3685,3054,1608,9995
6206,8439,273,3997,759,3807,4204,4900,3358,866,4210,309,3635,966,8500,4165,141,5741,8599,2478,6443,8699,4206,5033,8800,8900,7817,2333,9008,9036,3686,2074,9134,3823,5155,9228,9303,4098,561,5304,2763,6636,3975,5331,4926,4805,1327,3345,4275,2004,4899,9357,4267,1031,2155,7421,3827,1685,2553,4263,8163,4669,3627,1756,2062,1933,9474,4054,3447,3414,9574,9674,9774,4751,4301,6594,3625,9873,2148,4876,7696,7948,4136,5809,4935,715,2430,1459,1029,7643,9919,4013,2207,4258,834,1301,5176,3303,1292,9996
1490,8440,3277,8069,595,6017,6621,7470,7289,1240,7613,6785,1779,2102,8501,949,7430,7481,8600,7881,3186,8700,6408,8076,8801,8901,8912,8033,9009,9037,5903,790,9135,7867,7789,9229,8217,2042,2837,8062,8191,4461,6847,6601,7906,2939,56,94,6780,306,4240,6692,952,648,2005,7123,5896,7501,5455,232,9392,2643,3756,8037,5429,2231,9475,5669,7763,2548,9575,9675,9775,7013,4611,6723,3388,9874,67,6213,8249,7161,5712,7295,3882,81,7931,4024,3228,8176,2693,1554,96,3987,4561,7852,916,1444,3201,9997
883,8441,3424,6115,258,5788,4775,6468,6095,629,7099,5950,3275,4149,8502,1211,5333,6665,8601,8053,4132,8701,3872,6106,8802,8902,8211,6634,9010,9038,6493,1549,8323,5878,7840,9230,9304,2177,4222,7783,5069,6243,6660,4069,5118,1781,72,287,4528,575,3236,4140,2043,2153,1402,3558,4889,5196,3257,122,9393,2614,3103,7877,2725,1367,9476,5934,4836,5218,9576,9676,9776,6588,3351,5786,4599,9875,101,5975,9890,8118,5054,7636,3168,186,7067,4989,4430,9895,2716,2659,177,3069,3814,6423,1263,3185,1826,9998
7853,8442,2216,6088,2784,4306,3996,2256,7644,4588,7830,3879,3382,4936,8092,1827,4281,6157,8602,2092,6120,8702,3775,6710,8803,8903,3902,997,9011,8156,3883,5389,9136,2979,2111,9231,9305,4317,1622,7663,5879,4914,3912,6772,4193,1404,89,1448,3983,21,5368,8334,2590,4015,2352,7950,2838,907,190,5415,7710,1354,2703,4046,4300,1757,9477,4487,5569,1523,9577,9677,9777,2608,5637,6420,3105,9876,3006,2396,7794,7750,1453,7109,363,291,838,3005,1655,8068,8262,4584,2721,5062,4558,2505,4424,3988,1697,9999
3300,8443,776,7954,4120,1253,4704,7423,2992,4323,2927,7379,7216,535,8503,2975,1046,6885,8603,7488,4866,8703,1974,8054,8804,8904,8109,7671,9012,6031,5539,2351,9137,5148,7509,9232,9306,1724,5255,7623,5886,6776,5641,6957,7398,1187,1535,993,5999,285,5704,8136,1927,3618,142,2257,3108,5164,2134,3611,9394,338,3270,7552,5262,3585,9478,4782,7821,5917,9578,9678,9778,7055,7124,2969,5342,9877,599,3820,3855,2985,925,2684,2073,97,558,4758,1306,7402,8040,2025,4628,1384,2696,4632,1458,2103,2797,10000
