-4.1682050215623	4.3538604137872
-4.60456603409523	4.88821579188289
-3.07529040184589	3.21474175715313
-4.97076358822537	5.21862231534017
-1.50967536776089	1.73992317056186
-2.04336490480132	2.22247055792616
-0.0839494489089908	0.0852362723147401
-2.38650740570504	2.44032062243121
-0.108412071561592	0.111062144328154
-4.34919938090587	4.45704813207315
-0.608629552418498	0.643031902344744
-1.50518424411636	1.58963947979456
-5.15979730972914	5.41331494030106
-3.53380749152599	3.53677558192108
-0.383138501363251	0.398566087098162
-0.29586962505407	0.316485807674272
-4.17206062939527	4.30512759496455
-4.9461284481202	5.14612902992492
-4.23948988627468	4.47227658997839
-4.99904939435706	5.22463651558081
-0.722587485662919	0.750702045072095
-4.50336103954676	4.74279903409545
-0.494842733768397	0.501836066963261
-4.48753301284907	4.70125548249077
-4.68285619982702	4.90698266631825
-5.15980173765922	5.3946046196078
-4.93801667944903	5.18562589179419
-1.01871776607493	1.05549233994058
-4.58681029264555	4.78191242488823
-1.44421176228081	1.49356689095374
-4.55458576669679	4.79898275726126
-0.112349328854575	0.11303840671121
-4.86808154750983	5.06536633938539
-1.70460449005819	1.81061000013665
-2.86703593486623	3.04643031683307
-3.82657469895779	4.0433310093569
-1.43185139293279	1.43711536993305
-5.17276685558306	5.40078630922267
-4.93350188892745	5.16332263312534
-4.81108548295329	5.04266883391664
-3.50859777313821	3.64759798476723
-0.262437649982477	0.272221787286418
-0.605058326854392	0.633363998704703
-5.03506422818499	5.26393097421518
-4.79452870559148	5.01440122326622
-4.23095275114169	4.35732708108265
-5.24732999356389	5.46459398989
-0.309821692833034	0.325887796384318
-0.232887337130146	0.242311960539401
-0.829199822087384	0.870231957056565
-4.61936634986901	4.87452696905302
-5.1750992996502	5.41005991671959
-5.14977451765327	5.397732627376
-1.02076203596874	1.0827854921395
-4.95035129242529	5.22096813054651
-4.92627837742972	5.17140974520609
-1.28907897893665	1.34413922044907
-1.54797234585106	1.58699863356265
-4.25873023743933	4.46287623824207
-3.77819622223264	3.93408045520844
-2.52045045377569	2.63207829330224
-2.41064652746906	2.58786584825991
-0.302264969446937	0.295909299111447
-0.719022223931635	0.752459728541289
-2.13896394093965	2.41481411244907
-5.15749967769217	5.39534632135271
-1.1736038677932	1.22897452851986
-0.23741893619841	0.227984683137513
-4.16848234742667	4.35369331048985
-3.71353477177124	4.03590915021429
-4.7456426967266	4.94691259398909
-0.225852748083499	0.236358782230858
-5.19019203761686	5.40298668780403
-0.853321984241206	0.88772147884291
-0.278408702406497	0.285412923013044
-3.00294925688772	3.12104680261653
-0.82486337123604	0.91812176464159
-4.74151132984129	5.00939137223849
-4.34931026112954	4.53236171024299
-4.82620109349125	5.01381840137307
-0.421897183941486	0.429018549585258
-2.62590492387328	2.634349007283
-3.71762394949028	3.90564988499611
-1.19354724858019	1.20572068432524
-4.63004358460191	4.83607399072119
-4.63877758764943	4.828956665978
-4.51773432455385	4.7344857073518
-4.12445515013157	4.29139179465025
-5.13954390287851	5.38732147605798
-0.207138954242874	0.210796376380485
-0.332085440338007	0.35103276474917
-0.363907097700429	0.40495959704844
-4.0331606470727	4.24701715784934
-1.13560342486167	1.16303894374865
-2.10065103585264	2.34194751606447
-3.33033378329542	3.55888416610711
-5.09093548750282	5.32243613563869
-0.883372888351922	0.873731467014656
-1.21215401587706	1.14356710983404
-0.067191847985773	0.0689224681801148
