4.85840651111833	-4.40582270071719
0.665473017579562	-0.633797963138354
3.56688554654735	-3.33662873327079
3.35279519652641	-3.08584906764863
2.20693542578623	-2.12330267006511
3.37970122181068	-3.04149284434093
3.43230096329132	-3.11702675893448
0.915718498778348	-0.721658542395585
4.29068971818022	-3.92051727604876
1.94674478798409	-1.83928660634387
4.3570256896561	-3.96447355189621
4.19394099131171	-3.94524462608727
4.00001725057353	-3.64475764100461
2.57931534138766	-2.43630945891863
4.86140970004454	-4.42338800927508
1.43841739561751	-1.40483927895233
2.64521333932578	-2.5286450256924
3.13047626364501	-2.85737854222031
1.8562519448597	-1.56475773991346
5.20513405594874	-4.74189940340703
1.86169334170008	-1.80463966307143
0.26308218587591	-0.247010935863463
4.97834314583466	-4.61954029557946
2.8246456498842	-2.54784995969453
0.332053130532999	-0.234126011202597
0.359113856492644	-0.314184642490702
1.02815498708487	-0.987266784935316
4.71498590459319	-4.46045072136222
3.5991495634481	-3.23215651788064
5.14583651910526	-4.74731711910638
3.46184817700384	-3.14766795404525
5.06103859717991	-4.68060775171621
0.99518084955934	-0.931277085471507
5.01168727174713	-4.66012757761124
3.90503335030134	-3.56724110169958
2.67487905090495	-2.29246673121425
3.5698119584289	-3.17257152703239
3.75199161757585	-3.40732234102063
3.14895630876101	-2.85465550581397
2.45403495652166	-2.25082170810404
0.311817335847669	-0.220108273003916
1.87413786217082	-1.75904576410015
2.11580127524564	-1.84942569226853
5.16962377458222	-4.70992776277819
5.02480449436802	-4.5702890992192
0.405038834524824	-0.325512684710698
1.26782073730204	-1.16221756773555
3.77663029844745	-3.49876870813295
3.19975263712468	-2.95050006373468
3.73944241370582	-3.32938957947367
1.73388264524326	-1.59082068834905
4.82178407799506	-4.42523488323733
0.762348740120848	-0.698616210545548
3.55013399133123	-3.33254660900054
4.53950097144851	-4.19165562273302
1.00876739303864	-0.917106627932871
3.13145933924135	-2.87843797825953
4.00781250096865	-3.6955208630949
4.85076556408596	-4.44321812652922
4.25738102505342	-3.84036956422838
4.44454979491598	-4.03804702420294
4.8972727814926	-4.42857953837936
3.02961284506287	-2.71057494711207
1.808027543529	-1.61718403372145
2.09017123922375	-1.86584430076567
3.67281082941206	-3.2892852750629
2.42463398883864	-2.11596490470537
1.95152319053427	-1.85054816101647
4.96091131693213	-4.51433982526801
1.68109907136749	-1.62698347457033
1.62789706502059	-1.53528291051524
1.84755551758775	-1.81153512251618
1.6260291572621	-1.60331612118777
3.34891463488408	-3.12801424443176
2.8388102176439	-2.61993177848484
1.47942220848229	-1.3531471448617
0.099865022034377	-0.014072428271444
3.63150607861299	-3.27413106179242
4.03077362034889	-3.74346459076468
1.67095823066709	-1.56402665830221
2.72933195687219	-2.45263696414042
2.20773130661275	-1.99330127244131
4.04360016648387	-3.64511347517756
1.00813202013525	-0.901417455870504
2.48603329626237	-2.33615625079827
4.63240635192414	-4.36762339104559
1.61714069209174	-1.52338706332977
3.99772218204552	-3.59707067454714
3.21989474281429	-2.92253393481546
4.42814144321378	-4.06688951547578
3.03592554079971	-2.79110991864481
3.06189574636811	-2.67705111330995
3.86222512562006	-3.47756101776546
4.72008540740856	-4.47459099246165
4.63474616508149	-4.2418984071226
5.12089135856388	-4.77330244897438
2.32320183577538	-2.06264106256794
4.87949196538347	-4.53651238249165
5.09663318884389	-4.69849949585784
5.17117561051594	-4.7528958151791
