0.304722877657581	0.0777439177033574
0.131305310657508	-0.0128913417621426
0.086385734098787	0.00410703220221485
0.0680154729030664	-0.0233715350725743
0.218044748518438	0.0393266875169398
0.412164980148711	0.121257543103103
0.273829827790059	0.129390641913996
0.0743756526865763	-0.0256733100566838
0.287005537962236	0.0167314203880232
0.148425146088002	-0.017405305661232
0.357232193577943	0.109405298658011
0.477017418267809	-0.0386813786438785
0.256819603379393	0.0555301087174893
0.117356986509751	0.0121720542230655
0.390803061874795	0.0934745732723673
0.518292561242971	0.214180917963323
0.104284003048907	-0.0273349876695128
0.453583451759849	0.0734626652990411
0.306119381603105	0.0550161968384982
0.493758527298096	0.236985886860211
0.0971295978571595	0.0246992832367888
0.291047381769062	0.147576448061792
0.154587350398446	0.102088441729179
0.359966038047524	0.110936771245733
0.254941065629677	0.10117417966052
0.191070119322489	-0.0319372821949422
0.320362089925352	0.0904665602350763
0.234843940835478	0.00906306100435153
0.275120583712214	0.0709230719248451
0.447898559032789	0.176598107697666
0.258352463076737	0.156550210362232
0.548443408577999	0.134856171125718
0.338829268151203	0.106766987404425
0.454120809696581	0.0678165859625568
0.555624154175802	0.151375342008947
0.264229811894675	-0.0373458181035556
0.395975493126252	0.150301079970247
0.508881324410859	0.0515332040461782
0.285305199115235	0.133668610964382
0.294287841980879	0.08910677873406
0.212358271479113	0.0990076413093138
0.430620544422159	0.135571654323805
0.339157786968507	0.125540137189663
0.422441745079061	0.122930826914584
0.432174360697633	0.0809774274224562
0.200454928515033	-0.0480443710682415
0.284250536334934	0.11591321848706
0.0701686439564393	0.0198453238592113
0.520891707105443	0.0346242619020621
0.29513588180863	0.0332102315309064
0.461213024561584	0.275720735574497
0.245565034218264	-0.0467342070931882
0.157379719529539	0.00631205203570619
0.257870625584929	0.208947174063961
0.296113178933344	0.00179343276719277
0.274783283877835	0.0123842779549849
0.276679340440405	-0.0380511322063254
0.0177661163817957	0.035553154770841
0.173311395552572	0.162062077225397
0.0665065738951862	0.0581090836523153
0.312945251793585	0.00704572521782473
0.360473194942272	0.146152315155038
0.451153506411461	0.184364772272058
0.446148423721963	0.178171424243777
0.124498131714977	-0.00986601872833267
0.476686702701737	0.0369530038904757
0.241474663888772	0.0988339331006599
0.401595971555439	0.148010703020385
0.318675961778087	0.146108704419114
0.297425680388878	0.0897788102372396
0.252991131123821	0.0892812890083922
0.236480151270387	0.158127108907072
0.391259506994364	0.16288537810296
0.0338713306744513	0.0461814393706097
0.160277752542794	0.0992820559093091
0.472937113109309	0.150751101924536
0.0586631059344691	-0.0108120598951062
0.224304824838999	0.0545593472890206
0.20265048952866	0.0150434733585189
0.50646276605978	0.0588239091147587
0.142508845502556	0.0232331983495262
0.246117506295634	0.129211897932501
0.0625957661154434	0.0101007834312054
0.19231722698341	0.0780551316716035
0.513779206375365	0.169123842150571
0.538134530280774	0.129505933641986
0.258699570079084	-0.0500129922230374
0.170781112699041	0.173477313639476
0.371027889697948	0.139565581194726
0.0691707962833276	0.00724691546937741
0.525868363079948	0.180437494938209
0.516543162776489	0.0389572499765784
0.491544129187247	0.173229391996606
0.557105947465274	0.140059334838839
0.205611234048966	0.214054464755942
0.526519543516516	0.155493642863514
0.494534662988411	0.0151306038629248
0.115669711935105	0.0129259033871012
0.524972740416516	0.112676001157785
0.524568897724775	0.0947415526800435
