3.4421374572802	-3.18743569915441
0.430086670511412	-0.424102881271155
2.39614309086267	-2.3100390731645
2.29851048051589	-2.15909501167803
1.35779885628138	-1.3405720109
2.48165034970089	-2.30705715723613
2.4638775869754	-2.30538501570903
1.00425805141272	-0.945821666287496
2.97319858161243	-2.76433057597513
1.33585682692535	-1.33003478797055
3.14911165864676	-2.96955356718499
2.73872241197204	-2.63673505909266
2.87986586471117	-2.71808249679807
1.68092367023095	-1.63222791671246
3.47360514929972	-3.25515007023163
0.868383804769531	-0.882593519795748
1.6424110456197	-1.60286405933264
2.20327644479115	-2.06163729798319
1.67198754203351	-1.54950283824225
3.73149633396056	-3.51226675630805
1.08600755222392	-1.06590106927352
0.181402120038153	-0.178564162705309
3.34322564646868	-3.16394064159122
2.05781099843675	-1.91371589204624
0.420524980973693	-0.381511223195078
0.326941169854873	-0.322800542948132
0.643108218464744	-0.636780246888017
2.93358729937846	-2.79262871432294
2.56572249949829	-2.33432535131248
3.55633177836769	-3.37295905851633
2.51555431646254	-2.3753477882118
3.45684212816414	-3.27601177839298
0.739990664432964	-0.748769199476151
3.36401870062847	-3.1977987652474
2.71313103186519	-2.52486242551001
2.25003945526446	-2.06079110336508
2.80190558338683	-2.63613366816544
2.71559329076581	-2.552220381279
2.20265861747583	-2.02308534890195
1.71780113225204	-1.6194846321922
0.391748654094257	-0.354086732519215
1.24483302308541	-1.2024365839487
1.68079846943703	-1.54310372252924
3.71076432854587	-3.49568646763841
3.59782938567543	-3.37266148012564
0.474953383104441	-0.472890323260845
0.996012574263454	-0.993270726287147
2.63012795501294	-2.52759990276602
2.21128318942749	-2.0948911567108
2.82719501109104	-2.61453586066722
1.20570478227012	-1.13350281302369
3.39095770073703	-3.20921382120403
0.571601704595418	-0.557182819414832
2.29138647355108	-2.18174683778693
3.14363607724444	-2.99051080475633
0.761616739403157	-0.733445866711636
2.19286019518783	-2.07765768373944
2.7680476312086	-2.62147445367508
3.35793454026238	-3.13760297984967
3.17440521064633	-2.99035249266123
3.23748417525252	-3.05614819663665
3.50246060180248	-3.24072515603229
2.33031507205015	-2.1966270248655
1.33330766202181	-1.22684869567015
1.60899597230781	-1.51071219282722
2.69040594441238	-2.47251549180703
2.01492274698584	-1.8918020303365
1.27075605899703	-1.24492990940573
3.53381526717	-3.30663289410384
1.05910325487171	-1.07234693979925
1.15675957600289	-1.1656895704847
1.20966557781206	-1.2817213125068
1.01201381619928	-1.06577170020497
2.31645096594285	-2.25845157535098
1.95569723901875	-1.85326754652446
1.1531095924329	-1.14102825978128
0.244950744485322	-0.198284647481209
2.70334385560241	-2.54174082896835
2.79919409423706	-2.70046799860771
1.1465450233455	-1.11856599587357
2.11240348371415	-2.01456002427082
1.69295588953977	-1.62148942707303
3.0232839355356	-2.84835820171988
0.750490192459847	-0.693850216760649
1.59488774414651	-1.51764389863775
2.90262065994174	-2.75014340079842
1.02704010135267	-0.977965677513282
2.99617628281655	-2.81612988132565
2.28777385172765	-2.12589173834977
3.11574457621352	-2.95420978355245
2.12000049652885	-2.0063239192481
2.42557312348684	-2.2241559301323
2.81642689527469	-2.6109646940113
2.89059527866702	-2.74327087517432
3.1257930646693	-2.87262250217108
3.43746030961218	-3.286071819074
1.80627960779693	-1.68760818775587
3.25428590194294	-3.08198613382666
3.54142005283799	-3.36302177095273
3.64474134018895	-3.46443674592328
