1.05303576001131	-0.901064377320789
0.592582278496818	-0.474267550568209
1.86923043440355	-1.62644954226718
1.06241461685978	-0.931869681137259
0.571015693521495	-0.540372903520981
1.93105764767167	-1.69890554998785
1.52093860679825	-1.29680385919466
1.11843117181757	-0.914821095830443
1.87263768650336	-1.64816451155809
0.519569608208757	-0.449143909597957
0.855886293778978	-0.73225189768656
0.67273460636991	-0.659663559268512
0.780130117033246	-0.753103593790964
1.16859824648625	-1.05095439737145
0.691888355710776	-0.696832399734607
0.907527182211009	-0.791474516261416
1.71570519703323	-1.46974435386125
0.594440145756184	-0.403069968605711
0.90648493765261	-0.62059672038133
1.09296404840944	-0.951579868560389
0.691694190765942	-0.6432493009834
1.01580453022803	-0.971961174000177
1.44758166873575	-1.18104222143367
0.935361338404133	-0.761059221049022
1.6971219512154	-1.54300011879356
1.80857170029428	-1.58988902382247
1.00384170848552	-0.897737532634995
1.46379828587019	-1.2859757639886
0.349143964423841	-0.341899321172283
0.37265697009586	-0.351578977562401
1.03600995047463	-0.97759917142816
1.13833469690946	-0.964842680618397
1.99920621500516	-1.72699321934172
0.928800232918044	-0.822268316772252
0.880629908486027	-0.834933229230663
0.991230350843424	-1.03584106862332
1.58918338433346	-1.29196237773509
0.101144061752196	-0.0991961847222712
1.75916800133295	-1.45680330595325
0.743036367655442	-0.679451901303654
1.55926808042993	-1.36948223812948
0.255847784234306	-0.233600006600142
1.5180840211968	-1.31383693267897
0.100111336209792	-0.0744367092939127
0.312691499014507	-0.323962833675201
1.80247319983366	-1.51317565744335
0.963089810229285	-0.745418232285474
0.608696916819552	-0.488676484136416
1.34066645805417	-1.0517073858164
1.55798903244433	-1.28610776945686
0.829134166188145	-0.836282598338003
1.61521449009404	-1.30269936713714
1.14099741384444	-0.890044665806632
1.26805066989571	-1.03962839999895
1.55192985196951	-1.25127566717123
1.65453748865648	-1.43115979949383
0.702768736805816	-0.650542996604963
0.418940350237437	-0.40600193717963
0.156299586911407	-0.125907844656514
1.68665523868033	-1.42948363152873
0.217247343006089	-0.221701841332738
0.516485276328228	-0.4464600985545
0.84866453196174	-0.742610091078278
1.41346351200187	-1.22360753955766
0.760046280665288	-0.672614384772379
1.46430522042591	-1.20919452937899
0.304711881511697	-0.286184462232458
0.160177578970157	-0.153586148363552
0.822128977842212	-0.742293322481356
0.349189042104418	-0.344719737858144
1.98176001619996	-1.69143427353345
1.05048585605164	-0.941906939162649
0.88844800379304	-0.761587407397413
0.0974963279109229	-0.0931877080184669
1.03620265300467	-0.859891055537756
0.311661991451608	-0.274839281928214
1.58149371868869	-1.31795664016072
1.40832095206623	-1.18492655843979
0.869780876688239	-0.750690619224462
0.948922416488887	-0.874336431616313
1.48559296538479	-1.2972461060297
0.717917249272605	-0.582179047316946
1.55097770731577	-1.34884920828906
0.395456957420037	-0.40014349951037
0.94637054365431	-0.642355639476307
1.2864601414812	-0.895824781063864
0.227219282548133	-0.189238819973379
1.40181921493404	-1.07259528799823
0.407854245191354	-0.382264063228083
2.00927100480923	-1.72382964329255
1.60229609006697	-1.42471030890912
1.67424392893412	-1.42255622979284
0.153252646940083	-0.112804919760276
1.57390022099397	-1.41569888198112
0.202343833819072	-0.16404614518553
1.59630090110242	-1.39773695260252
1.3244193286368	-1.14388238170353
1.53534501973412	-1.30812101099227
0.0654346628730154	-0.0542591011989628
1.79689371977026	-1.524259281572
