0.122040488837726	0.59405838693425
0.0182097029898231	0.057510795723406
0.0979553081323791	0.346354580910574
0.0900836521830081	0.364053991947866
0.0673945214040607	0.157288571471134
0.0782828299871703	0.446756089928643
0.083399538242214	0.424521407235414
-0.00685074905094413	0.265647064731419
0.115023891144426	0.485185374451206
0.0484217357545902	0.191164312831809
0.103762780486244	0.539659728052846
0.120033016402998	0.379546883156504
0.0943952115027903	0.494621018600061
0.0729237212954519	0.229437468117751
0.119329482781921	0.592379064364585
0.0436879889573957	0.0895460194911692
0.0820614313309224	0.195464638016152
0.0793934261248081	0.36859690928731
0.0176415385199263	0.384641940160414
0.124886476282813	0.638567687719525
0.0631042571470887	0.106498758687539
0.00668981398938844	0.0264297210796063
0.13816088439426	0.503876358866805
0.068054758670458	0.362191231771078
-0.00671703677000474	0.126028769543681
0.00186443015122236	0.0712248169191293
0.0315230688991308	0.0740659790208188
0.147291142332372	0.376224258198806
0.0920071473893172	0.456279318389706
0.135626191797655	0.558689583674082
0.0808554423821572	0.434739734295081
0.135404181145521	0.536493147532281
0.0183294910372528	0.121437919264767
0.138670637234687	0.502087552233566
0.104118489002738	0.443739060415751
0.0393659616410714	0.491067885864843
0.0654497264418753	0.545835034754468
0.0886031880340097	0.471236408436875
0.0855921112837515	0.367476250365623
0.0630277064934935	0.279594864353764
-0.00561295011353195	0.116248731564961
0.0515952943135204	0.177854447086438
0.0398862846421282	0.340587597510143
0.124090046401651	0.633788522156245
0.122219124361445	0.616584561072142
-0.00732082714212238	0.125281273469841
0.0191722383003219	0.182100134012059
0.0934820789394502	0.417466804934754
0.0847247733851627	0.347231517472853
0.0796551047589154	0.53702269944201
0.0445160307695881	0.197342845237433
0.121449920336093	0.554250328241583
0.0156533326088036	0.0981445123771117
0.104669284742815	0.317404820267152
0.117476901807253	0.496502221141336
0.020802480281319	0.134370628646991
0.0794456340137209	0.355473198930078
0.103699709174396	0.441870438620982
0.128385322426017	0.545998388741909
0.0919290191294202	0.575472653962391
0.101956701987758	0.565368452079914
0.123191310820576	0.606347343616366
0.0583535882319389	0.443715778470104
0.0430197864658514	0.242217945918351
0.0407889564183448	0.307374401206404
0.089641918699975	0.483125649749963
0.0366953599061219	0.417472514420404
0.0520984209879107	0.177587600348166
0.122984374803659	0.60087932741719
0.0458614422983044	0.128854328014298
0.0329060891353638	0.182909975596897
0.0420355225737151	0.149624919762192
0.0414351566137926	0.113581202343318
0.0816582037770345	0.357056383789209
0.0737580964704804	0.310608835323098
0.0235368089309931	0.211246003566441
-0.0101948890724173	0.0972992022469741
0.0798659617027999	0.487889573445459
0.102881842948373	0.430725884684846
0.0421095802544646	0.172193144039674
0.0518155382794038	0.394715028006505
0.0422777617672598	0.312203313382517
0.0884327945280846	0.544944987916516
0.0232061382617595	0.137416747341304
0.0743333341526103	0.217773064484637
0.145477303663249	0.376945582734914
0.0494101698746225	0.136247415784731
0.0858007950795411	0.547706537970771
0.0816284603179673	0.38982627285493
0.10916963110997	0.513780403516614
0.0795009866315562	0.337309068399845
0.059348703260188	0.487862501507994
0.0921105270730037	0.501984262870754
0.153497118719702	0.353688706711062
0.131469334512848	0.499649189222369
0.139701904848195	0.511026174558805
0.0430536188849907	0.355409413001135
0.136956591186147	0.483943248592315
0.130878150013794	0.565225634579713
0.128948848953336	0.593443982688658
