1.25814810612237	-0.709996137012632
0.134592577845493	-0.0715006687982153
0.788288980152658	-0.398911624621658
0.862038598311543	-0.44150210710569
0.464571367545648	-0.250789002531802
0.859832978595587	-0.483660667967632
0.918395704076937	-0.465414038853279
0.287136572220265	-0.198805101275298
0.997107055049911	-0.487388726115378
0.356892800537159	-0.122378082340384
0.965605691400276	-0.527107172572689
0.837223688121994	-0.355245479846779
0.886715916344902	-0.412084341214914
0.490792138020164	-0.188848389232674
1.13624984741411	-0.575636094845439
0.321485245792518	-0.185530424070234
0.520894165256626	-0.218119553342558
0.821960885674589	-0.448530756653431
0.518188854400027	-0.292636771064609
1.24215031961224	-0.606077340929741
0.352215238993316	-0.148798703106339
0.0543346501028822	-0.0246726436341633
1.22181980177218	-0.675498081969426
0.764832113253388	-0.445122871681784
0.182132569829867	-0.124916449171862
0.108905727190483	-0.0664829572160371
0.237057733287786	-0.123398497264028
1.2024462042697	-0.637926839788215
1.02952926775043	-0.546567441007396
1.12829154533826	-0.619574555190042
0.890781042455611	-0.50970397861332
1.11254016958186	-0.560630741391275
0.198813840054088	-0.139290022773125
1.18064619136184	-0.620263521911147
0.916673065423143	-0.433452833312085
0.706651199877627	-0.408339091409627
0.932631822628308	-0.576979652075848
0.89744676290309	-0.473926659690366
0.866117873664538	-0.505231798702451
0.533361781755831	-0.243109933635784
0.128617300500831	-0.0733983692464524
0.376816400439295	-0.13350607073132
0.603558602004239	-0.411284964955168
1.27760549136629	-0.728814462680944
1.30287097055036	-0.724007770639785
0.074451404419076	-0.0538371150822097
0.278741795976983	-0.155339187223729
0.883346853749327	-0.468075216469101
0.744875813831971	-0.359678138552081
0.951242305931878	-0.566542065780321
0.53284225152855	-0.340509843547385
1.05001809609534	-0.490912611884889
0.198661084366074	-0.146914552334854
0.715161615908985	-0.334213630351827
1.07656703541342	-0.606420714281402
0.248185526662491	-0.119039005743347
0.776611959756159	-0.461158534509
0.997724386589054	-0.520027298152103
1.27933275101665	-0.7962568192965
1.05212591494351	-0.51408525050798
1.04594753379428	-0.55181352070612
1.28397247484872	-0.695076710951949
0.751664276236779	-0.395331006550906
0.474012254654468	-0.286950583719072
0.566522195765281	-0.338360189839498
1.02770839954574	-0.565687692038187
0.501081134300348	-0.25441267209637
0.363156504807441	-0.186560614979744
1.23512589521984	-0.626265536413116
0.254248916558443	-0.109536781837983
0.332578761728852	-0.176767584088422
0.231943838509862	-0.102414907915889
0.22147206677496	-0.108248163941316
0.601661942720872	-0.250503548914116
0.736160494244343	-0.438058803053611
0.342794471619981	-0.195345398043129
0.12769735247289	-0.0962955196313036
1.04685007311629	-0.600534162851456
0.718376316536067	-0.255037289737746
0.66036337240091	-0.526623729866788
0.706423054503901	-0.42373742221128
0.601883938919232	-0.405164422791667
1.03465534715344	-0.591796990912838
0.305621840207765	-0.179427952032318
0.49460484375509	-0.183090306536866
1.08979836111928	-0.516289164023979
0.340208522711795	-0.153527599811521
0.94670618590381	-0.457276476478816
0.596840948820233	-0.140179133513308
0.892959154957182	-0.36405216328333
0.829566047545057	-0.530721201965422
0.830928765318197	-0.491608784489289
1.01163599155907	-0.562809891389603
1.16125641662625	-0.556805687269235
1.19171887769713	-0.657253990061174
1.19844236036032	-0.636420525877373
0.627028463321935	-0.375673206466549
1.08447203154312	-0.569177314524078
1.26602066102456	-0.753350291543613
1.08696223498468	-0.556139756346478
