0.292165355329745	0.143135271111091
0.25721627243986	0.103376163427434
0.554035117765514	0.262506048300605
0.240598893574453	0.183509353900457
0.15956191709963	0.0526399370897636
0.584565805487726	0.268247106838005
0.505761438276818	0.22791132465297
0.304402073475301	0.180812007291726
0.481953902563408	0.285117743890668
0.195045731500941	0.105853422340611
0.299659287922278	0.155714122216358
0.249934123617526	0.082091156229041
0.275141439795285	0.101197507201914
0.306348456610071	0.148104106581993
0.18013939931976	0.0915354563022732
0.233413299669857	0.120003334065384
0.529419751136796	0.247083052986917
0.329847285260307	0.128170885344146
0.392501958454316	0.183657011196856
0.288517630370476	0.196043510458036
0.320759658597705	0.0954429196724429
0.262365436211637	0.107899052025807
0.26825448590087	0.208877392749615
0.404861441460736	0.193820548087151
0.502063569457671	0.262112478927892
0.55961939424953	0.257948873015629
0.36290667028508	0.138393697814153
0.467583598794368	0.223924295899173
0.16379107995146	0.0486017001269992
0.0949068286515545	0.00969233873297471
0.429606707945161	0.12351984844673
0.365396901150512	0.168946040991351
0.652358481276	0.297415313193066
0.337077075195144	0.134740464500622
0.205135474489031	0.0918663192505539
0.247783316877464	0.111956796378134
0.5997685826541	0.270303655172607
0.017597050869986	0.0200834075549556
0.62909534595589	0.292617905779406
0.18960911021029	0.111774067592723
0.526889084449019	0.294964920524368
0.123053944205787	0.0347012896968967
0.397571744685021	0.242135958149651
0.0332910334287473	0.0219965161658685
0.185989702526054	0.0477929131497914
0.598066311959521	0.290326907222058
0.275988593547975	0.138607546554828
0.152911506403925	0.0961724302156488
0.385799166389737	0.212765484845949
0.51891526783841	0.222034149050253
0.163863723095135	0.0684234510969323
0.544166542526182	0.271368051988624
0.419764017322555	0.183307837971176
0.376604377038162	0.190878242595473
0.487612309385775	0.273207179347811
0.469853098169837	0.227857263109911
0.277507287496277	0.0763791289466013
0.175588171926329	0.0283991529032562
0.0389058434346514	0.0220431401807933
0.479741847532925	0.276640665396074
0.182650552072044	0.0293693636195914
0.178242290191195	0.0570926591493526
0.240212985736721	0.133603485764448
0.461501647729678	0.20577974683253
0.216086531805786	0.0874450870874513
0.395823894582492	0.236612165988513
0.143356238111333	0.028264190840391
0.040796459735306	0.0474769086335372
0.228883616859739	0.117700329463683
0.151186684114243	0.0333426418786225
0.684021118258064	0.269999777544691
0.208113773774267	0.126418646664254
0.249412036935338	0.0943336972162462
0.0213150119001912	0.0291543584239358
0.358511482329668	0.171297033673797
0.171513472355364	0.0373428865311071
0.520823322575156	0.257721606251519
0.499995195485744	0.203079357271272
0.138373459506805	0.122402731877626
0.274329039376828	0.163858947123478
0.404988434250162	0.168195119885033
0.300472148066912	0.111338448636621
0.577855641318215	0.293309825994001
0.212442252153436	0.0411710862427024
0.467532063956027	0.199702667148994
0.448244057214638	0.224468507422341
0.265450365053162	0.0414497789057972
0.273827145112246	0.248705370302856
0.174969334573734	0.0541153831718769
0.622644468087698	0.274435780328983
0.355595216116475	0.275728212024874
0.524706229442713	0.289846937841581
0.0447635331718671	0.0258157941486
0.510576802800761	0.223667659258927
0.0391966365477671	0.0350818408668684
0.494432668532754	0.23243351789729
0.386079853464512	0.22820345849313
0.3363262059512	0.276176695134894
-0.00197219086481835	0.0257560049475166
0.578937066977746	0.247452679704976
