-0.0169336122624051	0.668044293808058
-0.0529661256764539	0.692592988834251
-0.0353750083792351	0.447342244956708
-0.0528227600439462	0.715659124519815
0.0264843316379133	0.243392956398388
-0.0205763404669423	0.287169654211717
0.000326241246839654	0.0109604730273118
-0.0468573087059584	0.249549432733529
-0.000407929783817354	0.0172902664829194
-0.148399769982357	0.502574990783418
-0.0159379092349542	0.0622089957935923
-0.0183059038905736	0.144894698502933
-0.0510739875390124	0.708651848839348
-0.144071912555237	0.452513372263862
-0.00666914331075138	0.0562215265819021
-0.0151016887359688	0.0372536849781413
-0.0307446838227002	0.594620610834576
-0.0809978659574054	0.676603549190175
-0.0933824927633173	0.676566662480414
-0.0683281389165249	0.6073572362537
-0.0325155252110318	0.156245609349902
-0.0261782512280105	0.590609178875261
-0.0316844719771603	0.133469777745933
-0.0332133662570681	0.555130785248306
0.0480228862278158	0.643725394788962
-0.0485733219621055	0.718319502149508
-0.0646821259311397	0.631606569361195
-0.0253085554725997	0.151265190334878
-0.0783592724395568	0.684283064110697
-0.0269182902988277	0.156689295013421
-0.0283978618813555	0.664595925199249
-0.000854567272561753	0.0146843377909742
-0.0600337431730886	0.667237637774198
-0.032683989582817	0.244858422510532
-0.0232748199060401	0.421083469703226
-0.0114862357883463	0.537028932888634
0.030007902084069	0.142621484662267
-0.0302853902641615	0.6983042088887
-0.0680473837036514	0.685637054424416
-0.0375834741187647	0.661921788633352
-0.0182296438585623	0.488443891965104
-0.0177949032201553	0.0483700348876475
-0.0453023586145751	0.0960861198710267
-0.0340032410476647	0.661033360940844
-0.0647782204135342	0.641843065463367
-0.0595314659831769	0.655038764073149
0.0344995922525666	0.681163600946329
-0.0275191191538355	0.121304321337452
-0.0494962893997691	0.144698204771991
-0.121573316777248	0.233972236346611
-0.0695600541103976	0.659108099678454
-0.00952784297220516	0.69379972554656
-0.0637608752346169	0.714039448378806
-0.104402302512811	0.265332745552397
0.0354785099373243	0.659252528509306
-0.0721868398306444	0.712346995529009
-0.0407783148693227	0.203590542434673
0.0264766899486777	0.168938763454852
0.0159808822587104	0.502637242192824
-0.0228527578076446	0.662528973524338
-0.0261090205907632	0.403684884137817
-0.0582513204257562	0.402517256447328
0.00683369971476818	0.0224045432624018
0.00609987981054207	0.116966825052655
0.154453328330274	0.267194160168339
-0.0137232002269626	0.697463896211259
-0.0171017139549111	0.143055879863199
-0.00172037746402888	0.0161539204206265
-0.0463139285679314	0.567176636485158
0.100020373927805	0.456917672584602
0.0152209022133738	0.604382449882899
0.00164296443570427	0.0293963659465328
-0.127720750014383	0.697583290604663
-0.0703595825863532	0.187972848574511
-0.00933284020651608	0.0478238221230766
-0.00644833054716466	0.416023573207213
-0.00399191000141205	0.107868906540842
-0.0740760408236135	0.681384461899126
-0.0619786798221023	0.651125986960762
-0.0245876741795871	0.664997643212026
-0.0137776133791448	0.0366609290996246
-0.0265074405855181	0.294702230156905
-0.0173931783737748	0.518298110169736
-0.0298663631941569	0.121121270405609
-0.0625673807428532	0.715610312276064
-0.086417488926265	0.602407564918395
-0.0936619494957279	0.690525241540553
-0.0402555100895158	0.718664959630854
-0.0548256915442779	0.711950443002056
-0.00765367565202304	0.0269654289849656
-0.0105735318742419	0.0547502866703029
-0.0118982924102474	0.0535556645805606
-0.0367191368311762	0.575017312130982
-0.0193967954808833	0.132448720213446
0.0428048528782751	0.361759156814139
0.0314055903232894	0.509096871243021
-0.0414137851390562	0.640675368547004
-0.0475657772621507	0.105641905298403
-0.0544609213158463	0.0688041617053138
-2.69751645664908e-05	0.0101767219946204
