1730,8855,1873,7541,3782,7491,8596,6761,555,5694,6548,8143,7660,7321,6866,8985,6432,936,7227,7707,5369,1874,630,2997,6229,8720,7648,4473,6846,5814,5401,9077,4603,9173,9254,48,450,694,2185,817,2333,1480,8543,8731,9405,592,7093,6278,3785,4256,6132,8584,3817,4672,9482,3012,1809,8585,2696,3064,9568,738,7316,9606,8124,8502,6868,5480,4587,6369,9643,4291,2346,1994,7284,6328,7216,9744,8349,658,1204,4890,3604,1814,2979,5435,1257,7805,1082,3370,12,4181,1907,9858,4976,5911,2419,8847,6501,622
1432,8677,4974,4697,6903,1237,8702,7594,6621,8338,5359,8068,6809,7311,8575,8986,6950,1244,6254,337,5636,151,744,913,6951,4849,1312,6336,1398,5466,3903,9078,5156,9174,9255,666,370,4423,2940,2298,4674,1391,7416,9355,8804,672,2675,7418,5621,4938,3482,7478,1352,4621,9483,1516,5371,7518,5937,8825,8179,8454,4613,9607,7345,6748,7035,2693,7479,6011,9644,2703,5021,660,4909,323,8456,9745,7217,1051,1653,7923,2099,7318,7733,8080,7604,6945,619,2890,999,45,3870,9859,8284,5404,3574,8352,4816,2576
2530,8856,2381,2816,7176,4185,5885,7078,5461,5673,5684,5223,5115,4022,4590,8987,3374,1358,3739,3481,5261,775,1223,6340,4854,5463,2240,3402,2923,2112,6583,9079,4437,9175,9256,245,3572,3463,5199,484,3924,919,6861,8148,4390,708,3623,8245,3644,4655,5501,7221,3039,1934,9484,1701,1134,5342,3895,7523,8750,968,3024,7894,3828,5653,1765,581,4610,4408,9645,5592,3845,3200,4354,987,6381,9746,2277,5068,252,6411,4328,5626,1723,8090,2429,5696,1549,2957,681,1388,4202,9860,3890,4417,4789,4336,2727,3913
1554,8857,4363,4274,6629,2243,8952,4614,837,4688,6396,6519,4914,3974,1792,8988,1172,466,4551,5699,3331,2866,532,3511,7056,3249,7953,1397,3204,4284,4325,8790,5188,8342,9257,2370,4523,1367,4843,4254,3469,2964,4553,7143,8012,3242,5848,8582,1493,8447,4559,6265,2133,3975,8385,3211,3608,4196,1305,8102,7172,2146,3761,9608,3576,6280,1511,1296,4550,6047,9646,4907,4960,3001,4749,3488,4546,9747,2347,4510,2902,3195,6205,3411,2371,6461,1609,899,263,2775,341,96,3589,9861,2601,5505,1173,7754,3193,5969
1402,8858,7982,8233,6284,4972,8953,7199,3449,3275,6061,4403,5571,4875,3580,8989,1646,54,7314,322,7505,594,3225,8560,3879,3976,6873,8508,5255,5522,5647,9080,1053,9176,9258,1286,7630,2733,1442,2356,194,5055,2597,9356,8735,665,8620,9431,1437,6640,7768,6867,1127,3656,9485,5162,4103,3952,8236,9563,9569,6712,6481,7932,7617,5888,3805,5062,3328,5488,9647,6536,2280,5660,3171,1316,1977,9748,7105,1624,24,5350,795,8350,1283,8843,8019,656,1034,7347,1993,342,4362,9862,1926,7937,3431,9957,5506,8020
5736,8859,7407,5394,1929,2596,8052,7133,5324,7170,6482,5942,4527,5247,5219,8990,5120,4064,4949,5641,4505,2392,2876,5133,5299,6714,4142,6496,1963,599,4818,9081,786,9177,9259,620,2005,4796,1781,366,3272,2505,8176,8658,8614,1205,6554,9432,613,4971,4169,5002,4805,5603,8815,2533,1146,6322,781,8103,5428,4480,3875,9609,2581,3290,1544,2313,5399,8016,9648,7123,4464,755,6655,1712,5291,9749,3464,4020,4941,6233,4070,6405,4778,8018,2637,927,153,3145,37,18,4361,9863,6114,3408,1561,7680,6272,7406
476,8860,4235,4469,6362,1962,8954,7327,5020,7681,7984,7487,5625,8160,7504,8991,8072,1160,7789,1130,8132,835,3130,1373,5352,7671,2118,7336,2096,4571,4884,9082,5980,9178,9260,269,394,6066,4107,568,4634,3264,8728,9357,9406,385,7212,7538,1535,5990,6535,8626,1578,3487,9486,1071,2868,8746,2408,8671,8320,7130,3573,8529,8262,8422,7240,4307,7231,7798,9649,4979,3718,1961,7864,1989,8348,9750,6510,1271,1890,9846,1192,8841,2378,7568,5615,932,167,3513,152,79,4583,9864,7455,7070,1299,9958,3891,1772
480,8861,5473,7576,7046,4136,8955,8022,807,4312,3530,6923,7266,5330,3630,8576,6462,731,3759,2318,6844,2203,3778,4817,6967,7011,9065,5828,2658,5034,6631,9083,3909,8687,9261,217,226,3154,4056,1032,851,4123,5205,7208,8315,646,6771,6634,5540,4683,5870,5287,3221,2550,9487,3509,986,5535,6854,7159,9570,2565,4905,5663,7131,3722,3330,5106,6608,3597,9650,1806,5891,3075,908,4334,6421,9751,5643,1245,4219,7525,1332,5729,46,4303,3013,6234,1579,5349,149,2156,7718,9865,6753,6678,4406,9959,882,461
6250,8862,4414,2174,5955,2428,8597,7881,2178,5950,2367,7205,1107,1752,706,8992,7245,2792,5843,1102,4871,34,184,6966,7595,7746,6534,6925,2871,5202,6860,9084,5516,9179,9262,59,1942,7489,871,1182,2421,2570,7917,9358,9407,4027,7042,5745,1169,9474,6697,7359,1450,2786,9488,3503,393,8183,2593,8260,5239,1047,6259,8421,6698,7299,6433,6159,7391,8512,9651,5159,2070,5164,5101,5719,6179,9752,5872,722,1224,6068,2644,3132,4382,8335,2352,6879,1930,2051,486,1543,4964,9866,6199,6174,512,8353,5794,6415
3666,8863,1710,3152,6566,1226,8598,7703,5446,4037,6346,4620,467,4569,3758,8993,4560,1523,2468,3325,3532,1335,2342,4601,8288,6819,1759,5963,1086,5722,6570,9085,854,9180,9263,1354,716,5186,4591,1359,4322,2311,8544,9359,7614,2537,5754,6490,3032,2417,5561,6728,4573,3499,9489,1966,1542,7521,3637,7729,7179,5408,1992,7203,5288,6947,4237,2071,6473,6453,9652,3965,3365,1999,7825,2398,5582,9753,4040,1002,950,1117,5410,6850,5213,6717,1591,856,164,1939,544,2869,4598,9867,4943,3162,1048,9960,4892,3166
1087,8864,2913,6385,8039,6147,5241,7054,4853,314,6892,7191,8069,3107,1396,8994,2616,3185,5405,387,4606,1524,1058,8684,2359,3471,8721,2199,6549,8357,8097,9086,2523,9181,9264,6275,5659,615,7449,3716,609,521,2884,9360,9408,668,4430,9433,4028,9475,7919,6171,2035,3476,9490,1101,1015,1866,8194,2164,9571,5022,4766,8237,6983,2535,6628,6781,3655,7253,9653,6576,3860,5747,834,7242,6671,9754,8115,3541,3727,7308,364,6638,259,8158,2076,901,1919,3943,3730,313,3316,9868,1947,8199,6225,8760,5420,8212
2966,8865,5507,6517,5148,4599,7053,5546,6306,254,6454,5739,4305,1896,536,7301,6992,3339,3775,1727,6447,3158,682,5971,2121,4050,5295,4332,3164,1686,7662,9087,789,9182,9265,820,6875,833,4155,1739,1555,1128,3124,8398,8400,5333,6400,9434,892,7710,4290,5545,1005,1514,9491,3228,530,4342,1463,7400,9572,7850,3027,1278,2216,6124,930,6191,4134,5642,9654,8157,2328,5073,4815,1568,7181,9755,6167,7346,2863,6393,3537,6105,1096,8549,4511,6689,2590,3584,141,2418,2176,9869,5038,5949,5053,8483,5518,4330
5698,8866,7800,6218,4733,2715,8703,4985,1106,1022,5861,5246,5375,1620,338,8995,7072,3054,3472,5610,5167,1876,2405,5050,455,6696,2907,4186,2563,4476,5875,9088,422,9183,9266,4384,5203,3453,3815,2480,588,907,3289,9361,8074,4216,3194,8806,33,4273,5532,4491,1880,1677,8816,3118,1773,4094,2233,4631,9573,7188,6529,5681,3492,7422,3257,5565,6260,7524,9655,5494,2918,3494,1892,4174,2919,9756,1353,4783,3326,5854,5449,5682,1061,8405,4190,4468,156,1441,602,1958,2193,9870,5146,5678,4646,9961,6524,5657
7163,8867,7018,3346,8180,433,7553,8324,3953,4092,6038,2382,4455,1259,3267,8996,3406,3037,783,7322,6372,104,1635,4184,7844,6373,5751,6237,4799,7870,6043,9089,747,9184,9267,772,3689,3011,3417,1706,4146,819,7836,9362,8111,3210,5327,8741,1786,6994,5637,4868,1911,4435,9492,3699,1401,6341,1749,7548,6617,5599,6211,9610,2718,5265,4249,3031,5386,2021,9656,3750,3587,4413,3134,4467,5880,9757,4744,629,374,737,6094,5894,3507,8427,5004,6486,3049,719,405,386,2448,9871,1455,2604,4131,9962,5309,6793
1812,8868,7364,1411,6363,3552,8467,7492,3497,1644,4589,4160,2148,5413,3294,8997,7193,846,3946,454,2543,1078,1508,7745,8413,3526,6017,3199,2170,6520,7041,9090,3243,9185,9268,1595,305,6348,4199,895,2457,3545,8177,9363,4581,3833,7261,6599,753,4926,3859,8317,4684,6040,9493,3094,3660,8292,628,7780,4946,5600,5798,9611,6157,3060,6572,2638,6984,6807,9657,5966,6353,1832,2912,5321,7175,9758,2319,1705,84,2145,3682,5873,2994,6503,5024,6009,23,5075,1129,494,5562,9872,7362,2354,2304,9963,2575,1921
1476,8869,7300,5795,7552,6942,8766,5606,5912,1969,3720,2834,4821,4100,7438,8998,7536,2340,5260,2286,5908,1000,340,3445,8028,7584,7012,7845,6399,7358,4830,9091,469,7113,9269,343,1253,196,4607,2226,2700,3230,7859,5112,8290,6288,4822,7676,2920,4217,7930,7461,582,3239,5607,3163,109,1534,495,5095,8827,7411,6963,8753,7432,6241,4399,2427,4767,7036,9658,7823,4588,4604,6331,5335,7481,9759,4520,560,310,1165,7160,4179,5538,4969,1050,6283,3491,2034,902,3089,3799,9873,7383,7404,4562,9964,3172,345
4350,8870,2463,5686,6980,3668,7486,5789,5627,4486,2124,5118,6049,2843,4062,8711,4419,3232,5049,5479,3136,2205,2677,5878,2287,1702,3797,4302,3764,5341,1928,8561,745,9186,9270,1383,692,4132,4797,2141,1592,2627,1840,9364,7891,3734,6419,7572,573,8101,3809,6163,3546,3278,8193,3173,2503,6033,2088,3092,9574,6439,4578,8332,1067,5244,4441,1906,3661,4656,9659,6798,1691,642,5320,1213,6067,9760,3707,3090,1369,2044,4301,4975,3972,5672,2686,5525,255,2075,159,1716,418,9874,5897,2485,3504,8354,6312,4442
40,8871,7468,1623,4428,233,8704,1538,3539,6726,4002,4314,4986,4987,7471,8999,4052,610,1155,526,2766,3366,1368,5143,8715,4288,7899,3224,2386,1201,6155,9092,3670,8608,9271,182,5198,618,6349,3634,2667,2841,5906,9365,8523,4077,5879,7944,3184,8003,5242,8217,1587,4357,9494,2928,2194,6590,7228,5810,9575,6687,3904,7895,4645,7180,2814,6046,3932,6008,9660,6813,3212,3120,6827,4555,3121,9761,7412,5422,1679,6329,4706,5011,5458,8006,2362,523,508,3300,1756,4,5477,9875,1935,6505,2706,8848,4055,7605
1696,8872,4910,1324,7831,784,4724,6755,6718,720,7436,5978,3583,5780,5483,9000,5544,3846,1564,6651,3254,1747,2614,3428,1366,7223,6720,7613,5216,7810,3772,9093,3061,9187,9272,491,2206,4738,1857,749,3523,1355,7622,9366,7820,348,5687,8481,2578,2030,6032,7158,3818,4513,9495,1235,914,7678,2363,6184,8694,6805,2737,8754,2974,6198,5664,2972,4472,3397,9661,7480,3705,4151,6427,4178,7032,9762,2861,2747,549,2000,7567,5777,6262,8641,1766,2948,464,6100,282,47,3850,9876,1431,3649,4820,8761,6320,5302
8081,8873,6217,7519,6690,5895,7719,4918,3624,7907,1682,4957,3841,2584,5711,7428,8131,3749,5847,6578,2566,2847,1932,2881,7961,7628,8472,7737,4639,8578,8475,9094,1589,7495,9273,283,251,2320,4194,3352,2962,3971,7847,8328,8496,1409,7531,2557,2209,7187,6457,4549,740,5243,9496,1494,2534,7420,7909,3586,8014,2303,6928,8114,4753,5685,941,2594,6185,4429,9662,6469,6565,4034,2496,4397,6841,9763,7373,918,14,2390,6637,3138,3209,7716,931,1733,361,611,866,1704,2301,9877,1583,7646,964,9965,3960,841
1233,8874,3550,1081,6152,985,8142,1941,5493,1306,5311,4340,4617,5248,2483,9001,5474,1983,3721,3081,3360,2676,1655,4558,1011,5180,6627,2796,3864,3752,2877,9095,3137,9188,9274,2880,2666,5153,4837,1438,717,667,2180,7837,5752,3421,4483,8664,2717,3919,2027,4612,3441,3554,9497,2978,1504,1757,5382,4033,8751,2230,2476,7004,3899,4722,1176,3911,1170,3167,8533,6026,3308,2687,5859,2648,4870,9764,4616,5709,3345,6543,5755,4680,4538,7717,1095,4809,363,2598,953,1912,3638,9878,5976,844,4366,5688,5065,5977
3461,8875,5113,2163,6801,186,7634,8979,6016,7274,3931,6999,3373,5215,7410,9002,7558,1925,2305,1297,6746,10,515,3577,9062,6568,3271,8010,2547,5772,7748,9096,4978,9189,9275,185,2113,7777,1859,678,3321,1606,7579,8794,8615,2104,7861,8807,4625,8031,6848,7979,2267,3651,9498,3386,889,8824,2183,8489,5117,8078,8136,9612,5822,8185,6087,5981,7464,6099,9663,8637,1258,4839,8045,4982,4873,9765,6370,193,353,1835,5623,6502,6360,8642,7454,7925,492,940,307,535,4182,9879,7645,3442,325,9966,6864,8108
673,8876,8378,5588,8214,1434,8767,6871,3892,7939,7912,5312,7108,3505,8559,9003,7706,2521,3962,669,8340,266,713,4501,8783,7068,8786,7120,7277,8493,8657,9097,4068,9190,9276,571,420,7207,2562,796,584,4988,6914,9367,9409,107,8497,9435,4962,4705,3142,7380,2499,1603,9499,3869,5569,6650,5594,8528,8205,8672,6806,5564,7957,6575,3914,2455,7575,8017,9664,9741,5168,3863,5580,3416,7826,9766,6417,260,49,3628,2108,8461,7153,9847,4229,1256,274,5881,416,32,8168,9880,4751,7063,517,9967,6724,6550
3837,8877,1144,7198,7855,7169,6181,6852,7704,4449,6470,5325,4836,3921,6901,9004,6825,4272,5126,5974,4740,787,1426,5051,6508,7186,8473,3038,1346,1046,6960,9098,1462,9191,9277,3970,6239,875,3111,2728,1484,780,3710,9368,7963,331,7305,6877,1239,3887,2612,4714,4566,3262,9500,1187,1531,1387,8054,2860,9576,502,6367,9613,3161,1619,2389,4041,2990,5849,9665,5982,3540,1945,2083,5270,5245,9767,7243,3796,4130,5670,3311,1981,4932,7309,3098,810,472,4171,1136,250,1145,9881,2391,6319,3696,8408,5701,7106
589,8878,6898,3575,7983,867,8554,8082,6408,6107,7047,5454,4725,3672,2681,9005,7985,1379,1764,505,5827,235,2712,8172,6859,7858,4726,5572,3783,8788,7673,9099,6961,9192,9278,206,1830,6246,904,633,928,3611,7304,9369,8736,1209,8244,9436,6613,3123,6123,7931,5236,5487,9501,3349,4262,7956,1618,6772,7651,8387,7796,8835,6791,8055,6744,3419,6758,8333,9666,1834,2425,2621,4144,4735,3295,9768,5853,493,230,4337,1091,7924,2322,9848,6976,1586,459,6808,727,86,7196,9882,3026,5735,1133,8849,5027,5742
2126,8879,4927,5250,7691,1399,8380,4707,4717,7040,6330,5689,5343,3674,3984,9006,4618,1292,4670,4090,2650,231,2423,1158,1680,5415,1647,3804,3853,7802,6058,9100,3945,9193,9279,327,2498,2295,1979,93,4148,2804,7351,9370,7969,1255,6388,7767,4058,1991,2892,7249,2461,5028,9502,2379,3862,7712,1072,8077,9577,4775,6111,9614,6579,2329,4576,6768,4416,5962,9667,2655,4920,965,3929,3612,7124,9769,2842,2409,1536,6355,3658,4623,4154,7973,1580,1996,381,4942,398,64,6013,9883,5573,3690,1972,8230,3424,6506
574,8880,5083,2744,5737,1846,8956,1927,7815,7535,7425,5979,5556,5705,3606,9007,2283,788,3095,580,4245,421,2358,7670,5646,8133,2312,4992,6274,4813,7378,9101,1670,9194,9280,1819,6449,537,4097,5262,728,2387,5708,9371,9410,6277,7031,8808,2748,8316,6098,8524,1616,5268,9503,2688,2376,6445,7497,4916,9578,3434,1495,7005,5865,949,6397,6407,5744,6812,9668,6706,3070,4484,992,5187,4195,9770,8458,6664,598,7341,1556,3175,1815,8265,4126,349,195,1844,2261,112,2738,9884,1217,6814,7445,9968,3770,8409
1807,8881,7117,3002,6547,2492,8021,4924,2977,6922,3522,6285,7244,6137,6739,9008,6559,2087,6057,4032,3881,124,3343,4584,8162,6882,4353,1124,5707,7202,7089,9102,3473,9195,9281,91,1980,6036,2330,123,865,1813,7976,8495,8616,1240,2726,8621,4831,5039,5406,7892,3247,373,9504,2705,4120,2065,1194,7839,8630,7262,4431,8836,5604,3079,4014,4214,4755,6012,9669,2158,5940,725,5171,2047,6636,9771,3579,1083,2380,6382,4057,7147,1471,8266,5423,2526,577,6310,216,500,6499,9885,5411,5521,1025,8484,6545,2993
4757,8882,7272,6932,1968,4977,8957,8023,1988,5267,6913,6832,6127,6472,6763,9009,6893,2375,5447,2991,4780,3292,982,3296,6587,2424,9066,7142,2026,1035,4842,9103,2450,9196,9282,896,360,6479,4173,879,2165,2388,6059,9372,8329,390,7248,9437,803,5598,5141,7517,1938,2232,9505,1243,3458,5190,6513,8123,9579,4663,4391,9615,5145,4143,1080,510,6434,6682,9670,8375,3600,2325,2374,2679,6970,9772,3635,859,2210,8459,1986,6371,1436,4088,4761,3157,249,6977,248,297,3648,9886,5999,3665,3679,4594,2795,3995
7033,8883,2660,3017,2214,1241,8958,5841,2068,5951,6857,4902,4516,2247,4887,7582,4865,1054,5508,5170,5179,2759,2741,7458,6255,6667,6131,3556,821,2812,6686,9104,1139,9197,9283,155,3585,6120,2609,1098,2218,1676,3928,8178,7247,551,5785,8563,3133,3348,2739,6589,1060,671,8401,1249,2692,7145,3978,7250,8752,1671,3981,2713,3435,2469,1148,4117,4847,5898,9671,7564,4542,1886,1195,3626,6646,9773,3613,5468,2767,2201,6656,5360,3906,3538,3843,6141,1125,6048,586,909,1576,9887,3189,4950,4841,3788,5228,3439
5984,8884,5278,6090,6526,3240,4600,7066,3279,702,6626,6188,3688,6070,5578,9010,4703,1459,1385,1955,6604,2946,2690,4445,5913,7029,6788,5346,2662,3405,1750,9105,2810,9198,9284,168,4746,947,779,356,4069,1570,8414,8434,4998,1001,4036,8564,3076,6162,3811,4532,3103,5797,9506,1885,653,7574,631,6773,8089,4124,4114,8455,2127,7166,444,5195,6435,6436,9672,7174,4828,2922,6173,4506,6414,9774,3394,1637,705,801,5517,7972,4772,9849,1506,4213,1605,6318,160,1394,4632,9888,3423,6014,2630,9969,6987,7006
1270,8885,974,1995,8678,933,8273,8557,2195,2472,7682,5275,6227,6488,4137,9011,3901,1918,2306,6065,5809,3304,1804,3117,6203,5712,5674,6926,1090,2858,7726,9106,4897,9199,9285,222,876,4046,2155,662,5128,2580,8793,9373,7638,3725,7675,7709,3671,8448,6675,9478,1748,2008,9507,3306,446,5357,1711,7121,9580,1062,7971,9616,6855,5313,5740,2299,6592,3657,9673,4156,2079,5387,3519,2818,7642,9775,6224,1171,1428,5173,5803,4453,5469,8462,1656,1713,210,4679,98,1234,1785,9889,8254,7235,1400,8050,7658,1662
457,8886,8231,3673,8040,2227,8959,5478,4021,3871,5367,5054,7721,5619,4113,9012,8171,1069,7885,275,5768,813,4025,7087,8784,9064,6616,3703,7312,7792,8030,9107,5337,9200,9286,315,75,5402,2355,1320,1126,4596,6539,9374,9411,289,7298,8809,6030,5093,4803,8013,937,2872,9508,5348,4736,7539,6292,8500,7499,8043,2819,3407,7307,4713,3077,1093,5992,7254,9674,2173,5741,188,2504,4627,8127,9776,8209,1328,1883,8460,2617,6997,828,9850,7326,3636,270,7026,625,31,7644,9890,6673,8057,1915,8762,4504,2337
207,8887,4095,2098,8552,805,8680,5648,1975,2246,6062,5292,6989,3663,6143,8440,5904,873,2062,670,7583,3383,853,5315,8256,3861,8655,4075,2056,7694,4945,9108,1456,7547,9287,1304,2555,1783,4044,3214,831,3927,6128,8520,8562,372,5066,9438,1952,5932,5379,8511,143,2344,6974,4662,2942,2982,7920,5234,8184,7685,4768,1307,7772,6670,176,5533,6498,7382,9675,4412,2753,3790,6338,2413,7044,9777,5512,5018,4452,5409,2949,7356,3647,8392,4233,1737,634,4712,771,1604,7581,9891,4329,5042,562,9970,5485,5868
1,2,3,30,596,1539,4392,3934,7079,6518,7118,7437,6885,5513,6924,9013,8713,3363,6315,1180,8782,3555,654,9060,8716,8094,9067,8147,7073,6874,8606,9109,6811,9201,9288,6119,5086,1023,8519,1801,1360,1488,6480,8399,9412,1274,7871,9439,4652,8624,6790,8669,2668,2508,9509,1142,3700,5675,9562,7368,9581,6080,4593,9617,7958,6930,4447,3675,7209,9642,9676,9742,8106,4232,6402,4035,4557,9778,8376,5774,5766,2897,3653,7361,3590,8591,4784,881,657,6701,4923,288,6247,9892,5656,7761,1724,8365,8130,8394
81,8888,8513,6136,8271,2776,8705,2558,4381,3748,7999,6263,7109,8070,6422,9014,5553,191,7941,309,5890,2969,1317,8173,8506,8163,4633,6668,7112,7803,7194,9110,2168,9202,9289,2415,2865,700,2947,2043,578,3261,5597,9375,8805,67,7104,9440,5392,4742,5590,8192,1439,2751,8817,3003,1026,4286,8402,7862,9582,8633,5300,5821,7782,1375,2444,5227,8104,5838,9677,3056,5037,1408,1920,3420,5866,9779,8210,5634,2903,6917,520,8425,431,8643,5102,923,412,4139,1884,9,6511,9893,2955,8351,4016,9971,3438,8268
134,8889,7098,4212,8553,1872,8960,1946,5903,3484,8601,6455,6920,6824,4066,9015,5862,355,8120,318,2879,1077,2769,7275,7508,7386,7246,4096,8605,7954,9076,9111,445,9203,9290,2777,7049,812,3659,2288,483,2724,4915,9376,9413,118,5286,9441,1858,7977,7560,9479,1116,1879,9510,2832,2462,1660,8586,6954,9583,7873,5692,4806,7875,2265,5207,7354,7601,7511,9678,4221,2719,2018,2296,6985,2571,9780,6769,3116,3083,6732,1584,8426,479,8322,2629,1753,462,3052,3916,25,4494,9894,2013,8406,4605,9972,7702,7755
718,8890,7785,4324,8295,840,8961,5070,6881,5336,6899,6091,4315,6619,6990,9016,7544,553,7165,489,7959,271,4456,4426,8717,5935,3384,4659,4459,8509,7103,9112,6103,9204,9291,415,425,1212,4270,824,3256,5059,7571,8795,9414,380,7587,8445,6721,4175,7332,8032,1378,4210,9511,4641,6692,6915,6614,8419,8828,7344,3958,6939,7730,7371,2864,3141,8152,7618,9679,5284,4732,3324,7444,5499,7114,9781,8107,417,224,5358,369,8590,6113,8463,8539,441,213,4984,211,272,7591,9895,8464,5775,794,9973,4689,4402
99,8891,7814,8701,7148,1551,8962,3150,6298,4300,7659,4529,5959,6762,5314,9017,6325,428,5869,346,8146,1908,478,8202,7915,5988,9068,7942,6727,7725,7559,9113,7955,9205,9292,3334,2235,1957,3654,1833,105,4727,3205,8796,9415,28,7397,9442,4572,7778,6024,8450,5105,4285,9512,4241,2624,2951,8692,7333,9584,7556,5476,5763,4894,3581,5140,1838,5764,7851,9680,8838,4481,4009,723,1867,2125,9782,9844,2470,336,6317,905,7452,3180,9851,1412,375,605,5941,3178,8,5064,9896,2001,6475,3907,9974,3878,8269
114,8892,8065,7168,2490,1238,8239,1567,7067,6409,7543,7320,4965,6236,8189,9018,4085,108,6130,606,7790,3755,1406,6660,8085,8441,8301,7672,6605,2157,7278,9114,585,9206,9293,1820,7663,136,8191,2241,474,3595,3773,9377,9416,2273,3400,6909,4791,8216,6209,8525,711,2171,9513,4206,1361,4582,5816,9564,9585,6149,3762,7076,8294,4996,2293,6452,5057,6492,9681,3255,4528,4215,1513,6243,4218,9783,5570,6392,4084,5491,1321,6530,802,8128,7154,741,710,756,4378,6,5697,9897,885,4874,6783,9975,6175,8854
888,8893,7806,3641,8514,1006,8468,8312,3101,8240,6101,8223,6078,4773,5012,9019,8326,1309,2019,891,8058,89,3415,6887,8029,8685,8507,7034,6003,7818,8579,9115,6654,9207,9294,219,1225,8011,1074,529,591,2856,8060,9378,9417,449,7496,8665,6574,6122,6681,8670,2426,2802,9514,3126,2074,8113,1870,9565,5157,7615,7902,8501,6955,8263,7811,6736,7863,8390,9682,6822,2046,4922,5802,5902,6593,9784,4665,144,198,2755,2606,7512,6752,9852,7084,1541,228,5025,150,181,5973,9898,7287,5933,236,9976,6972,5919
1472,8894,5787,3429,3944,1357,8651,6778,5945,7424,7882,7350,5497,7913,6000,9020,7986,1847,6083,2004,7734,377,1743,730,7088,5921,1216,7494,1559,2529,6936,9116,4876,9208,9295,330,565,6632,4266,564,5427,1778,8729,9379,8688,1073,6521,8810,2821,4644,5611,8344,1242,5829,9515,883,1037,8346,3253,7946,7713,8156,5122,9618,7632,6357,7773,2114,7797,5510,9683,4189,7714,797,7759,3068,7827,9785,6267,677,524,6075,1784,8548,7654,8592,8056,2862,95,4474,308,324,3847,9899,7813,6919,1940,9977,5925,3351
1557,8895,7476,4991,6293,3925,8410,8980,1614,5624,7415,8516,6905,4289,5224,9021,7776,4647,2207,2384,7545,432,3715,3814,7735,8174,9069,7291,5509,5651,8121,9117,4802,9209,9296,170,1527,4209,922,559,655,4129,6110,8659,8435,197,6196,8622,4450,4461,5846,9480,5958,3143,9516,4177,880,8747,1215,8319,4840,8150,7462,9619,7463,6296,1264,6420,8251,7241,9684,7965,2559,4936,3165,5434,7687,9786,4861,409,101,3084,2406,7482,3357,8536,5366,1566,70,5939,63,52,6494,9900,4741,7310,954,8593,6384,3425
501,8896,8009,827,8215,2037,8768,3520,6532,1350,7183,3937,5779,997,2756,3169,2784,3220,3935,1288,7914,2632,1044,830,7021,4925,6194,4122,6039,3317,7684,9118,4420,8234,9297,1003,1630,1796,3822,2725,5347,3023,3440,6661,8545,316,5733,9443,1479,7901,4238,5194,607,1732,7390,3808,4691,2613,6591,8566,7215,8206,5693,519,6641,6940,292,3786,6564,7904,9685,8226,973,2481,4410,5274,3754,9787,7225,4211,3192,4099,6383,6799,6986,7286,3213,1627,714,6214,2917,2586,7877,9901,8129,3006,354,8850,3412,4118
2368,8897,748,2223,6245,496,8187,4619,7009,5482,4734,4073,5396,6745,7527,9022,6001,2254,5254,2707,1315,382,2189,7101,6652,6709,8722,2479,1725,5834,6165,9119,5296,9210,9298,647,443,4626,1548,61,4460,2933,7337,8660,5844,1690,5845,9444,2447,6826,7238,4326,3534,4968,9517,1331,938,7399,3128,5139,7921,2041,4825,9620,2999,6158,5176,4609,5283,6242,9686,6160,3102,3100,6969,2162,6683,9788,6134,572,3977,5058,3832,6774,5184,8698,5757,4852,650,3020,265,68,2256,9902,7155,3236,1181,8238,6249,4338
2055,8898,1443,8213,3465,2502,8681,1285,7164,2889,8542,6042,4786,6514,5421,9023,5294,1042,6685,750,3500,2144,439,2097,2772,5238,8656,8059,7520,3521,3305,9120,1284,9211,9299,4374,5930,643,6952,7396,392,3685,4385,8797,8662,1984,6765,7597,2691,9476,8204,8627,5150,7389,9518,5355,140,993,3564,4029,9586,3621,5622,8587,5060,1486,3364,4889,2647,3993,9687,8334,7433,4498,1267,7270,1663,9789,7652,5608,2500,6516,5450,4365,1964,7097,958,4263,679,1057,816,106,1290,9903,1370,8490,7017,9978,5249,3983
6713,8899,5496,2152,7039,1558,8296,5790,1877,5045,6302,6314,5007,2253,7335,9024,5667,1550,5119,4074,1178,579,2449,5514,6810,6412,7134,1782,3990,6291,3105,9121,4959,7889,9300,2723,5475,1453,1232,42,1850,2244,7900,8243,8360,3949,1860,7607,2316,1948,5001,7431,2110,2010,8075,1569,1658,4930,2036,6139,7995,4224,6378,9621,2680,3297,2459,4276,3196,4911,9688,6759,2264,981,5298,2186,5221,9790,5031,5231,3309,4252,2042,4208,1808,7025,2181,1336,300,5425,1065,513,5758,9904,2943,2122,1163,7967,5900,6200
202,8900,8092,6785,6777,1843,8963,4666,3926,2808,7624,8558,6776,8224,6991,9025,5726,590,6764,423,4346,769,4187,5771,8718,2642,3508,5154,5339,8053,5892,9122,4489,9212,9301,809,2984,2211,4108,849,863,4176,7860,9380,8443,171,6953,8689,4834,5762,6588,8814,2471,2605,9519,4774,5852,2828,7771,8307,9587,8436,3387,8530,4424,4367,7474,5576,7933,8837,9689,2853,5087,5131,1029,5177,2840,9791,7741,815,1887,8047,135,8321,2357,8844,3823,110,558,6800,73,43,8169,9905,5459,7064,1823,9979,5384,7906
7065,8901,4642,1519,8679,2746,8706,7526,2639,1895,989,2768,268,1454,690,8144,6756,3410,6287,2172,5953,303,799,5819,4541,4188,8002,5650,2092,7388,6537,9123,3918,9213,9302,485,1659,2103,5793,2064,4730,2302,8134,7728,8203,3851,4967,8259,205,8135,2887,7625,746,3711,9520,3259,1777,7343,6183,7626,6352,6074,6426,7317,3787,6821,621,2187,5715,6750,9690,7824,4534,4833,3820,6324,6166,9792,5817,861,148,3988,4750,7483,4857,8139,3733,5662,943,5107,1382,1156,5161,9906,4654,5109,1021,9980,6525,6235
547,8902,3793,2414,2420,3381,8964,2262,4961,3286,8159,3605,5568,4615,1344,9026,5111,623,6347,1089,7055,1009,916,2208,3915,8095,6207,5484,5691,842,3496,9124,1325,9214,9303,3433,2564,699,4888,3900,791,4220,2297,8798,8343,6256,6796,9445,4018,3042,2944,4524,1211,4294,9521,3414,1852,2935,3596,4533,9588,6081,7740,3266,6150,3369,838,2221,6398,6618,9691,7812,2275,4630,5147,2161,3525,9793,7619,3174,2701,7189,7355,4515,5876,7656,1530,774,1266,5839,1537,399,1105,9907,3338,3202,4191,9981,6694,4318
617,8903,7408,3996,7611,6153,8181,6118,5103,5089,7071,6063,1056,6064,7857,9027,6463,1821,5331,2058,6902,971,44,6560,8225,7817,8723,4255,5155,7447,5761,9125,6056,9215,9304,4394,1674,7013,5548,2633,1828,2393,4386,8799,8099,62,5212,8666,685,2636,5864,6438,4405,5056,9522,3794,117,3737,5975,7282,9589,7699,3029,9622,970,2936,6178,870,2983,4309,9692,4963,3548,684,649,3377,4478,9794,6261,5074,2886,4966,1771,7293,497,7998,1685,4299,1922,1767,2851,133,5416,9908,3283,6978,4716,9982,1300,6703
76,8904,7801,3372,8109,2245,8965,6853,7503,5222,4752,6900,3114,3889,8439,7267,5645,1552,4999,1012,6002,3650,178,4404,8086,8041,7394,6374,5813,2446,7058,9126,3298,9216,9305,116,1028,6606,6888,3756,569,1208,2266,8521,6437,246,4900,9446,4592,7929,5549,7838,2445,712,9523,3706,2474,1982,8195,6220,8829,6625,3418,2224,4547,3855,1470,4637,6522,7096,9693,5543,3151,1364,5748,2839,6222,9795,6523,4567,2956,2988,5210,6180,1018,8221,6146,2028,1017,5361,499,169,6918,9909,1154,6856,5069,8699,2017,4004
608,8905,7690,2045,7577,1162,8769,4947,5574,8222,4896,2963,6837,7808,8653,8356,7268,951,7529,969,7506,782,3478,6264,8341,8327,6308,6375,3470,7991,6643,9127,2512,9217,9306,696,72,6847,3767,1020,3910,3697,8397,8358,8617,437,6937,9447,5944,3898,4664,7665,1273,2735,9524,4149,6197,7666,4247,7015,7580,6410,5676,4496,7783,7230,1574,430,7896,7339,9694,4519,5192,142,7016,3726,8535,9796,5605,948,939,6556,6544,7465,6602,7981,5208,3567,111,7027,177,147,4271,9910,8541,6500,525,8851,4848,1279
264,8906,4928,1598,7951,1115,8411,5530,6076,5759,4293,6815,7086,3951,7439,8083,6273,2663,4521,1372,6802,2654,1959,5679,3980,8001,7276,7968,3745,4769,7846,9128,3618,8609,9307,548,165,5281,5887,2855,3885,3353,6876,8610,9418,347,6742,6862,1448,7993,5786,6662,1157,597,8818,3959,3073,6073,6232,6380,6767,2437,6964,1597,7600,7562,2151,1722,7602,4653,9695,7623,5439,2024,7935,6404,8166,9797,2771,1735,442,6151,6053,8253,1744,4348,2511,2482,257,4499,121,1518,4140,9911,4158,6723,1565,9983,1166,855
1218,8907,6998,3149,6577,1529,8770,2458,7952,2711,6582,5036,6193,2397,5285,4954,5377,826,4260,994,6270,2552,344,3495,6648,5230,8096,6740,5000,3570,6644,9129,3607,8494,9308,3048,829,945,6350,4434,5390,2938,4536,6993,8478,506,2351,8623,1261,7711,5815,6079,333,397,5329,2722,2925,4701,5259,7540,7122,2331,6540,1111,5617,7146,35,3112,6542,4008,9696,8220,4832,2911,2958,4983,6460,9798,6869,5614,1380,3950,7255,6836,6931,7434,2845,1638,350,7760,1937,2603,7219,9912,7062,4089,146,9984,3729,4756
1356,8908,3713,1581,6558,1088,8682,6795,7898,6659,7908,7705,5601,7119,6609,9028,8487,2139,6779,1393,5456,847,2758,1049,6509,4763,2478,3877,1423,2050,5437,9130,5964,9218,9309,183,614,6195,6050,644,4629,1672,8415,9381,8278,1629,3535,8690,367,7144,6584,6743,1113,4462,9525,179,1063,8076,4000,7994,7849,8044,4901,8588,7095,8034,5961,2248,5677,4503,9697,4956,7500,976,8138,1923,7643,9799,6842,2697,3422,7997,1893,8391,2100,8428,5948,2607,166,5778,115,1066,3592,9913,6135,6754,1936,8763,5730,2671
561,8909,8395,5084,8515,2916,8966,7090,2823,7470,7692,6603,7693,6489,8382,9029,8433,1425,8084,575,7457,448,1741,5251,8087,7493,8787,6935,6376,7530,7258,9131,5306,9219,9310,276,284,6466,3398,651,1219,3724,5418,9382,8546,162,8306,9448,4333,4490,4110,8482,4112,1410,8819,2846,3115,7360,6878,9566,8386,8695,7251,6944,8165,6052,6468,1729,6358,8374,9698,8282,4787,1678,5013,2710,8167,9800,7502,637,627,8228,1013,8569,1417,7271,7608,1334,227,6443,113,19,7742,9914,6216,6512,735,8852,3622,3825
6760,8910,5032,3322,4994,917,7007,4269,5229,1528,4388,4790,4393,823,1405,9030,4650,701,850,5886,4010,2704,1631,3393,3250,5534,2827,3873,1693,6598,6465,9132,2137,9220,9311,2009,3740,3998,4951,1298,934,2454,5587,8732,8100,1687,4709,7749,2885,6326,1971,6780,1038,1119,9526,2338,2032,3293,2488,5363,9590,2850,3485,8261,5541,5633,1084,3936,4287,3645,9699,5800,2716,3379,3466,3477,4931,9801,3882,3529,825,3183,4401,4696,4003,3358,3475,5214,518,4811,858,1794,4373,9915,4917,3106,1718,8594,2506,4443
3616,8911,5985,8485,8765,7384,8771,8024,1976,2220,6471,4487,5695,3403,8027,9031,4488,695,7612,961,6817,335,776,7927,7554,5008,7988,4282,4881,8277,4934,9133,6007,9221,9312,836,2251,4161,1641,379,290,3642,2166,9383,8479,237,7639,9449,1762,3314,4739,7419,4086,3399,9527,3516,4765,3896,7002,4577,9591,7874,6215,6344,5807,1998,6515,5344,2770,8697,9700,7401,2339,2656,1444,5749,7865,9802,8036,243,384,5537,1220,5954,5867,8758,1522,1478,890,7775,1545,22,3867,9916,5840,6897,1505,9985,7190,8355
1210,8912,7762,3155,6737,898,8170,8188,5338,5395,7627,5589,5575,4061,7788,9032,5856,3281,1203,1905,7791,1132,3218,2473,7290,6624,8396,6477,2059,3263,7303,9134,3140,9222,9313,984,3639,7429,2116,286,4477,3614,7696,9384,7211,979,7708,9450,4667,4846,6176,7171,2939,4502,9528,3287,253,7770,1628,6051,5443,7441,7616,9623,7239,8423,2438,5918,7292,1960,9701,8839,1632,4622,7038,4808,6958,9803,4400,411,200,2159,2153,7161,7138,8845,1683,785,154,4121,137,27,5832,9917,2815,4323,1424,9986,6089,7938
7842,8913,8038,5047,4540,7289,8967,8710,4411,1246,5618,7868,4371,3226,3432,9033,6055,3010,7156,1019,5226,429,1577,5946,6335,487,8604,6478,5503,5835,5922,9135,4193,9223,9314,438,4720,4660,1799,273,50,2732,5732,8522,8618,376,7664,9451,4083,7195,6962,7822,5407,6442,8820,2487,2407,2341,8281,1889,9592,3831,4153,8635,4782,3355,3277,6300,5526,5237,9702,8105,5235,5316,1954,6493,3057,9804,6828,66,869,6359,281,7115,4597,9853,482,4485,2848,4845,1186,51,1503,9918,4512,4207,4283,9987,7467,5750
240,8914,8950,3268,6666,761,8968,5791,3251,7140,7010,6904,6622,7940,8110,9034,6597,2524,2308,1252,7960,703,3830,4267,8719,8299,5326,7869,2491,3728,5943,9136,3997,9224,9315,1200,1634,3430,1902,351,1970,3197,7324,8733,8737,201,7555,9452,5016,5967,2898,7739,3800,3961,9529,2973,4067,6351,3129,6323,7222,3097,7804,9624,5372,6104,5467,2798,7061,5419,9703,8424,5433,2300,3392,1068,5431,9805,5899,689,408,4279,1825,8757,7655,8537,1147,963,527,7514,414,5,6444,9919,7485,3190,664,9988,8091,8572
900,8915,3838,4531,1956,5006,8366,6786,2372,2327,5635,5585,2434,3404,4048,7832,5500,1097,1477,3821,2213,2467,1404,3533,5863,1856,1643,4850,3389,4466,4225,9137,1517,7890,9316,541,2826,4228,5805,926,2891,2489,1347,8800,6276,868,4700,9453,2154,7472,6060,5916,1816,1175,9530,2200,1898,1661,2111,4204,8631,4771,2258,6541,2373,4737,4257,4277,1715,5858,9704,3839,2324,1571,4222,1520,4514,9806,3016,1420,3897,7218,4079,2953,3588,7854,1349,4045,1092,5993,1871,1675,4862,9920,5166,4723,4912,8211,5201,6665
3498,8916,8379,5442,7019,3371,8707,8981,3547,2105,5743,5266,8025,7856,6533,9035,7185,1392,2765,6886,8182,1451,1254,7621,6552,4101,9070,6182,7387,7819,8607,9138,897,9225,9317,357,636,952,1295,742,3691,2801,8073,5193,7821,1728,2538,8667,1863,1202,5334,8743,2020,6148,9531,3810,864,6327,767,6177,6938,1931,8151,9625,7561,7903,5138,2945,6129,8589,9705,7204,2080,4638,8186,6093,7853,9807,3601,724,131,1333,4313,8116,4418,5088,2517,3201,557,5929,38,1282,3781,9921,7466,7753,3893,8310,2742,540
1824,8917,6054,3857,8051,1030,8555,5584,5738,7392,6596,6252,5125,7427,6787,9036,4939,1043,5996,2029,3731,368,2348,4919,6818,7302,6035,7990,2825,1726,7022,9139,5307,9226,9318,238,2078,5612,2830,41,4439,3223,7259,9385,8305,721,7417,9454,2525,4545,6649,6309,1593,2486,9532,3208,1151,7522,1891,7964,4635,6722,6497,8696,2790,6607,4007,5438,4856,7232,9706,5968,1515,2061,5373,4563,5165,9808,4457,1016,915,7264,1594,6282,3034,8429,6647,736,298,7162,85,13,6268,9922,5833,5631,1376,8465,6301,5583
2060,8918,7107,6345,5362,6620,8772,7764,857,3014,7256,6077,6949,4368,7620,9037,5455,2014,6028,2626,4762,2276,2532,7111,7048,5185,7747,4580,4792,4640,5378,9140,2625,9227,9319,3964,683,6633,546,983,1457,3341,5909,8611,9419,82,7640,9455,3082,3233,3686,6757,1861,1248,9533,2551,3774,6491,2436,8453,8830,7473,6440,9626,1738,1214,635,1797,6485,5527,9707,5801,4678,1575,661,1839,6677,9809,6663,1340,5098,8037,843,3542,2237,7045,3315,3792,126,5317,638,139,7357,9923,7413,4358,1229,8570,6702,5009
1611,8919,7647,2518,5099,4692,7342,6531,6872,1377,6734,4933,6154,1153,5225,6858,2215,2123,6097,1507,6387,3046,1094,1430,4543,6569,2731,6299,3515,4102,5960,9141,990,8369,9320,639,4051,2323,2896,277,3557,1004,6611,5092,6680,2870,3088,8446,2618,1342,6735,7970,1281,1626,8372,3732,1875,697,1588,5524,8403,3299,5877,2012,6729,7701,1751,4375,4372,4731,9708,2878,3789,4268,6840,3067,5528,9810,4715,2365,1374,2497,2649,3702,5023,6672,2906,4785,1469,4427,180,1416,4379,9924,7197,3719,3203,8466,3874,3813
1596,8920,3876,6880,8337,7974,8297,6142,6027,2191,7295,2699,8026,4898,1230,9038,1865,911,2290,514,2568,2140,652,8161,5914,6553,7888,1289,1763,1329,7695,9142,3109,9228,9321,3260,1007,2443,6366,2996,1483,2321,8416,9386,8480,996,6029,9456,1327,8498,6170,7573,490,2615,8744,4295,278,2402,6377,8748,9593,4869,2403,4708,3803,878,5072,972,5130,7443,9709,7752,3598,321,978,5850,6354,9811,3337,3708,3050,7566,5671,4105,1024,8550,3801,8117,2440,7116,2981,473,5470,9925,5492,7167,4973,6095,6884,6865
2219,8921,3514,3553,3524,3139,7880,6005,4275,3569,5389,4433,4880,3676,2484,9039,2752,944,3427,6303,1041,2084,2160,4306,6567,1610,5658,3021,2895,5121,2849,9143,4745,9229,9322,2107,5926,4882,3528,1491,3153,1720,3342,8734,7352,975,2132,7677,1460,6204,2149,3176,2793,3920,9534,1755,2516,5830,4993,7229,9594,3188,1338,9627,2915,5158,4081,3963,2513,2294,9710,5290,570,1236,1997,3795,1363,9812,3968,2401,1501,2269,2435,3382,3527,8430,1563,4810,1179,5026,1533,1143,2394,9926,5182,1433,2857,6406,3631,4539
1973,8922,3227,2572,6965,2360,8969,3237,5061,5310,4438,3566,3053,4624,6023,9040,5987,279,3664,3602,1899,2579,1761,4585,1103,2544,7989,2833,3327,3336,4608,9144,4863,8726,9323,2583,2466,5144,2873,1817,4053,2493,7727,7992,5825,3987,3746,9457,2431,8149,2595,6910,3683,2167,9535,1652,2494,3506,460,3620,7922,3866,5991,9628,3307,6112,1951,3462,3229,3091,9711,5560,4296,2451,3333,3147,6019,9813,2805,4479,239,7715,4311,2452,3880,6504,4465,912,396,4564,475,732,5639,9927,4535,4230,190,8853,3812,3391
1547,7126,6546,6775,6684,4425,8970,4794,3751,5703,3693,3301,5710,5731,3036,9041,5593,1275,6228,4407,5453,2003,2592,2968,4141,5700,2921,4133,2073,5134,3780,9145,5353,9230,9324,1177,261,3723,2093,1639,2646,2664,7338,8061,8581,2101,1802,9458,3571,4565,5457,5282,2225,962,9536,1985,1510,5204,4658,7069,9595,3738,5552,8636,6705,2670,1826,2031,3609,2785,9712,2279,726,686,5271,4165,2527,9814,2970,1174,1613,8503,1622,2829,798,7897,3144,3816,600,4344,1193,2545,4380,9928,3827,4779,3544,8595,675,3594
5555,8923,7288,6290,4047,2965,7763,2007,5305,4948,1122,1395,3868,3362,1446,9042,4883,1429,7028,2229,4071,2620,203,4242,6021,5432,8289,4223,1526,5085,6424,9146,1585,9231,9325,2599,470,2536,4698,3704,1199,2085,7092,9387,2361,2128,2762,8565,3350,7051,1903,7698,845,5206,9537,2811,2274,6797,6693,8248,9596,2789,6912,8755,2519,2528,3065,3450,4885,4989,9713,1452,1770,1881,2835,2797,4250,9815,5097,2231,4243,8079,4335,4436,4147,4166,3694,2090,413,2900,1562,1319,3826,9929,6356,334,2954,8311,3989,2278
3633,8924,5426,3858,6201,1853,8773,8599,4159,6948,4509,4651,6286,7184,5211,9043,6138,1414,5640,3802,2410,60,463,5319,7537,6906,7916,6907,4904,5464,7379,9147,5836,9232,9326,301,4253,6538,998,218,2859,1196,8257,8098,9420,378,7074,9459,3939,5515,6279,8345,4339,3284,9538,3219,172,6258,2284,8567,5924,5276,7003,9629,6145,7996,2249,5638,5837,7077,9714,8063,174,4702,6403,5998,1978,9816,5445,391,1228,4729,3270,6446,6088,7948,6971,1673,601,4227,92,88,6248,9930,6394,7348,1184,8674,3744,7867
2501,8925,6206,2631,4259,2385,8286,7635,2369,8982,7329,7409,4568,5644,7528,9044,7833,2702,7377,4026,3501,317,1500,2307,7001,8300,4804,6789,3902,3028,2364,9148,1362,9233,9327,766,208,6365,1337,567,5052,3177,8155,9388,8738,566,7596,9460,2315,2695,1582,8122,4878,5257,9539,3335,4246,5381,3246,6896,6911,7893,6615,9630,5965,3806,5920,1159,7980,7081,9715,5884,6391,189,3066,311,7589,9817,3856,641,2643,7653,6891,7911,7557,9854,5812,7484,192,6168,440,21,2582,9931,6843,3844,1386,7829,6946,3486
1055,8926,7414,5489,7099,2874,8381,8486,1779,7328,8432,8777,7765,7809,8339,9045,7296,1800,1707,1607,8201,1837,3771,8367,7102,7201,9071,8724,2665,3468,7834,9149,2546,9234,9328,498,729,3302,980,451,258,1190,7023,9389,9421,552,7738,8488,3559,2782,5391,8499,5040,4475,9540,1714,1481,9561,503,8826,5728,7795,8547,9631,7173,6601,2757,3512,8389,8532,9716,4078,1649,4611,1909,4031,8264,9818,2628,676,1422,5240,3085,5855,4561,8538,4844,3041,220,5277,103,119,5558,9932,7936,7265,942,9989,7830,5209
1039,8927,8270,4198,5232,3244,8971,7008,1913,8093,6573,7385,3884,7200,8983,9046,6307,3181,6464,698,4017,924,2025,6483,8785,7546,7629,3241,5104,4369,2292,9150,5280,9235,9329,967,199,3110,2541,921,2263,1780,8370,8801,8417,129,6401,9461,5079,3401,3235,7769,4164,2136,8745,3385,1849,6916,7650,8629,7369,2641,8033,8756,2844,3058,3678,215,5765,7732,9717,6581,3388,127,1287,1381,5972,9819,6835,1553,2720,7688,4170,7841,3217,8267,1740,5430,435,8540,1008,11,7878,9933,6792,5616,1851,4970,5529,7363
1465,8928,2854,2619,6657,3563,8556,7128,2764,5374,2910,5760,5197,3905,6423,9047,4167,2106,1897,1540,4899,1403,1795,6623,5332,2343,3368,4602,3807,5380,6715,9151,3045,8580,9330,2602,4495,4748,1497,3099,65,2672,2109,8661,5857,1045,4695,9462,3551,7945,3865,6389,3992,3753,9541,3018,1709,3040,2130,2749,9597,5297,5383,9632,3059,6045,793,2905,2608,3627,9718,4649,1916,4104,1118,1330,2709,9820,5557,3044,504,2129,2634,1138,2589,7784,2175,5388,1829,5495,1108,1221,2574,9934,5403,2396,2332,8551,4321,2587
2763,4858,5017,4422,7177,3757,6507,8412,4352,2072,8602,7376,5417,5649,6528,9048,3698,3452,6202,6219,4747,3459,632,7157,7237,2542,9072,7661,2069,6238,4671,9152,709,9236,9331,3849,1900,2115,3207,4657,4038,818,5613,9390,4575,1277,7075,8371,4548,8668,3376,8291,4317,4013,9542,280,988,4981,1464,2238,6645,2708,1818,9633,5490,1572,6451,5901,3033,1293,9719,7340,2773,4801,1415,3446,5630,9821,6140,3848,320,872,3969,1413,808,8309,6004,2234,2430,1608,616,2909,1014,9935,1461,2549,1509,3443,6115,7456
2081,8929,6557,1688,6595,2783,6691,7435,4231,1734,5818,3035,4758,2791,5414,9049,5279,2002,1654,4526,1141,128,764,2077,5030,5957,4795,4060,2102,3908,6072,8791,3303,9237,9332,247,2259,3318,4200,2282,1303,1276,6908,8802,8619,187,5579,7598,3245,7848,4838,3474,3536,3131,9543,3198,3179,2653,5734,4824,7794,4893,3561,9634,3776,5654,2560,4387,4093,5746,9720,5947,2179,1798,2729,4343,4777,9822,1615,3582,1231,2822,4788,5108,5452,7082,2192,4556,790,2260,1949,1440,5263,9936,3568,563,2464,8285,3760,5110
2477,8930,2456,7226,6096,8067,7593,4944,5114,538,8776,7365,6020,6921,5784,8779,6695,1351,2894,1302,5043,1651,427,4570,1188,6316,9073,6022,4454,4980,6710,9153,760,9238,9333,7395,8476,221,8154,7050,319,894,2255,9391,7586,516,3736,9463,925,8361,6563,8246,4203,4522,9544,3216,125,1206,2422,6037,9598,6571,4940,6688,8125,1311,2120,4463,2734,3766,9721,6839,7037,3354,1135,7686,7603,9823,6304,7234,2967,6281,2754,7689,640,8644,3055,5041,3768,2556,1121,256,991,9937,2888,8846,7405,9990,6297,6594
1933,8931,2774,5788,6830,1810,8972,7334,6395,1645,6010,5071,5851,1301,3531,8119,6343,2806,6161,539,5586,232,404,8275,5035,6109,9074,1967,8303,3356,3922,9154,7758,9239,9334,1076,1769,2875,3791,1268,77,4699,2950,9392,9422,53,5915,9464,2353,8279,3912,5136,3015,3191,9545,6600,1590,2761,8451,4814,9599,7442,4872,2588,6699,6834,1474,2377,7563,8347,9722,9743,5067,5090,3273,5465,6428,9824,9845,1198,550,5010,2610,7125,3148,8759,4082,1099,542,8504,2345,58,3994,9938,2182,8407,2674,9991,4913,7374
920,8932,6941,4636,6630,1247,8973,5808,8325,2577,6495,5956,7206,1314,3617,7213,7722,1848,6933,545,7080,543,339,8505,8153,6770,9075,3709,7367,3610,6006,9155,7448,9240,9335,426,465,3779,7030,1917,659,5370,2622,9393,8739,293,4877,9465,5602,9477,6416,4162,2094,1137,9546,5727,1323,3692,8452,7750,8831,8420,5142,1944,8308,7840,768,2539,7451,6212,9723,8673,5811,5220,8046,7263,8035,9825,7828,2554,1189,7152,2929,8639,977,8431,6213,862,371,8283,1149,471,8008,9939,2052,7950,1664,9992,1633,3104
4864,8933,3456,3680,7786,1010,8974,8469,5354,6988,5704,7020,5680,4205,5340,9050,7669,3444,4355,1265,6719,528,2495,1669,7446,7887,6418,4091,4866,8383,6144,9156,4997,9241,9336,839,531,4800,2439,1768,1864,2334,6321,9394,7674,946,5015,4554,2901,8449,5871,5994,4240,2820,8526,3888,4451,8418,1064,5995,5882,4248,4395,9635,4819,6580,6116,5883,8005,7934,9724,8252,6186,5717,6441,5504,7501,9826,6829,739,57,4015,389,6700,2661,7534,2520,1573,39,811,29,2442,1445,9940,5123,2961,770,9993,2188,1869
5005,8934,4152,3291,4886,1901,7787,6658,4718,2986,3451,4265,3395,1207,1348,8780,4364,2082,2591,2980,3319,1490,2268,1104,6981,2197,4319,3238,800,1322,3186,9157,3479,8304,9337,2169,3004,4261,2239,2932,2736,2838,2611,7697,5769,2924,3276,6450,2934,5393,4370,3947,2788,2433,9547,2685,2883,6172,1862,4125,9600,3413,3684,6669,1343,4793,2780,3093,1112,4098,8404,7283,2349,1040,4448,1827,3344,9827,2831,4201,2817,4508,4711,2048,3274,4109,2694,4234,903,2930,1731,267,5718,9941,4530,2714,2531,7657,3948,5385
1033,8935,3019,3206,8323,2453,8774,8274,3280,6251,6551,7757,7192,6253,3457,9051,7110,1489,5874,612,6379,1697,3329,6804,6364,7683,7975,6820,6448,8384,4759,9158,4049,9242,9338,229,453,5175,2867,2067,765,3108,7260,9395,9423,1987,6612,7353,163,7978,6996,8318,4781,2150,9548,2989,3842,8527,1803,5652,7872,1650,4743,8373,6929,8531,3170,4668,6257,5566,9725,1878,5160,4039,5581,5927,6782,9828,5595,4278,3840,5938,1052,4180,83,4687,966,2567,296,4011,36,3735,2698,9942,3000,7551,1774,9994,1339,365
468,8936,5460,3480,3074,434,8975,4304,6305,3883,5076,5091,3069,447,1345,5293,7723,1868,4145,173,7507,2522,3320,4446,3312,5258,8442,6674,5628,957,5486,9159,1657,9243,9339,4760,2998,1775,6467,3593,624,3578,5936,8359,8740,2778,5669,9466,1736,7398,6230,4675,663,906,8821,3510,1109,3518,8628,8693,8832,5783,6833,1280,6240,4197,130,5799,7731,7588,9726,7633,4042,3643,5440,3714,5322,9829,5860,2202,955,5896,1435,7453,533,8007,2678,2740,3834,5323,1418,2931,8336,9943,1695,5481,3565,8675,3436,5351
424,8937,8700,2952,8573,680,6831,6642,2971,3248,7883,6189,6476,6679,8984,8712,5842,4693,2441,2399,6943,2689,1365,4012,4316,7393,8314,7366,5116,7477,6208,9160,1621,9244,9340,583,223,7430,2781,792,2011,4111,8730,9396,9424,295,6889,8811,5256,4867,3747,9481,1625,1318,9549,1681,5129,7060,1467,9567,6156,7781,7667,5767,4728,6749,3777,3493,7876,4935,9727,8196,6676,1793,7910,2548,7947,9830,6126,458,1085,5520,6271,8640,6106,9855,1836,1262,244,4826,71,74,4258,9944,7139,4458,359,9995,4292,5124
2807,8938,6784,4345,5725,2119,8775,7720,3078,5178,4827,4389,4812,5620,7926,9052,7100,4628,1746,6334,7637,436,2569,754,5782,4331,5792,4518,4704,3717,6741,9161,3591,9245,9341,403,2975,3022,2054,848,2404,2049,7928,9397,9425,175,6927,6639,6031,6084,7779,8235,5200,5269,9550,2553,138,7509,1791,8088,8632,6585,7370,9636,5424,5151,2561,5655,3701,4409,9728,8227,2281,3923,7285,5511,8197,9831,2992,554,120,757,1371,3662,3695,8140,5661,1140,1666,956,7,1950,4244,9945,6474,4891,1482,9996,5702,3455
1904,8939,3966,1640,4106,4183,8708,7273,5183,5986,1894,3063,1601,4895,1788,8781,3265,3146,5368,5770,3991,693,242,1990,4005,1291,7210,3917,5014,6653,5519,9162,6883,8727,9342,3159,7150,5554,4798,2721,2086,2684,7297,8803,7631,2813,5304,9467,4341,7649,2899,8247,763,1888,9551,3231,1222,5523,4685,6085,9601,2272,2033,9637,2509,2959,3122,3483,4019,5308,9729,7475,5080,2411,3562,1831,1754,9832,4347,3852,100,1075,5665,2673,5756,7402,2177,4681,402,4677,1419,16,5301,9946,1668,6164,1390,8649,5609,4500
302,8940,8255,6725,8272,2987,8683,6015,4525,5048,7816,8778,7426,6816,4444,9053,7724,400,5436,328,6071,2366,3979,9061,8603,8175,7585,5713,5629,8789,7962,9163,4076,9246,9343,456,1027,3986,1745,1164,209,4119,3681,9398,9426,352,7151,9468,4851,5753,6890,8362,4770,2904,9552,5094,5356,4497,3942,8749,8833,7751,3615,8568,6956,3652,6731,5063,7490,6751,9730,910,3712,3798,1120,6863,6223,9833,7565,2326,2383,8229,285,8364,294,8377,7294,507,395,2651,78,80,8647,9947,2927,8393,3047,9997,2640,4065
326,8941,8437,6332,8141,1260,8709,3549,5272,4574,7843,5776,7149,7636,5376,9054,5029,225,5952,158,4690,593,4128,8714,9063,8190,6610,4764,6169,8164,8241,9164,4376,9247,9344,1599,3819,1546,1845,715,304,5539,4421,9399,9427,291,7306,9469,5820,6995,6018,8280,4072,3313,9553,4710,4398,3182,6044,7094,9602,8634,4320,8015,6086,3982,7774,5398,5502,7233,9731,4377,3008,4087,1841,5723,2682,9834,7182,1742,645,6870,212,8049,587,8645,6244,241,406,5082,1499,17,6311,9948,2475,6733,3835,9998,4492,7879
1498,8942,8491,3086,7178,1389,8976,7744,2669,2270,8000,7884,4908,8313,8071,9055,7330,4116,2291,3288,7323,407,2465,1447,3954,8471,7269,8302,6895,4686,5905,9165,1152,9248,9345,488,852,7570,1822,626,3517,3269,9354,9400,9428,69,7315,9470,5328,4236,1698,8691,5448,3956,9554,4163,2236,7532,1161,8293,5264,7599,8388,9638,7252,6413,1758,3625,8137,5163,9732,8840,2089,1648,6266,1521,8457,9835,3741,452,687,4537,5928,8198,7590,9856,4349,3599,56,3930,55,26,4835,9949,7949,5471,1251,8571,8064,7799
3080,8943,8066,4579,4351,3489,8977,8574,2985,6226,6704,6430,5804,6738,5970,9056,5781,2135,6934,2063,5172,329,2760,5046,8654,3872,7091,6894,3941,1326,7835,9166,4507,9249,9346,161,3135,6968,1776,97,4063,2882,7440,8612,8444,234,7766,9471,5252,4648,5397,7014,4396,4661,8822,1525,556,7281,4239,6025,4855,5714,6747,9639,6730,5174,2285,3454,7510,7137,9733,8638,733,2460,5003,3282,4990,9836,6187,299,410,6192,2645,8842,7513,8646,3396,1512,94,5318,157,15,3973,9950,8648,5472,648,7592,7668,8650
2066,3043,3062,2142,5033,5019,7375,8470,6269,5823,6333,5796,5364,5547,5826,9057,4995,743,2995,4356,6803,2131,306,1131,5934,4673,4168,4043,2222,2852,4586,9167,5365,9250,9347,860,832,6484,4552,3087,3999,388,3886,8613,7460,1642,707,9472,3323,6337,2573,6289,362,3854,9555,2143,3677,4952,3836,7052,9603,6190,2976,9640,4807,6838,4879,3359,4906,3743,9734,4310,2309,511,2803,102,3448,9837,3367,3646,4054,8048,6069,5429,4383,7083,3933,1123,1665,6708,2196,122,3005,7966,4823,1667,4432,4937,4135,6117
576,8944,5632,2289,8951,777,8652,7469,6082,2836,6313,7807,5303,4903,8118,9058,7331,4482,1110,2824,7987,1421,3361,1694,5149,7220,8577,6562,5077,8474,6711,9168,5824,9251,9348,358,773,6121,3955,1313,1308,5189,7450,9401,9429,214,5217,8812,691,7918,5806,8218,4721,1458,9556,4080,4024,7421,1487,6766,8331,7136,7700,9641,5273,8004,3380,4281,6716,6975,9735,7852,6133,4929,7372,5289,7866,9838,2730,1492,822,5720,2134,7325,960,7132,3426,887,87,5577,20,778,2960,9951,674,7679,3025,8764,3894,1150
5132,8945,6429,2350,2787,3632,7127,7129,1468,3409,7085,3347,4643,4415,2336,9059,5907,2242,4682,4776,2095,534,1114,7000,6561,5989,5668,4023,3447,7135,7279,9169,3113,9252,9349,1227,5931,4955,2515,884,2212,3390,6456,9402,8258,1789,2623,8813,2252,5135,2412,6849,1168,2837,9557,2914,4059,1600,3560,1689,9604,929,6295,8363,2794,2091,4226,2317,4360,5591,9736,5716,4138,2652,6586,2184,2926,9839,1272,688,604,2314,2585,5724,6361,9857,2635,2400,762,3187,1617,874,2540,9952,5152,886,2053,8676,4953,5983
3769,8946,6794,1721,7423,2335,8438,8600,6339,5253,4251,6973,2510,1882,6102,5889,1449,4470,4127,3967,3007,4308,1790,5706,6982,2683,6845,7057,3375,8368,8517,9170,806,7059,9350,1384,603,5078,7280,3784,2228,1811,8242,6425,8663,2659,5923,6555,2039,7313,6231,5997,995,3215,8823,1036,4754,1974,7498,6210,8250,2016,6368,3629,5917,6390,90,2006,2432,5559,9737,8534,5096,2204,1191,2416,5444,9840,4030,1717,132,3072,3030,5196,2040,7549,2198,7609,1427,1914,1070,751,1719,9953,3687,4264,595,9999,3252,3009
1612,8947,4115,1341,6527,1805,7542,4859,5345,4669,6823,3640,3168,4280,2217,8298,2271,2799,3603,3156,5462,3234,2507,5563,3378,5100,7224,5233,522,1079,7606,8725,204,8518,9351,2057,1167,1854,5451,3502,4544,2257,8477,8510,7943,2038,5550,6294,2015,3310,5181,6458,3437,3332,9558,1636,1855,3765,3460,6092,6635,6221,6459,8208,5542,3558,1760,1910,2310,5773,9738,6707,2022,1692,6041,1943,6125,9841,1197,3940,1787,3285,2147,5910,2937,6959,3127,5596,481,2893,1059,1473,2600,9954,734,2395,935,7743,5721,5400
1842,8948,8492,4192,6851,1953,8200,6487,7569,758,8287,2514,7141,1185,2117,6431,5498,4172,4958,804,3340,1407,477,4595,3125,5690,8686,4006,3669,2190,7793,9171,1560,8792,9352,1485,1602,1532,7214,5893,1502,2138,3742,9403,8042,262,4860,8742,5531,8625,8330,7641,509,1294,9559,3160,419,1699,5191,7381,8834,7043,3824,1466,4440,5137,1496,3222,5536,3051,9739,8126,4921,4829,3763,5218,7024,9842,4327,3490,5169,3829,3258,5666,145,7403,5441,1708,1183,3957,2800,877,5567,9955,1924,7236,4001,7319,2743,5412
704,8949,8232,4297,7756,2908,8978,1965,7515,1703,7257,4719,6108,3667,3985,7488,8145,3938,6386,401,7886,4298,312,5127,7736,7516,8276,3467,2941,2657,7578,9172,1100,9253,9353,1269,2745,1263,7459,2809,2023,1310,3096,9404,9430,383,8112,9473,4493,8583,8062,5551,1475,893,9560,3119,752,1684,8219,8249,9605,8207,4471,1250,2750,6342,1031,6034,4694,3619,9740,7533,4517,5831,6957,5081,4676,9843,7905,3071,4150,3543,959,5683,287,7550,4157,332,759,5044,1700,2779,7610,9956,814,7349,4359,10000,2250,6979
