0.28067678084236	0.199580895272127
0.0618383602339022	0.056635607025799
0.0604670098749988	0.0329315070882486
0.134255637649096	0.0176052885153199
0.186554051352265	0.104300069380459
0.372656557485205	0.230129954575259
0.248740324075558	0.140411841866616
0.117506397973963	0.0230339370545565
0.304276493100518	0.161421842383422
0.142083520548486	0.0923996756106923
0.281709373478569	0.205454249795766
0.417836252920361	0.278495800152495
0.270238669839368	0.142200947867696
0.24420404505744	0.0646768539464902
0.283085893248965	0.224659655428435
0.515889771052924	0.305986985451262
0.0460539393395824	0.0443549292069376
0.379889730398082	0.271820555478357
0.361534073815601	0.167334223993029
0.495263442675443	0.263410322972125
0.13928049267501	0.0503723909447844
0.378950666981013	0.170483749198768
0.241113424252003	0.0893252690933064
0.321909627388677	0.188894364477505
0.173864434253171	0.132763881449724
0.103353657145532	0.0716641780153041
0.364819562768357	0.150841534243461
0.119481382566178	0.125294009508755
0.182297525058858	0.148522993124012
0.441644770545956	0.233236596662651
0.312280297403223	0.129535253460639
0.497180616444277	0.295081653118333
0.362587576492869	0.198657766672041
0.391758291602984	0.266378710093535
0.462797125044295	0.301352452272983
0.176117480805192	0.118356670799697
0.483799039682035	0.214723920677951
0.433228443035203	0.295560285974186
0.321905407510796	0.163654701884773
0.385421829138084	0.188402611579071
0.226526572388804	0.103575785613919
0.444871784464557	0.237024231862938
0.353777908475455	0.194865100866808
0.392845296877534	0.252791972042528
0.2649866386969	0.228139283625742
0.0853753151127612	0.0944877799064767
0.253220728165825	0.160354903126901
0.0984250989221529	0.0284917687905957
0.270268225534762	0.30113778105742
0.181202452834136	0.158782579506593
0.5080305652175	0.293607563574094
0.211845490315222	0.127839240172754
0.066532107346455	0.0513849383948569
0.433067302861386	0.159028804756876
0.18763391416043	0.146346490979907
0.244957040128269	0.129720517745387
0.14003870360207	0.138362366426868
0.0103193239677833	0.00504013991456657
0.360934599555247	0.0999745817867717
0.26694020815154	0.0495343079374896
0.142000713578603	0.150442257375037
0.244135377222098	0.220035585372902
0.438723046911595	0.258258980816382
0.390080273911471	0.237738562027989
0.0950238897874136	0.0819710877392416
0.411277595341027	0.280881981704832
0.206442847670156	0.153061566114037
0.323708770751129	0.23270708561763
0.351407140290594	0.159834780561042
0.222503650521347	0.150308576934018
0.31375094584067	0.136181303783662
0.38794903071909	0.119400221617415
0.449828190811396	0.224551878002138
0.0802305106827415	0.0269359743476848
0.312527684217633	0.0858264241215325
0.476859382761006	0.261543990276475
0.0523984106775623	0.0314941319314749
0.180539621398712	0.138450634298194
0.1323651428921	0.109830767455885
0.506202736679514	0.303251731312167
0.142859873322762	0.0848722939175387
0.272967142881344	0.141254765790479
0.141984531258653	0.0157068964830455
0.323891587947498	0.0887991577898298
0.467088463903507	0.286846578935035
0.510602210440087	0.304118265415036
0.121423676270267	0.126065775025229
0.190225008580645	0.104920145892356
0.371283741499837	0.213564711460869
0.160861912713353	0.0585370283980827
0.533305796138273	0.289779452530898
0.376747589794415	0.299796022453079
0.472838582209586	0.264664593835338
0.378815611687892	0.298353906443015
0.314005724528901	0.111408245110553
0.311717143807857	0.292535318247711
0.50886076094867	0.300776733179947
0.074193876552707	0.0457970886770352
0.378728188878989	0.298294690151648
0.467934775075888	0.301014339006559
