0.00132411997573524	0.00860216312833951
0.00287866595004876	0.00527274908397629
0.17321408125637	0.769381609461385
0.00320603362422929	0.0378407625476235
0.00221726861104118	0.00900429698050766
0.153844660170502	0.670852237294366
0.0922563577956167	0.426346743550888
0.0953707506096206	0.418675525766871
0.00282192024554415	0.00890449472574746
0.171369399252616	0.718841930803816
0.165574128233239	0.698385070686592
6.89901032149667e-05	0.000618144145774617
0.168725438941826	0.698109768388868
0.161761440705627	0.668840203558472
0.171819062325068	0.756476923216437
0.158245031451862	0.657860305038753
0.138628358457358	0.555646784001709
0.173013441770266	0.762351458575733
0.167627052660706	0.623900038976475
0.120054646505147	0.511007314405419
0.143624869809183	0.577385217428933
0.175064460445594	0.767774819592588
0.16838713218227	0.643315098452696
0.00467662507238527	0.0695747611994519
0.00382217441243428	0.0147477886500638
0.0498057825672608	0.207673169529699
0.169319386965821	0.702427203545229
0.0978226828719433	0.361269829054588
0.0472462493875937	0.220474207494084
0.165904131679282	0.579259139870796
0.0281989960643045	0.0956968551384955
0.171497257441295	0.73021671231731
0.0577435563153637	0.285106010114915
0.148022055527921	0.633695027770348
0.168999720939368	0.742588170152418
0.170624616591071	0.802470856926549
0.0813318008874823	0.323210926785119
0.143453269232098	0.605799835211564
0.113185455130594	0.669932014062159
0.0120343706886505	0.0614875109993561
0.00633552858128725	0.0207761082944298
0.170412384213196	0.729783724883799
0.0030932354458782	0.0170216735484444
0.0561475507053429	0.267744004047205
0.0164733603928716	0.150620371705655
0.0884887697199938	0.354452462219149
0.0638403094854961	0.309438978358766
0.00209981302997629	0.0068411002668327
0.149734264969471	0.66230158232217
0.174079112170516	0.674675691963287
0.0570475598413984	0.378770627289684
0.0170087666242774	0.18131914823608
0.16808898559925	0.675901894595183
0.170698490987378	0.588567465873265
0.120143560969068	0.546961686013829
0.000668389800091643	0.00987375499239855
0.158209989335369	0.715920087277647
0.174170558111795	0.77658144964201
0.137784989147816	0.569198364722947
0.165871424372548	0.70710322171117
0.168792418140862	0.727497842645965
0.122449700491747	0.605863882446299
0.00475120546117331	0.0124509547685255
0.0670445118694143	0.305116527278661
0.167444481725336	0.631868067801768
0.17400876596287	0.711321118441398
0.166458061794974	0.698456146058084
0.174550918386428	0.756252527697725
0.167960541295872	0.757018235380804
0.0996111850494962	0.453560186318502
0.176730085636256	0.772545029640236
0.00132105898637389	0.00156949479329576
0.127476815169927	0.601269942792114
0.124978153650809	0.529017745657685
0.129237908466193	0.56936796782191
0.0145316085818211	0.0520407877917275
0.173757941621099	0.696495737427024
0.0105152725687934	0.0848094631269496
0.110165415790725	0.424040453064439
0.0915754678911323	0.377660437425688
0.0203762094892064	0.104752891090285
0.133227157926969	0.572144881250328
0.171785706977144	0.770475242826548
0.0431601196024419	0.190619600859615
0.0750961389304914	0.297471801920762
0.05353981454856	0.164016988027084
0.0628521052596338	0.284954703859532
0.0735096759922168	0.300349086497403
0.150416771796908	0.643681515883597
0.0464186572041862	0.1951932884812
0.0229071532903182	0.120105243355306
0.0779654646619749	0.335885287457467
0.17475002644449	0.70572772549091
0.0890157677168921	0.371617229132752
0.0834480033867731	0.387204508184185
0.171956408179901	0.737258402305086
0.0125074248619512	0.140382329083056
0.0301548655340892	0.0586045347335969
0.0420537878662965	0.143045583387524
0.0575372940098911	0.299009268788756
