0.114221581853427	-0.115028841553757
0.0616559763453248	-0.0641727208551488
12.2596773400309	-12.0356827753994
0.873783799176463	-0.905924540088755
1.23903887206101	-1.26879192229761
9.46710892032329	-9.21309239568181
8.75147119161864	-8.66489768640298
6.25957548439734	-6.15033463448152
0.288781506503297	-0.292246553824595
11.6950850323773	-11.5158064102259
11.7574032804418	-11.5829995720917
0.951545343771014	-0.967273005372747
10.9582121023528	-10.7521062190454
9.36519847737336	-9.10993405462691
11.8000827989864	-11.6005134916348
8.53850362110546	-8.21074632745044
8.96948898126334	-8.7266508899712
11.9828562764868	-11.7450158220047
9.74697111717039	-9.47360721941053
8.31712785027368	-8.10912877988923
9.9775572776416	-9.84646860029682
10.713550057708	-10.4721327499564
6.03248886199468	-5.67587045584392
1.50523615464913	-1.57237412841405
0.483762622526057	-0.476250478847873
2.53386533698563	-2.43448077493777
11.6676540359736	-11.4284883184697
6.5909656123848	-6.42100447271769
2.99829361107554	-2.95124294132119
9.02666708143857	-8.82559239543528
1.36087214006634	-1.31783040552382
11.9998834287835	-11.7412041107351
4.64605541461182	-4.69132436985888
10.8883366265392	-10.6405263902399
12.5055575462312	-12.3259911022863
12.3016492989984	-12.0640792807348
7.72147783299313	-7.70102840370983
10.3416834147865	-10.1943115266975
9.08746331705371	-8.98870706371747
0.804315855795262	-0.790303075358606
0.53999316550831	-0.543630418558655
11.0903222841808	-10.8431083497192
1.73381653200728	-1.77387585730479
3.02189366848721	-2.92815001998619
2.52429669243436	-2.53563218982762
6.87861524883281	-6.7715431733482
4.1917265358708	-4.10236898633817
0.725425510671131	-0.766010920855311
10.4690497227895	-10.2566201305911
9.737000162551	-9.46958666202193
7.46496056618939	-7.493760827964
3.50108932088123	-3.55357670790776
10.0694624571153	-9.83305222336296
10.7392136401477	-10.5464150293602
8.76329985267119	-8.62690592406675
0.189882904480312	-0.194178275563137
11.781545950003	-11.586561832417
11.1896027202935	-10.9034440444069
9.61713329722893	-9.43138282671951
11.3354069910815	-11.1192666855545
10.9623436827801	-10.6907601237228
9.66243492923635	-9.56231718395765
0.273517703467851	-0.267097960531642
5.06690437896961	-4.96104667482714
7.02647276926039	-6.69696520520662
12.6675650145292	-12.5233856682268
11.1694225619319	-10.9112992498286
10.4294716041735	-10.1325856140965
11.5510106984248	-11.2961416969448
6.33061863934713	-6.22999713441976
12.654343878538	-12.4648932987304
0.0517636869898543	-0.0499425321388813
8.71495043311493	-8.54224769233246
9.08169168139714	-8.93782821803525
8.37276206651477	-8.21356542328808
0.553947080519019	-0.536318615992773
10.224778233813	-9.99270923209505
1.33317005155515	-1.38670288419705
8.25862311149653	-8.13749165825663
6.05424860054953	-5.91697531680924
3.46877982824836	-3.50910618825723
10.2069605828474	-10.0852970744052
12.4960327498906	-12.3062446037515
3.89875359869601	-3.85861676636016
5.33411774768674	-5.15302884742271
3.5451044887379	-3.45065889719287
4.71903156643886	-4.64236795229279
4.73634084561408	-4.64515051696313
10.6942967209452	-10.5239619576158
2.43713747173701	-2.35004674319626
2.33177001838729	-2.35473328214232
7.10161522659001	-7.12290836150177
12.682489608561	-12.4767697370009
6.83139257750832	-6.6987579770006
5.94876491065193	-5.9394356000786
12.2872823129256	-12.090099766141
1.88143305236147	-1.92391303326329
5.11943471942249	-5.15147147706789
2.12372237898847	-2.08947160710259
5.17631523328967	-5.1291535216851
