2.54502928714531	-2.36725187812551
0.73283568583679	-0.710357323641241
0.484255823992027	-0.457693314027508
0.707798724867119	-0.708741375737723
1.50315535880465	-1.41529966442047
3.17100936012747	-2.9802949699912
2.02348375180443	-1.90840456076889
0.621898578008539	-0.597905810504766
2.28216492323905	-2.10972484239354
1.32117652573166	-1.2714505863841
2.77152095434379	-2.65054509228407
3.69647883360256	-3.46244227505352
2.0616652800425	-1.92438962621189
1.35864557704011	-1.27518552002997
2.83099792494611	-2.66410185265214
4.28624559753907	-4.02897391929626
0.525620793674144	-0.494657827188135
3.5257423033924	-3.30728483746905
2.60346696015898	-2.44342758176901
3.51290651996946	-3.16042556921294
1.07827401662677	-1.08988923978246
2.63427666112064	-2.4505261388651
1.61833107502834	-1.54586378908936
2.71079350835217	-2.56954714299314
1.6386655881651	-1.51921303570364
1.01467575864452	-0.982128947088076
2.53236063888183	-2.39877952104839
1.46781165203833	-1.38898051767523
1.85560369466379	-1.74637361533397
3.44612108492163	-3.24540436701255
2.06546402097631	-1.91444046907249
3.98850875002461	-3.69086898847006
2.99746276280148	-2.86644626920228
3.61271870322495	-3.42628739013722
4.02986215567946	-3.7724252367199
1.66400795788101	-1.59864196326184
3.33910526768663	-3.10605483243966
3.83047316828637	-3.56430581851561
2.29783401496103	-2.0991085050073
2.75103192281305	-2.53829945455534
1.65854541444276	-1.57194886945709
3.38648430458273	-3.14801272352486
2.69059172858595	-2.47870705918128
3.26150123583258	-2.9982275578282
2.78682101526717	-2.6177708045883
1.46671656313469	-1.53767174251387
2.18176741107189	-2.04816512880705
0.704587153934653	-0.716867697596751
3.52939823891976	-3.3635133246102
2.10904397511049	-2.05414113146587
4.04309816649761	-3.75419366487315
1.72235183640612	-1.59638522671173
0.684901658358135	-0.65726811817678
2.83440386390275	-2.68397104685699
1.86407700061244	-1.75788700377782
2.13484034901735	-2.09924754722123
1.64435742557922	-1.55446398808747
0.0930195185708765	-0.0940117510122622
1.94888392018043	-1.79055315986221
1.24069462648803	-1.13642447307995
1.83040831773445	-1.76129286148282
2.60355451464305	-2.42708068515959
3.47739460596788	-3.20732523285305
3.27692201838272	-3.07330057523476
0.978998212093689	-0.910840313871112
3.79203522814248	-3.59183572759393
1.90273769768657	-1.76140258078635
3.06284942900662	-2.89320996800713
2.47527692491088	-2.3101722235516
2.16491337487646	-2.1012959886321
2.22940096842856	-2.11055142199744
2.27743358880178	-2.13000698828752
3.2687035224392	-3.02487402623975
0.473795445935456	-0.436785988525239
1.71205305088401	-1.58592229048632
3.7878438892066	-3.56153032542027
0.407602729675338	-0.370513205226602
1.6344599190305	-1.48531244871673
1.23802517722303	-1.11444026643073
4.2255280949736	-3.96974141720891
1.16901427346666	-1.09111435884719
1.84990611138646	-1.6391553426651
0.629542019139329	-0.599438802758185
1.74886205561125	-1.60983428478677
3.82749071522326	-3.54321430682663
4.23624881301413	-3.97515304276872
1.64187741520398	-1.61784572819229
1.35818959680123	-1.21320623330288
3.18056245006448	-3.05066781064474
1.34395498838861	-1.39016365134446
3.96853631925916	-3.63241266725351
3.79997869164226	-3.58620097222548
3.73060263762268	-3.47953687101714
3.79698164383501	-3.58427587452559
1.68996537159261	-1.46833898167321
3.4579303294412	-3.23976352797845
4.17861960685265	-3.91132771850155
0.650771033019944	-0.61953264593879
3.76629715288485	-3.54329904899032
4.02122138085084	-3.75500021843784
