-1.41705401430079	1.73405800132613
-1.50538171485654	1.82729035908974
-0.970647133548356	1.21441357403427
-1.53986486288704	1.91770268417767
-0.638194497367423	0.711886091759388
-0.82501399435479	0.925276821089571
-0.0308469769653153	0.0329621074731288
-0.723176801105524	0.866821126960826
-0.0368738581237202	0.0391006531129031
-1.13640240958066	1.47746655070596
-0.186938239990016	0.199797442593129
-0.625682570158118	0.69178449115778
-1.52120404016885	1.94161713042528
-0.538024374186152	0.801466976030995
-0.0758726560073384	0.103734014601736
-0.392680115552542	0.349919277352686
-0.960303773738973	1.29364836686941
-1.36106900856921	1.70485107023718
-1.0292101837116	1.4179207848201
-1.51318475001374	1.83088654877019
-0.335226061832061	0.389371298527939
-1.34711619991243	1.72694615622242
-0.157997479444545	0.173453120388112
-1.25977060278879	1.59293578776443
-1.16723776160515	1.54328421972369
-1.53643291479311	1.92872845391092
-1.05495437678059	1.40273064416301
-0.253112928017367	0.342718023388447
-1.32700300871864	1.66148085458003
-0.471848095377868	0.481068775421971
-1.3219218695212	1.70147607032785
-0.175025107974414	0.16079703068711
-1.50786594560696	1.84972414667257
-0.706069304928338	0.776533908719262
-0.726071550564002	1.02799205928813
-1.15463503796658	1.43753848589807
-0.292729745375431	0.39464516980942
-1.4857543037126	1.85686987896008
-1.4450452213869	1.81880675478093
-1.37069283738453	1.8203752000132
-0.992141491435396	1.25773805462974
-0.0910307790943213	0.106954384675486
-0.194562062999232	0.232698110355574
-1.5466824433548	1.89690810633806
-1.32940802146758	1.65490961697798
-1.32261129420294	1.68784675832394
-1.44675535770094	1.86145454396596
-0.207527756717125	0.228148316577973
-0.202995693453242	0.220313862890404
-0.44755732208098	0.482771539722376
-1.45115401588836	1.78207896622128
-1.51292237826471	1.92685690545005
-1.5759118177447	1.94385012797764
-0.332845563116091	0.382075196344847
-1.54866324951948	1.90805106809773
-1.46416024164917	1.84229965361178
-0.433066649272809	0.52101436453732
-0.33157785882266	0.474846510920365
-0.784661129291971	1.14120781769548
-1.27461514365278	1.6307398486615
-0.789788201729694	1.00864790582861
-0.764236237379629	0.977146983481936
-0.0443677270250791	0.054957567400936
-0.36534410853337	0.429755071122653
-0.693783737899524	0.893826390927985
-1.50338786864349	1.90356752607711
-0.307417893417325	0.373058207619418
-0.0471189998687137	0.0588273537184937
-1.32510371778104	1.61769350742063
-1.05643097328781	1.44769737796261
-1.18247571927872	1.52361384177793
-0.153998278664645	0.161875812120968
-1.4681784705511	1.86577112093904
-0.414191649528491	0.4419958441644
-0.0947250622019009	0.113737082672899
-1.06805157114669	1.30883544978973
-0.256828771977956	0.285947004481167
-1.43469760762206	1.77743999535903
-1.38594444711138	1.68824282409613
-1.16202213801866	1.45749219817851
-0.0981354070304364	0.0912137835010371
-0.879435117343066	0.896552159037607
-1.10871227312794	1.36610710227322
-0.320049334044932	0.325130853583753
-1.268166576415	1.62695381644732
-1.31091795737313	1.62314558622248
-1.37400267870476	1.75704708439657
-1.40815515368609	1.80161294749958
-1.46866737937873	1.88265588853598
-0.0468208024461702	0.0627210569254538
-0.15063690505503	0.17110853601856
-0.247649601811872	0.276504380573127
-1.20226711229597	1.52184530556447
-0.199389800402254	0.292015569441909
-0.719653763171014	1.06550535869652
-1.17256261386247	1.47511350949243
-1.27415710797793	1.6287428145302
-0.321489736957343	0.296508265966551
-0.272406675720463	0.241458894854345
-0.0252442149762386	0.0274173700767657
