0.0277597980346511	0.00799178111862806
0.511874925708388	0.149541774675907
0.626876989640427	0.193374828897598
0.541159512614015	0.192746584061277
0.0490912452504838	0.00993422678253177
0.681378755334343	0.203503996133213
0.753683287012295	0.2092663488564
0.765801159024702	0.195011299721661
0.464533479452097	0.100842190402508
0.300708332932999	0.0923614950782448
0.072207843608461	0.0205799485099574
0.0443486641856697	0.014315932930055
0.76016914941511	0.202627931911791
0.768838700261559	0.209794201805388
0.0669302871202915	0.0233832661127574
0.0787536134911668	0.0219528498883167
0.762449918602917	0.211230599572009
0.0656111865412218	0.0197191145878604
0.785264512573467	0.208589967232059
0.0146474894671468	0.00453843079292802
0.772525740767835	0.212637637107126
0.0814891003306008	0.0345606042668918
0.0242303463298489	0.00697255264344638
0.730831821495461	0.211472693257621
0.779162184636741	0.212141424347394
0.762854236337168	0.20862337325941
0.0513121493734944	0.015875861295096
0.771987232664	0.209159254277375
0.737129815606127	0.187005284401983
0.124921339777494	0.0528930503868132
0.793898148643505	0.209688989136837
0.033701931159118	0.017580752428518
0.769417034543026	0.209012409000888
0.763027519374667	0.207214802035791
0.015926736634227	0.00944369729421462
0.726859846601298	0.189127265870741
0.718993473184105	0.205747086972505
0.439960259048759	0.121301392349412
0.631773104450015	0.171025958560221
0.785013029617737	0.205656412652016
0.159448712261651	0.0294081282968383
0.00219978828571034	0.00168872991640642
0.114248308598508	0.0376170782392154
0.694691945215957	0.179621000012017
0.778067445887793	0.206680026735834
0.736154008080059	0.200215282643364
0.619517255680222	0.198060101590882
0.700097955302813	0.201058907835812
0.760536698553682	0.210231697090893
0.678078100141076	0.200506723417984
0.658978814612097	0.204658879868193
0.0708991095879419	0.0229893947295674
0.623402545718831	0.175648303872869
0.744999658587195	0.205042568870518
0.392831419452303	0.10932761487984
0.733856723409894	0.203229817281159
0.0157195032332397	0.00680720294896709
0.517947421858347	0.191421725045856
0.796455918096295	0.206963015045281
0.133409949255433	0.022302435547275
0.646643854310865	0.198919990097558
0.40850826403166	0.140281907912681
0.680963257300591	0.1827647455026
0.550633394353085	0.191834153443289
0.0408559115491513	0.0126924382959685
0.75542499045713	0.209447152381727
0.650590004104637	0.167573882861442
0.0062812714710358	0.00329191165066307
0.77275259582512	0.208548822093091
0.738310372769333	0.198727451781787
0.0546628672499961	0.0185961909138481
0.745023824350993	0.207927070350078
0.462777549160732	0.10981520861547
0.741126896481993	0.210843489337763
0.784034609677608	0.209530396154765
0.567967872226517	0.197561521767198
0.0579944079013632	0.0153203445216022
0.108182903021806	0.0318728858665042
0.0592587549575494	0.0150554475036403
0.754446871198435	0.207323322989825
0.665642331005108	0.202170127672135
0.474034084808924	0.173537373750843
0.723253559366566	0.202396775506812
0.041503384238278	0.0101577683778474
0.170944483303682	0.0673408711077293
0.729523921364681	0.203492136551386
0.652734717962084	0.201374120121023
0.102005036754322	0.0380946185046481
0.762368275175341	0.209303001817196
0.0513480529849894	0.0172496326382594
0.108330231263556	0.0316687695799222
0.74951128473018	0.211868855468278
0.0183357725942213	0.00626954241597084
0.123460757949289	0.0319613338132234
0.0917346120730446	0.024142959708575
0.460030055109335	0.112392904385012
0.745746635382061	0.211441373227871
0.0340482116270236	0.0145852891886533
0.740216277477129	0.1984476917951
0.741120127308571	0.201542761591673
