0.443760554364175	0.255767385121152
0.547293705227118	0.24972495513793
0.405068466309949	0.16388136145166
0.58733969070731	0.254441882076222
0.196912866948866	0.103263645670393
0.320272257273379	0.11952026532576
0.00887093098040976	0.0047951852977687
0.197565748489006	0.0916866918067337
0.0127074917414286	0.00876170361345758
0.481008797120749	0.155081487684757
0.186892803060372	0.0101090373913259
0.240290494113627	0.041885934886766
0.598620754332467	0.26928511865279
0.400160886826509	0.1607625582008
0.0230743278703808	0.024732186514285
0.072624288975789	0.00905820592211036
0.527473076925059	0.229203342263845
0.355841323535001	0.255217180922291
0.524469349097475	0.240846152551409
0.45533049862009	0.257397016792684
0.121048297491877	0.0515092858023034
0.498446620560449	0.227779639364424
0.0864518357206665	0.0314433214773493
0.466004370808825	0.218379514682724
0.278179984678346	0.237908858948409
0.576844505017562	0.257822250845636
0.433279930469069	0.25791427639274
0.100479651395482	0.070726351009556
0.520209509466894	0.260887767897557
0.181174590137527	0.0408857982757031
0.51660310788637	0.219231766869423
0.0833437340990761	0.0145669759200756
0.51431058134913	0.257292943016279
0.206681912052941	0.0821654816753418
0.387971279119187	0.154509156900946
0.493632583458992	0.186287106953323
0.169547496494036	0.066679808388655
0.432006645138606	0.259500607415327
0.494639754653416	0.251718203186622
0.576883509308133	0.262083234938862
0.292832697071576	0.187923868252248
0.0263964204647204	0.017974073310499
0.0399972478017622	0.0320639350225155
0.560558913138451	0.258977378398052
0.356109972886355	0.261440407993167
0.484598849097827	0.266840800877018
0.568179376047003	0.253294311106015
0.23229422760752	0.0223459964601817
0.180254726296532	0.0299604971545874
0.189525813652319	0.0569677833338294
0.534294799374279	0.249326082707333
0.574620198562852	0.266128923681964
0.608794405141751	0.267038367447626
0.281993711786238	0.0773907403272976
0.58883293476336	0.263574135963878
0.587474150666666	0.263936610631391
0.160355592256483	0.0759950885950996
0.212985082148639	0.0752026591932129
0.236555692355645	0.208320379220044
0.538325423735607	0.259136027886909
0.274185636031872	0.144274080854391
0.299960961462723	0.154323293260998
0.0237532718168492	0.0107361321023774
0.108602715709496	0.0405565741565627
0.258658123219375	0.121765839928412
0.533111031356593	0.264810979323637
0.0714294414081908	0.058551236909242
0.0154299255662849	0.00772343525736164
0.46053380303314	0.208947444390102
0.486842632104679	0.178736627275556
0.491106687651261	0.268629820488551
0.12854074268864	0.00877913291226437
0.565223553009169	0.263334771797625
0.0775698967819319	0.0453554690819592
0.0231742309349746	0.0165997894443368
0.42121735149226	0.166295158766672
0.0919513097226965	0.0083258630575089
0.592481757516626	0.246833768642525
0.511786703308733	0.264115397534813
0.462532379799141	0.260031604738869
0.0348563949495113	0.00868908696837278
0.243241293768472	0.0869563566736195
0.421229885540021	0.194772252715949
0.196820665358666	0.0238371084680427
0.426906489871961	0.261023108079498
0.561221649856795	0.21366350917345
0.59012936344371	0.260661886532496
0.502556765184108	0.263355767682546
0.599048423730928	0.268642364275796
0.0148179046799382	0.0147286607789021
0.0189974373947934	0.0206625220809949
0.0508489018504167	0.0178259234007759
0.511266820119726	0.203000168773142
0.104135809244916	0.0564874215003343
0.174099856917558	0.165398161194642
0.370506450239879	0.196613069488653
0.292272509350871	0.26040003682367
0.0701100736709624	0.00622852840209338
0.121266680969044	0.0168330027056349
0.0123878853621305	0.00415869782486187
