-1.63402953218227	1.89756104754393
-1.55876959254281	1.9154979262402
-1.17917925134545	1.4033217408859
-1.71407949835593	2.05357090356301
-0.589949925624942	0.708511090931234
-0.722864611344613	0.877264626824493
-0.0302431344555887	0.0310015764403562
-0.777018972304971	0.902007459870779
-0.0457371602679275	0.0496550851245193
-1.37334978816756	1.63021481272999
-0.295058222399529	0.455615716364505
-0.320669950702915	0.444857143977599
-1.82157760947773	2.15326644540903
-1.07501481830057	1.35832332652139
-0.153029535262552	0.178922035312786
-0.139787137021292	0.136071347319769
-1.48800971437476	1.74109554350918
-1.71719442565209	1.96021188898254
-1.55323589977231	1.79047759293372
-1.58398517892793	1.84244120806445
-0.369969163595671	0.414127254671534
-1.53618876731389	1.84177843163518
-0.245893301161233	0.260236564274589
-1.43536586666774	1.72954946209766
-1.57596736781019	1.76689943756854
-1.62942722981729	1.99759836735556
-1.79809181106579	2.10016503620673
-0.503417072217407	0.546885023613805
-1.63367467625649	1.91020055966872
-0.460381074407676	0.588833853239035
-1.37718067399048	1.70610545669844
-0.162411338965074	0.147622560264656
-1.71126301909392	2.01175138098962
-0.529218071705977	0.690240406149047
-1.01363072253357	1.2114567710218
-1.27251766964891	1.56477541837014
-0.465924627682872	0.496916415406877
-1.7263350082465	1.99929504979861
-1.70811540271737	2.02659568940486
-1.5979856364642	1.80779684709621
-1.30656493632114	1.56595934995423
-0.107897035110526	0.112000703696605
-0.249552703389483	0.27021708963981
-1.59245089638364	1.91863513093357
-1.67589414126086	1.97139053335634
-1.76506033237416	2.07821134606091
-1.75063632251812	2.08964805089789
-0.189583471144909	0.290881410523825
-0.412320540099633	0.452036793895297
-0.594522931554803	0.616032421183133
-1.64165462154874	1.96589752415534
-1.7657493072607	2.11052119854438
-1.80608170113006	2.13556728086524
-0.804806244180145	0.908864832553975
-1.77497479904482	2.11182368186187
-1.70527449320435	2.06483510578002
-0.475824151327049	0.526546796759488
-0.440516350051096	0.574165591404749
-1.17861687250466	1.33738204655096
-1.5988973609565	1.8340436342782
-0.982694864489438	1.16579457512144
-0.94797044119448	1.11006006654442
-0.0805797228515712	0.0852872276618535
-0.332437371443543	0.412345333058807
-0.946982370740122	1.18598218614906
-1.77193577692739	2.13274687005203
-0.383334693516007	0.439263774974298
-0.120380922934875	0.117331942084354
-1.37055669004039	1.67506767743011
-1.28741784970757	1.67134440521636
-1.62196443178252	1.84972180832991
-0.153894567519809	0.255367987465277
-1.73514128323204	2.048920222219
-0.368855766491866	0.403629461704131
-0.0980842501866413	0.109314818297675
-1.09083979239829	1.27981295387418
-0.194083614062877	0.36607143354465
-1.71106709832536	2.03096309096723
-1.66035347373085	1.92498308195211
-1.71744825638623	1.97735063545697
-0.190202976491857	0.215901016955517
-0.912722030592582	1.03620886871477
-1.2421284194858	1.42878381058825
-0.322947537970176	0.451109003296424
-1.72241566439489	1.97051708186495
-1.63393518460108	1.89166515327582
-1.67616834441381	1.92399541171321
-1.64241640732314	1.90997676385411
-1.82025475331231	2.13661257557693
-0.0566015162228557	0.0638621011760411
-0.147735310839922	0.155706809856233
-0.116259629036086	0.137105091780106
-1.41430333801736	1.68376709438643
-0.373130701775497	0.42732402252716
-0.643909519209122	0.852685591142596
-1.19977235132232	1.48919605511832
-1.77689469548582	2.12034250002563
-0.256535657530214	0.26756299970794
-0.349881585508791	0.35400785636787
-0.0200888785187727	0.0252693173197853
