-0.0876216840392194	0.0924778966499366
-0.0252298366946279	0.0258068951547261
-11.6189692273255	11.7658235439472
-0.351610178533996	0.346492087531786
-0.633886149621912	0.633363480368814
-9.52903597165121	9.71289041490218
-7.04044676582149	7.12242287167988
-4.10150091211633	4.2152323644579
-0.276943162358531	0.273517850267464
-10.1100908073715	10.3102277056123
-10.7515470236554	10.9311850113769
-0.0093213394771601	0.00928895378663075
-10.6270850626697	10.8450344856302
-9.02469315158439	9.20688237014805
-11.1464508608041	11.355017183273
-9.50945560693554	9.71499879395916
-9.27478666814534	9.42825665534184
-11.1816171507297	11.3584756719176
-10.1087664134375	10.3201277939574
-7.8481755474522	8.02807812662285
-8.68763342272584	8.8705975317671
-10.5069244549541	10.6983422819122
-9.63937245938258	9.83708506044966
-1.21768049801294	1.22452896796033
-0.484812968881537	0.481214309322594
-2.57425362337791	2.63060534454476
-10.6470986699374	10.8469664748006
-4.08829812841901	4.1958160349272
-3.53997620926203	3.57307927271851
-9.84475937695819	9.99825104461259
-1.7795824096847	1.80534272499954
-8.49290972210655	8.8053718408192
-2.60668304678641	2.6559776582232
-10.4677520754657	10.6399890184364
-11.143244819127	11.3226749207499
-10.2531631275646	10.5025223548474
-5.81590494621417	5.87031481319013
-9.10523568739831	9.27310032809133
-6.14577611012701	6.281353899411
-0.772996736060627	0.79026182130189
-0.506979703714133	0.500328333025897
-11.0456116308635	11.2718886110175
-0.553688379941502	0.554127315168079
-2.14284734822524	2.26202121629527
-3.84768949808054	3.83126714063647
-6.83455178254619	6.91888114173561
-3.87236935774583	3.93439597095542
-0.110351319446813	0.110079770946479
-9.77042491403566	9.97155171785313
-10.932425643667	11.1005994229548
-6.81122790005754	6.79856670247971
-1.28380398029703	1.28726191318175
-10.6357701058951	10.8232862418882
-6.97927596963363	7.14586691739489
-8.62980582977843	8.76011883212049
-0.517109384795357	0.512675526359156
-10.7053322122184	10.8826470710074
-10.8157398197818	11.0259142049956
-8.74743382340223	8.8599867674967
-10.9201510455174	11.0969931816707
-10.8088634519961	11.0245460534369
-8.46824962709817	8.55472311575541
-1.05546529576497	1.01669408231765
-3.96764235188892	4.05831116778245
-11.393954356829	11.5591770451382
-9.16281336760643	9.44519214166275
-10.0655271727192	10.2388178658302
-11.2850248041223	11.4816797065616
-9.19771816026078	9.5095743674334
-5.6511713147191	5.76513167791713
-11.2425388015556	11.4164950737138
-0.900716056406639	0.851216210207488
-8.47183808616916	8.61628914843077
-8.28319195430061	8.440680195519
-8.17351741992649	8.30763973856137
-1.58109038864564	1.55547629048717
-9.60025759966227	9.80442326520554
-1.07117486803286	1.06603036464878
-8.27163770498996	8.38797038926971
-4.53819171161403	4.68966581765108
-4.03773053445289	4.059505219674
-8.20723410794405	8.31899325536035
-11.1817304832807	11.3644524593012
-2.63236997267626	2.68898596512923
-5.77937226363503	5.80323145705137
-2.09583791219511	2.19844166733263
-3.49763152653229	3.56829318649802
-4.77323065858926	4.83710930759893
-8.87231507241112	9.04511293325546
-3.64533787895962	3.69441134929624
-2.05494154607028	2.08219047372037
-6.01824839308112	6.02700148063458
-11.3997374727077	11.5756284920252
-5.40533286180537	5.56449071506012
-5.42410733610872	5.45917504252918
-11.0312658337771	11.2158608728915
-2.28108394546623	2.26416035349946
-2.43106177067885	2.45176451632642
-3.17716651745991	3.20733199949532
-4.60951720525387	4.57379089554561
