-0.565878662728597	0.60084390293272
-0.185013159107994	0.192857808556755
-5.72066759300931	5.89857135307009
-2.57085469104293	2.60245591219447
-11.4077603609126	11.6322859644221
-0.269204062362204	0.268578132231776
-12.3325999783404	12.5846301223309
-12.6705782220562	12.8895093439593
-0.227570029316186	0.234837701910949
-12.3538011326665	12.6067263530841
-0.729102966354049	0.728060897786563
-10.7367374439588	10.9309004230133
-12.2004298972716	12.4230996097927
-11.8767440605038	12.1166298564106
-1.80865628588694	1.77892231690945
-11.820473940546	12.0252481583453
-11.9663724495361	12.1663884895834
-12.3635804172959	12.5956416858788
-0.478233649357493	0.484219210183197
-12.5053504613112	12.718661698891
-11.5320775370162	11.6708119417677
-1.19133067317716	1.20974964649055
-10.7517912122455	10.9821635697622
-12.3766391257674	12.6123845168793
-0.619067020425589	0.639404046254732
-0.160649876119291	0.167847965378252
-9.42243227210361	9.56329862692391
-11.1851804968031	11.4367528773827
-0.420008904966858	0.432120147868346
-3.0447816806179	2.94317455321648
-9.07228849520883	9.37834476590002
-12.6461319321623	12.8393098193186
-0.924812870554672	0.945022357532647
-12.6849536823523	12.8994543271364
-11.292720128328	11.5687109751042
-2.07775182936439	2.06124831251139
-1.29702583055087	1.29143718505901
-11.2425454869268	11.5283532977577
-11.3583377985842	11.5860103634849
-11.8217596181711	12.0609892555626
-11.4849739261165	11.726252505456
-11.7824107362893	12.0038810942209
-9.33061718522494	9.58069600601427
-7.91459734938797	8.06300251827694
-12.1009379459097	12.3327243284178
-12.2356788277245	12.4671214848835
-9.6593247088269	9.86984521693675
-11.0902976014121	11.3508686709633
-10.5472651863481	10.8404563881972
-11.1182739258025	11.4095023509836
-5.75831222479931	5.69663456410397
-1.06876467139697	1.04778550647293
-11.9236583757791	12.186702760986
-11.6194209557524	11.8725188325723
-5.51945771674301	5.43745523526188
-3.04988795439877	3.0389075556342
-6.18626082312565	6.28017874015756
-4.27448358341368	4.4286187400601
-4.81641120070811	4.92397871868894
-3.59127810569916	3.57676041518274
-1.6012247430247	1.68545278569743
-9.45021076328015	9.47710987899261
-6.89193635828983	7.19268725282962
-10.7216481090391	10.8743546633829
-7.78384838504705	7.72330060848617
-6.58743697345171	6.48161837676132
-0.951918637511035	1.00135240737605
-3.62282316526435	3.86369721291554
-12.5693441554304	12.7553581846274
-10.3999640120192	10.5040996010632
-0.154367293791535	0.163700680221776
-0.441889060029108	0.458169103452966
-0.317995468365718	0.330576278923865
-12.3374377074959	12.560200885221
-12.8111814547841	13.0009637589261
-12.0855228235875	12.3456855006885
-2.55173338905275	2.5775382635026
-0.560658788762443	0.581010242227543
-9.10662288486358	9.34026012330083
-11.0380802166198	11.3654478652883
-0.324107519358911	0.316432005100585
-1.88124491540781	1.84390698823523
-9.79226219846046	10.0711000310404
-2.11674003811858	2.05383328020494
-12.326536534468	12.5398844967023
-12.0597881030582	12.2919795547403
-11.4469619473313	11.6679010600695
-9.23615041323736	9.48865332668975
-6.7205615315919	7.01183680683138
-1.44485620092203	1.38319323057261
-2.37646049070027	2.37570784353654
-8.89410445883992	9.08173289450183
-10.3481625826344	10.5874065257475
-4.89168117914536	4.96237954779468
-12.7163256238038	12.900827375901
-12.712301099649	12.9269335219146
-2.07123772309618	2.04413448355974
-10.9259945375674	11.1672570095238
-9.4688447434669	9.76060931723122
-1.40074968557857	1.4355553652432
