-0.0582499593572272	0.0809708662608075
-0.272247640619993	0.646143155722811
-0.427844016938738	0.913661019661968
-0.50401498747316	0.884522103339668
-0.014068550221438	0.174531927672299
-0.531659021928961	0.947288289069567
-0.466925980645826	1.01155615911918
-0.297181352576338	0.838334027660805
-0.311344541580843	0.568829007309681
-0.196252700241861	0.391595293148644
-0.0901192368525307	0.140088177525736
-0.0728238331402667	0.0983454047472234
-0.459821502723818	0.934187679829564
-0.49443592150788	1.01959896540094
-0.0999053327234573	0.145971937592541
-0.129643087332375	0.180746624175023
-0.501605690958635	1.01835961726664
-0.0803873497477152	0.105707994600345
-0.513577445870283	1.01119488956652
-0.0886765856878845	0.100907792450619
-0.487592065977285	1.0027847028687
-0.094907425972871	0.159129513066455
-0.0430571290422437	0.0510703757749239
-0.456895151439011	0.997485384840243
-0.505620896811455	1.02819980621383
-0.508342417405127	1.01864888951329
-0.0642060221194776	0.105269109960803
-0.466153380623417	0.980446862952879
-0.358538242399247	0.873804212761988
-0.0985362378422166	0.212719758080694
-0.502221121708711	1.02280686783082
-0.0505604820244096	0.0824876279313933
-0.509190225645887	1.01378526285883
-0.491021508791632	1.00060737165055
-0.0294009379651115	0.0438807340706575
-0.432912764347748	0.918119488003287
-0.460480542205297	0.97733591636982
-0.291872836041933	0.646889623088329
-0.419414076832314	0.807958133574553
-0.494885489527371	1.01177137695379
-0.0203068720940149	0.172761773936235
-0.0120168397761256	0.0107477918918032
-0.111761512238507	0.198817152612912
-0.406110525863414	0.86561962484623
-0.495522188665965	1.01664030143695
-0.468143655706954	0.951726293754264
-0.53386767216678	0.901008592888435
-0.532891885155819	0.976746340289172
-0.514903361858633	1.0162068791797
-0.508709758192358	0.924894592470208
-0.600351025200401	0.935298507142451
-0.0888289351830631	0.11004169978282
-0.382613748879743	0.833615610776504
-0.468490277180324	0.957870920235399
-0.235132890870902	0.537036262854551
-0.452838421661154	0.972051860961011
-0.0327532962328981	0.042034604464527
-0.541762764399785	0.894597095457996
-0.450211959557706	0.96623530027591
-0.032365522669738	0.115681428360907
-0.493115474870787	0.99699545360374
-0.363615864218463	0.702307598615941
-0.413271634731679	0.893144907829705
-0.55161101724995	0.917441688269845
-0.0208099245817116	0.0468312334227396
-0.50741456796025	1.02182517102234
-0.400812860056223	0.820206478632908
-0.0196291051583851	0.0240479796089511
-0.484139319250035	1.00115543626357
-0.466775915894324	0.940372383679597
-0.0651878503748503	0.0992364125442649
-0.46984840425051	0.978853488195954
-0.190712942871621	0.607013845299644
-0.533343320234574	0.954229661869379
-0.496464164895388	1.01735216844273
-0.507987961355021	0.993562494897161
-0.0669242684708784	0.111255600545773
-0.0696109750441155	0.0985671117386487
-0.019792263265172	0.0301099197248658
-0.516101375972633	1.02269540828793
-0.514561597410532	0.981883219413908
-0.536348147117737	0.861674502844126
-0.519801463027411	1.00655812614344
0.0463503794375495	0.146467591128705
-0.174695254037935	0.357755772576046
-0.465844268657908	0.994907858716254
-0.486433206729834	0.979841712667879
-0.124323586305414	0.18407253750783
-0.496558599233855	1.00485604187911
-0.0551995591534646	0.0855673546174792
-0.0896650271544669	0.154070305041701
-0.503689747618388	1.01974315979887
-0.020885658771882	0.029555370307356
-0.0863327366336051	0.135489762903013
-0.0354802021044252	0.0486944562899345
-0.289657672402491	0.550408641293218
-0.494634611609485	1.00841257395472
-0.0438724908124273	0.0608346136979195
-0.463554853480972	0.969722307120478
-0.462164447172147	0.972918935034308
