305,143,79,28,4,7,34,87,150,383,8323,8624,8281,8479,8145,8656,8659,8184,8010,8665,8670,8485,8243,8678,8683,8755,8489,8770,8781,8788,8791,8440,8814,8821,8107,8442,8826,8495,8835,8841,8933,9033,9035,9119,9129,9138,9149,9160,9228,8504,9231,9235,9245,9247,9249,9254,9354,8338,9358,8306,8506,9367,9373,9473,8342,8110,9487,8189,8509,9492,8290,9499,9599,9604,9609,9617,8309,9714,9814,9819,9826,9835,8518,9840,9861,9864,9871,9884,9892,9895,9920,9948,9953,9955,9961,8528,9968,9981,9987,9996
336,145,85,31,1,2,32,86,146,337,8622,8625,8652,8653,8655,8657,8660,8663,8664,8666,8671,8676,8677,8679,8684,8756,8769,8771,8782,8789,8792,8813,8815,8822,8824,8825,8827,8832,8836,8842,8934,9034,9036,9120,9130,9139,9150,9161,9229,9230,9232,9236,9246,9248,9250,9255,9355,9357,9359,9364,9366,9368,9374,9474,9485,9486,9488,9489,9490,9493,9498,9500,9600,9605,9610,9618,9713,9715,9815,9820,9827,9836,9839,9841,9862,9865,9872,9885,9893,9896,9921,9949,9954,9956,9962,9966,9969,9982,9988,9997
160,250,520,1662,3620,2635,6613,6170,8559,4581,5913,5812,6866,2374,1864,1830,2408,1000,2649,2607,4645,1119,4532,4500,8685,5282,3555,6830,3584,551,7797,1607,6014,1850,2721,4015,5448,4440,3635,8843,8935,3081,9037,5052,5995,7198,6047,9162,5105,1861,1228,6721,313,2555,4575,9256,6206,6678,4768,4398,1621,6963,9375,6683,3854,4859,4675,5639,398,4247,6560,9501,2901,4302,4579,9619,3577,9716,1104,2403,4552,4616,7384,7230,1824,3817,3259,3325,2641,7977,8069,1311,2541,2755,2089,1356,5222,291,6201,2004
110,156,218,401,1549,1694,6202,4907,8429,1774,5636,8455,3915,5528,7521,2079,501,2963,4439,927,4300,2644,7282,4937,8686,8194,2897,8299,3549,2102,8271,2254,7379,5954,7088,7351,3547,4111,5576,8844,8936,8033,9038,5577,7914,3385,7874,9163,6063,2351,3021,4782,547,3197,3945,9257,4203,4240,6619,2370,1395,3632,9376,8272,4318,6839,5281,5388,705,1161,7763,9502,5708,7383,6309,9620,7063,9717,4248,5219,2572,4402,5771,7086,962,6595,4850,6457,5922,9897,8218,911,3863,767,703,3494,7575,2627,1120,523
107,151,206,496,1243,743,3380,7706,8359,5162,5682,2548,7425,3381,6215,4253,1695,1741,6507,4234,5976,1457,7037,865,8687,8195,5994,8406,4014,399,6775,3113,6368,2011,7938,7886,5120,1734,2845,8845,8937,7810,9039,7605,4649,8331,5821,9164,8003,1875,1198,3683,550,836,4540,9258,3403,7926,6311,5423,4055,5089,9377,7915,7225,6450,3766,4191,591,3461,6241,9503,4648,4292,7890,9621,1046,9718,7709,2733,5763,2918,7964,3033,1743,3610,8215,4067,3852,8226,9922,4006,7750,4739,1425,3989,1981,2097,4386,681
1644,3448,4046,7342,8024,786,6010,2590,8560,5056,4424,7990,5855,5499,5704,1742,2506,4614,3718,889,5190,228,5172,839,8688,8051,5159,8043,5295,327,5878,545,4304,2656,4274,6307,2551,5555,3956,8846,8938,3012,9040,5028,4443,5302,6949,7622,5291,630,879,1400,186,556,4045,9259,2714,6607,3048,2778,4280,5450,9378,7755,3121,2608,1841,7170,3390,5011,5857,9504,2203,2318,3512,9622,2488,9719,4035,1767,1533,5072,6116,3586,1112,4470,8468,1948,2684,7529,7250,4378,6932,4388,1136,1504,6809,696,6685,334
190,393,882,2271,4391,4751,2101,6750,8561,1705,5057,8626,4639,3155,4023,4206,3384,5008,2658,3107,1575,2697,1037,3453,8689,6566,2605,3533,4934,825,7480,4468,2814,5593,5327,2949,3284,5716,4732,8847,8939,4261,9041,6687,6410,3892,4753,9165,3065,3419,1083,2974,2185,2334,2034,9260,3058,7144,3884,1201,1828,4334,9379,2685,1543,2022,2799,6258,276,2824,5635,9505,4138,2882,6244,9623,4882,9720,6015,3204,904,3465,7053,7338,1006,2264,6834,3073,5358,7761,8421,4312,3475,3026,754,1080,7794,230,3345,1422
940,2214,3098,6281,7084,698,5726,5168,8562,6609,4909,6668,5043,3090,5553,915,1166,4655,6118,1729,5341,628,6050,2844,8690,6366,4518,7784,3674,676,6845,2426,7333,2834,4980,4001,4664,5106,4797,8848,8940,5549,9042,1903,4813,4763,4615,9166,3636,707,2071,3432,196,869,3004,9261,2838,5430,2223,5470,2490,3910,9380,6418,3070,3252,3355,7069,518,2299,2491,9506,5000,2127,3931,9624,3692,9721,2406,2653,2345,5006,6832,3125,893,4817,2379,1524,3825,7693,7701,795,4068,1611,845,1410,4884,1958,2553,365
195,120,65,18,6,19,54,113,180,849,8241,8627,8436,8116,7711,6439,7991,8146,8483,8667,8672,8298,7733,8680,8691,8757,7910,8772,8783,7776,8793,6274,8816,6615,8147,7777,8828,8121,8837,8849,8941,8187,9043,9121,9131,9140,9151,9167,8151,8505,7951,9237,7702,8289,9251,9262,7143,8446,9360,7911,8096,9369,9381,9475,7507,7135,7406,8344,7742,9494,7004,9507,9601,9606,9611,9625,8345,9722,8516,9821,9828,9837,8154,9842,7947,9866,9873,9886,8394,9898,9923,9950,8357,9957,9963,8529,9970,9983,9989,8240
847,1882,1584,5154,6465,2583,6209,4294,8563,1602,4729,6788,2434,3916,1956,756,497,1307,4359,1224,2163,3045,2195,2164,8692,4411,3426,6436,3556,1216,7550,1731,2534,5843,4087,2343,3770,2734,3304,8850,8942,2515,8497,6293,6020,4426,5352,8333,3693,3727,1548,4713,1812,1242,4389,9263,2277,2002,1951,5689,1953,3821,9382,6559,4953,1986,4657,4831,322,1318,4911,9508,4291,1933,5053,9626,3002,9723,4605,4385,1130,2852,2076,7574,1946,5527,2095,4464,2588,7806,8083,2654,3971,3786,690,4340,3847,293,3305,1849
96,140,174,455,1372,2482,4308,5786,8564,7391,2669,8071,3919,4877,3631,2932,6498,5316,6083,4039,4209,2229,4777,1162,8693,5564,5977,7653,7252,2107,6204,5427,7256,4659,3875,4584,1756,4867,4598,8851,8943,6874,9044,4700,7186,4589,5010,8413,3049,5196,319,6737,844,2736,3861,9264,5832,4917,3932,660,2481,4099,9383,7432,2443,4137,5068,6036,2746,2969,5628,9509,930,5353,6121,9627,7090,9724,2050,5696,510,1672,6004,7667,2341,4225,8209,7849,5992,8419,5789,1295,5990,3186,6470,1844,7082,262,7580,3010
75,98,129,172,255,245,1498,3349,6082,2938,5958,1305,7071,3866,5206,7277,1426,1008,6428,3068,3042,3518,7212,1994,8694,8284,6999,5228,2479,671,8220,3782,8251,6896,7460,5971,6417,3691,6265,8852,8944,5826,9045,6134,7154,8381,7022,9168,7515,5138,2960,7762,2064,5880,5107,9265,7382,7933,7238,5720,5409,6529,9384,9476,6163,7500,5271,3652,513,6081,5739,9510,4847,7149,7411,9628,778,9725,8207,4658,3929,3899,7845,9843,2301,8089,8235,7952,3543,8034,8192,4211,7859,6270,846,4606,1961,2181,6105,2010
1519,2997,1517,6511,6865,1471,3425,5300,8565,5904,4862,6461,1482,3775,5420,490,1876,2495,2990,1197,1155,716,4656,3296,8695,5342,3708,7752,4198,595,2626,3212,5964,2052,3788,5263,3944,4250,5965,8853,8945,4121,9046,3195,6453,5234,5066,9169,5956,2147,884,5372,309,997,2367,9266,4195,4941,4350,3366,2580,5997,9385,6412,1214,3722,2906,5208,1697,2385,2683,9511,5236,2437,3314,9629,3242,9726,2846,2803,5884,4879,4476,5304,739,7073,4621,1690,781,7171,7203,1521,1515,2196,1790,3383,5533,240,3231,1601
7835,8427,3672,6986,8294,1383,4381,3966,8566,1565,5156,7930,2313,1029,6199,1047,821,4069,5493,1020,3682,1902,6782,1900,6888,7663,2819,7584,4940,738,6743,1952,6119,1447,5861,5603,4759,5076,2569,8854,8946,6217,9047,6734,1456,6528,5464,9170,6967,1492,989,5648,208,837,4370,9267,4432,5113,5128,5244,2903,6714,9386,3880,1564,6191,1277,7062,672,3794,7178,9512,3318,1977,5369,9630,3832,9727,1267,855,6375,4475,1829,3261,402,5885,7661,2987,3251,8247,8262,683,5590,1872,588,540,7321,1450,3421,571
59,94,136,192,486,986,1208,5632,7773,7049,6572,5436,1415,4633,2111,6128,5350,5948,4222,3163,4548,3856,6805,2584,8696,8285,5842,7956,5724,1293,7648,3506,5860,1153,3709,6852,2291,6178,2349,8855,8947,7196,9048,4353,2713,6979,7975,9171,4748,3808,537,7002,3219,2538,7096,9268,4888,7326,6587,3798,1115,3157,9387,5770,6065,5090,4743,6583,2791,4005,7535,9513,5732,4259,7121,9631,3780,9728,3960,4991,2056,4893,7587,8520,1642,6665,7365,6406,3538,7824,9924,3689,8059,6335,4264,2043,5237,343,4770,3332
931,2222,3486,6426,7036,1495,6262,2290,8567,6263,4239,7969,5490,3581,5085,1772,1822,2813,6066,652,5026,1801,4273,3101,8697,6966,3883,5315,3205,467,6614,1629,4356,6534,3879,7202,1382,2429,5744,8856,8948,4506,9049,3178,5127,7760,6302,8288,6218,470,1926,6555,557,2184,3859,9269,1896,2285,4181,3360,2642,1306,9388,6564,3947,3948,899,7093,315,842,6945,9514,4981,1620,4603,9632,4705,9729,5414,4976,2680,2158,7064,2952,494,2717,7469,2314,5599,7730,7327,629,6234,1663,272,5337,5557,2029,1551,765
8530,8541,6376,3135,7929,1416,5830,6891,8568,2855,5646,7723,6408,2422,4531,5252,2030,4841,5515,1572,4978,1239,4374,502,8698,5865,2218,5780,5296,236,6023,871,4462,2012,5719,7123,4425,4324,2999,8857,8949,5545,9050,5243,2439,6652,3716,8318,4242,509,1275,853,188,831,4419,9270,1819,6520,2486,2192,2108,3020,9389,7213,4380,6276,1137,6897,688,3492,6343,9515,4214,4738,5746,9633,4766,9730,3968,1988,963,3281,6027,2808,1343,2176,7104,2032,4285,8171,8525,1685,5667,951,718,6889,7204,1963,2716,241
47,74,116,158,251,665,1787,3897,7479,4967,5790,5775,6733,4170,7251,2238,6401,3295,6107,1669,2633,2826,4889,4395,8699,7647,3912,6237,4207,1691,8257,1637,3460,2692,2724,5559,4245,6942,7043,8858,8950,7032,9051,7169,7079,6980,6727,9172,4793,5095,2450,5522,2729,2754,3845,9271,4836,6225,3044,5945,5096,5925,9390,7309,4591,6388,3728,6715,1421,3412,7138,9516,5410,4721,6059,9634,2873,9731,4460,5266,6527,5721,7736,9844,3356,6971,7976,1523,6884,8081,9925,4428,3481,2000,5886,1050,5933,1044,6017,3607
105,144,181,414,1035,528,4190,4555,8105,4680,5591,7512,773,5637,5311,3702,1340,3316,3737,1539,5602,1932,4780,4880,8700,7905,5058,7816,5831,1314,8794,5792,4412,2985,2278,4706,4228,6502,6403,8859,8951,5129,9052,4585,7873,7001,6260,9173,6149,2765,2122,4677,3221,1512,4989,9272,3474,2848,4177,6883,3334,7665,9391,7448,3529,5919,6080,6960,476,2036,6357,9517,4167,6052,5584,9635,4667,9732,1922,3595,4546,2386,4669,7114,466,8019,8391,4679,3099,8142,9926,3811,5947,3495,2958,640,3886,468,2577,4082
8531,8542,6458,4839,8428,1727,4430,4100,8569,3025,3690,6720,6253,793,6451,1324,2524,2787,6393,1434,5186,1036,5622,463,8701,5807,4795,8053,4441,338,5050,631,4876,2935,3812,7089,4789,4331,2362,8860,8952,6068,9053,6585,2921,7237,6449,7945,4090,377,1379,1346,233,829,3119,9273,2305,6992,2170,1536,1656,4132,9392,7505,4513,5487,1223,6860,623,3018,6136,9518,3637,4232,4535,9636,3370,9733,3179,2066,929,5961,6399,2883,1453,3150,6474,2455,3462,7162,8115,3569,5882,1487,1430,5012,6589,1126,5520,207
1573,3361,3202,6841,5419,4365,6804,1010,8570,6321,6741,7909,5332,2110,3998,4958,462,3769,6187,1081,3625,2093,3043,2522,8702,7359,3990,8074,3467,1332,8490,1724,6297,4083,4283,6379,434,4686,3184,8861,8953,2959,9054,3564,3283,2458,3659,7308,6181,2485,2397,5660,1987,2483,4718,9274,7003,6857,3490,2984,1496,1930,9393,4306,2484,5663,3253,5701,306,711,6455,9519,2295,2366,5827,9637,4122,9734,6358,2055,959,4449,4769,8129,649,4661,7757,2815,2743,6169,4269,480,6425,684,516,341,5661,1673,1967,674
8293,8474,2312,8091,6396,1251,6210,6990,8571,5769,4957,8060,6127,4233,3701,5344,723,2823,5892,817,4727,590,5289,3924,8703,6855,3991,5381,4136,1461,8491,3147,6777,1351,3392,5985,3649,4241,2945,8862,8954,4646,7494,1063,5917,1429,6508,9174,6330,1719,2336,2112,735,761,3017,9275,4695,3130,2809,2092,3331,1595,9394,7888,3741,4052,2841,6716,1042,2568,2335,9520,1835,1808,2405,9638,3149,9735,2794,1744,1359,2355,2237,2511,1097,1375,3502,1419,4528,6575,6755,769,2044,1773,1650,4081,5501,1140,661,535
8425,8543,5463,7470,8104,1570,6763,5309,8572,2919,3927,6947,2863,3699,6043,1237,451,1526,5563,797,3272,1897,2594,1925,8704,4450,2525,6974,2428,657,6815,1060,2908,4086,5333,6472,4118,4701,1978,8221,8955,3152,9055,3789,5301,6245,6299,9175,5928,527,1338,5250,209,2045,3605,9276,4452,3834,3263,4761,2359,2696,9395,6730,3908,5401,2412,4999,423,3216,6894,9521,3280,3914,4155,9639,3893,9736,5544,3347,2221,5685,4224,1928,1528,3936,5166,3388,1597,7966,7850,988,2982,1748,386,3200,7057,450,925,791
8532,8544,5793,6370,6739,941,6173,6787,8573,1075,5447,5776,4064,2866,6603,3679,433,1804,4576,1038,5375,1761,4466,1183,8705,5715,3055,7045,2964,515,6416,1138,5232,4333,6180,4740,4537,4336,2601,8094,8956,6594,9056,5535,2296,5371,6162,9176,4016,944,1736,4674,279,1867,3066,9277,3240,3008,4018,2499,1444,1213,9396,6212,3327,6454,1371,3943,362,2704,6846,9522,2764,4595,6817,9640,3478,9737,4421,4159,1333,2925,5594,1665,1605,3023,4568,4011,3745,8167,7982,700,5953,1636,397,3768,5037,2217,996,465
73,77,104,137,178,269,664,1610,4153,5426,7619,8628,7403,1262,8117,5134,3312,7610,7802,7030,6264,7578,7538,3417,4596,8758,6061,8773,7971,4166,8795,2659,8817,5278,8200,6686,7995,7943,4711,8863,8957,8253,9057,8078,1873,9141,6509,9177,7741,2560,4781,9238,1931,1493,8260,9278,7009,8304,8415,5899,7695,9370,9397,2790,1276,7417,4437,7837,861,6431,7502,9523,5656,4567,8170,9641,5318,9738,7491,1049,5588,7151,4254,9845,956,7917,9874,2183,3862,9899,9927,1286,7439,5293,973,2261,9971,4013,8254,1878
352,885,1225,3930,6031,823,4510,8049,8574,4848,6415,7006,2005,2247,6384,1780,999,1341,5086,3267,5432,1125,6467,934,7922,4173,4832,7817,6593,442,8076,749,5873,1336,5051,6598,5187,2205,4623,8864,8958,7372,9058,7008,1376,7483,3760,9178,6624,1368,1289,5847,479,955,5495,9279,2338,4276,2249,7591,2165,6035,9398,5755,3309,6779,3477,7081,804,5509,5035,9524,4188,5283,7112,9642,3308,9739,3471,2831,6879,4676,3393,1775,493,6681,7017,2316,3748,9900,9928,790,7044,4418,580,1329,6864,460,2624,536
4435,6434,5161,3937,8156,3642,6314,6536,8575,1624,5787,8629,3857,1535,4358,1633,827,1880,3900,974,4150,1322,2858,1591,8706,3917,924,5778,2821,524,6100,2198,2923,5781,4995,4235,3666,5525,3829,8865,8959,4275,9059,6448,6034,5121,3250,9179,5173,1103,1639,1739,308,1763,3208,9280,964,4852,1995,1365,1445,3238,9399,6437,3515,5783,617,4458,731,3643,6352,9525,3190,4416,5445,9643,4924,9740,6026,3809,2014,3358,6833,3739,1109,1847,6131,3134,5308,8395,8277,2154,2545,2703,487,4313,7904,1023,1803,344
53,24,29,51,102,157,288,1073,4238,7147,7686,8630,7465,6639,7688,5468,5939,7392,7393,4731,5018,6537,6524,5864,8365,8163,6385,7163,5920,2388,8796,6604,7396,7753,7958,8045,2961,7781,7853,8866,8960,6677,9060,8108,5065,7060,7616,9180,7375,5122,3602,7898,2622,3504,6055,9281,7754,7475,7353,7040,3087,6920,9400,8314,6227,3551,7545,7501,3400,5664,3646,9526,4833,6229,7315,9644,3747,9741,4962,7221,3324,4764,7412,9846,2041,8020,7434,7005,7189,9901,8006,4883,6656,6828,5747,3641,9972,4117,6786,2681
549,1247,2037,4570,5606,2425,4295,6886,8576,1979,3697,2711,2782,2143,5581,5395,863,1452,6160,776,3986,1993,3367,1916,8707,6713,3006,6340,1303,546,8017,1335,3072,7415,5647,1468,3676,2019,2251,8867,8961,3508,9061,2887,6766,7615,5343,9181,3976,3901,1484,3870,380,2531,2575,9282,6640,7542,3290,2451,4251,1712,9401,7623,4725,2114,1465,7495,437,4346,3762,9527,2828,4020,2381,9645,1674,9742,6573,4993,3124,1432,3057,5823,1406,2149,8141,7116,1688,7800,8422,654,7385,4638,621,4811,3291,2194,3126,799
8533,8545,4617,8268,6157,1207,6371,6961,8577,1013,6021,6378,3712,2333,6497,5607,663,1107,5314,675,2991,2518,3858,3035,8708,5516,2912,5735,3064,370,7134,1254,3246,6796,6249,3725,2833,6033,4860,8868,8962,5191,9062,5233,5809,5699,3771,9182,4609,2634,1647,7177,461,2913,2769,9283,4756,3297,2640,1175,2745,1377,9402,7555,4311,3779,992,6373,282,2048,6494,9528,3160,4423,4053,9646,3365,9743,5881,3603,954,1481,7161,4189,1235,1945,6057,2219,1580,8143,7878,634,4021,1934,409,5183,4196,2255,1030,392
2916,5209,1942,5710,7547,2300,7330,4918,8578,1285,3422,7998,3662,3411,4544,2806,417,5348,3406,625,4524,1158,4319,2125,8709,6726,2173,7562,4156,554,5242,1121,4672,3639,5529,5504,4752,5279,1949,8869,8963,5456,9063,5439,3077,6404,5736,8150,5481,1413,1596,3456,287,2442,4130,9284,2571,2722,2446,3265,1191,2126,9403,6968,3744,5894,809,7136,822,2373,6671,9529,4393,4175,4853,9647,5045,9744,3664,4982,1373,3647,6324,1923,1320,3905,6711,2970,1710,8217,8168,719,2994,1150,574,6395,5869,1323,1304,360
3226,5390,3116,4465,8295,1054,3965,2763,8579,5204,6220,5837,3993,2189,5272,1588,525,5017,5897,1099,4829,1990,6346,734,8212,5349,4140,5585,4791,976,7232,1490,6188,2156,5312,5306,3382,2040,2015,8870,8964,4919,9064,4970,2025,7474,5192,8501,4309,238,803,3174,161,416,2867,9285,2628,6430,4184,4290,2715,5471,9404,4187,2519,6504,2609,7010,1019,5329,5379,9530,2941,4182,5193,8464,3217,9745,4828,2310,1386,5652,3473,3896,1096,4698,6075,2340,5361,8082,9929,2078,4237,2396,918,3528,7152,368,6562,646
7954,8321,4886,8134,6740,1604,5645,6138,8580,759,7219,7935,2618,2646,6345,6072,771,2020,5676,730,5876,2418,2992,2135,8487,5866,2363,6596,2933,349,7684,1061,2986,5462,6355,3656,4608,6975,3523,8871,8965,5898,9065,6069,3350,6323,5131,8383,4396,1446,1862,6925,261,2187,4102,9286,3168,5833,1802,1561,2946,1799,9405,6964,2232,4034,643,5396,268,2672,6192,9531,4307,3754,6456,9648,4683,9746,4282,4744,864,3373,6102,3827,978,3616,7632,2267,3732,8274,7790,374,6885,1614,270,3513,5686,2272,1717,342
48,83,126,183,430,1181,2943,6310,8179,7091,6590,8631,5340,5014,3326,4101,3567,4180,6517,3596,2398,2774,3244,5433,8710,6627,4286,7913,7133,569,8196,1860,6761,4597,6622,4741,4098,4041,5027,8872,8966,4202,9066,7715,6526,7621,4084,9183,4960,1559,1486,4647,2768,3015,3826,9287,6166,6586,7239,4849,4660,3207,9406,4808,2585,5507,5731,7137,866,5115,6186,9532,5061,2067,6101,9649,5669,9747,4749,1326,2337,2469,7316,7892,2830,7805,7565,5835,2465,8351,9930,3580,6002,5454,4697,7200,8084,215,6799,4566
64,92,128,177,345,425,1154,4600,7337,4582,7098,8632,5987,3539,6957,2670,7106,6278,6998,4490,2209,4229,6051,3005,8711,8052,6222,8774,7603,2998,8797,4974,6753,5952,4078,5443,5687,4998,6756,8873,8967,7509,9067,8123,6098,7944,8332,9184,4620,2954,2157,8203,1041,1167,6705,9288,7274,5531,7283,1909,2613,3274,9407,7996,5611,957,6087,4103,2719,6784,7510,9533,4746,1149,4551,9650,4826,9748,1442,1261,5709,3574,6684,9847,851,6754,8236,5415,3256,7556,8354,1118,6029,5707,6312,801,7978,2678,5386,3408
72,109,154,229,632,1393,3128,6512,7934,7323,6924,8633,4987,2162,4480,4613,3434,5654,7561,2077,6859,3749,6899,2700,8712,5877,3759,8250,7488,1749,8372,5297,7229,5631,6223,4601,3191,4174,6745,8874,8968,7300,9068,4712,2532,6518,7061,9185,3262,2293,3082,5691,1682,2207,4326,9289,7046,7553,7554,1833,3100,6056,9408,5141,2507,5752,3137,7099,1698,5941,7284,9534,3154,4142,6495,9651,4145,9749,3323,3743,3903,2673,6848,9848,589,6028,8216,4622,6951,8191,7457,289,4559,883,5562,4869,6926,286,1361,2631
8534,8546,5184,3458,8039,1439,3560,6946,8581,2303,4802,8634,6682,2742,4456,4366,1173,5125,5856,1541,5087,1529,3255,872,8713,5984,1667,5723,3264,478,6148,2785,3572,2409,5655,6153,3622,3962,2535,8496,8969,6094,8377,3925,2693,5862,4807,9186,2989,987,1313,1608,304,1316,2421,9290,1232,1740,4640,1838,953,2424,9409,7234,4553,5508,902,6770,492,3436,6141,9535,4371,3810,4923,9652,4644,9750,3599,3218,1746,2244,6662,1627,1268,1626,5537,3211,5858,8100,8398,1056,5523,1380,699,5772,7399,2239,720,432
170,311,419,2106,3001,5149,7322,4692,8582,4383,5177,8324,5325,3713,3415,7264,1190,2591,5883,576,5693,2707,5820,2857,8714,7443,5093,8075,6892,1347,8373,5231,5596,998,6291,6610,757,1628,6915,8875,8970,6298,9069,1381,3778,7960,7655,9187,1941,4512,848,5574,2666,3663,4124,9291,1370,7410,7570,2402,2242,1164,9410,6758,4932,6724,3368,6285,858,3628,7572,9536,1114,5740,7097,9653,5153,9751,4444,5479,1915,3734,6907,3061,396,2399,8133,7139,3444,7840,8210,358,7235,1448,1546,4094,3651,385,495,1660
324,912,2145,4954,6383,3162,4019,6887,8583,1259,2487,8061,6037,3236,2353,5539,840,6854,7331,221,4774,933,4945,860,8366,3096,3784,7025,3648,1679,8055,3036,1392,2598,5001,6361,1269,3117,3823,8876,8971,6948,9070,2017,2372,3907,3487,8384,3992,3089,1534,4154,1757,1818,3851,9292,7346,7047,5810,1310,3427,4757,9411,7506,4523,3790,3935,7600,323,1238,5330,9537,3598,5036,3114,9654,5029,9752,3680,4200,1234,1616,5031,7785,620,2400,7612,7156,3516,7829,5937,373,6363,2352,695,7024,6414,446,1906,4429
125,67,33,10,16,55,111,175,633,4788,5743,8635,7882,8015,8437,8183,8041,7775,6978,7895,8174,6500,6591,5672,8715,8759,5813,8775,8784,2419,8798,7635,8459,8265,8302,7466,8443,7217,8838,8877,8972,8149,9071,9122,8223,9142,9152,9188,7376,7541,7026,9239,4377,7027,8088,9293,8337,4742,7843,7811,4687,7673,9412,8341,8205,7608,7907,8451,6816,9495,8037,9538,7844,8273,9612,9655,7624,9753,9816,6300,9829,7124,7778,5868,8267,8416,9875,9887,7908,9902,9931,7718,5629,9958,7751,9967,9973,4569,6637,8471
82,37,20,21,63,114,171,459,2358,6496,6146,8636,8040,7407,7920,8036,7594,7970,8362,4031,8484,6764,7900,5617,8716,8760,7031,8371,8785,3763,8799,7052,8258,6447,6954,8138,8829,4521,3726,8878,8973,8222,9072,9123,9132,9143,9153,9189,7789,5766,4157,9240,709,3521,7367,9294,5598,7181,7831,2497,7631,7127,9413,9477,6969,8127,6438,7916,4321,6156,6717,9539,7854,6847,9613,9656,7490,9754,8466,7782,3270,7997,7187,9849,6691,7468,9876,9888,7870,9903,9932,7503,5221,7183,8263,8278,9974,3371,9990,3071
163,266,534,1936,4252,4843,5194,5140,8584,5397,5354,8637,1827,3459,3668,2955,5896,4959,2965,2464,3399,3165,4000,3440,8717,7780,1494,6238,2600,1113,8374,5695,5384,2459,5914,5838,3667,6348,3671,8879,8974,3841,9073,2851,4650,1832,6736,8385,4529,857,1634,4343,384,1252,1516,9295,4737,3578,7016,990,3322,907,9414,7080,1217,6510,2928,5932,1352,3028,6629,9540,3783,3755,5587,9657,4854,9755,784,2947,605,4469,5466,8213,1100,4920,7737,5889,5346,5849,9933,2529,573,4484,3742,597,5741,1265,6481,2689
101,56,36,40,70,115,162,307,1209,4930,7881,8638,7436,7119,6097,8297,7724,7576,7746,7378,8673,1292,8118,8072,8718,8761,7872,8776,7902,7299,8800,8199,8818,5955,5047,7712,6493,6488,8201,8880,8975,6568,8498,1814,9133,7679,9154,9190,7630,3375,7430,2675,4928,3441,4755,9296,8177,6288,6723,7145,7614,7981,9415,9478,6875,5967,8343,8097,5749,8225,4593,9541,7398,7041,5251,9658,7743,9756,7563,5175,9830,7866,6062,9850,2235,7523,7988,7858,8038,8352,9934,6266,6123,6785,6167,6829,8085,4095,7834,7419
3353,5644,5365,7638,8092,2966,1431,7140,8585,1750,4487,5275,5981,3336,4244,6578,1957,3949,6019,3553,5765,1889,5118,741,8313,7343,3590,6581,4973,355,7641,2621,3982,6513,6582,6670,5002,1321,2530,8881,8976,5690,8410,2091,2060,7248,3963,9191,6054,2155,2023,4814,387,1078,1778,9297,3054,7336,1385,1124,3627,1146,9416,6185,710,4684,706,6588,485,4504,2665,9542,5139,4587,3756,9659,2759,9757,5497,3443,3410,372,6088,3430,1703,1151,7748,2392,6369,7877,8355,533,4637,2360,856,5840,5538,435,5402,356
6642,7862,5962,7366,7860,1094,6018,7272,8586,1283,5818,8137,5573,1436,6435,5974,638,5326,5794,1089,4618,2566,5178,1706,7358,6628,4896,7176,4461,808,7847,984,5814,4183,5683,6824,3802,4074,2212,8303,8977,7247,9074,5619,1271,7325,5627,9192,5285,813,2427,5542,248,1291,3926,9298,4624,3842,3895,3235,2454,1414,9417,3687,1288,6608,937,6584,300,2113,6242,9543,2431,4042,6505,9660,3977,9758,5147,1544,1085,2130,5084,1507,785,1893,7395,2178,4483,9904,8219,457,7402,1480,381,2839,6927,1798,1460,473
141,191,408,1128,2805,1390,7070,3882,8587,6486,6315,8639,2062,5900,7130,4703,2699,3402,2051,726,3466,947,5595,2616,8719,8119,4139,7957,5630,413,7818,1194,4144,1510,5698,7101,2885,6663,3715,8882,8978,4699,9075,4599,7865,5235,3127,9193,6008,482,1888,3597,449,1918,2898,9299,5748,7636,1937,6893,4472,7034,9418,7889,4508,4361,2780,7516,565,4527,7377,9544,6228,4666,5364,9661,6025,9759,6338,2874,5357,6320,8056,8346,642,5946,9877,4226,5811,8469,9935,3587,5854,1760,410,751,7894,458,5774,1196
66,97,139,194,447,783,2266,5890,7880,2377,7492,7707,4870,1973,3111,7227,5633,6231,6552,3095,4824,4525,5795,3063,7487,7620,5320,7526,4436,1258,8801,5478,6803,6442,7165,7649,6301,4161,5269,8883,8979,6109,9076,6114,1980,7739,2687,9194,6790,2070,2172,7569,3014,2475,5798,9300,4337,3335,1764,3657,3796,3815,9419,5336,1641,7441,4707,6806,876,4218,7573,9545,6143,5039,7199,9662,2452,9760,5911,1747,2573,6176,7048,9851,920,8234,6248,2246,4688,9905,9936,1874,7339,3546,914,6748,6104,2116,5241,645
41,25,43,84,132,197,593,2133,6053,7731,3822,8640,7157,4408,7132,7285,7662,8482,7689,3359,7095,4856,7493,3750,8720,8762,6567,7195,8407,2304,8077,4796,6823,5808,7307,7725,7826,4834,2865,8884,8980,8012,9077,9124,6459,8087,8382,9195,6910,3455,2510,8224,415,2389,4119,9301,3188,6653,6708,1646,5675,6411,9420,9479,5988,7355,4079,7214,2323,3653,7085,9546,5999,5411,8512,9663,7637,9761,7799,6690,1784,7921,6152,8347,5561,7294,7839,6908,6532,9906,8356,7065,6030,6016,7588,6902,9975,4837,9991,887
124,165,247,613,1550,2332,5023,6953,8430,2816,5467,7744,3067,3140,3582,3080,2868,1843,6647,3624,3969,1681,6279,1317,8721,8086,5441,4872,6200,608,7765,1919,5437,935,5727,5180,1357,4104,1788,8885,8981,6503,9078,6988,6398,1522,6239,9196,1348,3086,942,5356,1394,2766,4471,9302,2905,7244,5674,5465,1028,3346,9421,7703,4287,4327,2632,5668,3776,2630,4809,9547,2226,5706,6110,9664,4961,9762,1344,2420,1820,1779,7564,8208,2793,4080,7729,4335,5764,7175,9937,4192,1418,5510,3670,2786,6939,575,7297,2141
8279,8547,5038,8358,6853,607,5733,6325,8588,6267,2741,8014,1664,1474,5363,3497,724,2508,5713,812,2728,1043,5485,3764,7896,7050,3532,7107,4272,816,8408,1014,6284,850,2378,5290,3830,4491,2924,8886,8982,1571,8499,1797,3994,4217,5754,8444,6519,682,2193,3558,819,1202,2339,9303,6706,2496,3030,6767,3230,4281,9422,5451,2227,5378,4558,6791,263,2084,4720,9548,2988,2103,2854,9665,4120,9763,3730,1374,3729,4611,5408,8452,913,6460,4249,2263,4061,6475,4730,1592,3517,2342,267,503,5558,701,2691,2268
8535,8548,5742,7087,8031,1069,5382,6443,8589,1470,6164,6905,3694,3076,6851,2413,532,2971,5288,874,5370,1467,4715,1397,8722,6271,2983,7266,3364,353,5872,1098,4975,4231,5788,5750,5094,4857,2767,8887,8983,5943,9079,6933,3097,7109,5761,9197,3612,1200,1458,4586,257,2276,3451,9304,2167,3561,3037,2220,1508,2013,9423,7440,4125,6660,1260,6419,389,2812,6344,9549,2563,4473,5916,9666,3260,9764,4668,4912,1367,1898,6144,2142,805,1845,6984,3507,2660,9907,8311,673,3773,1433,477,2784,6042,1796,1441,347
7581,7983,4662,7083,7520,616,7125,6973,8590,2547,2567,8477,4193,3499,4745,2063,558,5157,4939,1555,5225,552,6440,3084,8723,7596,3867,6843,4257,774,7841,2514,7268,1220,4360,7141,4073,2973,5412,8001,8984,3752,7869,1249,5536,1700,6184,9198,6659,943,2435,1683,702,1256,2995,9305,3237,1609,2576,3277,1715,3313,9424,7389,2756,3482,5098,5784,622,1648,3442,9550,2652,2931,2747,9667,4827,9765,2361,1821,2612,4433,4165,1870,1396,2914,1997,2393,4894,8178,7240,1363,1908,1653,584,3029,5394,2057,544,659
8536,8549,3094,7710,6676,2152,7211,4216,8591,1924,6078,8035,3800,3053,6801,5734,453,3176,5757,354,5863,2375,4628,3801,8724,6822,4634,7597,3357,1087,7992,919,4009,5597,4992,5524,1284,6611,2893,8888,8985,5845,9080,5100,4258,6349,6672,7160,3307,1266,1892,7207,199,1631,3588,9306,5280,6722,3593,1537,3348,1491,9425,6688,2732,3703,1388,7485,295,1587,6913,9551,2252,3996,5124,9668,5256,9766,4417,2720,578,3881,5853,5702,901,3869,3579,3669,1583,7989,5722,273,6993,1187,406,3227,5137,2461,1325,378
8537,8550,2804,7772,6523,1180,7218,2942,8592,2878,6003,7613,2822,2202,5163,2072,499,3655,5841,614,4690,1172,5460,3531,7923,7634,4984,8054,4089,1676,8197,830,6765,2177,4845,7019,3514,5618,2430,8889,8986,4494,9081,1754,3122,5249,7076,8176,6070,599,2280,5556,211,1111,4131,9307,4861,4765,3733,3934,4075,2086,9426,5816,2477,6277,2556,7433,375,2210,4988,9552,2875,3019,3700,9669,4263,9767,2909,1865,948,4938,5246,4171,753,5513,3488,2892,2900,8005,5133,521,5572,1297,367,1204,6477,2179,1488,548
1057,2542,2797,6995,7675,3362,5155,4431,8593,6353,6111,8478,4663,2168,2904,4284,2843,2537,5905,1417,2643,541,3248,1651,8725,7901,4063,7267,5202,508,8026,5797,3898,2911,4542,5921,1253,5935,3268,8890,8987,4320,7803,4164,3234,5518,1944,7429,3974,1090,601,3604,1227,1139,1766,9308,6634,2602,5081,2467,1144,3476,9427,3677,371,3483,3233,6129,606,2380,5550,9553,5199,3060,3953,9670,2328,9768,968,752,800,5579,5912,5117,1178,6863,7749,5200,5347,7967,4277,1459,644,3401,3479,2115,6836,481,3143,1837
122,69,26,11,23,68,121,187,687,4127,8249,8641,8144,7184,7855,7867,7936,7846,8050,7173,8363,7362,7332,7595,8726,8763,6919,8269,6468,2128,8802,5901,7007,8441,7885,8046,7409,8252,5438,8891,8988,7768,9082,9125,9134,9144,9155,9199,7861,7269,3164,9241,1594,6350,8126,9309,6673,7985,7986,5482,7617,8231,9428,9480,8140,8165,4685,8166,4453,7812,7823,9554,8511,8462,8266,9671,7467,9769,8389,9822,9831,8160,8390,9852,6654,9867,9878,8418,8350,9908,9938,8101,8161,8239,7296,8172,9976,9984,9992,5624
108,155,223,600,1686,2777,4515,5024,8360,2894,6872,7698,3266,5938,2058,1053,3449,6452,4844,5608,6287,615,4376,1811,8727,7413,3724,8228,6696,472,7759,5442,5893,2739,4040,7380,880,5825,7404,8892,8989,6381,9083,7924,7289,7388,7848,9200,6333,5512,1142,5623,656,2902,1623,9310,1221,2384,1355,789,1582,4051,9429,7819,2783,6232,5444,5915,1755,2414,5360,9555,4025,6898,6772,9672,4626,9770,1971,6394,1671,2234,4255,9853,2090,6208,8237,5589,6548,9909,8399,5189,2592,5073,3696,2410,5768,297,7626,2502
242,582,923,2811,5170,1807,6145,2975,8594,5391,2650,7719,2199,3843,6113,910,886,4221,6011,658,5540,598,4724,2937,8728,6306,2829,7014,5492,340,7445,1156,6674,2550,2279,6616,3557,7273,2750,8893,8990,3967,9084,3736,7421,7335,7078,9201,7680,852,1463,5416,222,1955,4783,9311,2260,2962,6086,4151,1106,4858,9430,8315,4056,5822,5198,2800,1203,4990,6530,9556,2283,4632,4293,9673,4092,9771,3630,1839,2281,2521,3559,7656,1065,7856,4236,5514,5653,8396,6476,3031,2383,1272,2682,2896,6364,246,7329,1612
3431,5680,4038,7601,6977,2657,6012,5641,8595,958,6326,8193,3007,2674,5380,6339,762,2818,5082,692,3781,2240,4405,2557,8367,5257,3493,5851,4072,587,8803,1312,4033,4878,5815,4948,2215,5229,3354,8894,8991,5760,9085,6165,1974,5673,3765,7589,4908,1806,2448,5936,489,2325,2282,9312,5566,6625,1569,2877,2024,1009,9431,5019,1462,4821,498,6934,285,3409,5547,9557,3902,3287,5519,9674,4514,9772,1938,3818,604,3894,6861,2773,1145,4400,3849,1687,4030,8292,7705,335,6746,2493,412,6313,5575,1738,2330,312
3954,6359,5425,4580,7153,7263,1281,6432,8596,7732,7067,7241,4871,3600,2144,3583,1692,6194,7387,903,5254,418,6703,258,8368,6936,4898,7884,6837,411,5469,6441,2473,2018,6929,7508,278,4830,2712,8895,8992,5728,8500,7059,2751,1189,3379,9202,6793,3046,217,511,260,326,5458,9313,4636,7522,3286,1274,1730,5546,9432,6950,2080,2233,5926,4448,454,213,6390,9558,4486,5570,6561,9675,4213,9773,6000,2472,2350,5446,7349,7820,4714,7077,8291,4823,7536,7948,7117,2068,7222,3302,2709,7075,2007,301,4407,3032
5692,7298,5431,2315,7801,2161,6890,6719,8597,2606,5201,8227,4205,4044,5983,5455,376,3589,3407,1689,3447,2578,4772,1917,8729,7444,1879,7185,2718,750,6067,1562,5582,2930,2579,5824,3611,3454,796,8896,8993,5099,9086,7455,3091,2859,7142,8414,5083,3136,1560,2570,438,2731,1088,9314,3078,5417,5583,1026,905,1147,9433,6646,3337,5143,2401,6308,668,1330,6424,9559,4709,2872,4158,9676,3878,9774,4210,4029,648,1108,6089,4719,2008,2934,5753,3541,2201,8130,8238,810,3213,697,1027,5274,7205,2069,982,264
148,226,592,1273,4093,5895,484,8280,8598,7524,4230,7687,5185,666,5712,3850,6360,4096,7265,3540,4800,971,6337,339,8730,6446,5060,7164,6991,635,7932,3751,1278,4936,993,8027,2265,4619,4635,8897,8994,5931,9087,7699,4881,4507,5088,9203,6538,1248,445,1159,310,577,4091,9315,926,5322,3118,3913,3288,4863,9434,6405,6535,6240,6342,7208,5286,669,2929,9560,3024,4262,7369,9677,2081,9775,4438,1168,3638,6718,7182,8348,4114,7253,8057,5799,6485,8113,7696,2957,7180,3472,3496,5620,4696,531,7191,1068
189,119,62,13,5,14,58,117,185,896,8242,8642,7851,8296,8182,8480,8661,7852,7937,8668,8674,7304,7941,8681,8731,8764,7678,8777,8786,7278,8804,8330,8819,8823,8186,8047,8830,8833,8839,8898,8995,7645,9088,9126,9135,9145,9156,9204,8503,6600,9233,9242,7258,5207,9252,9316,8152,7875,9361,8109,8339,8507,9435,9481,7987,8013,8449,7111,8190,9496,8098,9561,9602,9607,9614,9678,6473,9776,9817,9823,9832,7586,7756,9854,8521,9868,9879,9889,8522,9910,9939,9951,7674,9959,9964,7568,9977,9985,9993,9998
90,134,168,346,1062,2610,3293,7424,8431,4956,6699,8643,5392,970,3840,7122,1947,6702,6466,4071,5871,2760,5609,2021,7223,7658,5103,7691,6484,1005,8120,5404,7551,6632,7767,4163,5517,3102,4474,8899,8996,6877,9089,8460,4629,5918,6869,9205,4673,4028,3608,4803,585,1959,1770,9317,3386,7531,3142,452,3618,3092,9436,2311,3711,5406,3189,6620,1349,5475,6252,9562,4563,5040,6522,9679,2208,9777,7094,1033,1972,1264,4403,2230,2853,1298,9880,3799,2096,9911,9940,2667,5046,5453,3685,6576,8090,1052,2727,1440
8538,8551,4338,8316,7821,806,7029,4665,8599,1728,4951,7825,1661,1003,6471,2463,469,1409,4489,815,4887,2061,5376,2956,6987,6501,4185,7471,4133,832,7734,568,5119,2348,5064,4451,5009,5530,2595,8900,8997,3464,9090,4985,1890,5626,5255,8386,5887,782,1842,6738,407,1309,4604,9318,5307,4906,3795,6275,3619,4457,9437,4169,1531,4922,2074,6490,422,1654,7023,9563,2770,3193,3995,9680,3153,9778,4364,922,2890,5643,2668,4123,1176,6103,5718,2160,2498,8523,7328,792,6818,2180,237,1066,5758,564,3972,1143
52,80,118,166,296,721,1758,4799,7504,6516,1962,8644,5403,4004,2796,5592,878,4266,6332,6092,6354,3132,3706,6183,8369,7306,5940,7720,7262,1141,8805,5930,7628,708,1071,7334,6112,7714,6251,8901,8998,7243,9091,6976,7842,6617,8064,9206,5785,3987,2840,5003,2647,2864,3777,9319,7431,6783,5738,5694,4305,7544,9438,7599,2528,2297,2581,5020,1910,3846,1184,9564,4815,1752,4455,9681,5848,9779,1411,5424,7546,2850,7833,6901,3210,7939,5212,2740,5220,9912,9941,4110,2416,6835,5773,6539,7787,1905,4212,4278
198,475,909,3180,6077,6400,833,6697,8600,6556,3223,7192,2795,4007,3928,4779,562,6499,3463,1199,3439,3860,2433,421,8457,7949,4890,6643,6007,838,8328,4172,2574,6372,2948,7481,2376,2788,6554,8902,8999,5949,9092,6257,1598,6197,5104,9207,4835,2099,586,1678,379,678,3803,9320,5151,3115,5852,1399,4354,5435,9439,6226,2611,4864,1856,6679,2651,427,4301,9565,4846,2679,6904,9682,1652,9780,3437,1378,4965,3198,2387,8232,2615,5476,8111,6045,2476,8068,8211,1603,2436,5600,2028,5670,3498,302,5498,2915
38,61,103,147,234,594,1795,4654,7618,7317,7386,7513,3807,2876,5671,2494,6909,2636,7228,4409,6422,2129,5486,4345,8732,7281,2688,8132,3746,1509,7068,7216,6558,7420,4520,6649,3069,6489,6140,8903,9000,7291,9093,6599,5270,8063,7319,9208,7567,1965,2561,2889,1015,2241,4186,9321,5910,6645,6983,1012,4012,7670,9440,7056,4498,5998,7020,4270,881,4135,3306,9566,5802,4109,6261,9683,5292,9781,5188,4572,5324,2663,7103,9855,2094,7390,2775,4925,6269,7953,7758,2211,6214,6126,5488,4341,6858,1466,7497,3848
8539,8552,6117,5986,7879,1055,1768,7609,8601,2046,6444,6638,6700,3245,4642,2275,2549,3698,6133,2344,3723,691,5616,420,8458,5867,3591,7476,5258,259,4560,1625,3877,1557,3814,7654,2407,2869,1117,8904,9001,6757,9094,7313,1048,7352,2552,9209,6850,1244,1017,1726,280,277,4054,9322,2065,6546,3853,4903,2317,3196,9441,6115,3684,3169,553,6661,1424,2523,4891,9567,3209,4775,6286,9684,2224,9782,5265,3182,4201,1538,6635,1666,1148,3654,7965,1709,6213,8131,8400,1998,6747,3835,618,4944,4097,2082,4478,395
8426,8553,5351,3330,6482,895,6880,5205,8602,4197,4148,4488,6282,2137,4511,4149,747,1485,5677,965,4352,1070,3721,1302,8733,6592,3173,7428,2354,603,7051,1212,4946,5879,6744,6292,3980,3148,3133,8905,9002,5480,9095,3797,3793,4760,6174,7946,3868,610,1354,2662,235,1455,2748,9323,2441,6040,4454,1263,2191,2468,9442,7364,5152,6334,2504,4625,350,3192,4929,9568,3170,4641,6207,9685,2781,9783,4434,1783,609,3329,6331,2723,1716,2730,2489,4820,2702,7700,7361,873,6819,1721,742,5836,4865,1950,1505,364
44,30,42,76,123,179,444,1640,5074,5489,3819,6091,6533,5625,4227,7374,5621,7066,7120,6580,5662,3317,7193,1619,8734,8370,5015,8300,5016,3633,8375,6997,7993,3526,7324,7552,6650,7257,7726,8906,9003,7416,9096,4379,6827,7804,8124,9210,7694,5398,1785,5980,4048,2075,5874,9324,6543,7270,6959,6096,2639,9371,9443,7666,5745,1883,7533,5989,2977,5459,5950,9569,3831,6612,6073,9686,1826,9784,6151,6792,7150,5245,7682,7838,3804,7747,7928,6692,7246,8008,9942,5951,5472,6380,4750,7548,5473,2655,7458,5079
299,142,78,27,3,8,35,88,152,390,8623,8645,8282,8654,8325,8658,8662,8326,8438,8669,8675,8486,8042,8682,8735,8765,8286,8778,8787,8790,8806,8493,8820,8494,8244,8245,8831,8834,8840,8907,9004,8287,9097,9127,9136,9146,9157,9211,8336,8188,9234,9243,8387,8445,9253,9325,9356,8447,9362,9365,8307,9372,9444,9482,7832,8448,8508,8246,9491,9497,8153,9570,9603,9608,9615,9687,8515,9785,9818,9824,9833,9838,8519,9856,9863,9869,9881,9890,9894,9913,9943,9952,8527,9960,9965,8248,9978,9986,9994,9999
8264,8454,2554,6124,8025,2614,5503,3530,8603,3720,5227,7745,4612,3609,6760,4085,1702,1940,4246,897,5080,908,3957,1478,8488,7242,3922,6774,3378,505,5970,522,4947,3548,5844,6409,4296,5972,2236,8908,9005,5393,9098,6916,4708,6211,7159,6633,4900,1045,1290,3300,201,1133,1929,9326,2619,5422,1911,1131,1907,2462,9445,7279,3491,4822,1134,7102,572,3594,3629,9571,2779,4116,4088,9688,3052,9786,4767,1954,677,2306,7209,4916,1245,3038,6729,1970,1520,8021,7280,1116,4299,1101,1195,3241,7371,1407,4607,254
5484,6923,3075,8103,5963,1854,5055,1590,8604,1479,7236,8173,1412,1776,6712,5400,772,4818,5217,921,4017,2307,5179,3445,7690,7871,4032,8044,4541,1315,8492,877,5658,2967,3522,4840,3865,6868,870,8909,9006,2735,9099,4036,2308,7344,6563,7950,4931,788,2320,6838,203,1759,4562,9327,5197,7347,1858,2645,3981,2980,9446,4754,1675,5114,2016,7571,491,1877,6870,9572,1707,2907,2758,8513,3424,9787,1996,1287,1193,5942,4267,5817,1294,7188,7517,2262,2432,7770,6407,602,6506,2140,519,1059,5551,1279,2604,369
133,167,227,471,1076,1885,3166,4141,8180,7012,5506,8181,3433,3103,4445,4790,5276,5927,7318,5048,6941,875,5791,1270,8736,8016,5021,6483,4694,1360,8329,6658,7312,2182,2752,3864,1887,1921,5160,8910,9007,868,7473,1398,7646,4578,8028,9212,1914,1722,787,2053,2035,1405,2589,9328,6911,5996,3247,5751,4630,5496,9447,8159,3565,1122,5888,7903,3617,3289,1737,9573,5569,1210,1040,9689,5762,9788,2798,1246,6781,3079,2456,8233,1501,3873,6666,4851,4397,8114,7231,1282,2474,4994,5601,4726,3874,1443,7791,5223
95,45,17,15,46,100,153,292,1469,6235,8136,8646,7275,6193,8106,5642,6159,8157,7792,4049,8364,2478,7530,7796,8737,8766,7286,8779,7809,4446,8807,4710,8062,7018,7994,8175,7864,7973,6542,8911,9008,7629,9100,7260,8380,7606,9158,9213,8125,5659,6064,7155,3985,5902,7980,9329,7038,8230,8388,7532,7397,8261,9448,9483,4819,7828,7314,7876,5215,7423,7963,9574,7179,7660,7769,9690,8080,9789,6876,6246,6009,8517,8319,9857,2054,8029,9882,7644,8099,9914,9944,4868,6918,5725,6305,5247,9979,6731,7210,3232
2695,4723,3978,7650,5313,363,5167,7435,8605,1404,6006,2256,6259,1704,3228,6158,483,2153,5975,2186,4758,1831,5260,1215,7897,7664,5554,4583,2447,680,7868,2138,7224,1871,6196,6906,5366,2292,3824,8912,9009,5449,9101,5434,1384,7055,5405,9214,6903,1031,1901,6294,439,820,3000,9330,6295,7447,6175,2565,3988,2200,9449,5240,1789,4964,3041,2148,214,3645,4651,9575,1622,1593,6074,9691,975,9790,4328,2003,2582,3614,5500,4573,1500,2302,7295,2146,4842,7303,7779,2100,5697,3511,388,1438,2603,1016,4966,867
127,71,22,9,12,57,106,169,581,5374,8435,8647,7627,8361,6802,6701,8481,6752,8456,8255,6171,8283,5521,8405,8738,8767,6254,8780,8270,6812,8808,5801,8011,6487,8148,5924,7360,8122,7974,8913,9010,7482,9102,9128,9137,9147,9159,9215,7287,5979,7033,9244,3320,4310,5957,9331,7405,8305,9363,8158,8340,8308,9450,9484,7704,5323,8450,7727,8510,8004,7226,9576,7798,5578,9616,9692,8065,9791,8467,9825,9834,8128,7891,9858,7793,9870,9883,9891,4776,9915,9945,8312,8403,7166,8009,8453,9980,7795,9995,10000
2953,4798,1999,7559,6132,1002,6230,2197,8606,5267,4256,6789,2509,3911,4545,740,1296,5317,5253,3144,1132,662,2910,3294,8739,7453,2132,7288,3621,400,6795,4574,4533,1179,3984,5321,2837,4108,4785,8914,9011,1476,8002,2073,6651,2927,2661,9216,4363,1585,1018,3013,1576,1793,1927,9332,5737,3321,3333,5839,3059,6569,9451,7368,1192,4357,5968,5829,1782,994,4594,9577,5331,1532,3203,9693,2950,9792,2006,1586,1969,4983,5571,7496,906,6391,7302,2460,2526,7128,8058,2245,1735,3876,1881,271,4979,232,4107,1912
526,1222,1649,4588,5505,775,6365,6698,8607,3429,5891,7259,6203,1255,3939,3735,4344,2517,4643,2593,1718,977,5759,3194,6669,7539,4549,7454,4935,835,8809,4927,7168,2390,1834,5634,5044,4382,1805,8915,9012,5705,8018,1230,4565,2520,2225,9217,4050,1339,1976,3187,1236,894,3376,9333,3129,3352,3964,704,4414,4691,9452,5651,1786,5071,3257,6389,1077,3753,2671,9578,4874,2638,2801,9694,3457,9793,1975,770,3997,1840,1511,7486,1600,3566,2274,2706,1525,7722,7426,1720,3554,1643,1095,4653,4933,1859,626,1358
6965,7863,3319,6895,7783,3505,946,2564,8608,3791,1846,7657,3938,834,6236,5042,6402,6046,6579,2346,4342,359,5049,405,8740,7807,5610,7255,5130,639,6272,1160,2871,2444,4778,6675,3640,3544,655,8916,9013,5494,9103,7735,1894,7925,7463,7590,5688,1319,1163,1092,281,814,3220,9334,1714,6135,892,1387,1606,3946,9453,6989,4592,5700,2031,7113,1402,1518,5069,9579,3022,4112,6709,8465,3613,9794,2625,2705,758,5560,6862,3575,1613,4495,7764,2347,2996,7557,7771,1423,6820,2411,2936,2027,7340,1632,7341,182
7400,8102,2620,4543,8135,1943,1102,4404,8609,3389,5294,7931,1566,3342,4977,2516,4367,3177,5806,2879,2503,733,3955,560,8439,1886,1579,4387,4899,333,6108,1554,3396,1280,2087,6356,1334,1630,3418,8917,9014,6256,9104,3016,2382,7021,6095,8461,2599,732,283,4427,294,1308,4678,9335,1211,3695,5273,6547,932,6570,9454,6798,2088,5136,5146,6125,3050,3816,2690,9580,4152,4026,4315,9695,1618,9795,3650,3269,4904,2438,4076,4734,1563,6122,6177,2356,4176,7074,8320,3003,4735,4401,3705,3159,7683,193,6049,1001
50,91,138,204,579,1711,2188,5383,8432,7919,7968,8648,7293,6106,6336,7815,2294,7577,7940,967,7194,1552,7305,2257,8741,7979,4485,8327,7640,2273,8185,4866,7148,7000,5782,7579,252,7158,7108,8918,9015,4792,9105,6623,7836,7961,7962,9218,4325,3542,1240,1684,1589,1960,5678,9336,6024,7887,7669,1658,3339,3510,9455,4942,2151,8206,4972,5211,636,1241,7927,9581,3855,6233,7813,9696,6130,9796,6374,2501,5030,3545,6137,9859,3088,6641,6814,3661,6655,8353,6693,1771,7912,3175,1350,4805,6840,331,7511,2527
112,159,184,619,1816,2862,7126,7401,8610,5268,1781,8169,5171,6328,5805,6316,318,7442,5714,1300,6150,3923,6084,3146,8742,8073,4901,7602,6597,3675,8810,2701,3138,7206,6644,5335,2391,4682,7381,7472,9016,7462,9106,6318,5059,2298,7716,9219,2365,5145,1454,5158,2940,2471,4519,9337,7422,1530,7543,6601,4223,1233,9456,5418,6341,6362,3275,6780,1039,779,5681,9582,2159,6243,8463,9697,7348,9797,6878,7271,859,3374,3890,780,807,2842,8392,7146,3552,8420,8401,474,1185,2258,1577,4316,3836,2533,517,3051
8540,8554,3707,4070,8557,3062,3301,2394,8611,3837,5284,7999,2725,3395,5216,1157,1542,3225,3484,1171,5355,768,5261,567,8743,5063,1895,6831,5359,219,2920,802,4330,3285,5142,7058,4179,3719,1991,8409,9017,5195,9107,6735,2174,7446,4736,8334,6728,667,1165,2835,200,1084,4534,9338,1188,3338,2449,5903,826,5135,9457,7354,5132,6319,1034,7451,2836,4373,4892,9583,5665,4058,5657,9698,4399,9798,2698,4037,4303,3951,6247,1581,1362,5078,7011,2039,2536,8310,8423,1229,6076,1792,755,4914,7625,332,4243,436
641,1769,3276,4220,7668,5339,555,7042,8612,7464,1364,7708,6022,4517,6420,3740,4329,1982,6462,4689,6038,745,4556,325,8744,4671,5638,6996,6541,394,5387,538,2324,3243,3527,7685,1545,5779,1503,8919,9018,4913,9108,2404,1558,6882,7363,9220,5298,969,440,2917,314,507,3888,9339,1105,4968,1331,5116,995,6289,9458,7681,4969,5612,3279,7534,1794,443,2543,9584,2951,4113,6463,9699,2319,9799,2792,2369,3889,5567,6621,7671,2870,7035,7518,2832,5148,9916,7172,4787,6190,3704,6090,3214,6759,428,2546,713
89,135,176,391,1152,2083,5224,2253,8433,7373,5870,8649,4538,1968,4905,7408,2243,4536,6195,766,6155,1420,5461,3805,7459,7652,4539,7692,6147,2415,8811,2710,7604,6317,5218,7174,1745,4413,3959,8920,9019,6329,8378,2757,4265,6429,6762,8202,6943,2480,3239,1110,2587,1547,4590,9340,7611,6514,6900,7484,3568,4351,9459,4610,2368,4681,2771,6742,2817,1327,4530,9585,5111,2169,2623,9700,5389,9800,4493,1568,2042,2596,2288,8349,1226,5803,6982,3397,4477,4801,6694,351,5767,2861,2131,3215,3833,1984,7418,1574
93,131,173,321,818,1869,3394,6842,8093,4002,4355,8650,3034,2457,7774,6433,5491,4062,6058,3446,4825,5034,6565,3141,6093,7738,3658,6255,6707,1007,8812,3958,6085,5345,6648,7527,2364,2753,6545,8921,9020,7197,9109,6039,3592,6813,3918,9221,1074,3550,936,5077,1985,1751,6981,9341,7039,8095,1855,6168,4024,6912,9460,5097,1635,6930,1655,7822,811,4762,7301,9586,4784,5165,3757,9701,4747,9801,4339,693,5385,5373,7310,9860,456,8066,8417,1299,5305,9917,9946,898,3074,3391,717,4208,7452,570,4838,3271
49,81,130,164,290,670,2466,1699,7593,3774,7254,7311,6397,4915,6751,3254,3940,2047,5859,4771,4717,2417,5169,2926,8745,7100,5907,7808,4467,972,6928,6557,4043,2259,3785,7713,3813,4447,4442,8922,9021,4571,9110,6525,5944,9148,7345,7540,4955,3806,3519,5110,1868,3372,6387,9342,6351,6618,1696,7249,3040,4733,9461,7450,3139,2881,6769,2049,1966,3224,6970,9587,5368,1732,5834,9702,3343,9802,3310,4631,1437,3536,6636,8214,1638,7814,8393,3828,3952,7893,8402,4499,6952,4022,2891,6938,6154,2329,4317,2648
202,431,748,2120,3047,712,6749,6940,8613,6005,6732,3363,5615,3678,2676,1205,760,890,6626,2326,1723,966,3921,2270,8746,6221,4716,4902,3489,596,6704,1578,7414,1599,3710,6825,2886,4268,3501,8923,9022,2664,9111,2453,5846,5502,5973,9222,4375,1082,1328,3950,727,1992,3942,9343,5730,3772,5123,7233,2286,6768,9462,7245,3920,5277,5303,3970,612,4459,4652,9588,4390,4722,4501,9703,2175,9803,5407,917,3278,4162,6956,7786,2105,6574,2895,3185,2694,6972,7918,3039,2001,4347,1435,4178,3292,274,5248,1853
39,60,99,149,231,624,2123,4516,7697,7676,5262,8651,7560,4693,6216,6935,7651,6491,7498,2979,8162,1553,6479,2776,8747,8768,6099,7514,7525,1408,8198,6172,7072,4199,6873,7461,5109,5264,1499,8924,9023,7449,8379,3229,3673,5413,8079,8335,7131,1170,1477,2121,512,1645,4873,9344,3105,8164,6041,1506,5214,6268,9463,8139,3973,4057,2124,5226,2540,5101,6071,9589,5666,4463,6515,9704,6464,9804,7370,4369,1072,7320,5399,8048,2216,6531,8067,3979,7105,8397,9947,5532,6994,5679,5548,7261,7899,4106,8070,843
8472,8555,5013,3172,8404,736,2098,7639,8614,3571,6427,6725,3787,3167,6478,1657,1337,1825,6322,3151,5541,611,6079,561,8748,5126,2944,7672,4806,224,5796,3273,4497,429,5334,6856,1502,4194,4003,8925,9024,6179,9112,5908,2038,6386,2440,9223,6182,694,651,1345,256,679,4349,9345,1342,4602,4921,4971,960,7110,9464,7438,3414,5210,4420,5299,1079,5230,6480,9590,5586,3470,5144,9705,2686,9805,3377,2228,5604,6382,6794,3665,1403,5452,6189,2512,4406,8275,8470,3872,2749,4160,1218,1810,6273,239,4479,330
728,1725,685,4926,5804,3999,7276,1556,8615,5991,3563,7013,2104,2849,6283,764,627,3416,3623,729,2171,2139,4368,3450,7677,7201,2708,8007,3714,1004,7942,2190,5959,1817,2559,6492,4260,3199,3887,8926,9025,3110,9113,3085,4496,5428,5565,8259,3435,1677,1219,4129,689,1762,2802,9346,5429,3562,5259,2637,4047,5543,9465,5960,2810,3131,3009,5640,488,3525,3056,9591,3660,3298,4810,9706,3340,9806,4394,1848,5005,5070,991,7215,828,7115,7292,4875,4105,6931,6917,1369,4077,1025,1449,403,4670,329,3503,1920
8155,8475,1836,6392,8476,2597,1659,2033,8616,4547,3839,5319,5150,1866,6551,2269,1701,4323,6821,1086,4410,653,3145,583,8749,6280,4271,6844,4728,284,5213,862,5534,2761,6224,6937,4505,1169,1011,8927,9026,5181,9114,7477,3104,7827,5729,7740,5067,746,1514,3615,205,715,3767,9347,1813,7478,1668,2737,2118,4010,9466,7607,4550,6044,938,7394,900,3328,5982,9592,4372,3885,6664,9707,1182,9807,4816,1483,1753,4168,6807,3171,1615,3315,7592,2513,1777,8524,8030,1863,7028,3452,2321,2978,6198,891,6657,298
7955,8322,6377,3480,8317,3398,1472,7566,8617,5711,6327,8000,6577,1733,1497,5819,4895,6421,4422,2856,6013,357,2539,366,8750,6367,1680,3249,6296,225,5614,2423,4027,3423,5164,6120,3108,1475,1800,8376,9027,5457,9115,6826,2213,6778,3500,9224,5203,1913,981,888,249,500,2968,9348,563,6962,1617,2357,983,3428,9467,6521,5032,3420,1093,5684,1935,3158,5091,9593,4943,4773,6680,9708,3717,9808,4060,2371,2888,2109,5613,916,1473,1366,7857,1064,4509,9918,8526,2677,7190,3570,3761,3983,7633,2231,3838,542
220,514,1058,3120,5552,4526,2395,2009,8618,5007,4812,7984,4322,637,3413,945,3027,1670,3438,1401,2327,2117,1693,3299,8751,4910,3792,7092,4289,1051,6958,2762,3933,5022,4348,5511,2206,4059,5102,8928,9028,1174,9116,4384,4885,3509,4949,9225,2860,1708,794,3844,961,1021,1428,9349,5239,5909,4952,1231,2617,4065,9468,3520,3485,4134,4066,4415,1899,744,6142,9594,2993,2738,5112,8514,4219,9809,4502,3201,3083,3731,6304,6413,2119,5703,5605,3093,952,7350,7558,2976,6549,4126,2026,3222,7788,212,5362,2470
504,1091,1791,3758,3341,328,6871,7582,8434,2847,6445,1964,5777,3344,4279,3303,1391,1129,5923,2134,3156,722,6797,1513,8752,7659,5650,5929,2492,441,7766,3112,7598,980,4577,6161,3904,3634,4963,8929,9029,3601,9117,2166,5966,4522,4392,9226,6303,979,1765,3524,529,1032,2972,9350,5182,3906,4115,4557,3820,5004,9469,8204,3573,5367,4554,4482,361,5174,3369,9595,3871,2500,3534,9709,1177,9810,3535,1389,4986,3909,6048,6773,1851,5108,4146,3161,3311,6849,8022,2248,4314,3606,725,1353,1983,1127,2204,777
8473,8556,5338,8023,7549,6800,3011,6667,8619,5828,6550,7583,5580,2586,6540,5025,1489,6985,6867,404,6060,530,5934,303,8753,7883,5850,8301,6811,448,8229,6776,1809,1022,6139,7642,210,2322,5978,8930,9030,5238,8411,3738,2150,7499,3626,8502,6219,3686,243,939,1123,985,5421,9351,4481,5474,3123,2309,928,4702,9470,3975,1815,2981,2899,7643,543,1024,7456,9596,4128,3387,5969,9710,841,9811,5041,424,316,3688,6695,7717,2505,7728,7356,4794,6001,9919,5993,2726,3961,1206,1427,2289,2880,539,6922,4950
5526,7290,6631,2820,8558,1250,2331,7830,8620,3282,7118,8032,2562,3106,3469,1823,3681,3644,4288,5075,4297,317,6544,348,8754,6921,1135,7437,6347,216,6205,2807,3258,382,6250,7959,1186,6423,2284,8931,9031,6955,9118,6605,2884,7489,1567,9227,6606,1527,737,464,275,714,5717,9352,824,3468,1891,6944,1451,7528,9471,5756,4804,6290,2250,7220,1904,3891,6469,9597,5906,4997,6771,9711,4215,9812,2922,1884,5033,2772,7721,4627,949,5483,8112,1713,5477,8276,8424,5062,3351,3537,1852,2445,7537,506,4503,320
4332,6630,4143,5800,6571,6032,566,7129,8621,7427,4897,7167,6881,3206,1301,2789,5176,3181,5568,4008,2558,265,5377,426,8256,6810,1067,6914,4564,244,4561,4362,2544,1540,6553,7972,798,3109,3941,8932,9032,4492,8412,7015,5328,7585,2827,7906,4704,5310,650,2136,253,686,4298,9353,1257,4786,1989,5440,2059,5875,9472,3585,3404,4147,4996,6689,647,1464,5649,9598,2825,5287,6710,9712,3405,9813,559,2287,950,1857,7054,2744,763,6808,7519,2629,4204,7357,6602,3576,5092,1939,3183,2085,5054,854,4855,2939
