0.124787748536756	-0.0473696491697197
0.67463501383472	-0.100100332121466
0.683216466557974	-0.130898848359264
0.0716500275461337	-0.0108950609326169
0.352736648048585	0.0685650398571239
0.354494602077137	-0.202635814189192
0.548073201353589	-0.134636984730759
0.527774782674782	-0.0759202099345842
0.671764783657696	-0.0473834272876001
0.529859535795676	-0.104039724036062
0.00103732629020242	-4.07143312185459e-05
0.554830710220932	-0.0206217686983622
0.676233733342629	-0.0137201321499654
0.60428962189105	0.0336429119418193
0.660999756994322	0.0117918680518926
0.0713259127963906	-0.0333620286305244
0.681898787711381	0.0120666828838444
0.0402117566894073	-0.0183395699991759
0.690710150388905	-0.00580392942575476
0.471194884224908	0.046575060428556
0.67793009709689	0.0173814785448206
0.0389046191965777	-0.00903881200818417
0.0623927870692391	0.102257621450885
0.385366703895255	0.0392566495226084
0.0484396538444284	-0.00678371485221522
0.674798513146573	0.000858145677823945
0.591884447537925	0.0298128744872035
0.0694964480553803	-0.00206059501925931
0.398406100947564	0.032347185162156
0.672990882327839	-0.0894834405575816
0.656156671764242	-0.0212774122181053
0.0376342698776045	-0.0199648633597233
0.155987238678458	0.0701430403768818
0.25684490759202	0.0835412332618728
0.25199262638439	-0.0267977197098861
0.555975507917002	-0.120006431323365
0.0193443624326973	0.044923083373098
0.485412544299725	-0.057799879239194
0.62464215468111	-0.00718439083160611
0.688484927578225	-0.124960483778145
0.154777663046352	0.102119896276615
0.687499566682969	-0.00198796431835013
0.679047822146978	0.00532408044417406
0.145412234111413	0.0684002648026314
0.636659009931471	-0.0622701700550603
0.627632403215555	0.0111837679034006
0.0136573945374924	0.102464713879243
0.568548544907188	-0.0151720005962729
0.525346840425388	0.0720851131686698
0.592761651471093	-0.166673412333956
0.568859501598887	0.0012870370760637
0.357368255411705	-0.0712662627994163
0.678109388516832	-0.0350449408913038
0.676992203510744	-0.12695249525671
0.694092276380791	-0.0337457686981358
0.574556586548148	0.0033553722226769
0.610900493830341	-0.0700409608325608
0.0976899242029515	0.152567561607296
0.450651620160561	0.0746923474881842
0.568849006125446	0.0315050853127549
0.015214234175826	0.171211761100151
0.270069371651942	-0.0153891004593667
0.423937307729822	-0.0840996483238194
0.0351635898938518	-0.0175756679257282
0.618819914488658	0.00107646644913152
0.572678745438668	0.02459560322454
0.612897311450223	-0.0298159574715182
0.00641352491453673	0.0647209126327823
0.674772432288636	-0.157984554099201
0.108963664850833	0.00221055496559323
0.008268660619576	0.0433191315049924
0.687830824422791	-0.0500387925346246
0.687723826221139	-0.00373241846634761
0.0745508780904793	0.0900875516235216
0.68738703349686	-0.0857239197079927
0.315260828938916	0.0830106792952225
0.436401190963105	-0.115024542769839
0.351230668403335	0.124089979581841
0.00492423664513526	0.0243031007373078
0.150228656822882	0.18992017929829
0.0355419918330575	0.0295650030709721
0.328114668724946	-0.237907678641324
0.539626407790565	0.0229187631886612
0.619088399328321	0.0163400913287696
0.607659408506292	0.0274593459360697
0.283835550496168	-0.0562764219630668
0.668265359109346	-0.143679963730934
0.152506006408946	-0.0211774902331556
0.0471971950727054	-0.0284170367736799
0.00780278754926578	-0.00043083440097975
0.685779463986258	-0.050318169698747
0.700916759952833	-0.425809626141129
0.0221885978089095	-0.00922093624902779
0.331091867116148	-0.0802955648429263
0.44164425329276	0.0963832769644695
0.625387210529815	-0.0958483293420735
0.618452687872936	0.00501117587781158
0.685914567417927	-0.00179508546585946
0.0252935304503924	-0.0106416758880721
0.312994420094272	-0.0326362820747239
