0.418452447072002	-0.402431132049584
0.0642056900342238	-0.0552899939476888
1.65313733267159	-1.36201345219054
0.575980434180633	-0.492414828253039
2.14039289120095	-1.86478547143879
0.257161059486594	-0.25236875156143
2.51597296980648	-2.15825020722324
2.49878998499957	-2.12992963908651
0.217748384954146	-0.214661870555906
2.33632544352177	-1.94253314829772
0.241810955044679	-0.238789060892917
2.07764148741317	-1.75982115264892
2.38273081273985	-2.00970144436405
2.1868152854533	-1.82792201385335
0.140683406522921	-0.105543069617224
2.34250672148784	-2.06781472962087
2.35367804055018	-2.03382631554967
2.48814768386608	-2.1259551507542
0.0911214365047352	-0.0758215232737172
2.48356316445667	-2.09948976729881
2.17933083568838	-1.80825042823815
0.23473799887905	-0.207772755791358
2.37065052178063	-2.06045271694961
2.48792728870855	-2.13397516463153
0.146565168445513	-0.131876662798081
0.0389404522416869	-0.0335153369357124
1.78500371160022	-1.53040341578588
2.47594172736464	-2.10657857935937
0.124341901515308	-0.112789101532704
0.355672593664798	-0.340087628481398
2.47686850768399	-2.11263295588364
2.47300398393209	-2.18247554993725
0.195003169857156	-0.168763755447188
2.42684435848811	-2.06157402861759
2.44959455239972	-2.07287492856047
0.244256764248643	-0.212889319066641
0.138369441143106	-0.104411865902047
2.17498435099218	-1.92388647314194
2.33313130980178	-2.00675631766205
2.39002822366887	-2.0238152091562
2.42565841808379	-2.06608884472472
2.44368345576807	-2.04949079971544
2.44010356622744	-2.10863781340414
1.6326984173328	-1.4251253192475
2.46617496716001	-2.09788952075869
2.28145768174712	-1.90637569024689
2.08419311396481	-1.84779704294447
2.13240882012434	-1.74691106027312
2.21018156845903	-1.86953180488396
2.08170929989148	-1.71272704942898
0.5182492592072	-0.457361280855465
0.182103867401237	-0.17694627505303
2.31913563547642	-1.93280493359129
2.25807277255791	-1.85803008210496
0.688699616469631	-0.683010648392705
0.612894843487112	-0.543561556550898
1.10368181312419	-0.996217100044057
1.40060850539403	-1.19696988244848
1.20081174923078	-1.08425448981061
0.527670749387601	-0.363061033778555
0.379856050320455	-0.344660607349527
1.53304231803224	-1.36041503429962
1.61780260253977	-1.42058296697415
2.14402954926504	-1.79372905204283
1.26722440300057	-1.05594641226531
1.12886326523557	-0.95504777583155
0.272351694690179	-0.249850243207983
1.10065362140032	-0.929745091515084
2.4956555742815	-2.133662100769
1.9290760802338	-1.5902078158137
0.0647756080393464	-0.0536990557169532
0.110404154843232	-0.10058969035751
0.105867498288591	-0.0899339514320959
2.48982291357961	-2.11419935789117
2.50248578990029	-2.12414834752327
2.52813206305837	-2.17757536708853
0.517024842618029	-0.393773408063614
0.152774895882456	-0.140050517293966
2.23992065096009	-2.00058060767491
2.27611119017539	-1.91167350364604
0.199265311148162	-0.200472318572951
0.371023241821821	-0.352850184238378
1.91910445285149	-1.58334938246477
0.341052192590889	-0.325095081536268
2.36652228559114	-2.06112561681256
2.02885189714649	-1.88613071248853
2.08393480320972	-1.74638406115074
2.11178545440903	-1.83940723670742
1.7202486088868	-1.51968886033153
0.212091328879183	-0.195739130135046
0.433525413657584	-0.399892143014035
1.92040635754857	-1.60984743051331
2.04155707327021	-1.84711573038234
0.923690530969182	-0.84405375322026
2.45615403730725	-2.04684665023307
2.34540050676243	-1.99026464301438
0.552187468603253	-0.508665631661681
2.11673323849343	-1.75229762755761
2.40762415788019	-2.08704087155824
0.311976470883428	-0.281291065270066
