0.716253563349763	-0.45395680717342
0.506002462681778	-0.31991327645666
1.24754240917231	-0.845957597758244
0.876069363713865	-0.620389136204253
0.350380139517909	-0.229721632043054
1.32386163319385	-0.864030863037496
1.00380563733243	-0.62111097181464
0.771576053481239	-0.512643736011563
1.33892837459328	-0.930672617668472
0.496202189509421	-0.363726734194089
0.666608000314822	-0.500761141509606
0.571793856043008	-0.405399405483151
0.688056020970468	-0.49922722231167
0.819065825885148	-0.570566637825752
0.408948593902465	-0.340801099862089
0.673733855952552	-0.499580790993633
1.20617063816139	-0.813531437229024
0.560279294766936	-0.416897003293905
0.626990863014638	-0.326498846815526
0.942070632665326	-0.741374042276255
0.591515828532313	-0.43836075272414
0.71658014996477	-0.487280379807369
0.904950051829773	-0.593574044967426
0.836000811605799	-0.638949701135678
1.33272176639501	-0.938199227765121
1.34325902328704	-0.929199040502873
0.740265266267443	-0.508165720990775
1.07170332552584	-0.749138857533991
0.382012200398701	-0.298177584547344
0.249605731007411	-0.150066340458716
0.777531475240619	-0.554191469163223
0.818114407986499	-0.538126653243431
1.47666693136377	-1.02670415529898
0.700980168007006	-0.450001633062426
0.579762896808567	-0.389776134344213
0.718196941550095	-0.557651477659431
1.23773564936104	-0.839612355769009
0.0660383812684006	-0.0551747489621378
1.36849806916832	-0.986908641560081
0.557574078542193	-0.396556763783003
1.33360304285693	-0.909856995517391
0.218865551704247	-0.19369274671518
1.13198925358312	-0.776249049955401
0.0897139026983357	-0.0648078852015039
0.367903712994918	-0.301942393321218
1.13013458303372	-0.780957085576113
0.480474174743347	-0.260626613833856
0.372903696581834	-0.256346194928408
0.935995934115926	-0.549215895258013
1.02330189541476	-0.622649153054521
0.50169738064473	-0.333746005119686
1.12634342668089	-0.761628297752322
0.802450043874565	-0.484983687623195
0.933430086645213	-0.595181166447808
1.13924067488806	-0.723675218468964
1.23336564521348	-0.8873794254993
0.546453440520333	-0.461059211273106
0.228874683814067	-0.16401358600278
0.0887193936632512	-0.0640105261499466
1.35686573071376	-0.9506401642783
0.156897198691229	-0.141191104529797
0.384148812171885	-0.238952072374186
0.591730055262966	-0.410859050522625
1.03172876509035	-0.722517005515436
0.492113573590951	-0.293518795096247
1.05543187208614	-0.743796538300447
0.191088153957077	-0.140479924221714
0.114406936461987	-0.101040909902496
0.559205086788305	-0.386427471690136
0.17290996994541	-0.130589350126722
1.39844130339016	-0.958472915654532
0.650328163047272	-0.435780424583535
0.506377813112446	-0.33672750920261
0.0962685062881575	-0.0756515671030967
0.796579065166005	-0.486494399095542
0.165118577354878	-0.109349658303818
1.28318250427479	-0.883746758986512
1.03904101925608	-0.686441275059086
0.559834446052357	-0.381440118127048
0.817288638873831	-0.637300024373548
0.936561357768686	-0.675073979086377
0.654187437216541	-0.436970072686925
1.32834562207665	-0.916000076856727
0.208335278013406	-0.138146790329242
0.769383258408172	-0.491319999822559
0.809053353725487	-0.416048858361569
0.162720564869504	-0.159866276663703
1.14938186165548	-0.735227271886817
0.178866855108036	-0.14129593758227
1.33702591050739	-0.870764467632897
1.33679244543652	-0.923797017576024
1.29039869335531	-0.906167426144114
0.115041689283192	-0.083014947747299
1.06558378582906	-0.751494311588576
0.134440587967363	-0.0858598945442968
1.15636575745877	-0.768070557443587
1.03813073864419	-0.694682772858052
1.29028196954175	-0.875215237531813
0.0670744216963096	-0.0554816616491494
1.22846183292559	-0.824201474879177
