1.43892226874011	-1.4553147447893
16.4275031764254	-16.2511915113768
19.3193656257337	-19.0409265058637
16.7627570900466	-16.4613063125332
2.58007826797599	-2.62132492620661
22.1673451121686	-21.9359932257271
25.3505519216267	-25.1731584080201
22.3576135234239	-22.0628593475185
12.4894458479896	-12.30569051297
8.8987389861053	-8.74903778124738
2.36128085972714	-2.33982083627072
1.73714484412012	-1.73309778433934
23.93532368407	-23.701912976717
25.2369568368156	-25.0363334850797
1.90643109516702	-1.862537220079
2.80045420504296	-2.78878675016602
25.1818521155269	-24.982029718179
2.29218730838302	-2.27695549219504
24.4541274188567	-24.202006191062
0.384660338411042	-0.375028443608432
25.4760486129109	-25.2752165789686
2.69097625768104	-2.63935836129636
0.660378055569736	-0.6468684355952
25.540255984695	-25.3911499175647
24.887541913929	-24.6534356978592
24.8862224915103	-24.6789453475083
1.90653803863513	-1.89878451888759
25.8022123036739	-25.6256285788637
21.2994237411885	-21.0073066746307
6.61297915278993	-6.64975244078969
24.9382311491624	-24.6963803518359
1.13911939430652	-1.11070174605051
24.8970935327884	-24.6821158676051
25.3075696671906	-25.123038570172
0.595269956860432	-0.581643096213468
22.4908869786727	-22.2607893803341
24.4379846123242	-24.2650884589906
13.8139970476337	-13.6667820439425
19.051892736663	-18.8119174052688
24.4814950798115	-24.238280962719
5.71464851920673	-5.73091009059281
0.196020454038431	-0.198483416548075
4.82955470520813	-4.83386996702962
20.4901496786397	-20.2261730321074
24.3442849235244	-24.1000537492508
23.9797469391293	-23.7803106210721
18.9539625081257	-18.6550162795614
21.8877684145306	-21.6288317599574
25.085449285291	-24.8857905222348
21.1540304357055	-20.8868823974165
21.1679043659563	-20.9117269095292
2.39095243854214	-2.36629226211169
20.349560275434	-20.1673521276194
24.1106622758585	-23.8956019888769
11.6040095741502	-11.4357913339972
24.8033698457659	-24.6373987937612
0.695951607295763	-0.693930136323436
16.4309581804974	-16.1429064538309
24.9457128631576	-24.7082553447556
6.24798680835069	-6.33576551932294
20.0415299501155	-19.7609270635184
11.6411915451326	-11.3798657367107
18.7930762142258	-18.4568936469789
17.3248493719248	-17.041380931297
1.87723054099409	-1.88778979217271
24.6175769866591	-24.4035922457021
19.3259445835466	-19.0866070293618
0.169209246366612	-0.161879134375106
25.1334226454314	-24.9267915182702
24.2184779913076	-24.0320517816484
3.9342306808652	-4.01059441240891
23.9558200532963	-23.7266166863202
14.0434400755963	-13.9108146918219
24.8848357580482	-24.6956912960051
25.3993005217591	-25.1899835398664
18.2717264552435	-17.9991528297354
1.919035388962	-1.9059093338338
5.36829919534317	-5.4188810421377
3.96792983357477	-4.04953063264102
24.9765765102945	-24.7856969147328
21.2442400396003	-20.9908715044187
14.6563641760118	-14.3793774407053
22.0548048001485	-21.7750115477066
1.86068381486232	-1.87602484197286
5.38644717478401	-5.2790480417423
23.5613968857727	-23.3416448707913
20.585973213732	-20.3180500128789
3.50092886594207	-3.45569165635924
24.2966802444827	-24.0604656979077
2.37932297626116	-2.39012329297186
5.41356266414829	-5.46662271843422
25.5454540424424	-25.3751486019013
0.638987951819498	-0.63279411479523
4.12599280576755	-4.10170613490595
5.64696738239011	-5.74808135233163
14.4622670046808	-14.3454781465976
25.2828061169186	-25.1055321936821
2.32787249657324	-2.36213778323298
22.3145332650276	-22.0376322074152
22.2528574133649	-21.9645104053203
