-1.15105426928121	1.15496056166531
-1.55162315676571	1.60614675344722
-3.00104108680294	3.14176520433124
-2.10827653784695	2.1740381844852
-3.46957887789121	3.63463648523947
-0.169619289984447	0.18579298725648
-2.48459974411662	2.87638461419958
-2.11491703387817	2.23962868869227
-0.427904504313867	0.420843108915649
-2.23689561488361	2.37404669582388
-0.108904669962354	0.110878035387504
-1.38892043709589	1.52551103575187
-0.10753578362314	0.128061674868943
-0.100046756259909	0.110914545795597
-0.06501371644723	0.0654957746795101
-1.10053730048965	1.16541314297741
-2.08039047990318	2.2030279581937
-2.75649550636071	2.97875796559994
-0.31482852737438	0.330839749117955
-0.03315924895455	0.0349024620971171
-1.79684268320753	1.64837553268025
-1.98978563349857	1.92518761333581
-0.911269875063826	0.920605803436657
-1.12723647370851	1.10420051414321
-0.632536353475606	0.650643896622633
-3.47252619078876	3.68183519271918
-2.7681322383027	2.91661154139066
-1.68442634814247	1.77325298809291
-1.22404679039903	1.2768962256145
-2.57215861222477	2.71871689830181
-1.12804269149104	1.20559449349113
-0.0950923586797945	0.0987802283567829
-0.874951818776868	0.943249754027711
-0.581757888623876	0.612939410122706
-3.36508681752825	3.61311216835065
-3.0778031984208	3.25322652602503
-2.96890667494832	3.2453711474068
-0.450707245727098	0.468405364724407
-1.03861341573427	1.04991645366139
-3.27142794294337	3.47491475310724
-0.95148305787937	0.939381057124463
-2.8064256975796	3.05691321048415
-3.0898447859041	3.29651227774083
-2.45868750294245	2.66493439855061
-3.33658781787735	3.5312031652483
-2.37894475016198	2.59730521977371
-2.87995944109198	3.13317958364544
-2.53388118431273	2.79025431188884
-1.81950837019488	1.97833289579263
-1.39477578205292	1.40912758408146
-2.55828842370487	2.83074400006048
-2.97952676710526	3.26044641056671
-1.49439318035924	1.74150160027191
-1.10650226881563	1.18213065707669
-3.27021906686497	3.39924711063102
-2.48091364573633	2.49391928621572
-2.34614759384429	2.32203992826169
-1.83113046979349	1.83911852593861
-0.494773602154858	0.525758425341149
-0.970909866633668	1.10937393952979
-0.388925610627827	0.388639430695432
-1.33763636463453	1.43304605715968
-3.36530489561438	3.57885691935304
-2.23093229355399	2.44531787748921
-2.19112003101691	2.35964535069383
-1.99928899645554	2.05309284041131
-1.8989440290147	1.99835379225244
-2.34555919795718	2.46697561728748
-2.77318949720792	2.90148125212281
-0.0732456147257656	0.0816851049734893
-0.890069457376742	0.926971324479608
-0.254941487169084	0.231015306962883
-0.292012402586721	0.296097069857206
-0.676254374634063	0.645024742393383
-2.27593256688904	2.36635828342998
-3.12954042667112	3.39388643209227
-0.665221669086141	0.632633055361213
-0.463546765704765	0.508868194238763
-0.732934391455737	0.785259117088144
-0.135406388363975	0.141353459465895
-2.16466493643088	2.33120506053428
-0.763397462958593	0.782986071944576
-3.01605456906505	3.22692730427435
-1.41832807570719	1.44870780331266
-2.92404141937799	3.14093518853693
-1.04953263311568	1.115232804421
-0.594340764359307	0.636388209301997
-1.13900605060954	1.13587928308925
-1.09143100599375	1.04028921719662
-2.93475593104555	3.16482712273381
-2.84954100300508	3.06834553741953
-2.12308999584457	2.31307250493972
-2.83446994548646	3.06101977201895
-2.07981777024763	2.25777221009667
-2.37924480610895	2.57621717233763
-2.42109455122362	2.62042615249644
-1.61990503857355	1.66857688689025
-2.9366868125397	3.11998692127368
-2.57987459743288	2.82056745023773
-3.44308594770786	3.65117952600053
