-7.48904988550048	7.67976155412764
-0.870013086009368	0.883538319008879
-4.84217222270206	4.94018040498039
-4.98766370496223	5.1425304051965
-2.87094637300214	2.95124142963332
-5.9949164321886	6.05930026055653
-5.08421858610985	5.21371652893678
-2.95926925596679	2.93908321357228
-6.52251776018641	6.73042904874029
-2.30894132270563	2.35608688229682
-6.34308340560282	6.4883056489198
-4.01786411829384	4.22427947865118
-5.30345810107361	5.45942342490489
-2.95090979850558	3.08495630069037
-6.41424760149694	6.6179169425342
-2.09835630008998	2.15550560012674
-3.81117066208157	3.91056377671841
-5.22318887914575	5.35386697840226
-2.62403687836942	2.69472148908369
-7.9323146694453	8.10824113344695
-2.09811444394461	2.14493014649759
-1.94438523569716	1.96384989719909
-5.0841981928311	5.35172894754378
-3.82490458593583	4.01286638771287
-2.18057993743018	2.19951467439929
-1.49247860881055	1.42638095062441
-1.14270224250839	1.17000469268231
-6.3043084496803	6.50795164125765
-5.51259360130837	5.71807968308396
-7.05178425512833	7.22547495779867
-5.13558484328914	5.25597861241707
-7.64622832166113	7.82118916522645
-1.00309390216338	1.03549356992976
-7.50424572530474	7.67752126701318
-5.41207959361727	5.61380279350637
-4.52828712393934	4.67154815767571
-5.27161720407076	5.39089420959785
-5.64637692599225	5.78514535146903
-4.44019570548296	4.57565742596369
-3.1334190132454	3.23980958567483
-0.24984112658172	0.256736936894842
-2.62997992407111	2.6748791850082
-3.95685014632066	4.00514196669574
-7.71967560469812	7.92114625287238
-7.86977795922537	8.04100562140926
-0.420434641190698	0.405281230086919
-1.50645011730435	1.52873892938741
-4.98484238429939	5.1138983791197
-4.52038890645847	4.61542245555795
-4.85091522002734	4.99727991284445
-2.78258290852959	2.83660553710242
-6.89160110031912	7.07579830711395
-2.00342028689881	1.9744396460361
-4.7718519942092	4.92510372491928
-6.44894994939946	6.60890783550531
-1.50813491542758	1.54957062667357
-5.03785605838575	5.11593338574435
-6.17025072805965	6.29948153001767
-7.26074992065453	7.47123936568772
-6.94591712779596	7.1052754286158
-6.82316513034218	6.94968290135593
-7.74306502323464	7.93582084609063
-4.28722854587407	4.3877759646083
-2.66897998194214	2.73962148941912
-2.70378368072681	2.79833255576638
-6.07884937314585	6.24698122801995
-3.58792341990547	3.62827704052369
-2.43971129249675	2.4681340177797
-7.72955250719967	7.91317256192751
-1.93704657524309	1.98892593625059
-2.2338285275295	2.23059706170749
-2.20635635909984	2.17376483972004
-2.15745393903655	2.12858465934401
-3.97324092167527	4.05303871912354
-4.5554276151031	4.6614638545558
-2.49351577860853	2.4947186154125
-1.04417495044186	1.06888381866453
-6.26684644401479	6.39286963832549
-4.98733696431955	5.16817564435366
-3.32290342409272	3.30322129061354
-3.61546504310711	3.7126280275726
-3.25095680467305	3.2848526125167
-6.71547110861298	6.89205435599283
-1.98252116668397	2.04145255951207
-2.56999057621991	2.69310498621221
-6.45814050661639	6.68456130140243
-2.23832536573632	2.29619253168074
-5.88483846737237	6.066070893047
-4.5001417740133	4.71205507996675
-6.05004426591106	6.21463056468924
-4.44479351727175	4.51860123645046
-5.32904044593311	5.4421310023674
-5.26042561266694	5.48760769889932
-7.11402809561256	7.28223631637929
-7.23218202041397	7.43892083832192
-6.19265405975358	6.35528056505879
-2.8506296855932	2.94854519709636
-6.18539644231585	6.38644123651382
-7.3333144514793	7.49223212661207
-7.57949698587861	7.78864239500145
