0.0498271983350176	0.0158186731596495
0.014140704338459	0.00429134893734965
0.425695830343372	0.102628341776933
0.166209324942111	0.0323399969684384
0.767347803756652	0.174771566077018
0.0135155952461424	0.00318867673522566
0.862268670850562	0.178497589793675
0.852767110004788	0.177567077440259
0.0167094442184029	0.00433593958688638
0.875605548778281	0.173404747199285
0.0363573447270495	0.00897483862123449
0.727654518509099	0.152729480181685
0.833066442699377	0.171857091286828
0.825111340908457	0.172863431486959
0.0821140097165992	0.0115404807116546
0.779656517376478	0.173541667242704
0.789576952156753	0.171522235980514
0.843470119473947	0.177879443689087
0.0293157650381042	0.00682532473462123
0.831577290590504	0.178617786550052
0.716191380771253	0.157562249152389
0.0759501396679806	0.0175272924184778
0.73147848218568	0.171034600870261
0.855953838942302	0.174463119590245
0.048144280737742	0.0107969665410078
0.0135842249875782	0.00330690769962983
0.620716235143005	0.126756076013226
0.78647147246176	0.172069709986729
0.0275027486567281	0.00883314373711122
0.0679861454206546	0.025645527761241
0.699045204238029	0.165242142397499
0.819588948727704	0.178727147235494
0.0636070430890912	0.0145299043549973
0.848183949534666	0.177891416236483
0.830143657058945	0.168379470775048
0.0931102697069644	0.0234770826786531
0.0768615371669152	0.00812258348993588
0.827884783312943	0.172989597284877
0.771897356199708	0.172700484424851
0.816974372060654	0.174319453527772
0.797260931136152	0.172426647532251
0.799059495448229	0.171815092388458
0.657029111718168	0.164399970612113
0.531419250805226	0.117879375506072
0.831034338499843	0.17367084433019
0.840704619111906	0.174082492821061
0.636486902196958	0.165071735366737
0.799214761736864	0.167195946560531
0.796173996967898	0.165918246390572
0.829163505616697	0.170365586845629
0.303238259397955	0.0346190935196963
0.0404189988912976	0.0090909574557215
0.853163934126445	0.173424765750602
0.827177673209948	0.169317673813812
0.229355655862205	0.0504491387501219
0.147125402132367	0.0362357131864559
0.396619840059368	0.0893241819494319
0.317984121392164	0.0883724460794404
0.307872845796043	0.0881460342137873
0.20704588050856	0.0257346993057149
0.147769338219678	0.0337815278307665
0.559224046953325	0.0962129721633729
0.589943153300724	0.134065046788849
0.702359456247757	0.14187075018159
0.377941537013091	0.074209832262111
0.269216092925921	0.057281809727717
0.0835394662069362	0.0217392308577763
0.371252473507976	0.0857061281816228
0.814383258676447	0.174520794678149
0.65232474742999	0.127936506376705
0.0130116908238417	0.00446520387808546
0.0358231405846401	0.0079376419401135
0.0245491500964516	0.00677524388945187
0.834037606744238	0.176363719123306
0.830998611525827	0.177499094458031
0.858566706935514	0.175608247362957
0.169037852413959	0.0273274411330491
0.0421586449820917	0.0114609465658762
0.620111177357006	0.165199852099181
0.863105356363043	0.170772105816511
0.00924362285448782	0.00345647654989729
0.0665883283492168	0.0176370799402573
0.755196876528464	0.150366662426598
0.0626285565303068	0.0145558018910718
0.820115624888776	0.177553323402591
0.820716791286909	0.177382837053146
0.789430149918761	0.163984775257999
0.660851261401039	0.16062423371956
0.555764140829997	0.13867727977329
0.0298510758292395	0.00605776811003215
0.127584234137074	0.0263354017616028
0.605557633190546	0.139375365230153
0.712960253052906	0.169629401674776
0.315375009836844	0.0677669063714059
0.818573951166225	0.177066735015102
0.849041935417753	0.178709594842779
0.0927214017755325	0.0176024833176759
0.771422617640738	0.164136102912321
0.706480044742297	0.168468884711371
0.0951916126690519	0.0248378250803915
