0.00936985857094349	0.340038796919589
0.0131121975778549	0.241485702438816
-0.0405727503073282	0.600255028785198
-0.0502177982644167	0.422702944350529
0.000884346728206014	0.157175117071668
-0.00346238627580436	0.632168018744344
0.0239228064104854	0.49390159648965
-0.023924375977326	0.387512959606077
-0.0597809311581172	0.647288304294593
-0.0379125743401145	0.233139085498694
-0.0680517920805006	0.323429196408754
-0.0300818399519108	0.249192863720431
-0.0438837271770942	0.302619614148337
-0.0299312967077239	0.376726504940502
-0.0737326156737132	0.189849783466065
-0.0566269182735419	0.309548136225503
-0.0242744779671866	0.57178084646349
-0.054390032965351	0.268010341182461
0.0688889377125357	0.333593618828338
-0.128004973247936	0.448982030512447
-0.0496805495887314	0.262329418577538
-0.00592824802866985	0.312593789688505
-0.0125998638149315	0.44851473194695
-0.100785616150487	0.404826093048489
-0.069201254639656	0.629163008471164
-0.0576335874940208	0.638449225114971
-0.0249059527458195	0.342082015943172
-0.0553405938042257	0.510705549906261
-0.0450448031753616	0.16303965716265
0.0159729138403316	0.100555846474359
-0.0413246341892369	0.345259305508799
-0.00449914089524155	0.392780184520805
-0.0660117153101892	0.70123654058207
0.0100720869745137	0.326641991341306
-0.00893484726907279	0.264254062629004
-0.0769945880405277	0.30974853483244
-0.0367762525795256	0.599523684629633
-0.0147363991082788	0.033163116283168
-0.102815157475518	0.655912675143949
-0.0282257484752333	0.265418713530754
-0.0403422232678763	0.643965170556674
-0.0454612992539147	0.0940176693517342
-0.0385695446691226	0.545831898127212
-0.00576486535794677	0.043696962700121
-0.0561858674277583	0.154217631551989
-0.0533596370704061	0.563605275933876
0.0378844313812515	0.254630756633463
-0.0220652622754199	0.190380508197603
0.050378938522853	0.469659776487247
0.0380904256780539	0.501657410842127
0.00153751835743864	0.221685061616374
-0.0412885373291568	0.557818665001774
0.0306256485447943	0.397786707198677
0.0102737101643096	0.447486166244195
0.0113726337087889	0.568761214907884
-0.0768898054160825	0.572716900325216
-0.0966707096935236	0.232841117639717
-0.00997623092005443	0.09535316132516
-0.00648053936381039	0.0439289171242997
-0.0730715175777265	0.651384611517174
-0.0341646927723081	0.064939780307482
0.0116491699060652	0.174570480968748
-0.0303999272333281	0.285288785717863
-0.0522180813859835	0.485010813863024
0.0305956463995161	0.230144468481749
-0.0581792993329884	0.517625397058348
-0.0143083916120233	0.0825117322374477
-0.0259080107536352	0.0562780707249824
-0.0222797646638116	0.267283692629534
-0.0158646107197285	0.074966583116187
-0.053883042039707	0.66711239583079
-0.0149050496651832	0.310431136837319
-0.00836044795890677	0.239680848895467
-0.0127677177447956	0.0455794862242469
0.0352018851079487	0.387519843389657
-0.00163106480339224	0.0745386545817924
-0.0551879888241511	0.61348792350969
-0.0105868946494337	0.495058464714489
-0.0165651843688096	0.272633507252325
-0.0976445505155874	0.383725567777399
-0.0714630585904952	0.442268738757021
-0.0144984923277035	0.308098080572407
-0.0518470015029067	0.643362673554076
0.00042619871728771	0.0915957511158901
-0.00577201677925441	0.395915245369526
0.0929723843489989	0.428433126504281
-0.0735924078487707	0.0905686139293327
-0.00103754680371954	0.568352849887092
-0.0278593282281773	0.084593117054346
-0.00797179304289425	0.648574491330677
-0.0530747996504823	0.644949423165376
-0.0712280194192391	0.624965599017032
-0.00865046952354917	0.057263969505375
-0.0577095857914337	0.504893160799332
0.00183342184588364	0.067430109992498
-0.0142962930847906	0.550219530804318
-0.0203450958549212	0.506089639701024
-0.0333616322037483	0.625361459224816
-0.0117449166701857	0.0323669718230726
-0.0243902349511763	0.58657389296042
