0.0359983786210194	-0.00194894788940954
0.0424728697546492	0.0543946356682927
0.284836973986102	0.125950411402821
0.114310991414152	0.0565515602734685
0.449963945396892	0.208952242069744
0.163574816358143	0.0426337786865281
0.402335893840584	0.241380153983127
0.0774629348188692	0.0411813113421771
0.0241632729256002	0.0639736278337566
0.310958844360578	0.0886406525964053
0.00154724100866793	0.00098366694041096
0.093746173230245	0.0420054937932969
0.129507150199369	0.0250874317066208
0.13562680568295	0.11473990021531
0.151181107050158	0.0706777911368026
0.347723679341094	0.130279950084627
0.397832863253056	0.142039029765292
0.428657485724539	0.195025883955047
0.209757346810921	0.135817521263321
0.108166626718848	0.0430377331493794
0.0555114127942964	0.134520221228567
0.0799918047553165	0.0638073745220844
0.110106989107551	-0.00137064763659883
0.0487497863957328	0.0342879771566392
0.21821779400683	0.0459461082113745
0.443121245160506	0.211538808520073
0.369730900355418	0.238772788263201
0.0498338905731668	0.0167169967900775
0.344435479206083	0.147025411325046
0.459309058357619	0.245023264782775
0.198237817252453	0.107262644330193
0.198807028262511	0.0835486059256155
0.0408498865283219	0.00914099012978034
0.139346989670153	0.0735192452415785
0.403503439452785	0.211197791992106
0.423346952012146	0.198460011018598
0.33239744000702	0.203478554554442
0.0324571722288914	0.0164440683688799
0.116640160599454	0.0271619974984863
0.449201228746234	0.250702074296028
0.0928233471697622	-0.0060691424723774
0.437176280027016	0.211766124328655
0.420468342389235	0.205431731757732
0.15870803580466	0.0734775637862657
0.301285660279771	0.222140397995199
0.410995817625706	0.106803031206029
0.346061287837932	0.243597567967593
0.454840953992806	0.227811344074423
0.291306280381153	0.157145323810748
0.389640625687785	0.096947471851254
0.324322877025142	0.170825755021181
0.354825445736347	0.201169211094481
0.343324358715815	0.194984310974423
0.266389445260642	0.169179564504307
0.201702435997271	0.131637286136492
0.00909001753606466	-0.000408763275295426
0.100446203871758	0.0457903779174907
0.118526253753723	0.0484127294439213
0.437072839746106	0.226852906422215
0.209757871292928	0.144461933714162
0.252258254899534	0.110705146838369
0.0651957561213558	-0.00309058039245297
0.142106836009875	0.0425268036052195
0.0237239908270901	-0.0065588271038296
0.050063306833055	-0.013249278951666
0.382698217484953	0.221977256994772
0.372613257470458	0.251129566768423
0.191369787191666	0.117386728660455
0.395645816962568	0.233038119483632
0.0490605331643234	0.00667130403748271
0.368388397409201	0.165571015654942
0.191287289898225	0.0226406316121005
0.0365200971073204	0.00127892460977872
0.105303772104201	0.0143834923059078
0.118545787293982	0.037779024973276
0.309509559863805	0.181751739401807
0.0712449536190012	0.000297894778025344
0.328461912146628	0.198550554419547
0.0182361123001067	0.00493037904710322
0.332132950753866	0.255179586508479
0.202807750590948	0.162142135070091
0.0564184519642621	0.0200801534526407
0.448783943408955	0.234632561313973
0.267460968223181	0.162773866635145
0.392268654484564	0.251958066425447
0.147719051230495	0.0351641810503254
0.188360212089012	0.074103570384359
0.365993346060553	0.222147809632978
0.0519567242960739	0.101918503544146
0.44813064690332	0.192480781902486
0.436529221678881	0.147057672099135
0.30986063351844	0.196208806664197
0.422942890697529	0.141747025647926
0.340718219543723	0.198728548470424
0.101235016578007	0.0904528500198101
0.413308645314997	0.121205169856886
0.134449623583006	0.0439927148548719
0.437085199919027	0.211588441782012
0.439086040936649	0.275804273667925
0.416577973908297	0.118994979742678
