0.693232160407482	-0.70788180575668
7.67613739286695	-7.52259691634313
9.46476556739476	-9.262276872463
8.66043561803001	-8.4736970355138
1.18463106040474	-1.21579636729069
10.6447166252284	-10.4672527534335
11.9070069330571	-11.7536734384464
10.0643529899411	-9.77722817330051
5.85324924022104	-5.6960748786696
4.39103931044097	-4.28270002947925
1.12282375677789	-1.1055899210069
0.84589188678662	-0.844690475360027
11.2779140876739	-11.0810953381822
11.825424659302	-11.6502970237003
1.00132383163009	-0.973517871048411
1.36513049755778	-1.35898361359598
11.8473450968001	-11.6770752661509
1.10615796686667	-1.09545688387197
11.4592318976341	-11.2415194575666
0.203743511796901	-0.197588910850785
11.8890258360665	-11.7095670630475
1.46948318255335	-1.44362444028649
0.331274531239227	-0.321691297956223
12.0116980435517	-11.8832709573156
11.7515827205087	-11.5564116997556
11.7352360006073	-11.5608921278484
0.935233925412966	-0.931716446133626
11.899693849463	-11.7284034748139
9.69791628176828	-9.42434229169984
3.10924207397176	-3.13846890676836
11.7004758198374	-11.4924790577127
0.675570886306846	-0.663753756843513
11.6589089814393	-11.4711651478121
11.7928813204768	-11.6254552439187
0.364142831767077	-0.359926605878572
10.5759968767945	-10.3804595885469
11.4615703402721	-11.3106975698728
6.52202243714097	-6.39925801171668
8.95145347595289	-8.74774449188435
11.4164407085175	-11.2014182214606
2.39078310753305	-2.37776463156311
0.114470939416576	-0.118393763657113
2.36892839087902	-2.37990549417735
9.56202623425036	-9.33252541640035
11.4886219575826	-11.2842816988152
11.0546907306505	-10.8657650149537
9.51190205404963	-9.31123193929297
10.491638708716	-10.2894619030986
11.7754841007868	-11.6028691039829
10.2857756218657	-10.0885987645896
10.4061659072965	-10.2280651683768
1.19037624497601	-1.17505505827204
9.5148136153391	-9.35515211953658
11.3048630758146	-11.1189789378005
5.49496933260405	-5.35662063526215
11.5486304036957	-11.3963421755556
0.381910610041929	-0.384733449845066
8.5714904705176	-8.40172605565683
11.6195453099228	-11.4079096699768
2.63265248759352	-2.67813570471149
9.88362020286888	-9.68607366619996
6.07694797887128	-5.90910001306699
8.7918906871247	-8.50556872750685
8.88890165248747	-8.71378205751063
0.93431331657936	-0.946945692565266
11.5168378067618	-11.3293934512424
8.89687313620561	-8.67813659157583
0.111234965734149	-0.107831064431455
11.7298795641156	-11.54569659594
11.3178752555181	-11.152153222681
1.92321735634759	-1.99187652188918
11.4084378853854	-11.2256039727993
6.34875520542515	-6.21396875663894
11.7512584787747	-11.5935070737131
11.7818122114339	-11.5892307313419
9.36389674114693	-9.19982533146105
0.890368311538065	-0.878046793680819
2.55081624574393	-2.59392606986371
1.80324797904892	-1.86475723881426
11.6703964326741	-11.5008940490624
10.4188327559215	-10.2407147375535
7.73972934942605	-7.57941446668002
10.605910600841	-10.3892312868639
0.858106468354728	-0.868996369372297
2.84150159299956	-2.77799481385898
11.064617602377	-10.8766179742765
10.1696780791912	-9.98498862121098
1.85586949483962	-1.83550741375847
11.3790004203521	-11.1743711181266
1.15355423315291	-1.165013879567
2.54393138943851	-2.58666346970178
11.9783461204638	-11.8290942310947
0.343457113415945	-0.341835784937728
1.97075424943889	-1.95227053404151
2.56318842552813	-2.63803797252755
6.52977921555103	-6.40675459801786
11.9378330856335	-11.7899499136448
1.16035959606979	-1.19385999805117
10.43531591611	-10.1964131278859
10.4972397694646	-10.2563375252892
