0.256987897912371	-0.150759134537436
0.158709026529279	-0.142879707692533
1.70271607788609	-1.21631444513841
-0.13884813474722	0.319231807514949
6.54537653282835	-6.05508439251207
-0.732668620842071	0.817156193223889
4.31825261219575	-3.64948242300823
3.98254077046203	-3.30637102919301
-0.341698230476174	0.406374849702706
4.75317536607669	-4.12762599711189
-0.0997837897030442	0.164815496174173
4.08966317250552	-3.54179943120229
4.34987636128127	-3.71047970028743
5.19535667923264	-4.63109690606797
-0.36925384507673	0.426572380711738
6.02764543067206	-5.47389940776312
5.41559654723868	-4.82828063625957
4.27491371294181	-3.61103493019599
0.208720796888114	-0.184881335412924
3.91092700513799	-3.23141019443113
3.12274976297626	-2.50676770794922
0.62525810168479	-0.570495228679208
5.38726536426838	-4.79847745591092
4.3677222810406	-3.7089664211985
0.455004634325327	-0.423142344034674
0.0997602474576081	-0.0902261347016826
3.13498831275736	-2.66198702294063
4.28235142787302	-3.61881012685518
0.400163210718199	-0.373747649724132
0.0670467759334563	0.0275792520292944
4.47821416025061	-3.82130307234914
5.39763994296064	-4.78995270080742
0.462218131731726	-0.413896554805209
4.66459034573175	-4.02445581224776
3.91309292376483	-3.24490293104382
0.725702121698876	-0.669317963730174
-0.502468829007785	0.561934488012721
7.03509102360922	-6.55662830761196
5.43056290185157	-4.84610548076664
4.43585452460979	-3.79918012569049
4.56130367780514	-3.92080840487717
3.68512863961254	-3.0067621849369
5.00516084369772	-4.38184318054392
3.12355507229654	-2.70638025342091
4.22856178592129	-3.56675546689187
4.83059353605979	-4.22784696921545
7.56604949274548	-7.1284491784578
4.77997344024255	-4.21040938041913
5.62435674397464	-5.07109952899195
5.60102604963079	-5.06986981154116
-0.950323726285871	1.12733331852375
-0.061790524121174	0.111516139052655
4.53902721887135	-3.91617778746723
4.557891234171	-3.94584734788671
1.93145193780227	-1.79965927703746
0.414974504847497	-0.243712300733908
3.69404667180342	-3.4612258659288
2.57356079989548	-2.20402388923036
4.11098618452076	-3.86059590602382
-2.23009537087013	2.47703293757738
2.00414925569689	-1.94196785693869
0.946084518069956	-0.515433341654598
6.83960801978374	-6.51798166701577
1.65028077267184	-1.0159859682292
-1.25916434522696	1.68843485798496
-2.05102931555759	2.45018603180168
1.16410390096869	-1.11415155823868
4.25293504768521	-4.01118366721985
4.50382052932267	-3.84330132095859
0.485888095899004	0.117080238363374
0.107220262545831	-0.0891972540729526
0.307486686161604	-0.283100239436309
0.170645222258085	-0.141930709496886
4.32954189989724	-3.66162428704248
4.1066514086708	-3.42923383742736
4.42872270517264	-3.76229287295549
-0.876510749870916	1.0738819280457
0.542902957866656	-0.512181029865745
7.03009268538935	-6.53913821614174
5.09758836886131	-4.5061997030541
-0.42675500155654	0.487169820522606
-0.122259386681258	0.226358696991892
4.59267456390773	-4.09076619675987
-0.63164658987332	0.739319746024207
5.6624650109742	-5.08277435894884
9.3172713084425	-8.96946282860735
4.85142468281457	-4.31301822529931
6.48162487522618	-5.99841871366471
7.16431971257135	-6.82298027003348
-1.00772323516501	1.0915258430658
0.56534038493937	-0.456162997890183
3.22441436257238	-2.69931575008551
8.24548578768901	-7.85009508290929
2.42275489891725	-2.21608790083523
3.90366271677904	-3.221788000241
4.83705063536632	-4.22537898000714
-1.13633969530963	1.31942286798502
4.59136627877669	-4.0281510646621
5.25070930225697	-4.64533685558136
1.31871550503679	-1.25926923027646
