-0.0486004164645926	0.0614529682873146
-0.0698168262674378	0.504324753908436
-0.13474995606063	0.709037898217825
-0.211573961645479	0.680806639626234
-0.00310035175934402	0.140173399793985
-0.233650738722731	0.729288267323985
-0.162011408501182	0.785294009794972
-0.0140235472295838	0.65762615581872
-0.142410156698577	0.437340255255165
-0.0573977873080487	0.302932013254141
-0.0581569661092747	0.106785744549812
-0.050883483709644	0.074336506296018
-0.174750586310358	0.723881702789612
-0.193418350250164	0.789839084274513
-0.0581991956772032	0.11078936852241
-0.0949767152688303	0.13703110400914
-0.202068742530445	0.788759229558714
-0.0513412342610852	0.0797645818074651
-0.213212856705299	0.782007239877455
-0.0769009393213577	0.0752670946221165
-0.186558631406098	0.776995925082279
-0.0350051946277487	0.121550131777937
-0.0305451204615079	0.0381464286622968
-0.158144687276304	0.77457214784545
-0.200584425013888	0.796084880195911
-0.209299808888557	0.788754916764922
-0.0412788601032439	0.0804593047119653
-0.171973171398196	0.760497859692501
-0.0883718962269429	0.682224251396466
-0.040368525370123	0.165508561698556
-0.203948095459386	0.792721095565721
-0.0211771957829833	0.0631223189556888
-0.208264531290547	0.784223446656247
-0.193275723412771	0.774712415071646
-0.0145742865606589	0.0334440073328288
-0.161248131497632	0.712239572179687
-0.167748273558092	0.75844642480607
-0.116901931452407	0.503222891362768
-0.164517664505289	0.624529477630381
-0.193217752393307	0.78345155265519
0.0138928660119952	0.138243173576901
-0.00864030410778429	0.00770057513300527
-0.0605120608445422	0.152612076252958
-0.143635902991359	0.671969004983434
-0.194880775515508	0.787683488458946
-0.189834515380897	0.738127414226252
-0.235042113304664	0.691435688066298
-0.23418426862654	0.753085186488982
-0.217585664609006	0.786345906354281
-0.209691042180444	0.711913918337813
-0.296587076339298	0.714889466771216
-0.0526914955826089	0.0824913792077354
-0.12754031462763	0.647649176140203
-0.176311451038442	0.741915135258848
-0.0672621899965138	0.417896868382562
-0.166938487518342	0.75493576336999
-0.0226974594885185	0.0316843818158326
-0.239857969265869	0.685436696930722
-0.155052817593295	0.74999116357181
-0.0160955709938111	0.0912107824048269
-0.188632365994465	0.77171350984829
-0.143673158946573	0.542759556627073
-0.129460455945183	0.69342311816294
-0.249721021203371	0.703356008980458
-0.00523037434341039	0.036330270249089
-0.20793219601124	0.791563570968444
-0.154852552505	0.635690966059681
-0.012397286704694	0.0179857429461423
-0.182419707954825	0.775805526868795
-0.185288726272863	0.728542734929584
-0.050869898520948	0.0757688442558251
-0.175020127017347	0.75899630597739
-0.0369716539985431	0.477971106594597
-0.233348677811569	0.734394810710313
-0.194337595361993	0.788232822187628
-0.207931538364745	0.768036721325212
-0.0435749679805912	0.0853696495735359
-0.0369901985565609	0.0748294889930264
-0.011152295467199	0.0229639359524331
-0.21229221539902	0.791279062843174
-0.209685159394457	0.757820175329046
-0.261836237073553	0.659532434269728
-0.223953785541975	0.778162247407937
0.0560553049484121	0.122002184286358
-0.0680639865913864	0.27702313252348
-0.1741070977105	0.772413156691925
-0.185985442350823	0.758526314930311
-0.0669880962839875	0.140171251531464
-0.196700087422478	0.777969444195266
-0.0322461586509294	0.0653597833834805
-0.051182447134724	0.118062797013043
-0.201886495686955	0.789544428667481
-0.0113530181002202	0.0223561625440252
-0.0425455738465384	0.103444299655977
-0.0187295286028175	0.0368684562378022
-0.123578693460192	0.424785379525133
-0.194055904458655	0.780614911712828
-0.0264678758313721	0.0459732547701888
-0.16729034167085	0.752112986127413
-0.167513253235083	0.754745427206883
