1.07414313322397	-0.965466736948147
0.0996807797441917	-0.0640995556917135
1.74321009674731	-1.3861855870445
0.887283269251856	-0.720544996756204
0.622462356187291	-0.515397161916781
0.881107556626544	-0.63507073937602
0.377913056403315	-0.306567459181118
0.598938553923979	-0.390902771462373
0.992590981593452	-0.848396338996874
1.32421240910299	-0.976383693053668
1.28811678177442	-1.01525861125801
1.11563057155505	-0.802909612655912
0.899800295450956	-0.687540490217409
0.771612018379537	-0.618018541022952
0.872686298933493	-0.626887394037574
0.407645656737078	-0.409660782237191
1.41181782850977	-1.14381896614066
0.710488203016347	-0.448126721949447
1.31103175689987	-0.960121583168539
0.657359226663642	-0.426040243440448
1.5311252216097	-1.24165752542839
1.49828768411868	-1.25869787883915
1.29278536521713	-1.02010909823471
1.21223723648133	-1.04478388038916
0.956018754880465	-0.759266084551818
0.856178427530253	-0.595646630039424
1.00766508694272	-0.7893970244327
1.50382425247738	-1.07776550374644
1.3067518599099	-1.11895420654705
1.06229531635312	-0.87262071172052
0.515357969059466	-0.320385394877485
0.415124162202335	-0.428187338822808
0.780385191607938	-0.754134869786434
0.580326662831495	-0.501257679607087
0.0448156427403616	-0.0472060396772006
0.366893733030067	-0.0375766169346341
0.718200708551567	-0.726662314796027
0.339475556715047	-0.256058911021249
1.40480846825723	-1.05984699874207
1.1558117139114	-0.98060164179229
1.71080050900466	-1.36533545964175
1.60433734252055	-1.31451630976877
0.636224653983991	-0.525272417531262
0.196786383313291	-0.168743300054494
0.84286047347715	-0.627835742289514
1.23389607967459	-0.870255559423792
1.66428728147081	-1.35419926744451
0.174817777679746	-0.163764111861761
0.653343202438432	-0.556671513362429
1.11487522065409	-0.940024552248235
1.27888032994926	-0.944347175152199
1.16767605876136	-0.821722242020478
1.13356035641543	-0.84491550540902
1.51690518834538	-1.16941281156347
0.641254072367781	-0.589058355001908
1.23225369209614	-0.834575614418849
1.21303746078819	-0.922547890762682
1.48828156947846	-1.19162246096845
1.00435974731073	-0.75597484464007
0.393771534089958	-0.32381637247007
0.175260135014545	-0.130867914814086
0.570003025577387	-0.394174584180901
1.64066561602876	-1.2602942366005
0.240923870739598	-0.227489869123626
1.59223789136316	-1.25141965179854
1.31938975745817	-1.05581945328691
1.56857443477819	-1.14652989162911
1.25740041750223	-0.804873754703815
1.54143074554682	-1.25379041788902
1.70987664846433	-1.34003311052185
0.122229605639895	-0.0856196875924386
0.402597167174786	-0.286689641302297
1.59851965014521	-1.35682572047047
1.64273858366285	-1.31558038744263
0.464496053050848	-0.304707032914505
1.65054894403734	-1.27724958181589
1.62830197896818	-1.30258837812326
0.0694389320551464	-0.0685875542256314
1.61367688222331	-1.32908977143967
0.78805741182696	-0.718187565608262
1.50495003815112	-1.1046753655616
0.0821352677980079	-0.0700610999262346
1.04211105113451	-0.876021969552456
1.70950298818682	-1.36258027349152
0.0871225252356982	-0.0604803443260984
0.48298874963408	-0.388395115771282
0.910168576198025	-0.786165693011718
1.02299642546406	-0.883095269994048
0.94268026825347	-0.547691732763953
0.342683700318846	-0.280148914998753
1.08389310261522	-0.819313230344275
1.56220227012482	-1.28478323349632
0.177811247658567	-0.139167857813378
0.157750275842142	-0.101267957929519
0.185842660762995	-0.10695362402192
1.56630292529626	-1.28048548330454
1.65189068784583	-1.31852484497325
0.311901049321526	-0.214329331233651
1.54463629532783	-1.18654007029506
0.667250925073712	-0.616758140168861
