-2.15995285521274	2.45724683266597
-1.28947647823214	1.56108387498711
-3.83070097806918	4.39905782042987
-3.36834714282129	3.64374851271119
-0.52225272832033	0.685795343343614
-3.83014585303454	4.42575804919441
-3.19753926540019	3.71533227863096
-3.04683966259691	3.35438533576651
-4.71579284293546	5.23233729129879
-1.6512885924409	1.86878965294818
-2.38889627787409	2.70965238756922
-0.773827014926397	1.04047023474924
-1.10976080246216	1.41101541888587
-2.13947368906389	2.47604864515988
-1.36130506339346	1.55998079228576
-1.82129374122427	2.07642141325173
-3.5352823958914	4.09157065352345
-1.55444478231504	1.89711153909064
-2.66437861962007	3.05471153024813
-3.4424935232708	3.76384804385704
-0.73546231123734	1.07647403020016
-1.30190642572504	1.60741412608033
-3.91514411446787	4.20096252528107
-2.84702113392298	3.26770080218448
-4.01510777611968	4.56319472773896
-3.68841501598502	4.26256332701273
-1.6134608643041	1.99773186772825
-3.25532377053996	3.74493697526472
-0.35871471687858	0.539521780164942
0.236698073332867	-0.142893480837096
-0.891905176104126	1.34409128130177
-2.41164364540573	2.79170418992991
-4.20075372097533	4.87854249029584
-1.68222785358636	2.03668646942719
-1.25351772545893	1.47563124854743
-1.46231167903016	1.76246358472704
-3.80097761038615	4.41737314928517
-0.396305700357229	0.42042282241346
-4.19990862180723	4.85309837306159
-1.85246156453516	2.05475494699436
-4.73288135678376	5.29785058670315
-0.221985471718592	0.357093789988726
-4.07832617322492	4.50338125360445
-0.387335620763074	0.422494479428907
-0.228869510394519	0.431200840356102
-4.29745129741774	4.91924501915696
-2.16077774432803	2.42279910390733
-1.64386503351414	1.80288453990866
-3.46617541747669	3.8486635491224
-3.00950345300744	3.52424815155352
-0.870637908025596	1.05265405059918
-4.10387685082151	4.66383463779155
-2.53507601587952	2.95354577172447
-2.87842660897243	3.27272779878246
-4.44375675313283	4.94732204576363
-3.33417496554467	3.8455777468561
-0.49285965807874	0.790328617132839
0.186396006668623	-0.0071271515576642
-0.366498317169961	0.405869007884111
-4.53424517545576	5.03837205388777
0.205445785020401	-0.0143270524611414
-0.549136397757211	0.725842703596832
-2.13592365775426	2.39275308931225
-2.8328079843126	3.31859043974479
-1.08440800378284	1.3114313189065
-3.985149633911	4.39687147966108
0.0109058406440048	0.133252360854127
-0.953621510426197	1.01688328764753
-1.80660170289657	2.04517278746534
-0.0532111977411768	0.21386461650783
-3.3998768848048	4.08240322229532
-2.10210091106915	2.32792063207424
-1.14466610986376	1.38986925619863
-0.618864353585638	0.65010172591574
-2.48760351583459	2.86367091609604
-0.0637074675029724	0.238265517150312
-3.86516096815729	4.40177419859015
-2.60543183018577	3.11269797909375
-2.38045700143457	2.53631655392016
-2.70507903929896	3.01479321454064
-2.19891814662934	2.61363926314743
-1.32460338944082	1.62087765445408
-4.46356851776429	5.07180285731022
0.0619916650230409	0.158873182037909
-2.78871499897251	3.22948108851146
-3.48183846709969	3.91124790150313
0.147655843516956	0.06168596854378
-4.9435409186286	5.22748735015336
-0.449923661450818	0.632679749174392
-3.86080137375266	4.47238830789695
-5.13107934228728	5.52174863517388
-4.62254156768731	5.18089748772844
-0.426567974178714	0.472644475520964
-3.02361263217134	3.56215093646778
-0.680883898507352	0.724360858569438
-3.34896966616859	3.86832848326821
-3.78163308425968	4.19138811484513
-5.22372202593231	5.60006458644124
-0.659287587304089	0.666867561969
-3.31761143950787	3.911950531976
