0.167484595797427	0.262654583894003
0.0579459087997442	0.0757258289883275
0.0392582176937885	0.0573112111749315
0.0341455304991846	0.0685753017513707
0.110963981304931	0.209795716502665
0.217026037810527	0.353505723048414
0.129975150920748	0.252368847535959
0.0339897199586114	0.0374221914886553
0.15126110934553	0.225014621986629
0.0713919037591904	0.0671962716729175
0.177480401034132	0.338704619515151
0.265926705683917	0.360794018374908
0.137340846573464	0.234746491291893
0.0629555358116937	0.191220296039627
0.20675837904702	0.294451356292482
0.274597709399955	0.483511483995754
0.0515656849076646	0.0602500357338243
0.247194039662176	0.281324809985112
0.158169088762168	0.255498401713081
0.267549420521559	0.450445612654978
0.0351115529317135	0.0218699518212284
0.16167171653524	0.289304674713642
0.0651156552214945	0.158738628867103
0.167890171433395	0.242788712182439
0.116002349264767	0.16514001424169
0.0701965800454484	0.111559502539985
0.152165389333045	0.253782122618012
0.132083571931162	0.179922373377807
0.1381959488365	0.281699271256014
0.209425113273552	0.359835151582099
0.128224773296392	0.288547133876841
0.266646290641832	0.459472592280568
0.165039181234594	0.301036307961698
0.23082616266732	0.333066562376801
0.273348950619443	0.359152063793489
0.105478458009693	0.148268119614352
0.183962204991402	0.387072885520384
0.278121952878647	0.452260398631852
0.153912990467258	0.291968945681434
0.176187174714354	0.291520494207402
0.1057539329592	0.300568493966671
0.224097704316689	0.401077369117737
0.184424592365383	0.328883538900166
0.246578910389927	0.42565402721154
0.225081306137211	0.322954561130311
0.0699184673344808	0.113181972843883
0.151775747536012	0.290698508994978
0.0226415502262538	0.0475464592465288
0.277776466344567	0.452940069202978
0.145634812883068	0.194760559807627
0.273484184487279	0.455322271692706
0.125353855863058	0.141994033020421
0.0539593131054457	0.108927864342855
0.148724995004993	0.334252108317907
0.130319968365913	0.149792918333302
0.109973644039624	0.165752516648933
0.130942413898301	0.169707629466129
0.00985224080316948	0.0780269970792735
0.088275358575857	0.15085719412039
0.0461090971990556	0.133296015786237
0.14204744449069	0.235203864967238
0.209031827104487	0.307711495385627
0.247018300488649	0.425777497897416
0.223867781390214	0.42364246856429
0.0795429853306278	0.111656865297465
0.257818097960752	0.395147164562905
0.150077690230348	0.283155637524134
0.204591705741279	0.266786254306894
0.149884112190514	0.238587625439245
0.133286266800729	0.256832958426168
0.130139576179269	0.307276818215882
0.110325377018318	0.230387749291489
0.197540496777385	0.310961688153869
0.032480522984168	0.0619870232889831
0.0768472432670872	0.26441135829127
0.239622133447229	0.392086425926611
0.0389155076425941	0.0569038566426334
0.138551630561795	0.190982489789739
0.121789205155229	0.122801276001879
0.285426155098866	0.485984804225498
0.0805488238976861	0.157993731926595
0.144217630865258	0.252926996592211
0.0245505631784232	0.0681405180307089
0.112594897288986	0.177593988438612
0.27178363421897	0.435451003527205
0.272462227134701	0.414155719235951
0.110102049047656	0.135138320636739
0.107346950157508	0.299420596446161
0.198551399471722	0.329104316115903
0.0314606926986428	0.0534523237904577
0.282656950310057	0.4752006318111
0.280723617804873	0.435232418413907
0.252278921687692	0.442160849356202
0.274640925760152	0.417209716971046
0.129488333680652	0.322428239282736
0.276794206293778	0.452704834737768
0.286942535834576	0.461875816567745
0.0406555412277128	0.0886399853563449
0.280962526572096	0.436015445360916
0.278231234570374	0.44966345372835
