0.222011229482103	0.511646628630249
0.224322681509891	0.708434375887201
0.145847891399507	0.420284775426172
0.232420853501938	0.714119062806723
0.0726135249960347	0.405584183741718
0.091214873970806	0.39885810133275
0.0041763046591374	0.00793002728164503
0.10163247669157	0.283274782726051
0.00541472219522347	0.0114031230174859
0.181204140907881	0.537374535240969
0.0113066614642654	0.130321183597478
0.0449158956197102	0.283981305583342
0.240246669764844	0.738843328853513
0.152351943923281	0.319970037631592
0.0208079461429041	0.0440503869581378
0.0114741467761141	0.0550519624011093
0.201158096027589	0.492082799904896
0.235532296310962	0.642909963213774
0.222753442716882	0.58164837155156
0.239564482807728	0.67610152112719
0.0378088569906127	0.0850323304106524
0.211007181955669	0.664825867402756
0.0207905087151417	0.0542155983760878
0.204932357995458	0.643083511935576
0.228839424352581	0.639321142673818
0.240310461242493	0.715452947495461
0.235326054620276	0.701491573503312
0.0498712615593319	0.124002518584347
0.229163260121858	0.584623798470217
0.0442946020884376	0.230577410317583
0.22026555887005	0.659669029351963
0.00517196309853772	0.0101972742766916
0.229377511327384	0.638800678393099
0.0800836284860336	0.270715415564723
0.137136590279171	0.450329651690761
0.174392721748306	0.592117330705071
0.0557921944342311	0.147890249231618
0.238194794385574	0.713775825026444
0.22994338271184	0.690107555655477
0.233416782097386	0.662405021320674
0.172094266329038	0.441663536734084
0.014378731130327	0.028963970196356
0.0306309163240736	0.0793025553012268
0.231784329684899	0.703762775155283
0.232992678859239	0.645550754989114
0.22236868504199	0.447791750682849
0.240866835062845	0.708171225648038
0.012419966791251	0.0498695329254368
0.0115222229687712	0.0294165270797982
0.0306153319709996	0.136817426612368
0.215998184079699	0.693946356926204
0.238356882224124	0.722459838189955
0.239103133018197	0.732819403623369
0.0402692947924367	0.177213297294096
0.233366387914467	0.736887024525135
0.232243765473673	0.702638460373897
0.0641904161429387	0.165070553794665
0.0651284977490225	0.190486342374415
0.204839934422974	0.589180352934265
0.213706977578527	0.420912915546212
0.124659094399472	0.329683687231754
0.127409566853816	0.385167689031691
0.0112434643957027	0.023307350882911
0.0367693051413469	0.0932431952464214
0.113621372036578	0.488490806096936
0.24066654124207	0.718061800535268
0.0550749454814459	0.164400461604269
0.00842783646641778	0.0136639032654041
0.191210172415159	0.578869665589963
0.180383940243514	0.688378388049373
0.231394755826415	0.616764886693861
0.00637344164897696	0.0407133649896701
0.242443212127729	0.688592233793997
0.0418418411816787	0.108359845108758
0.0146308454492898	0.0278256225970534
0.143851516978454	0.384693797106604
0.0187745112605516	0.227011489568464
0.221097323841485	0.722407128688146
0.225948577958638	0.533061672628557
0.234194576361737	0.608481360810994
0.00938057369285791	0.0661828111937979
0.0906344120855912	0.295841615649546
0.174055006584584	0.536764038795492
0.0306838011739901	0.168150606344865
0.228687939711724	0.607861271396151
0.200995915261367	0.65075279052688
0.227214183303725	0.603048166426174
0.223546582028284	0.476614566567794
0.24079885703438	0.727012243527849
0.00929684672039719	0.0222916576453858
0.0186572992676106	0.0438630855279546
0.0188541407770524	0.076874561846095
0.18704667039923	0.598718394020533
0.051606658745185	0.130093235774261
0.136970593315604	0.384936202430464
0.172627802645053	0.518609988798749
0.239308642358995	0.700808110017487
0.0166457721817445	0.114449199933087
0.0249201288605852	0.0843089954518155
0.00379827109117591	0.00617751142473825
