-0.424565710917142	0.722602483190328
-0.0745624348386435	0.0942852929977696
-0.625645978086051	1.19914082737568
-0.366158980113099	0.662701684751866
-0.175052565796378	0.309129801389596
-0.37949567116602	0.668365891137647
-0.125637486296481	0.260963156018488
-0.251551702857915	0.436385041475696
-0.284643522093884	0.575357365806241
-0.542732568733405	0.980080018372629
-0.31974498826858	0.864985795868782
-0.447160331761362	0.87835889718845
-0.342894944341305	0.741314776877253
-0.331499804660683	0.673775363027189
-0.298422393361125	0.601543039360852
-0.256243921466683	0.276737751932602
-0.401864548144006	0.888523277121428
-0.257118098510224	0.583042720857049
-0.704582631810555	1.16506467422019
-0.25907060547951	0.474640126244973
-0.623561556207719	1.04095061241099
-0.663757801423857	1.20451024326496
-0.491755417518727	0.988852914359921
-0.364157796326938	0.718182031123429
-0.369549586250203	0.665284584323274
-0.406832049316145	0.7179854984778
-0.266034477376325	0.607838906470909
-0.555257834704048	1.12056004238859
-0.57957559867413	1.12069706639484
-0.366060580773288	0.682129304144372
-0.0786232927222235	0.329894960395919
-0.0772747141711719	0.0985664168997432
-0.215281704520847	0.319194182045507
-0.251878507478023	0.301483458501097
-0.0284667173188658	0.0275745704105303
-0.118051472796431	0.454267157664728
-0.324278518089527	0.421366152642246
-0.120567251311793	0.160405720268766
-0.483069681978095	0.992984115420299
-0.55217728816284	0.771922476020925
-0.447457724781798	1.01820184214613
-0.732549509549938	1.22821108708882
-0.240660191561504	0.438795545881322
-0.0376960663434526	0.0868220735003045
-0.281272921463082	0.602441840667519
-0.295064971539871	0.91016900757152
-0.592265424868039	1.18138529359694
-0.071097073065652	0.091869936077105
-0.225362427098903	0.483341582390142
-0.303725204308316	0.611099919222203
-0.576841445033568	1.05585738172097
-0.392259504203213	0.774530439190976
-0.509233860101357	1.04454798979627
-0.597864655055386	1.08917750987255
-0.323744356915685	0.365877757257834
-0.446177083272908	0.986868527852952
-0.384176183653914	0.910283981756647
-0.564528430125307	1.02627203539366
-0.34877043634173	0.695155560509851
-0.125474789615609	0.275516612632643
-0.096165184742212	0.132214027565496
-0.167143408304096	0.397981914195775
-0.661934309020806	1.1761701908029
-0.0702636964104422	0.126563133287675
-0.493248501496192	1.06424856945812
-0.511306900942148	0.958744349831612
-0.488734158651533	1.0992788604717
-0.42317319868448	1.02589759028754
-0.611630497122177	1.14499971259785
-0.637066360867412	1.19855892650294
-0.0441191765417409	0.0713514909044408
-0.0951353572819784	0.251198101986762
-0.621520702504375	1.15597342132483
-0.576029219699489	1.1086624768118
-0.164350245531453	0.296702691153937
-0.624107238824952	1.163210610649
-0.508397857928746	1.08119137909645
-0.0878940762439494	0.0932254446673819
-0.576439975478564	1.07193233109136
-0.345927139913518	0.533727994241412
-0.599888202039961	1.15895832208648
-0.0871686410851504	0.107080188102582
-0.368110789778208	0.724706296560603
-0.617389154920044	1.20789914358054
-0.228464096555587	0.27540899762191
-0.203810780663946	0.349951412299777
-0.375499124105346	0.642835107970081
-0.277431191495259	0.557466510395603
-0.378477451829468	0.728682895912776
-0.178522857749703	0.223506285646126
-0.372699827531068	0.874124587652514
-0.60175099974432	1.15515233817705
-0.217680602012131	0.265726960211226
-0.202003574313647	0.236110612252159
-0.109738893765747	0.143645900553008
-0.554593334166491	1.13960498811411
-0.620173212069156	1.2021395009496
-0.295002959298415	0.393631711036046
-0.583501411440748	1.11136569462289
-0.258517673852401	0.437167517504614
