7.92700923542857	-7.94050003388707
15.5417921624975	-15.4677916668239
25.3243919130106	-25.1367198806905
16.2167760565488	-16.1668716723779
25.3963094314846	-25.1913661300791
3.85146318997343	-3.88490270102931
27.078164167689	-26.7831902600428
18.0998039599221	-17.9668489173811
1.73023949693142	-1.72905241745644
19.2644199212485	-19.0895976401208
1.9373850593592	-1.95189883288591
16.9804702417059	-16.8867446761915
2.87391278036083	-2.90517676967096
3.37630236042485	-3.41152778785176
3.20745959374331	-3.25718859494251
6.21378272287315	-6.17983235724558
20.3943673228302	-20.2962835843457
22.7770774851987	-22.5904138488851
3.66699016063974	-3.68159268438486
1.21183404489182	-1.23388967973773
11.6379294751008	-11.7242258172764
13.2469125985464	-13.2309416192706
8.72114456501774	-8.75743100243948
12.1406580157453	-12.2270143898992
7.94878092649972	-7.96128099901193
25.3183991470782	-25.099250568088
19.604442723606	-19.3907340827771
14.3128166499629	-14.2260563389354
9.73423476191605	-9.73847078218996
20.2381195190225	-20.0350065881531
10.5366115809856	-10.4551250931228
1.69003395429317	-1.70187731629553
10.7128307033593	-10.6769116690519
7.3189183892036	-7.31576911098943
29.4723353030933	-29.2477293072148
23.8567956429779	-23.6277334464916
23.2598178710625	-22.9275259099895
4.09583029133772	-4.0651046501744
4.07282656249216	-4.06428722935368
25.4634618604643	-25.2458709830555
4.25033423390524	-4.2349385033901
27.5016771370714	-27.2939604216456
28.4412321422704	-28.2350952246441
23.2783092206983	-23.0549934201819
29.0125367636074	-28.8422391841261
20.8927483629454	-20.6742354931522
23.7003130853826	-23.4055642420543
22.3672202787943	-22.0992707156253
17.6791619778336	-17.5753082118611
12.0625940961492	-12.0391585749689
20.6609816862012	-20.3348706667669
26.9527428542947	-26.7054149341685
9.84285374586748	-9.57001329145177
8.79618744734841	-8.72164997679023
25.9624816523273	-25.8035686409298
20.3411883706674	-20.2867220245091
20.7378186285741	-20.7327570301773
13.9025435207633	-13.8160781516999
4.96615954034556	-4.96066793313098
10.3222338719203	-10.2317399859826
0.939155378009677	-0.943431129849412
13.5769831059622	-13.5470952110316
28.9069396237726	-28.6768425044639
20.8629382729072	-20.7160430818286
20.6720473611321	-20.4466096849263
14.6646293791775	-14.6319023223793
18.5537695486682	-18.4387064254392
19.7243761098245	-19.5771427202411
20.3299321883864	-20.1214024752563
1.92965527604466	-1.9575537384812
8.70403127720235	-8.70152770374355
4.19494735058271	-4.27039033227308
3.71873384812668	-3.76204709747623
7.8396799560955	-7.93226737156025
18.2600368895965	-18.149320882273
22.6913548133415	-22.3763789983399
5.03443678294316	-5.09194322747739
3.78676985451496	-3.75210884223435
5.74069591329558	-5.70573055890678
1.09524342190616	-1.09185809290042
14.6446858826993	-14.4696652949164
8.1412453311956	-8.14402578301084
24.4184252807071	-24.2154622024025
10.9338948770117	-10.8788614520581
23.5776998871192	-23.3439629311378
5.80555537895743	-5.7266086629715
5.31926295686534	-5.27684626319941
6.84715371914093	-6.81728836528859
5.34805881908654	-5.41331813376732
25.4620895326972	-25.2312622599242
26.0431218913882	-25.7909148370554
18.4289177155485	-18.2395161527057
23.1737942115826	-22.9035924408156
15.9809214145624	-15.7826409598056
20.8913035483637	-20.6716547387411
24.0344211021283	-23.841480368406
11.099236145271	-11.0514992850242
24.6753454049721	-24.4788149950177
22.9859632788039	-22.7267440620396
23.7680505459459	-23.5026846798033
