0.102144301270322	0.286392728833951
0.00703330782339097	0.128450603581755
0.161889101522236	0.752029059639576
0.0791947500225423	0.392352956401526
0.0506663464294697	0.249907204513282
0.104023009518222	0.565252047104317
0.0362751029602059	0.0841206243762127
0.0532323507729795	0.367522308235058
0.0863638686900679	0.293084434254276
0.128002586693947	0.548089132510667
0.120932557288706	0.537326641131517
0.114672332534153	0.52414447899404
0.105979158972645	0.499418075803293
0.0922960764421645	0.444857224205373
0.0877140674635227	0.401033530406301
0.0174328223576505	0.0857670817739702
0.118488969315287	0.566255644735805
0.0815357996511244	0.479842844730886
0.156532650362554	0.461116314218111
0.0505845960898644	0.29326616348192
0.142701809819754	0.651930681106049
0.161157430824617	0.599597128530393
0.160904763252776	0.695234234956793
0.102646941337855	0.407739166086968
0.0843325035790727	0.424775441004475
0.0990614483451377	0.482224902867926
0.0764274665870368	0.425274759011574
0.162862726574855	0.754140217598498
0.157135809398085	0.649848668403994
0.0837773492288763	0.449945328826797
0.0576690445119311	0.261161650494101
0.0096085957502789	0.0349968159568082
0.0358442712423858	0.203719015290125
0.0184457196140245	0.194047773304574
0.00124691129285162	0.00841696186029753
0.0832109455785179	0.32256880414267
0.0382780684342553	0.320519275175874
0.0265721957154664	0.288652629086705
0.137620519495656	0.600418071487911
0.115036063391723	0.40032968401952
0.161990954780818	0.736514939641032
0.162216743420343	0.632754364542845
0.066296918143914	0.316857023665237
0.0153911354836196	0.0630310183381793
0.0915435339323354	0.49168254753464
0.121297435345463	0.604910023180187
0.161868462235966	0.69952828855085
0.0165558780946831	0.0890128244588331
0.0646428877157244	0.302826463824499
0.0924386130474445	0.469138972330111
0.128489102926861	0.625297103056003
0.105773303565525	0.459422668867991
0.155754823526104	0.482589777566232
0.161284116776097	0.641430018653931
0.0152432948994625	0.133846944930393
0.149048196302672	0.511274742297385
0.141054056326324	0.47233485897985
0.142842402824418	0.670110807205921
0.0853002048148587	0.376004459325721
0.0361331054023325	0.171506533608511
0.0154659534517924	0.0576053804850601
0.0512261477158118	0.194247477083285
0.15777428239257	0.741149002636621
0.0230374065618561	0.0978714735439574
0.16072498062617	0.653761986941673
0.123577574830064	0.6674191359554
0.1599286189644	0.744275358602799
0.146136155664772	0.597825253722223
0.159105577222621	0.583766644383122
0.164701610195957	0.732770181550707
0.0107000826711288	0.043741278973068
0.0379405694531992	0.126608080543362
0.162569739136785	0.630063631756959
0.1593558496176	0.594060003175571
0.0340827040986867	0.245470511389791
0.160935550593385	0.724464664923729
0.155305826610906	0.725849174531921
0.00479600652585309	0.0144126721595548
0.162887489386445	0.613847589353097
0.052183798507816	0.231278767661705
0.162940104470095	0.716873503030698
0.000838508774345395	0.0197520950814268
0.107612472817269	0.37034614197608
0.16112162874024	0.722874946619881
0.00599133265362639	0.103536859198447
0.0413996714256428	0.217879202384796
0.077207079541422	0.400422374226146
0.0800557528833677	0.26618645511218
0.114391672480319	0.699046605155531
0.0239753532356845	0.166007364786132
0.123088130531865	0.605296654467744
0.157230892988767	0.454478420243083
0.0104157979829938	0.0757698633991438
0.00670321221477937	0.0276182422664264
0.0103163329379159	0.287001165680997
0.15851959127687	0.503401730576234
0.16059087234242	0.64148795870057
0.0281332453206244	0.296947320127548
0.150017575071449	0.667968541085947
0.05324376149822	0.204323011556323
