0.311737395652208	0.0984742435136459
0.0823706158448048	0.0245213704294852
0.0476696843379354	0.0156296289164989
0.0643035045678891	-0.00944971695105118
0.237147532705695	0.0312514596655608
0.372840376525145	0.109117494142017
0.362761324693473	0.0233511795814919
0.180778547311679	-0.0273485570371186
0.340131531521298	0.0602824768166141
0.148493981666169	0.0360334637524642
0.243814281608321	0.100381235448264
0.411753534659219	0.138674123196509
0.398790970059685	0.0230852247417273
0.268710575350303	-0.0143989871541487
0.302354526187012	0.120722117750171
0.607439716381223	0.0982371806630965
0.0950849372598393	0.0224616981392754
0.374582543195509	0.140894090087721
0.488304480508899	0.0285577101665305
0.578880544225529	0.101797168079333
0.0703557981805955	0.013966455163219
0.43377850095672	0.0398510851532812
0.34459270790294	-0.0281734460149832
0.128362344284162	0.114573850072035
0.132152240122227	0.07627797629648
0.105345949904798	0.0357353729521242
0.424285564850331	0.0224783633340896
0.215225712625255	0.060342843459584
0.34189605808686	0.0499740731224797
0.467771799444722	0.0775906676717081
0.33327855281262	0.0263191507200311
0.604174112090557	0.102600210568233
0.227159917104509	0.0970510569963824
0.361257937477498	0.1275590591334
0.566196562148685	0.114234099398393
0.200613403990739	0.0487617966916492
0.484356319244251	0.058926811282414
0.580447909918787	0.114399560051145
0.348140257690258	0.0529372107419781
0.363021039040314	0.0701635925028313
0.342491663184202	0.00439139799326203
0.511247351736249	0.0782503880413003
0.40147322118875	0.0714731991636867
0.475907649262288	0.107287567526041
0.385858228519758	0.11237972987008
0.185802157508891	0.0203491005591901
0.34492801113028	0.0516902034574261
0.0467523626513606	0.0051923879349993
0.401115275542538	0.156099379446131
0.302106899284473	0.0642337004273023
0.533920398596528	0.113563570090017
0.183012814075531	0.0672982683083615
0.0766954325326909	0.0264433254086391
0.422013931463738	0.0291378733422719
0.0310017259297021	0.111590131459191
0.251694196920296	0.0385304508158171
0.115611310836249	0.089205573648631
0.0496207982039496	-0.00821745723977546
0.275142859792016	0.0135366888094647
0.272568461675757	-0.0274797577770245
0.330507111402631	0.0458143509830369
0.0919126660066089	0.165987079429288
0.472194091525018	0.109503107738016
0.477133092567738	0.0900863636247495
0.0968093479897074	0.04439818371093
0.312622186608908	0.155783550911452
0.331258224439881	0.0524787397615702
0.30139849565093	0.121279706652594
0.404297729087215	0.0355596827414682
0.325827563394589	0.0463979914574693
0.417760717238704	0.0139193331075103
0.363151499793565	0.00639072966144947
0.424842434696988	0.0845729647813793
0.0424362103907508	0.0154381680399205
0.20990886941324	0.0168104546930529
0.501482638901939	0.089274819919508
0.0520079102525798	0.022604785935822
0.17272306615267	0.0813430711987531
0.237426372607775	0.0531678821514225
0.346380011292475	0.167726521886398
0.145483779819541	0.0388341508726071
0.279675199946971	0.0595143058745532
0.0827896153106993	-0.0127234715136622
0.208073837936638	0.0157701025682939
0.52030561795147	0.116275834755959
0.481946597845832	0.136507962268714
0.207605093980548	0.0502975249884449
0.383957070598456	0.00167545026409242
0.479363434353451	0.0581085688709033
0.124329858303737	0.000369442639942718
0.550121260950053	0.118821587994041
0.55701350757086	0.12184208758113
0.507709963635177	0.102446129188891
0.492411371564492	0.136849066007752
0.378481977993879	0.0135921858471832
0.382463633186021	0.156068494509968
0.587850120669643	0.11311530539842
0.0835740008949783	0.0185404801468751
0.573445300447684	0.120303947182483
0.417692894670264	0.154094469524768
