-0.0785829822017284	0.456784023005712
-0.0437002872874585	0.312991204420599
-0.225839052557371	0.83417310620871
-0.177278523249463	0.577583757295719
0.00211507216977409	0.178031931003949
-0.223202359916873	0.858897833297722
-0.102084202874381	0.679722626918836
-0.0905984845506626	0.554791138015318
-0.339000705562647	0.812758276441066
-0.073193517821173	0.381089731120363
-0.15413983452534	0.459231657732406
-0.0658521078874768	0.302564052666271
-0.106805778418877	0.324664310568081
-0.0933788143858733	0.415162741133457
-0.0443909806757984	0.271398231427226
-0.133161254861805	0.356313146757677
-0.256085179398343	0.77918941326145
-0.0737985102968631	0.390792312200536
-0.0825232341322966	0.471466594293032
-0.173088059362945	0.5856968833768
-0.0539300155643146	0.308165429076968
-0.104130252748295	0.412923805222068
-0.214243448833913	0.612551156632617
-0.10722441524513	0.544355166537218
-0.219155319927392	0.787537804947126
-0.182906635142796	0.772890566674086
-0.0371285069262807	0.428376293491459
-0.197651467032668	0.669414887305409
-0.0170221858646861	0.188374091777119
0.0241452563939862	0.0546275848526579
-0.0404901647583519	0.43453031839923
-0.171037908107581	0.520652614085481
-0.266559176607804	0.912426404036374
-0.0957026990116471	0.417077673915853
-0.0772428369336444	0.325691428045503
-0.179913793554932	0.416614209443868
-0.252618148056336	0.821659775930808
-0.0674235336654134	0.0938677792458726
-0.179655008380824	0.84405311581267
-0.123117129883078	0.380346163073099
-0.337205606739755	0.875463822294726
-0.00969285975750015	0.182631613864203
-0.242122234024486	0.725964892025636
-0.0194347571183771	0.0510580394646255
-0.0131888578891191	0.184729432406044
-0.287402090038108	0.788484782056704
0.00318772573554631	0.340689651129757
-0.0970879007281972	0.283585368136033
-0.166744026267485	0.622940781308928
-0.212269168162457	0.682392874540414
-0.0439754039381198	0.280770636640656
-0.221383999258973	0.710702062334385
-0.135611855997186	0.589759683177163
-0.011826849525808	0.538942630942542
-0.282980521482244	0.739204204027647
-0.207959084327968	0.723549474919192
-0.075678629320883	0.299819597401035
-0.00620332007871248	0.133898943636699
-0.0216752102324383	0.0696494750466471
-0.221133588492994	0.840866597792589
0.0027765768261674	0.136387422465724
-0.0526121332381537	0.17792315978165
-0.183315228203161	0.443613066390901
-0.130898976204945	0.623354142072226
-0.0655082239172278	0.326506131304084
-0.199425262327225	0.683753444750685
-0.005305428337784	0.0981971284616604
-0.0472963441832568	0.0886176070966685
-0.129923301163355	0.379070626286565
0.00395096507534372	0.121166427167673
-0.186610702184096	0.886258942302053
-0.0773927332465881	0.425860828919842
-0.0577969128345141	0.300792673691767
-0.0248562648476392	0.0560684103076549
-0.128924385130942	0.566175906924335
-0.0362995848620051	0.0745537031407401
-0.233128836372229	0.816006776542066
-0.116607998297877	0.617442994573706
-0.0920113651635782	0.329063056234389
-0.179039113594662	0.418813280235063
-0.157173942116264	0.582028242910199
-0.0604000309054753	0.406898719100764
-0.277972489546298	0.879462363498956
0.00546945200682108	0.0728153428134713
-0.0269304697655573	0.51240306748613
-0.0883842012279717	0.514329827244135
0.0379923222577049	0.12044466122407
-0.219254871443911	0.748385822928589
-0.0537627531497053	0.231730443464681
-0.194600824830268	0.816932586562839
-0.293060958014787	0.81827003095107
-0.278679786782966	0.901766931258231
-0.0168486624273065	0.0711090202301177
-0.163536899124553	0.65209886942459
-0.0342978316408751	0.103295518637792
-0.12895446574325	0.693195297000924
-0.250079599684344	0.598738337159426
-0.277854916543335	0.879572532219685
-0.0263131413006038	0.040483388084695
-0.256551217916853	0.824593397996187
