0.294188043115955	0.145459250096453
0.03927813088391	0.00690487570359776
0.731265225621309	0.220869580276542
0.274268320834255	0.121465072267331
0.269489220828522	0.0654083799892043
0.536186132120409	0.120622965996035
0.116449815078118	0.0465132249140855
0.316873186668647	0.0618181935730496
0.276354294006325	0.112292889976372
0.63736724222601	0.184313100278684
0.515371181275464	0.164501374923738
0.52313156757731	0.154383869886621
0.550867140208969	0.151119786439532
0.389875014071325	0.123724409228306
0.34893425596268	0.119985831744396
0.0338279820993684	0.0164427345379037
0.539080719048334	0.171084438743572
0.528610560539949	0.0935528182974664
0.697853800948328	0.220189530330857
0.410154165149606	0.0642903156164506
0.680484889766293	0.197211580293695
0.521750167944581	0.210707912264351
0.484642284561224	0.193856331680888
0.50486631076047	0.150856825508879
0.446140825177068	0.125164438205192
0.431305774194773	0.129870302240824
0.332558008545763	0.0887264284436556
0.763582767159121	0.221379720525035
0.677111052787723	0.211627676905278
0.404927170778943	0.112267994513252
0.311271591271331	0.0897526036242388
0.0371829791477596	0.0137129365756944
0.247625157580965	0.0592446813975559
0.0633859960460519	0.0179004435707915
0.00258626712875062	0.00199027977569574
0.360083738729203	0.0962377527257632
0.164457157232072	0.0555984608753112
0.212625153812268	0.035123679375943
0.645277288103332	0.181701624028542
0.417815032792065	0.165474338079415
0.503734692273701	0.202577936063376
0.547445612664161	0.213542704979988
0.21211089608743	0.0899939118166399
0.0716359249640845	0.0222715884202945
0.421763086044229	0.124990218502339
0.62295919246638	0.157795922888927
0.736307914472887	0.220825707638913
0.0784190437524182	0.0225400325405376
0.374223439405219	0.0941528987659639
0.328144322072413	0.117774958049389
0.639792432573562	0.177523236727583
0.50112700076187	0.143448088352344
0.612171231564165	0.206690572812576
0.634152098301538	0.211518446282893
0.050301593076018	0.0116755520225725
0.535469449795098	0.2049226606927
0.491771870748676	0.184706184985624
0.682830108619152	0.189163510808849
0.415789912104237	0.123650750341733
0.230345724608092	0.0561871359847059
0.0775247920795036	0.023215604988592
0.152781859143431	0.0557586016798556
0.742856405967341	0.219409390826199
0.0405618610320981	0.0295830841511576
0.700649899106514	0.216748130193473
0.617813292126744	0.166248551328842
0.723519288221384	0.218493620715294
0.678889778332742	0.203606046395353
0.767711291660313	0.222665691103288
0.743072506564758	0.223395005239585
0.053435705316069	0.0146195470960759
0.247028513554953	0.052767805285983
0.66540654837012	0.22067008077835
0.629159332219612	0.214133253490083
0.263434138644494	0.0543627421677674
0.720128994434567	0.211905645393836
0.711075422878181	0.205681536655776
0.0142706754909351	0.00688399177252695
0.712059899623585	0.222831502758634
0.28284845732676	0.0873649379780225
0.696976883648736	0.203450158055189
0.082062812218487	0.0145709511563198
0.396111865745341	0.148614407213961
0.7408430204038	0.217415833034406
0.145842764390504	0.012668482328593
0.209248309502601	0.0564567707611335
0.411328339824052	0.109157973382689
0.234932453390357	0.116051808213027
0.737336302762135	0.122308475428809
0.148905406583202	0.0308088367847575
0.57710825993923	0.169211235141395
0.428353781142202	0.20545255760201
0.159884866763526	0.0221381098177354
0.0439079654755558	0.0102210030378214
0.127523950481548	0.0114845570898036
0.695215647973252	0.220361539349224
0.670654135282034	0.221459914191584
0.13100724287718	0.03389071654283
0.692765806859023	0.202358837993038
0.258619734716672	0.0827938636649263
