0.0100870598804913	-0.00584085625338467
0.0020117331111408	-0.000623676010041701
0.937209918908857	-0.324612882725841
0.0174691606859143	0.0129652097785071
0.0565375968949187	0.076914052906781
0.84728968229605	-0.312454331086847
0.565816448252393	-0.154553067329962
0.505445317621793	-0.18119077692748
0.0192961356412854	-0.00945533955074924
0.925908432845815	-0.333363446816086
0.910168311888274	-0.330528286173894
0.0342239112820763	0.123336578399096
0.87984736803325	-0.434269697843866
0.861160215621998	-0.508971696442231
0.931782707686268	-0.345359145448115
0.83664887477164	-0.344419189730822
0.721891628668981	-0.270205764043271
0.926711472694913	-0.311050653931644
0.913825690119467	-0.473885238698697
0.643304747579799	-0.263807776617939
0.79725198749833	-0.264316349475965
0.946266481963149	-0.341650978492743
0.909522622421799	-0.46131091904201
0.042623961276604	0.0823718166590557
0.0396793569195177	-0.0011875001078796
0.215095538244897	-0.0819231405874667
0.932668920136886	-0.312007928432103
0.503949025213943	-0.345700591663958
0.261767066210367	-0.0634319359434329
0.88201867407606	-0.494921285983531
0.14118638222549	-0.114365400635624
0.92803074548835	-0.319785641453949
0.2528790613393	-0.0355791894602791
0.863545698107269	-0.291403852953633
0.953863244768887	-0.330420885790696
0.943417514864697	-0.329765706177818
0.505921749446215	-0.198645459897385
0.781513314254476	-0.257276101955519
0.568328202728502	-0.157808342445584
0.0649668885036208	-0.0147643735172121
0.0309097053245367	-0.019826694041138
0.938711327172498	-0.336584996667081
0.028819359599419	0.027388435274494
0.284030102390676	-0.106196378992427
0.127279441335151	0.0798624387053967
0.519433477761308	-0.171480137648846
0.366010700573208	0.0121176363966594
0.00817309096178653	-0.00422655316565997
0.795734523998339	-0.264017392763977
0.914582269843393	-0.393664867119867
0.355165254995685	0.087681547333622
0.0748953701431581	0.0255874443806861
0.938958397974018	-0.363124110436433
0.936854472933746	-0.429520985468294
0.635027923758545	-0.16948987123298
0.0313808532068966	0.0330355682052581
0.886868584542158	-0.302384065599699
0.939077478279425	-0.328046445883344
0.772833182741269	-0.226669046165833
0.909795883582257	-0.337829752875274
0.891900018920882	-0.328866931665393
0.656353479861154	-0.127602197746806
0.0217836322383682	-0.0125982116749415
0.37256291546059	-0.107544748774103
0.887326535715872	-0.430837131122344
0.910609126273655	-0.30310883483294
0.91310064382392	-0.318381422865954
0.905906098761181	-0.31873326688612
0.839933545687796	-0.244379147911121
0.554852482480873	-0.236569640024191
0.956491820371864	-0.352417518280855
0.0200880798916669	-0.0189005245419429
0.71333949136494	-0.203174142385605
0.724174488476591	-0.249689895708092
0.693320619757503	-0.244216779552588
0.105601903512278	-0.0362754230859668
0.929297334101306	-0.389077032162731
0.0731785349589367	-0.035490517739402
0.610091469464267	-0.231298239764611
0.479573863547321	-0.159394124929163
0.143907215374156	0.102767568982479
0.749793300422585	-0.224551155098853
0.955341401898933	-0.342601911553205
0.239987136075445	-0.0847410710363405
0.391003379551366	-0.177099136415444
0.28347791183665	-0.131796225421203
0.339139028167649	-0.161693057749321
0.380659644674562	-0.207883177695704
0.804353356272996	-0.233012269087696
0.28141298662482	-0.0888718463530113
0.129601410137317	-0.00333464950298691
0.459430797907744	-0.170696175696224
0.942340477036116	-0.329036737174994
0.462170112231839	-0.0980090326231494
0.465516392118722	-0.225704494355121
0.941815604744973	-0.323712835401081
0.0701010910242428	0.0244601209840174
0.301031400801625	-0.096409731231515
0.227986503980492	-0.117404823853829
0.332026903557069	-0.0853849550818116
