0.431464800041163	0.106626325818351
0.610485033408246	0.0725790315821906
0.384473979673723	0.048757055008728
0.64872462488696	0.0706152493376676
0.322271046836332	-0.000328049914638168
0.346266124918483	0.0098389369902789
0.00784908383544912	0.00201067922040849
0.289547499046671	0.0285015062034099
0.0107363634342732	0.0025124532288719
0.550504537090491	0.0437273564286671
0.143371284873549	-0.0200380787887757
0.293680004021635	-0.0216134609916553
0.67489506002951	0.0719750518626328
0.357371199268971	0.0575010219548157
0.0364977911480037	0.0108054360166011
0.0527435619071884	-0.000802279272450409
0.456864681378721	0.0818551638714117
0.590659520659086	0.0847703199561131
0.485572215314175	0.0967252574121251
0.612897159520376	0.0840771487724608
0.0731311216589814	0.018174890348175
0.601508492209314	0.0616500309014934
0.0578563436174102	0.00602982093101779
0.59561932237462	0.0570675826292228
0.568584803085475	0.0841231207577112
0.659414490634389	0.0749266385157229
0.630949630159713	0.0769486297950549
0.113470526647998	0.0203074748426549
0.517585674377467	0.0947426312270004
0.251225235996851	-0.0138223922177058
0.583095778186031	0.0739191632508796
0.0108085562143665	0.00224484449683704
0.590104710827543	0.0794331948961024
0.242682556641981	0.0205656629944871
0.393947595444358	0.0399778361146044
0.537989314317727	0.0426506260234269
0.169846359347634	0.0127756460291994
0.661334915284335	0.0726088578041669
0.632283386942518	0.0715871838799538
0.593296689842944	0.0829510513244697
0.400506379826672	0.0683963221520488
0.0241041891613114	0.0076824667429168
0.0683410258478674	0.0129081879831981
0.650827246039856	0.0692151516367463
0.579103701214672	0.0854119478145578
0.391549145776164	0.114334357338932
0.662621227873406	0.0744132805341965
0.0483295245178972	0.00090581653484707
0.026768883946355	0.00458303363855796
0.137142195997239	-0.00160111920193084
0.620889802034042	0.06237163635572
0.667556725005952	0.0715509227793828
0.673604943031451	0.0710691915718953
0.170222824556023	0.000224229972388671
0.661719568641379	0.0690868243728446
0.635226132158645	0.073297469343737
0.147174573150723	0.0260521215856885
0.192294515255348	0.0169736305706266
0.530154184796935	0.0707959684495493
0.336957518601336	0.118929668061784
0.29434631863006	0.0488607080934796
0.312911010767043	0.048687856925157
0.032457905366537	0.0027720110658294
0.0801071572326067	0.0158893568565437
0.377368742004615	0.0248508795898332
0.660136902529283	0.0751554216518411
0.150888353476015	0.0172383595336329
0.0232870751742926	0.00219660406761552
0.537808666730748	0.0568227713506434
0.569516808395072	0.0436410766305128
0.555997728592874	0.0885799355567164
0.0433597767758305	-0.00345435145133597
0.637670069768745	0.0810857330722287
0.0989537108153674	0.016280077142201
0.0245018430229788	0.00776929082033036
0.354462050176932	0.0529921006556669
0.221153049709963	-0.0288671646933194
0.652836075361296	0.0600608549303671
0.461003953651031	0.10370683108868
0.555283567201525	0.0908915240671167
0.0802896987085263	-0.00881453292865118
0.356889888224859	0.00325631505097498
0.485291611504594	0.0530886160859711
0.206031328857888	-0.0169484485831331
0.543415534236697	0.0889188761717802
0.63063208515326	0.045526480801779
0.524776129788599	0.0919631191694101
0.396908466734826	0.11504264714204
0.663944613457116	0.0746610500528702
0.0227919577359249	0.00336497161246067
0.0345927210866618	0.00938889525839849
0.0610112127356619	0.00436447408022029
0.542427356364557	0.0527895886255907
0.128900139063695	0.0183311494307183
0.240334763290665	0.0744314192695086
0.423648853814731	0.0659942872854018
0.641411495649166	0.0778817439482508
0.157530529858253	-0.0193415099608788
0.167259925760802	-0.0155592604155074
0.00497111097822291	0.00231415124809993
