-1.3107719851562	1.55852508491386
-1.31940359122376	1.539535540368
-2.4859976845137	2.9497832367132
-1.417114225129	1.7007711374548
-0.768268887766964	0.891820328855881
-2.58466334895358	3.06411600609757
-2.26967531908192	2.68517072363414
-1.21412919787172	1.47775682912886
-2.39012357269744	2.8557061871876
-1.14159692412556	1.34183595253481
-1.53485812455998	1.81489377131311
-1.34844425810353	1.55689796371585
-1.59397414036037	1.84223372009263
-1.73959087300881	2.0362487770732
-1.00204089272865	1.17728829056285
-1.30896203872778	1.53810982770219
-2.61106978018642	3.07637746995972
-1.61326285297529	1.8843575344139
-1.49864636697231	1.79813758961053
-1.58414443631287	1.89602334825316
-1.70402070635809	1.96207160477578
-1.78451756855329	2.05662944927119
-1.22197876931955	1.50365450516216
-1.9327295298487	2.28515441193316
-2.76797846628639	3.25855908281187
-2.5352962890971	3.0014341572161
-1.85436166093985	2.15914903186506
-2.21463651310625	2.61984949384488
-0.989826889724494	1.13403762249651
-0.428872628890367	0.484822869202604
-2.23838998304318	2.57651238109151
-1.74886974780446	2.06337428464142
-3.1255087665203	3.68449970914105
-1.73154050131629	2.01979901022827
-1.12053414643363	1.30960248674994
-1.87128943705933	2.15454390791598
-2.77541651416015	3.27696166167334
-0.117220969010272	0.143865310291013
-2.99652347799916	3.53766971893322
-0.93891910798602	1.12167465647139
-2.65664725730576	3.15890641162645
-0.725824834591285	0.831075726104611
-1.9636084778138	2.35151411198543
-0.157411240112251	0.190322536378117
-1.09724726684378	1.25321278704109
-2.8249893753406	3.34514954821155
-0.891101390227569	1.0910816134472
-0.636014830281622	0.774771201835428
-1.47152473452352	1.78754380930386
-2.04023347028551	2.42834372643333
-0.999159832490617	1.15774205514031
-2.44563880604603	2.91071191616664
-1.72073565633837	2.04457238557348
-1.713477577699	2.03956425552451
-2.17815372690548	2.61378397449446
-2.6669812056766	3.12236948646382
-1.59614374476705	1.82800860401629
-0.866569863794665	0.984803075530248
-0.173634749323793	0.20854808898041
-2.22141888261256	2.66350701196533
-0.985703194695104	1.11739952914125
-0.755248197928686	0.881330328856879
-1.1903898347952	1.41659988377052
-2.29964651593552	2.70123596919136
-1.03822061563047	1.21619140921925
-1.81187536482263	2.18010108008048
-0.678338178101381	0.775249036664213
-0.496615317300655	0.582596642817305
-1.06276518735687	1.26435126776602
-0.831607808195545	0.948353319797454
-2.87022120471901	3.38547140646332
-1.03058231607909	1.23367664463694
-0.999592596977568	1.17977561794353
-0.244999622692471	0.29135856181409
-1.71012974483048	2.02180934657919
-0.818796058680815	0.937876713017988
-2.32038617063419	2.76200925181157
-2.20829006358796	2.60031958443822
-0.76556108901909	0.934917944604065
-1.67211575011548	1.97083135786693
-1.85323853545935	2.18003647208919
-1.23981809682918	1.45905489699171
-2.83499497120598	3.35725132032604
-1.09347682874049	1.24583394737034
-1.56434975090267	1.88517360007252
-1.48861067897148	1.81727096483935
-0.373822484598091	0.453584524448325
-1.12866759034932	1.42774980152237
-0.834325935035555	0.966493280755536
-2.445856601332	2.91678633379977
-1.8056274967263	2.19766591235426
-2.57558238360798	3.06579253935307
-0.194208467349489	0.234093345729386
-2.55644852339477	2.99932840022065
-0.188727495152493	0.234024905930495
-2.44438951379062	2.88069652146854
-1.84170008337277	2.20688359012761
-1.79157353789847	2.1815463297668
-0.154591147284122	0.18809590291262
-2.65768854600509	3.13047072031645
