0.634891821012363	-0.544672595191847
3.4662820269603	-2.99310796333718
3.53850015049907	-3.07172695763
0.416470583271689	-0.32812064854289
1.85463795119912	-1.5357506075019
1.54518865256526	-1.4776729321498
2.75524571933339	-2.47199525059924
2.63940705125018	-2.17931226267795
3.56195178967276	-3.00198798697417
2.66404064182677	-2.36847098051462
0.00480286537531419	-0.0041897397974197
2.84152463140579	-2.4123506227693
3.59428212812644	-3.0517720263226
3.11042885476086	-2.56032622702529
3.49315229849784	-2.90022067387153
0.385683718472912	-0.35117099065334
3.42030851440723	-2.84692839752017
0.239420973016135	-0.201820391806809
3.58007584170039	-2.99491654006351
2.45210357848957	-2.03925584911574
3.4881175768038	-2.90925515108421
0.299027383974441	-0.28495492849196
0.595912545522841	-0.44042000613227
1.96022358034723	-1.68629495276235
0.194785546242538	-0.174320233101801
3.45896371447529	-2.85654176603722
3.05059225651324	-2.53894180072837
0.325910697537459	-0.276314310818332
2.30982971086947	-1.92145460262913
3.38998355684535	-2.96200283141857
3.38963267405169	-2.8772599710501
0.21599498143296	-0.188098431865931
1.01139423206504	-0.81923673220753
1.39760035888445	-1.08516919372844
1.55898339605429	-1.41041907695622
2.9263873870344	-2.44685787604738
0.157089881105819	-0.118123329655874
2.54911886269079	-2.17613975195158
3.2323331286928	-2.72860458092521
3.65314485967084	-3.16194971318353
1.15456598485499	-0.903527359327848
3.55136900789641	-3.0093298194052
3.58395597439728	-3.04864735545962
1.08237218977513	-0.900227748506739
3.15446101900252	-2.70735815352409
3.23493221055082	-2.71970796150016
0.0434825930884785	-0.0324680362985989
2.94689637761921	-2.4741360881444
2.63847824769488	-2.17738125280059
2.88973047480461	-2.52978133901288
3.00375307766007	-2.49430946080594
1.94635925017361	-1.65267503200963
3.66023286074294	-3.11739933762986
3.39991270848551	-2.98092023003153
3.60187192467539	-3.15468169466856
2.83993052237724	-2.30909406161873
3.2776167960112	-2.81465662282687
0.688136249595538	-0.517851310938761
2.3452471646795	-1.92967016859507
3.03191289535491	-2.54579726994713
0.204710686520443	-0.152364498199324
1.4844437433903	-1.20242011883712
2.57890615794416	-2.19716787113399
0.275137473962077	-0.247427468822136
3.31707201164542	-2.86907738185371
3.10560568346574	-2.63331499207656
3.18879482659805	-2.72599262132734
0.0782783269693195	-0.0472633035440994
3.37664316242465	-2.89244783341907
0.520315714518226	-0.438549251979873
0.129005521640515	-0.10973727422987
3.52746455247965	-3.00130352706085
3.60091739973169	-3.0375116914295
0.427121311563872	-0.362360435746654
3.36977731767408	-2.87998476670597
1.74074764470938	-1.50764078827582
2.05583667190793	-1.68530573107071
2.13130816136902	-1.78406782564119
0.0664419483248229	-0.0464327705488191
1.14272293440546	-0.981639058527271
0.203876695819485	-0.164431731476881
1.38634143592854	-1.28309203775741
2.7078417791246	-2.16187588591764
3.13433878599021	-2.63292837195181
3.16530379868888	-2.61830105366243
1.55219786856221	-1.31067010912764
3.2062944001879	-2.65814743979877
0.575541159013461	-0.389049504023004
0.225419717774362	-0.208161041388202
0.106292561887837	-0.0640418370915238
3.69837445615185	-3.13385619806041
3.29793417810315	-3.00917561347438
0.101397005541194	-0.0906834420154973
1.67256641262459	-1.46093284685573
2.41921352043923	-2.02094748548855
2.85579075047022	-2.37416745421658
3.27043309091502	-2.78471322600147
3.45354289382208	-2.83432938107615
0.133843911259021	-0.118966573295061
1.58079405111693	-1.34785092127709
