4.06207201799838	-4.04730178694166
9.35358390829715	-9.29830449516734
14.6291818454875	-14.4139396852723
8.62056260402472	-8.51708515124712
13.9507203781641	-13.6635185319134
1.89714596519197	-1.91820535858494
15.685256651808	-15.3416581188772
10.1147229280666	-9.93833938938095
1.059746305063	-1.06360839521407
11.153346510735	-10.9514806834813
1.03403464130292	-1.04728862574752
9.2088802588681	-9.06286274677108
1.30934216636843	-1.32553996255456
1.77342078674781	-1.80674999257147
1.62348623848903	-1.67101970373134
3.59939466010459	-3.56223196097265
12.0597626642435	-11.9708143680513
12.9330793838447	-12.7017299669773
1.91219745990498	-1.9180810658784
0.568412593538016	-0.587307818085577
7.0688411763784	-7.20641817518538
8.05865776715596	-8.07566016445213
4.32466960119492	-4.32496441028716
6.22389008583428	-6.2823861973621
4.08956035359238	-4.07494108079038
13.7079636374431	-13.3897326803502
11.5893427410882	-11.3560951029395
7.73900311111005	-7.60436454039137
4.88986576155729	-4.85019694885619
11.807206975247	-11.5775354754244
6.30455974459571	-6.2258708576743
0.846464378394453	-0.853255130475083
5.8949290921119	-5.83729183190681
4.01035393827179	-3.99635770164057
16.8915024598601	-16.6238178691281
12.9170338453656	-12.5897599355894
13.6611761916514	-13.2816986933313
2.18715999728461	-2.1393503610714
2.37771256087348	-2.37125083030365
14.1668814362139	-13.8769746526738
2.69033084595382	-2.69051552068242
15.37787298185	-15.1033271110442
16.2383012093861	-15.9882632109115
13.8280913539653	-13.5936065899344
16.5874957819636	-16.3832576818118
10.7444969637594	-10.3961096180602
13.67731913639	-13.3281514027091
13.2544636621483	-12.9612428593415
9.65156951713296	-9.49560595667783
7.1305939400114	-7.1208738579522
11.4008756343059	-10.9756952538349
15.4700669729145	-15.174989655839
5.27093411762912	-4.912636530276
4.54297702237755	-4.41925169025515
14.8725402752114	-14.6845975891329
11.9753325402944	-11.9367001180754
12.2741327237558	-12.301658896444
8.29365411223399	-8.21412996567305
2.77018459855532	-2.75965529913535
5.68961656262845	-5.56559861678164
0.449455761940844	-0.448739779862286
7.04557128612084	-6.96192398775063
16.4735662912578	-16.1928300998465
11.9881282919491	-11.8155173384348
11.9642179228364	-11.7015132480458
7.74104564877988	-7.65859975455607
10.7887754894348	-10.6633661603397
10.9152048219601	-10.7130953864676
11.9740629942481	-11.7458454971632
0.705484709595099	-0.712559483936452
4.11557584611977	-4.05465820149703
1.65583833628351	-1.69814261040918
1.5405525258234	-1.55390130315055
3.59838436324196	-3.65259708406118
10.2339681444832	-10.0871098357236
13.4962334178673	-13.1494067749352
2.41329320957879	-2.45258331420208
2.05354756018997	-2.00384480136233
2.98789300402718	-2.92544251071679
0.578946926821661	-0.571654171560229
8.388371247717	-8.17665662216872
4.69177784927456	-4.69932103799475
13.1975174482668	-12.899432292696
6.50525676618997	-6.45783799364555
13.5539136303012	-13.2759775657782
2.96360253751532	-2.8430551873233
2.72694328803172	-2.65388340225373
4.13874477231861	-4.11941532396397
2.40317670895158	-2.4388518691635
14.0853977235553	-13.773922910069
14.5719398821518	-14.2450025134125
10.5930488449294	-10.3676240236061
12.7741322643128	-12.4138462576983
9.03298035284902	-8.78519111037892
12.0091478989433	-11.7479123054617
13.0230998504949	-12.7403228113327
6.0236918361107	-5.94446213284398
13.2515086261416	-12.9551439478729
13.2123338022338	-12.9029111304923
12.9483383978093	-12.5819307027875
