0.612117798420941	-0.634938977462292
0.0866931511595573	-0.0799455968082436
2.35617400118611	-2.16144417352943
0.858112316458174	-0.825256319028336
2.83455156333117	-2.61288461598333
0.422227853611143	-0.460131853047053
3.49327207896434	-3.25759850588092
3.48762576494809	-3.2452381206425
0.341260629347231	-0.368018877940663
3.20443562208953	-2.89967497641162
0.367001041424765	-0.392543252551759
2.85705840043685	-2.62585565789504
3.29735493420852	-3.0307146312809
2.96519118380531	-2.67758164708428
0.226253478272257	-0.207961383739496
3.17007054709418	-2.98524122055143
3.21022844900399	-2.98410589645314
3.46329119799872	-3.22408768685264
0.123297742057006	-0.110807316851017
3.46296618335947	-3.20057174430023
3.04828663453621	-2.78282976730846
0.315545338716149	-0.296794445579086
3.24204449548803	-3.03149048692271
3.45988805391542	-3.22896297549338
0.19518847991754	-0.185244848135662
0.0520774728123928	-0.0477625784408877
2.47555788608444	-2.30629368652222
3.43622565637038	-3.18389193147249
0.164322304247265	-0.156420381339543
0.527398597140996	-0.547264267248143
3.436683608547	-3.19004923798506
3.39191868142596	-3.21387802304706
0.262094808428033	-0.242067331756918
3.35123122925355	-3.09363254098171
3.41412526167069	-3.15722886950113
0.326160912134145	-0.302057052600098
0.226776103026156	-0.211103968489419
2.87682504045061	-2.6836976655382
3.17254315552515	-2.93388477243192
3.30255158629978	-3.04222037754679
3.34764948177289	-3.09562421476334
3.41457330255099	-3.14065275064325
3.36032546803437	-3.13875529337961
2.26391334657825	-2.13805589648722
3.42861696655704	-3.1792319752544
3.12561125562449	-2.83743869578063
2.70561865283872	-2.50491455389803
2.91332621296075	-2.60102753480094
2.98592025500807	-2.71640506273505
2.80347481283645	-2.49115497189015
0.802250945888057	-0.800578880527401
0.272593157999866	-0.286983945984413
3.20798458848959	-2.92167910580113
3.10669337159868	-2.79388537555157
0.931371402973449	-0.96259864705525
0.894210479139702	-0.874419419907452
1.44273496180944	-1.36046482958539
1.94924105261009	-1.81497497392866
1.59568716075225	-1.51754522893735
0.879586813461842	-0.785580789695966
0.459109287172575	-0.418102944436076
2.23138113205412	-2.18042995775848
2.0518358838406	-1.86126102206986
3.07855883133934	-2.86577453218119
1.93016347882146	-1.84315160183297
1.7764330103901	-1.73805351672731
0.348172979416142	-0.32950316582426
1.40811053114907	-1.24117797356157
3.45776047866815	-3.21294852969257
2.8079606141163	-2.60417010239102
0.0888299511127801	-0.0801711741715944
0.149596078756938	-0.144565929096725
0.147257312516192	-0.136427020620606
3.45855097129777	-3.20124098656047
3.48990036317025	-3.23583212355014
3.51242296597832	-3.28672932274947
0.793396357505497	-0.717485573989396
0.198195312688956	-0.188683223358435
2.97157117618188	-2.79817668427117
3.09818885003218	-2.81398054037903
0.319277714440667	-0.351107234443019
0.557266909420217	-0.578566592483723
2.59736437267825	-2.31930922421006
0.539449428328973	-0.570573370538984
3.21716096781683	-3.00416571809265
2.56318275274154	-2.44061526490519
2.83261285246934	-2.56640581554927
2.80576217634926	-2.59049875537052
2.19421683591584	-2.00735412246836
0.366210095180325	-0.390276935353389
0.617330370359016	-0.614905740021352
2.67926809675307	-2.46170023247615
2.61598256015377	-2.44841693468086
1.2552065340102	-1.21720547844876
3.42020365686214	-3.125256062023
3.22489218611269	-2.96823783607215
0.881595988271652	-0.915239490031265
2.8773678463654	-2.58208405070868
3.3009244402309	-3.08396069013315
0.395302949756055	-0.366843057526606
