0.114740723627142	-0.0795936321262344
0.0329002222405426	-0.0198158236811278
0.686019127643968	-0.331414598241698
0.180215148976302	-0.11072122997895
0.91192719283138	-0.439294553235445
0.0159104225537901	-0.0111490638908089
0.979273117342664	-0.429197679729256
0.977937560386236	-0.422363373676595
0.0269363561292714	-0.0140471182897964
0.970612970786954	-0.405520009330417
0.0476715075454119	-0.0302884871018305
0.839777180232148	-0.368144443675967
0.957609212159777	-0.408728388124095
0.926006426188773	-0.409782026320683
0.196288594385759	-0.0944334504319966
0.977347536430589	-0.417484406253119
0.885580053654184	-0.523863130465627
0.978874247469065	-0.436786219908708
0.0329797378269599	-0.0195118922902889
0.916705129241896	-0.479496378175183
0.866423165516799	-0.363134114023296
0.0986519694019228	-0.0565006022531099
0.886991073647278	-0.496491498603206
0.978125012159562	-0.433420072926233
0.0634544456097677	-0.0405074871490729
0.0118847079216004	-0.0118035448691729
0.6681232970618	-0.282836700868331
0.962004091632779	-0.390349250789766
0.0464628528616105	-0.0365478734197225
0.125059347136161	-0.103655667154601
0.927790391337952	-0.430802781538448
0.928570394716344	-0.469543040006143
0.0741890825805496	-0.0371707229478737
0.972854203226005	-0.421808630637832
0.919716242414022	-0.37339320689782
0.123822185962049	-0.0891667301018422
0.0470440890296569	-0.0024331897237937
0.928510936999121	-0.457702714972077
0.976493667589842	-0.445008269046665
0.966532371704027	-0.396011023712527
0.878450161179465	-0.489254451629449
0.959746111384326	-0.401555220068897
0.899320127269082	-0.426031848316366
0.630269097793476	-0.294088006579197
0.975777755381727	-0.437202285775872
0.954091070801755	-0.41177183634564
0.967339006490951	-0.436570099079205
0.969098661501449	-0.415379376078321
0.95760111225986	-0.436849938083914
0.982038186712701	-0.442810878770707
0.10692836733619	-0.0361626752171202
0.0291687740243857	-0.0171826926728916
0.978197261951328	-0.416957289812563
0.981081600933573	-0.451630112721227
0.163811780759827	-0.00522006001876314
0.354301371055222	-0.260780105037247
0.405725650946137	-0.0438203038281075
0.579283848396283	-0.425690623723697
0.557363826923994	-0.41424593809897
0.209379284233157	-0.0859328718169433
0.156693211179914	-0.0388882515615659
0.553793507364938	-0.213352624921616
0.598392970907865	-0.241096072189954
0.861657517293862	-0.41417444088451
0.476131084021378	-0.298064942102695
0.528708656085022	-0.328414894499293
0.110824163869138	-0.054408601707591
0.411790905001098	-0.122821294083234
0.978373468801064	-0.432056333081838
0.681612864532909	-0.205332507332692
0.0252334418228163	-0.0152849637139632
0.0407862288123989	-0.0183896601086381
0.0295802386663584	-0.0200543352215674
0.981711873729206	-0.441459639725607
0.970784060130664	-0.422055186706722
0.976088303830889	-0.425460469019929
0.225223255054074	-0.0189684498566447
0.0593501455062597	-0.0320507331502357
0.900089383691285	-0.507954653000928
0.979475138667685	-0.43829017120195
0.013014596194829	-0.00891900215872822
0.0893111034012826	-0.0539198515251149
0.779906392191288	-0.297558979925392
0.0612532813442763	-0.031629359450904
0.774764716592326	-0.514304683888249
0.945047224271067	-0.445486661265402
0.914290530363887	-0.40180564362479
0.91418777941854	-0.413667087332743
0.816713120531401	-0.380973585644618
0.0215482274417137	-0.0142401187745303
0.14325957836785	-0.0745800443501679
0.753947120247363	-0.373305134525212
0.919399409665546	-0.489241243180553
0.336577834689262	-0.188917240277913
0.987395461563682	-0.426421459541403
0.979570099668203	-0.431817416771813
0.082397640401678	-0.0546119488161576
0.906811746523205	-0.393031868013328
0.918251128138757	-0.488364211151303
0.163963828779863	-0.0775766694482985
