-0.512657065122679	0.803467624650755
-0.174049110592069	0.22612299084075
-0.0999631395920916	0.147421242568309
-0.155595893013005	0.183026123593611
-0.306679719690021	0.460377420535414
-0.653750251504975	0.980478761950789
-0.418219896035822	0.619262851678228
-0.122143386654378	0.171489744904759
-0.431265963664223	0.707130019197979
-0.294655106878204	0.40047493614767
-0.611281481633993	0.852720595366388
-0.761492832293008	1.15345180998864
-0.407346760957522	0.633297181400728
-0.250089446413998	0.391684213398203
-0.600401345112999	0.890425491269019
-0.87782558600129	1.32101706395027
-0.113479758338447	0.167578254388362
-0.734794560836739	1.10462099545805
-0.517699003426017	0.787476495584443
-0.60396000226231	1.11517752723709
-0.265410954198808	0.297609485498794
-0.499218942080524	0.800962353365608
-0.330377763876923	0.472876058800773
-0.569378888614344	0.827628253098692
-0.329038960103919	0.521284009746824
-0.230654406738439	0.307505866105469
-0.512721848485664	0.752650628378042
-0.325786838012801	0.467988195928133
-0.393658218935386	0.58484260516684
-0.701933522958406	1.05057236037241
-0.390151648605057	0.626337242036893
-0.772851649258588	1.24723492563617
-0.644037923156403	0.902961664989314
-0.77534086576984	1.11584564999582
-0.821763741597272	1.25538623353284
-0.370781247863544	0.507142940417548
-0.635811076126841	1.01429820438618
-0.766273345202591	1.20450198519502
-0.41715612274834	0.717380480825737
-0.517773135382373	0.848828374845369
-0.339215032002606	0.49653024962846
-0.659846700938564	1.04551765222812
-0.509310589022904	0.839813947909133
-0.623118236737277	1.03230929490565
-0.592878544203976	0.883520968511641
-0.435718553741977	0.41888416015181
-0.447023101147349	0.676451211688621
-0.174839366771521	0.189584054252132
-0.802421847122807	1.12088928336823
-0.504823372120934	0.646037394319932
-0.79532719082255	1.25772322154192
-0.334562322064903	0.538255185714062
-0.151827819963322	0.211060728496148
-0.564683702907911	0.833961532214359
-0.395170656547321	0.584413403084296
-0.500102940289976	0.623737328948738
-0.358643344434474	0.522927238413372
-0.0233958358053303	0.0262481279223302
-0.329881229149668	0.57418113895564
-0.195565401803903	0.35409675007476
-0.426158173721591	0.574320592727099
-0.540735842689546	0.833516482824546
-0.667544082889978	1.09004768120574
-0.67106991805355	1.0141745002772
-0.200298424912298	0.31295082714735
-0.810554883676125	1.17308161941603
-0.38012184861168	0.604686489677401
-0.652958060163992	0.953369283949099
-0.47961279371425	0.751096678256444
-0.496021783979545	0.652805596373453
-0.454153525915036	0.665529860202137
-0.423022872326831	0.667227153187704
-0.620465971248784	1.00748876191262
-0.0818243925757125	0.141482045911192
-0.300105445947689	0.500687318105111
-0.769912772077422	1.15969943267301
-0.0738496403176778	0.129615853799513
-0.307416406039544	0.529866893318186
-0.225205256797838	0.407130871947575
-0.866424049581198	1.30428926721897
-0.233255462112709	0.362692444717275
-0.295377556766597	0.592990142840496
-0.112034813653353	0.168348578524374
-0.298847993960647	0.5144678303217
-0.745660282255141	1.19938282689426
-0.863401725305958	1.30766857991925
-0.407230161284595	0.501625348603597
-0.230202892633955	0.434878949094153
-0.695192140071665	0.958446595695399
-0.357371458460488	0.362636959133471
-0.731850504233028	1.24393419583081
-0.817222559012921	1.19275781746291
-0.7396791715509	1.1521943903099
-0.815651313030312	1.19074039198605
-0.228753790348369	0.531719346154425
-0.735919388385076	1.10562432799551
-0.842194158051047	1.29202791397581
-0.14131410294093	0.198778392872609
-0.799478175121571	1.18519369200366
-0.811146673125576	1.25481789832357
