-0.0218813012477791	0.0269579491148101
-0.0216598415845195	0.0244542534164371
-0.634163444817154	1.31715368673276
0.172484341407991	-0.124778324973605
0.330619406088631	-0.260703866813335
-0.984079374995427	1.50594777777093
0.300420752071856	0.186882493567526
-0.537708398418614	0.878890504829877
-0.0390190278779259	0.0554809206808775
-0.95084392598878	1.57537803262959
-0.667951548530177	1.29861436661576
0.397661604869665	-0.338815092346334
-1.23474317827329	1.81696494989219
-1.46822111671251	1.97533814558785
-0.905924298684486	1.54952618790377
-1.6035710296398	2.08065898490812
-0.887043033684891	1.39105071050153
-0.626492877709423	1.29783930301816
-1.61492480921222	2.14763820651108
-0.336668593908144	0.809452847662793
-0.490559679388357	1.03019277815133
-1.34260977592215	1.9234920749479
-3.20652133897067	3.51402868220925
0.268847389762195	-0.190488138786844
0.0796144440548964	-0.047701298836327
-0.440197665103566	0.581002007706353
-0.713335269785675	1.36524748024875
-0.485076178795481	0.86720718277737
-0.346501043154681	0.503600081146209
-2.16053296128194	2.61599025058755
-0.537226740559435	0.602864690948791
-0.709910335483889	1.38532916092959
0.226379461222644	0.0194805085118222
-0.519568335591451	1.13610759916513
-0.653309447032514	1.33324794742658
-0.540814008799325	1.23335448329795
0.289801620751178	0.135193777582184
-0.46266030198253	1.02572751071454
0.420138129312285	0.0910433227076296
0.0197267350082937	0.0271425908279351
-0.00369763039538947	0.030936506469019
-1.04031753729504	1.65612111522349
0.558549299394903	-0.459779275685573
-0.552608181058653	0.715602807952873
0.574806206424728	-0.427350850998801
-0.231315741636552	0.608974774210881
-0.173164711178934	0.41222523601589
0.104157594792403	-0.0693789032577623
-0.492767493464799	1.07321837169663
-1.60536943326811	2.13739740329876
1.44057458078594	-1.01139745995721
1.08607098875554	-0.883418947099228
-1.68459573042922	2.22264518280907
-1.52769537776636	2.0918840629247
-0.282011133217532	0.771596931254939
0.0635551257395597	-0.052494985728605
-0.451471898952481	1.10203266938263
-0.78923240647965	1.41886787950773
-0.575321595281516	1.11475127115405
-0.839513839592955	1.46178864280869
-0.663361733724306	1.28112859516404
0.0388867468255235	0.494317320730785
-0.0359347733449534	0.0509090654292722
-0.0152899223463813	0.306631515124498
-2.58493374452987	2.95644343699036
-0.759967909747197	1.43327149539269
-0.791848439719724	1.41948798485823
-1.16550958689784	1.7482973342011
-0.658218681000449	1.29959156577364
-0.658735277797752	0.99653511027455
-0.595796683560913	1.28678253449483
-0.0132248815107554	0.0159338894545346
-0.599572501551381	1.07839564159733
-0.631976712391147	1.1271683530866
-0.808834887795666	1.26393266701823
-0.344228500907948	0.368222071129838
-1.49970070552728	2.0509458370866
0.00903841497837479	0.0540836177253772
-0.293972364634007	0.746752533449622
-0.385523935460525	0.727829503883839
0.720696222480286	-0.519038364971188
-0.0678661814104979	0.635819096176239
-0.659892697888906	1.3393711469149
0.214758541444816	0.00896522170989293
-0.588855090884401	0.895892854485936
-0.293524425820867	0.493268388678356
-0.179603829196224	0.441846715030748
-0.453666639201098	0.71311148947842
-0.473021776296072	1.06507809628166
-0.604084186965611	0.733850842951087
0.134774057378403	-0.012432622218061
0.201465875799329	0.17544490262548
-0.472734935335186	1.17434317631448
-0.209992754763789	0.590479659200452
-0.11520333811414	0.43378250562788
-0.564964025369662	1.24177221713523
0.326314116270282	-0.225096698829252
0.514014788780673	-0.221152440242277
-0.445510438101728	0.556334889026318
-0.277965173442169	0.553806867223296
