0.0128772199470654	0.0212713816232132
0.00627133458612537	0.00522456522201059
0.229846943816401	0.109143547164722
0.128733393785891	0.0232271454812618
0.525234659706561	0.159225493046652
0.0133264223258741	0.0021328525281885
0.610190330720883	0.148490015133705
0.621364570978996	0.144661732992489
0.00964701119222322	0.00463233569041133
0.629475765841722	0.137190352320265
0.0322815210217782	0.00703160305627988
0.524363151394634	0.126450377673794
0.606259483261427	0.139147642543632
0.584420247072731	0.145041858058859
0.100749569879482	-0.00275761043233921
0.551918137259164	0.152085975982233
0.567704184216517	0.145982637355976
0.602565222461784	0.148870734773296
0.0206876522529868	0.00615693856337148
0.600460243916403	0.150216218512905
0.539552507962928	0.130162070367477
0.0538537049991986	0.0156980694790394
0.485180265342065	0.161607450540851
0.62261986957373	0.139987268964723
0.02986910049989	0.0104083320046383
0.00686193813218204	0.003631165448438
0.46854324561706	0.0982503933402022
0.532065389256004	0.154216665058531
0.0127868007940565	0.0107443012732951
0.134692207461219	0.0110061673776443
0.401202109605479	0.169972303130383
0.599988317608333	0.150267096826035
0.0409085256771646	0.0137815348969503
0.620629505174883	0.145300989193934
0.566279277305222	0.142244857681119
0.0984915612869922	0.015550139556965
0.0828394628895385	-0.00411098408953901
0.558502753972135	0.150722513659395
0.535203314427338	0.154291527074933
0.569988673354501	0.149954692615481
0.551299851753726	0.15087148462194
0.568135144591363	0.14656977185582
0.386660496598799	0.171039695097191
0.375469658106529	0.103305743850518
0.587862290097222	0.145564312791465
0.604260531520792	0.142922137380295
0.392931328012376	0.170470616907797
0.539267654892379	0.14559375590806
0.513171421330472	0.149114458826376
0.547404620890926	0.148985049991333
0.355046701905921	-0.0182103753982259
0.0573832145288085	0.00212901880512943
0.590549986643621	0.144892088293141
0.572510555257082	0.142234557260879
0.282574298942227	0.0192905867184053
0.133207578927176	0.027750983974535
0.297099418021594	0.075722213621295
0.143591968635028	0.104464595767123
0.166976435987675	0.0992017706906043
0.2152112158507	-0.00381159706096499
0.0726962345659919	0.0367196009630621
0.525444044981866	0.0410536002433638
0.314417447242135	0.14048297719424
0.534520185045439	0.10798236622224
0.398327571924905	0.0322336903447546
0.319470167316144	0.0221097722899455
0.0356260551067186	0.0257731294887127
0.156896821846982	0.0987598730006687
0.605151294126226	0.142996449758114
0.530324084468709	0.0876524801199607
0.00261011465398568	0.00619428012792397
0.0207637131613186	0.00789420340572406
0.0125586846658118	0.00773312657497422
0.601332985771624	0.146830661810014
0.615122748282139	0.145452199932292
0.609946382273845	0.144369165869816
0.14583220095892	0.0124157576043512
0.021790475746503	0.0129658631908309
0.367136061805075	0.176001249848431
0.567541890941278	0.145987386750195
0.0132545306628751	0.0024847431600864
0.0854687438210594	0.00921809617892423
0.500501839437642	0.128354334556583
0.1036182506708	0.000882614868520886
0.588413726427436	0.150984375366145
0.573332082894603	0.153793188071119
0.56740962732891	0.135045425026751
0.401880151348311	0.162549082152707
0.272554304529465	0.155485832108682
0.0734626326326685	-0.00586880490213557
0.119633118248676	0.0158277533608916
0.399310673419393	0.130874440048543
0.455953682764573	0.165249353466252
0.234536872581863	0.055566040455277
0.608025645027917	0.14624239326773
0.620823328087151	0.146407403085204
0.107493073452835	0.00498659679863073
0.528784130333036	0.142937536492539
0.415422671238718	0.171833710670161
0.0571394470610139	0.0260852072099902
