0.00555330106082612	0.00054078322566791
0.00160161851872664	-0.000145036714629876
0.573294805478719	0.0510054714542151
0.0352545496416055	-0.0170701674314818
0.100956627775194	-0.0615513421097864
0.429595975993597	0.0959118978294522
0.372208759725928	0.00670886973757681
-0.0349541366141285	0.247173947636871
0.00810151939360415	0.00449314187177246
0.394427016781402	0.160406260489929
0.585051407774884	0.0142283463192018
0.000892369277823185	-0.000383310489573867
0.497420987846646	0.100739726418463
0.208385678042042	0.273051966495516
0.584508016209722	0.0402386269331311
0.421876018885758	0.111007917434416
0.468090323727698	0.0423730969811667
0.59313169418359	0.024049091494899
0.411408564203253	0.14981221698363
0.490561390988063	-0.032226930817205
0.496371924544255	0.00187529714706769
0.434860619301827	0.139319533483901
0.301886760519663	0.219671517693945
0.246345710988838	-0.162540868410462
0.0395644556493968	-0.013994339234565
0.0492362349023962	0.0880727081944393
0.516384585233933	0.0737882521481744
-0.172784032845087	0.36760311252704
0.224543823333971	-0.0323596715983486
0.341370351889531	0.180313690195273
0.0279412408638341	0.0626257784371499
0.299301456898527	0.207451038727045
0.161151541065	-0.0124029000732964
0.576325345871765	0.00740804028640424
0.55055374699846	0.0614169011508621
0.53937885285004	0.0493879924878047
0.303466500574426	0.0059154811498709
0.473504699686541	0.0362085272264972
0.27094505438227	0.0732768822693367
0.0700790610286704	-0.0222887407179045
0.0205138625965415	0.00315714928962659
0.663459097589018	-0.0268262344439618
0.0772252340267889	-0.0432713974539919
0.0141476509350668	0.117864531420587
0.595315028584806	-0.362372962798541
0.423422889632477	-0.0465234515358621
0.217373360365044	-0.00250454505160055
0.00236620314550331	0.00279411627605779
0.570451083602633	-0.00953821640242338
0.505336671151975	0.0892022788787631
0.763581811179756	-0.376051099898516
0.157493234175621	-0.081591329264253
0.430988860461178	0.148328224257595
-0.353908497891701	0.676305129750835
0.58084537683788	-0.0919481221720569
0.0929333852404486	-0.0610227290056607
0.571562583945964	0.0223496340217031
0.545035107992257	0.058535744116385
0.375474504564175	0.0888316222280257
0.56559472395612	0.0360927442386917
0.600074096466516	0.0142288765638001
0.483869053622707	-0.0274796520745876
0.0865494421900825	-0.0406411212627774
0.165658071449107	0.0571905224528644
0.573974721140277	0.0448324361030111
0.372446160928643	0.15545526698475
0.400376934881389	0.145120699705154
0.582877746926461	0.044223916918813
0.518687697940353	0.0398595789218617
0.260104129423577	0.056996821402205
0.560903305516413	0.053587156930069
0.0503546338413229	-0.0160904214120551
0.481689593726324	-0.00727153094486731
0.434466865962658	0.0303717974073846
0.408743016453847	0.0427608205837991
0.0868049729650463	-0.0148503377872644
0.278226522290709	0.241446983177042
0.120670654986892	-0.0604343178814234
0.566225143157982	-0.0986394675756262
0.134233816567527	0.128352076434938
0.651475595532294	-0.391664139716161
0.353518588052165	0.086049225688009
0.572727403165057	0.0449740455767345
0.11334862254743	0.0338448277872734
0.152340167369031	0.127294206108093
-0.0406690119070373	0.159550853160894
0.0649989021485235	0.118478964688881
0.225535078332096	0.0310331546325426
0.351437973755487	0.133659727222721
0.244234556065648	-0.0398396520610383
0.20478496177826	-0.0824201513677995
0.333521834943466	-0.0226947380411144
0.562561659230464	0.0603551263988279
0.257973461327925	0.0549740844872411
0.328401093083878	-0.0355044141970212
0.607159815621129	0.00856675316460806
0.316355284103436	-0.184456221558657
0.19345873676341	-0.0575826070455684
0.284682132104589	-0.099934185067856
0.134186817713186	0.0702477351678209
