0.0806041850617465	0.503180178745329
0.112020326245993	0.511358348894348
0.112899597287801	0.333558149485216
0.162519486548664	0.531081157195556
0.0223636919180951	0.187813317271398
0.0590386650053818	0.231719009102778
-0.00131426119163747	0.00931669340213878
0.0963118109682994	0.21771919056437
-0.00658256789261776	0.0132239112355334
0.244429184590338	0.372879980255697
0.0480013184006802	0.0290395982953054
0.123819547300349	0.130465364346919
0.204137210849793	0.534548569014829
0.0588487580389364	0.27111794958059
-0.0137604199283114	0.0421815998967604
-0.00572963071013617	0.0652912872599478
0.0792591460638699	0.406503410308357
0.0838340155687515	0.504679595959331
0.101194956886368	0.449132455638974
0.0931711075571879	0.519601995025406
0.0202323445907409	0.10376756854263
0.194579019398825	0.4712555019208
-0.000100106628259123	0.0470296071345655
0.155550779619979	0.439412603878026
0.103906811107073	0.471326936467178
0.173854480653965	0.534470582690795
0.0526194217026777	0.451392730289328
0.0231677139727835	0.106723723302648
0.073885399776519	0.495892785432935
0.0195456444190183	0.106324991981938
0.16987237782473	0.478839377863317
0.00152309913763005	0.0303534721178467
0.142521104575031	0.510337459602374
-0.00549941528770224	0.213328223628254
0.164756013540227	0.289578680108456
0.108232410398729	0.40433118019744
0.0667400981396438	0.103507659334597
0.138098221780805	0.525977572067709
0.171804188050698	0.502396892907917
0.201808904507596	0.518972557352625
0.0827220012433873	0.368098050790699
-0.00224462958941184	0.0329892587679732
0.00608191678023289	0.067791975559614
0.14325613400015	0.523990272091174
0.0631032429035928	0.495797424767242
0.100822932484358	0.501408672530674
0.175114946422345	0.527879222540388
0.0363723265086755	0.0447725315179194
0.02587086993152	0.0461496471137754
0.0508250206880996	0.103062348676936
0.157373149283748	0.482713756394278
0.199731998206121	0.530312735973856
0.168199911799477	0.530322730261791
0.0280490446263086	0.0969548823684847
0.15402564943047	0.526137480810651
0.160846658037246	0.515195191716146
0.0282855440905781	0.145712145862614
0.108129510380531	0.119846310334413
0.076691269703706	0.381733073490008
0.0808122159773356	0.493986618117149
0.104012364220202	0.278865617302048
0.0694976924347679	0.286273743336917
-0.00195978549486398	0.0182378399498639
0.0436190409605949	0.106806045274624
0.105309093675017	0.243563176361951
0.175177690467605	0.531021870530035
0.00378890103344442	0.113122191878233
0.00443504073948593	0.0164015412434679
0.136837327242125	0.437564162161825
0.211310664504466	0.402424623019486
0.0447761183189853	0.480290086784594
0.031477040330123	0.0262031806415368
0.175672108757031	0.521275239107367
0.00349116969002501	0.113325597688662
0.00226598072656307	0.0335712567493555
0.135465460312719	0.343850565038938
0.0725246703543845	0.0447069636706945
0.144139176202612	0.492238606934844
0.0475279007314202	0.501345109741897
0.00680383474491765	0.463374748142974
-9.69357942714994e-05	0.0182438594863378
0.0111796919744202	0.211046397957248
0.0994084295737281	0.381199116278207
0.0221261989444026	0.0669966104019515
0.0823700629492615	0.493356430612826
0.147112073140099	0.441455663950809
0.143789363323195	0.504911080865511
0.150474716961813	0.515728707669072
0.189124461260191	0.525564020222791
0.00436506213698002	0.0192044256717378
-0.000194352279926539	0.0485725183674442
0.026235413951773	0.0642478898000582
0.162899469917736	0.413823814980691
0.0253151392202657	0.0953353732882437
0.160202745245987	0.320182962101284
0.135779823353049	0.408682929821697
0.0830130955031461	0.491840740672243
0.0226939288276322	0.047378686929379
-0.00275329202670148	0.0437944061206372
-0.00163229373868486	0.00816997066656948
