-0.45293735894923	0.775039786221254
-0.275044265107012	0.518528525865407
-0.8442812533934	1.36865308154455
-0.594685127221043	0.939042340135418
-0.200509850064086	0.337789729050389
-0.878922197736342	1.42091536130961
-0.609634728190951	1.1273751118076
-0.474362763109136	0.902291916856136
-0.79638481108581	1.23728477438333
-0.44050787632355	0.676707241681138
-0.468182336839707	0.735051017792277
-0.402894926245973	0.561425467907264
-0.40470692079369	0.56259127330357
-0.433796273712073	0.701953398950817
-0.303390507678378	0.48133725206401
-0.395709679012593	0.579042871309359
-0.834247502939488	1.27299146907394
-0.392831259462755	0.661502521739256
-0.300089596405035	0.705364312577833
-0.596804322408858	0.953256004581327
-0.362730471928263	0.554442942927107
-0.582628253965667	0.774551742630545
-0.556713730602768	0.936148960464616
-0.502265599590276	0.893500378612425
-0.806485851525233	1.29365652915126
-0.710873976794899	1.24587707989631
-0.429133677642432	0.754374434286557
-0.672806813175332	1.08424030068086
-0.269538023762863	0.376469389816404
-0.0884568909498958	0.134690708245108
-0.533851668290773	0.818432108878698
-0.537941785445861	0.839855101386058
-0.947826678444201	1.49700857469319
-0.476427806116317	0.72610757680353
-0.382301426325678	0.571352838408827
-0.623621807754858	0.750303713407126
-0.809596785803389	1.31508615954479
-0.152507069374395	0.157633865011981
-0.786831946073233	1.38052786484417
-0.412210596624951	0.625588775972357
-0.907003186974759	1.37921350305385
-0.282344444953765	0.381484183962041
-0.730696470643019	1.15751312032716
-0.0467201842453642	0.0771434003578647
-0.267317493943154	0.373459524208508
-0.734945138945611	1.2077127226243
-0.165402566135256	0.523512723162248
-0.230114392220245	0.419556777361093
-0.53439126129315	0.969060110171134
-0.643165371574174	1.073743163044
-0.335775525401605	0.511502699688545
-0.575256104290545	1.06560982318685
-0.584562097122306	0.976706048825053
-0.381396707097115	0.884601746370103
-0.646615732082052	1.09897385467775
-0.812922039679557	1.22355315271265
-0.446521891705186	0.575763055976839
-0.215497010571119	0.285063589399642
-0.0644482485812944	0.108945607369433
-0.781646246182582	1.34526030461675
-0.225694760992031	0.299980367456932
-0.202180337885198	0.30103514024035
-0.503886451477559	0.715100463158372
-0.611494658386863	1.03803063234796
-0.376055042134135	0.576605410083284
-0.613867947680883	1.06842430272836
-0.126226686069679	0.190887018320016
-0.105434178022645	0.138292422937532
-0.427169561020335	0.627492693538905
-0.179081674615104	0.255524450338844
-0.857498060498622	1.46865548953592
-0.420553392070989	0.718896743765465
-0.32810397554629	0.522777766568603
-0.0603145340657053	0.087336158875609
-0.529265080341874	0.921551207691688
-0.0959754086276341	0.122703001120414
-0.802286373686736	1.31712730308277
-0.582084625164907	1.02339703047711
-0.272744474568851	0.504486876623222
-0.432670429741729	0.647054174519965
-0.620554633745332	0.972752404386013
-0.426768594958261	0.710116174635552
-0.885684956623325	1.4127988828613
-0.0744410323622568	0.137117418926823
-0.269675526225491	0.778810075590108
-0.214634842435785	0.707947005515077
-0.0294567800407207	0.194797785920958
-0.645456842936143	1.15331141720338
-0.335032929473381	0.442327280218347
-0.728273486735367	1.30267591308575
-0.77936842923198	1.26627996707678
-0.949664915177997	1.47648661173991
-0.0640577719874729	0.113920834265137
-0.676448716654728	1.08806588901649
-0.0958935371973528	0.160260711234389
-0.65437653425482	1.15146749796861
-0.524276358205886	0.876621268588462
-0.887608412458341	1.4147563090522
-0.0500906099325813	0.0609826501535881
-0.872716339128277	1.3512839147518
