0.161923549077998	0.282828499455126
0.0437924322090133	0.0725169167829203
0.0272946789933805	0.0437262333758363
0.0333091656467662	0.0167883424985762
0.147526206213271	0.150991173992763
0.200731436740104	0.325164123473153
0.255050753465209	0.192931605540633
0.131432429133442	0.0411611903107428
0.195363060358008	0.240310545927466
0.0849761814444888	0.118504629927698
0.135806045978863	0.252593207030107
0.233756325274769	0.382986645695528
0.263196128840208	0.210771287937245
0.181174308602942	0.0996890261212249
0.153099853038977	0.309979752874102
0.419217461770747	0.40664532973067
0.0230797470287944	0.0792196177392804
0.24124802996456	0.365193597770617
0.296916860377145	0.261793167648769
0.379133066977629	0.40156780638275
0.0170321319305526	0.0548745371396916
0.293967771562196	0.248843919921331
0.28547170577043	0.107300847538215
0.0640680657708961	0.220139573861726
0.114016078955148	0.161998889566683
0.0312746448944052	0.102137163085299
0.284644173652729	0.220720680521831
0.0985024282939281	0.186407590164532
0.188319954586416	0.227753581144647
0.278848764867535	0.321709549710194
0.225175726547056	0.185277127494875
0.378854068241449	0.416337698272437
0.136080626867537	0.238985823090302
0.201887492622414	0.344635960128097
0.348280657550552	0.416343048917723
0.0895813105700635	0.163634179019934
0.310523988597389	0.300329560557549
0.353868582506116	0.423434907651878
0.237154325284889	0.228769046077617
0.246741346881231	0.259543948299699
0.226591579277557	0.159414256486157
0.331896358764679	0.338865872063176
0.254472613760786	0.280904558080998
0.299060040685632	0.364796898417081
0.209622306628942	0.335606825774789
0.0646857648905406	0.119378764753503
0.218733085662657	0.227712829465356
0.022837826792742	0.0292378737550455
0.206226550761181	0.405239481473343
0.155381216819314	0.23073447305517
0.378120339513851	0.394073058660956
0.0742535381372074	0.182042669451596
0.0128741985201453	0.0762816347211108
0.268671049030699	0.230945560109419
-0.0402718857844092	0.17771536170868
0.108667898160116	0.174105267439327
0.0316799968640731	0.182234758177973
0.0387499037076455	0.00994925171742892
0.206560494120504	0.138766949629092
0.218134978645056	0.0785825581745221
0.190638407640254	0.21558927226924
-0.00889377034417159	0.281974572239039
0.313312866362621	0.36393331128356
0.293041033443444	0.342192310255699
0.0571087900541761	0.106216802079215
0.154332709293818	0.36428977915974
0.238376669630976	0.218890044911193
0.181031376028695	0.306571862031462
0.241324421993298	0.234015420330717
0.155821909301767	0.218490486517465
0.262291792978241	0.208246639446691
0.24535671817506	0.170736110482221
0.300141716676665	0.305619741445706
0.0108069076798051	0.0428209544116689
0.135340147581075	0.117858584790008
0.314475243216229	0.351383055761213
-0.0011816192106828	0.0595622002745964
0.0960817382580047	0.19321271287185
0.106850770890677	0.187044734221744
0.177226781848852	0.396023298501254
0.0772000305581724	0.121820341524401
0.198704733141014	0.206356964011539
0.0587306698332292	0.0187643268272806
0.160225932127329	0.112126362060211
0.334797087115599	0.396394621549578
0.28298316757765	0.410995476127655
0.0974950253842681	0.168464351023054
0.291332989063184	0.169135587900641
0.264874396833302	0.302509583259942
0.0552002005377435	0.0597287234682438
0.358658865770966	0.412686978793863
0.332874898677932	0.424066246984188
0.320003340597278	0.372288721870478
0.294560543987448	0.415534566271178
0.279600446351984	0.184376940369567
0.207310137853453	0.39505492014555
0.365030800789985	0.424102285126777
0.0453396206922849	0.0645964570688217
0.354394481810345	0.427885801508825
0.225545489990821	0.408734812271305
