0.28687390274838	-0.149139043603191
1.84814052657277	-1.33046348271231
1.79183429122509	-1.23549518647772
0.199960241121668	-0.146081724705041
0.882955833278554	-0.463491393108641
0.92980823198857	-0.680007355382445
1.66323916024965	-1.30826119437099
1.53648249566853	-1.19235644062921
1.75600247499431	-1.20885202555017
1.43578114894581	-1.02828782417651
0.00199707589795177	-0.00101419100230823
1.3799796648792	-0.862129400748262
1.68610353761105	-1.06751874907825
1.43437714111424	-0.857371321504687
1.61748420459218	-0.998624916271183
0.21296316297121	-0.173186524721317
1.61698730623796	-0.955130715824126
0.14070341756443	-0.122696274624437
1.68013058848652	-1.03962268673111
1.18669837567187	-0.737608244438064
1.69718604561031	-1.07486950962467
0.130326213279436	-0.0533508853648194
0.0662031933175387	0.0241276483819624
0.911985688953317	-0.529112233123294
0.149256281332546	-0.120563721090642
1.58500203989549	-0.993919480806554
1.492270402961	-0.944098234003107
0.0761803943867759	0.043356461483918
1.01556116864278	-0.60882793246464
2.02955113318816	-1.67464911271773
1.63561205542635	-1.03127235808858
0.111535119578151	-0.0844030554921117
0.452814357140947	-0.29214690384925
0.689600038274106	-0.436019456164837
0.804957073612279	-0.566720490533352
1.60078374681364	-1.26447247882313
-0.00038022990658196	0.0408777202650152
1.28043408303267	-0.808792628784284
1.47098207067544	-0.856364140675905
1.70414992093331	-1.08265228072745
0.116996347924303	0.134481770002271
1.68498946690984	-1.04961508918171
1.69667340705374	-1.08297038514227
0.248520483614422	-0.130344101069049
1.58430662898417	-0.972870914145291
1.824410427983	-1.30232561987011
-0.0164638039351379	0.049120382390173
1.42688955614118	-0.906400703586132
1.3519264278063	-0.88097005042914
1.77382290173059	-1.39386053896393
1.33428304798441	-0.765461776100924
0.993984700381202	-0.753452000506342
1.72633205611046	-1.13775344242458
1.72630440992143	-1.1737158877989
1.8104625981899	-1.24841824229567
1.48524603619875	-0.975345594084943
1.50032750491639	-0.966153911802146
0.105211152292888	0.118419828268632
1.04396875400428	-0.538153647188706
1.18648534738326	-0.588950568730414
0.0354907913817577	0.0317414908476657
0.651427134504313	-0.310396397030515
1.02773893930232	-0.613691286488539
0.124617494120887	-0.0983181929834459
1.56268165895879	-0.972822626033754
1.18375923709635	-0.594009995233147
1.56315861040254	-1.01128194709158
-0.00944894174367787	0.0194669955126916
2.06279108538706	-1.70731478757359
0.17768939608833	-0.0965479434542242
0.00287873749473639	0.00219378612682375
1.94792919491039	-1.46856883461395
1.6732987388379	-1.07683931813908
-0.0868262950177952	0.339373912194235
1.80539319047346	-1.20997905572079
0.585892275025578	-0.240167247830053
0.862830719830644	-0.431098077836344
0.846665983299929	-0.445057787132841
-0.0847503295153735	0.164957201996324
0.0636011330100363	0.228523605214945
0.0504235485219667	-0.025962082209925
0.864048986421933	-0.717993783676787
1.49009188734538	-1.04807031192888
1.53044618928721	-0.975995295953374
1.53880420952529	-0.936486242472545
0.795636374027315	-0.621848387838551
1.6963334925362	-1.14351206027507
0.345132490311118	-0.217780869686414
0.150507056246483	-0.128188854560028
0.0202055326858816	-0.00679864182340803
1.58479115725018	-0.912557761608833
1.98545877556737	-1.67102577332803
0.0463959482306368	-0.0318278241730916
0.952352914818325	-0.721134742536579
0.955929751523768	-0.498838656394888
1.47465481854189	-0.949479503172291
1.51908655445933	-0.939735196865382
1.73586411268036	-1.10119046477971
0.0650195960296662	-0.0528491702034971
0.675372674068608	-0.396252218000942
