0.0430997037266805	-0.037325568253065
0.00960256112871329	-0.00751013712270875
5.45944021779939	-4.96031134985811
0.38549947255639	-0.38848353223199
0.45412677176638	-0.453247667728988
4.49454875995032	-3.926975839056
3.2399567548056	-2.891216206549
2.42699022073122	-2.08052195736322
0.132966209463492	-0.127098698665134
4.86656404288416	-4.31857317896727
5.06784875004447	-4.53920157001678
0.301604037541161	-0.303756966415739
5.47220858692293	-5.00199813555825
4.4416624122161	-3.83074547586579
5.218378138586	-4.65154350948781
4.79926740708647	-4.19473295927682
3.47525121218778	-2.94758912957392
5.17346468799022	-4.63641912826585
5.35294693939787	-4.85179538550697
2.77670566287644	-2.33064688437882
4.06235270686378	-3.54853205287337
4.39889480066781	-3.84547542013117
4.69838624608638	-4.06896168715913
1.50452560172771	-1.52773789577448
0.324651841857406	-0.321966681641131
0.889790883137806	-0.742137903655144
4.76282678447771	-4.21185876698248
3.10418121943208	-2.79155406932492
1.791709819459	-1.65326315158541
3.33175679118982	-2.78011518346561
0.388341219202859	-0.275024784231017
4.9850579572029	-4.35453847182188
1.96207357669565	-1.86402968323443
5.11325696732807	-4.53955102374734
5.4046909057572	-4.83554383114722
5.29339746436416	-4.76726890291057
3.54801177267708	-3.2952445969223
4.48094870166234	-4.03594664709656
3.67285697527871	-3.30164112763481
0.397295216521266	-0.363194400219382
0.289017235871828	-0.274528737945346
4.92693345803164	-4.42216372721483
0.248391222351755	-0.235955038932443
1.37990951903637	-1.18585687100176
1.19384804418193	-1.15854483991583
3.09179148710773	-2.83282926625449
2.07652718338854	-1.88143865184036
0.211468743337393	-0.211769359800459
4.8622501378559	-4.37898499858495
4.34537889376119	-3.77277407026379
3.45240763856653	-3.33214560734695
1.04642311550077	-1.03328403193659
3.21854946984499	-2.62638575222196
3.69651285451367	-3.07920449003101
3.66873169098429	-3.30561654296615
0.136160594427049	-0.138868504684337
5.16513527293403	-4.58230873850731
5.40096735833079	-4.91144583770503
3.56859189522169	-3.13039007407164
4.99452475944073	-4.46896952816025
4.54285927930811	-4.00607696881326
3.74880079858656	-3.37917783014118
0.162938636539442	-0.148562042170118
1.89472419225478	-1.68342790961116
4.52344730080515	-3.87781217278439
5.44663383205133	-4.89491641815386
5.19633380560779	-4.66212872273506
5.22663453813556	-4.67374627366649
4.20642059555588	-3.6043567257972
3.79568517510293	-3.52379827657043
5.43895271883464	-4.8652105087005
0.0254944725126303	-0.0243762974849493
3.18171534817952	-2.72321577019772
3.2484709282878	-2.80777352042907
3.80790540485101	-3.39141825622
0.316001950911286	-0.257201399688697
4.57446745084121	-4.04222999158861
0.277607300936865	-0.247151378708086
3.34022823472836	-2.90218852531597
2.50933816868219	-2.23456793060777
1.3156781752584	-1.26918272574651
4.49176716283008	-4.10724166834965
5.40368263298811	-4.86652031962457
1.55076268140059	-1.41412055401791
1.71647801660776	-1.32293564188007
1.45707639784042	-1.26233280524994
1.73826235534039	-1.53560382714376
2.67954445887325	-2.41016759084032
4.44635235683703	-4.00490235206488
1.17070474637103	-0.98614270503428
0.872220955608364	-0.806804400984992
3.17177625883255	-2.99727143070606
5.40580678579622	-4.93191271675918
2.24822774907731	-1.88709251409431
2.5135754319906	-2.32440726708541
5.31463007926306	-4.82427587412244
0.810023445925629	-0.797809409719367
1.86150081601945	-1.61219496225911
1.5868988978097	-1.51839668118262
1.95270708274478	-1.6937896751605
