2.0398643181537	-1.82489229024234
1.0628563236241	-1.08472335513711
0.840621019114757	-0.88355749914375
0.777568929399235	-0.880530093335673
1.8352062161959	-1.81892163920125
3.11031209370031	-2.90889700698685
2.51053525782318	-2.45522639196558
0.647062072002032	-0.696113239806467
1.98377451632483	-1.87036873368124
0.971555110242166	-0.928105365773834
2.87348286777118	-2.74926495130534
3.02983481679834	-2.84067425732454
1.87656454938441	-1.756736182868
0.929847568056313	-0.914138170602059
2.90625106494035	-2.72864458939529
4.14186796225922	-3.88526123540603
0.769978951630877	-0.785195673896702
3.11041355397635	-2.86530652339564
2.31485524125967	-2.21099012969825
3.93772954946635	-3.64941467462104
1.12631215019483	-1.20665497325601
2.42352920061644	-2.27616088929568
1.51830295072018	-1.48273690006821
3.1440066003053	-3.09603436397904
2.05929528041592	-1.94472313913379
1.65149517181046	-1.73253904226344
2.89969595748728	-2.89919029674674
1.73604314091034	-1.6843638580838
2.22963079826682	-2.15582853119893
3.96771702005649	-3.87766457466597
2.49647149612514	-2.44194976782568
4.31076755030263	-4.12961085776279
2.74400198824013	-2.62869886972558
3.28974826706203	-3.10644218107099
4.43145324114965	-4.25023167281083
2.12178401142324	-2.17525418709767
3.40280750318148	-3.29737439727958
3.52206238493721	-3.29550862676113
2.31304984852289	-2.1625430319831
1.95673598366853	-1.72744771002063
2.0068926865145	-1.9848111755418
3.37865832358816	-3.19801238012371
2.70029499716785	-2.54724735374633
2.95912717781908	-2.68321424708464
3.32589469211803	-3.19203056167364
1.77196845629098	-1.88778042852447
2.30626248516171	-2.17818505601914
0.846047299300574	-0.911925788233145
3.61846320952678	-3.41325959618271
2.32624090396805	-2.27973783672663
3.53950599791756	-3.15969214517615
1.65601691647179	-1.62164551895866
1.54699369007679	-1.63195776151736
2.41063301724536	-2.26528488850634
2.31024843591002	-2.29475894242234
2.39847499923252	-2.45014239621729
1.84819165146211	-1.78514910047569
0.295043234291115	-0.299213373034166
1.72775407866825	-1.63727260247157
0.582136779367675	-0.527200278947577
2.50149727687162	-2.49756172076367
2.68735577827659	-2.45110816449454
3.49262722155648	-3.23609901349492
3.80965785040265	-3.67238515583364
0.661640962662162	-0.571369278788117
3.30847899603455	-3.11367370556795
1.84782063144044	-1.70431070198318
3.12260784621171	-2.91835474113876
3.00100926815949	-2.96769490296175
2.75918519606621	-2.77227757617278
2.27875320290777	-2.25283669327074
2.41833396943685	-2.3917584961104
3.01664606837953	-2.78617470617271
0.346318077551	-0.313283564287832
1.52329463184897	-1.47891708830387
3.8072162978892	-3.63636943084928
0.385323020447714	-0.373432026412788
1.49548691254633	-1.33833182309546
1.37440730684152	-1.28213823680804
3.35892635654302	-3.07782249109408
0.982741922475163	-0.907138857311893
1.93846718219817	-1.77318348084499
0.737897283772526	-0.800479670058499
1.71944557327146	-1.68270334741083
4.01645660480462	-3.78722755792286
4.0695094963059	-3.84508145673995
1.88673924466052	-1.89576278541529
1.55151143774368	-1.39815673593837
3.12817570423148	-3.01243511855202
0.614237736537339	-0.62570152498839
4.08717633531946	-3.8362063326969
3.57293983458851	-3.3592823767419
3.99444321777277	-3.80848992152255
4.45329891310362	-4.28888822302581
2.02970527724965	-1.88892493688738
4.01798593744437	-3.77387316832943
3.23134922798143	-2.99490380367214
1.12548807853445	-1.17410511084003
3.88461643659196	-3.6557663729193
3.81042740761109	-3.58146407032292
