0.120758193339338	0.0562064622111414
0.195063273544586	0.10924979167395
0.395645654669455	0.226038268373752
0.270432824827869	0.179270364503315
0.468881939264151	0.257523133897894
0.0326863368553026	0.0170161383238443
0.472439279680307	0.232890827027418
0.31965057229255	0.173795450134859
0.0269171550274253	0.0602917613073794
0.314602823641034	0.144183229389578
0.0137619420353848	0.000965893321038188
0.269764927801627	0.123393970645456
0.02381632982056	0.00382892439214288
0.0289443118986007	0.0489136599351854
0.0135540639640233	0.00539462146750778
0.0973387381887637	0.12895341735174
0.299181175110982	0.253010145886292
0.389855000468773	0.267463798092714
0.0525253755253958	0.0264654351653937
0.0186079409205289	-0.0109747182252621
0.0646059284311105	0.11977307426554
0.135899994889248	0.1263630161599
0.102371147303356	-0.0214183539273304
0.123496327536943	-0.0100738255063086
0.0992981143542043	0.0347438673916538
0.468221226614046	0.209857861094039
0.347579781787162	0.17295134300558
0.265125656814186	0.0706741726476901
0.136866589138175	0.0888091531412482
0.345340465492243	0.20975439042958
0.145683220219327	0.114084150440322
0.0144568879691574	0.011736508106559
0.146645766050974	0.0830932696065437
0.0897617729107162	0.0415659906474789
0.477233840207977	0.301793771028549
0.468743430821602	0.286057727699685
0.45392364563023	0.363547353709508
0.0755210896420586	0.0328769342162133
0.0736537868575463	0.121937314504561
0.443430784295817	0.156733335958394
0.0806626547101819	0.134377345773768
0.451519245458062	0.109288125148404
0.433175654678691	0.179516639802344
0.352970176706675	0.20387483694256
0.441565982069908	0.232311528146973
0.466799399727568	0.218840569520261
0.424019452015774	0.302835899317138
0.435823716859371	0.26517903771998
0.296514187295844	0.131813451622833
0.120296735895917	0.110438527205591
0.442514698619479	0.178897719147883
0.466325148266398	0.263704332841013
0.304142073581628	0.151420250496505
0.173611933729804	0.100167508487974
0.387377186229517	0.246843742664523
0.249732980202977	0.0938220418143829
0.196046320368601	0.138394439908865
0.19258903707555	0.136577214431381
0.0849375899969514	0.0239152872916619
0.188295217977619	0.0789938856271295
0.0247731180978358	-0.00876102491749026
0.206407250237781	0.108150625848201
0.419617878700484	0.331132896910153
0.303586475317806	0.242979521403409
0.322221925030986	0.240544735133653
0.281445729246746	0.0713708398178893
0.277293728435221	0.181749154171337
0.312630341681808	0.208525006528248
0.34154293764043	0.207627024220483
0.0130086380182566	0.0103024328854533
0.123512172273111	0.0733839204399542
0.0153063698914246	0.0098208564308919
0.0294025963552795	0.0169983485677967
0.0660234690001411	0.0125753101658616
0.246531590008486	0.175194317783974
0.452160366345176	0.163691057298173
0.0431925144337063	0.0818365736409365
0.09656116319245	0.0158440303448012
0.158620509170652	-0.00933089098077152
0.0416878797445989	-0.0077814254881444
0.30124275015543	0.146698968368902
0.0904205401741049	0.0342900326313734
0.461990093298076	0.205166486005202
0.130726965049829	0.0574114492714351
0.408776392625134	0.192271777230248
0.13203664502446	0.0332771357892908
0.110864444625832	0.0598627942647925
0.075610022379578	0.0992092507502205
0.0517632861698309	0.0751484126575039
0.450244798775514	0.183621094934063
0.474157388520461	0.249391063639749
0.325190701059691	0.237905542891334
0.463047662011872	0.147978286807168
0.28435648463478	0.192259187293985
0.321142557123371	0.183050356666708
0.454596316862827	0.18239825635009
0.1951335180322	0.0933939360343547
0.476933914249558	0.198679017774339
0.414582268408747	0.217636788742749
0.460960676583854	0.179688096149615
