-1.07038606856111	1.3570465268656
-0.63166940521673	0.87114120010028
-1.77658465585055	2.27577404137192
-1.2027580420196	1.53642018299747
-0.590421005933446	0.678574460720647
-1.8910595386588	2.39431535218172
-1.43011755208431	1.92410591189068
-1.06395608653625	1.49335322620833
-1.32078408923036	1.82151941939835
-1.0502782065106	1.23095976921735
-0.899644624007344	1.17009068452754
-1.0024675759888	1.08356818660627
-0.867034926952607	0.98571811826841
-0.96842868279393	1.20861377648504
-0.749544026006544	0.885410380110039
-0.776324767344685	0.947377669073071
-1.68234848238009	2.09631111570336
-0.911528583848712	1.15160771720629
-0.559889945513111	1.03073516668226
-1.21729346436661	1.56310820099323
-0.887850034381286	1.02671006820734
-1.45756477218996	1.52514238450644
-0.994722494027326	1.41336720985369
-1.09956911974499	1.48463463794177
-1.66912786311333	2.13711266705996
-1.50847856149373	2.04175001464621
-1.1144038062086	1.38387296900101
-1.37631348959852	1.77660556285371
-0.745148931757657	0.7803321732671
-0.339200844925662	0.338496625481024
-1.43326687019534	1.60567104624737
-1.06203267754282	1.35880591318382
-1.98449883865516	2.49767573170548
-1.13337206760524	1.32078618093983
-0.887643194684034	1.03063900968081
-1.37881880856851	1.40220412610284
-1.60670676346251	2.11473215523562
-0.255714559002904	0.252054733834115
-1.72667233072355	2.30343735707637
-0.837019364319174	1.03587700555932
-1.68188057101731	2.16530781525637
-0.804080665236677	0.818674156831579
-1.41198302666647	1.84447389283676
-0.078038255543282	0.112935359251002
-0.73445826193026	0.771276161612853
-1.27481424532508	1.80405131582973
-0.434070330670402	0.827200665809129
-0.364971768645555	0.591826731583743
-1.06169835208541	1.52208330496377
-1.25467436188704	1.69996203743603
-0.850959095941925	0.969002619836893
-0.9757751275053	1.54626473870689
-1.31431948639745	1.67226670967931
-0.965391903926295	1.48047051646892
-1.04491949158257	1.57607878488044
-1.79899015707902	2.13635913581877
-1.11075584027139	1.14284109316351
-0.619296075766007	0.621097779337661
-0.124248221942252	0.170919537706013
-1.58962462384129	2.16449091037028
-0.682424102512894	0.676799678299336
-0.45274624797797	0.530832903244312
-0.95693538819136	1.15562437704636
-1.35573159632779	1.75739692067283
-0.921766836869902	1.06663165112662
-1.16066914811637	1.65137052555552
-0.33831549347337	0.376427621648497
-0.172599008006467	0.207670895819158
-0.880479718041192	1.05643890806044
-0.539239019199251	0.557269266117796
-1.89929186740289	2.47893406383865
-0.972460898056496	1.24394459260444
-0.795548727284782	0.948996418882643
-0.106520721916805	0.134615070774692
-1.10539133113789	1.50099642580658
-0.185122482606359	0.205167329007094
-1.64083389936478	2.14840089873207
-1.33678567521034	1.74950236640379
-0.475993312769412	0.74285679435053
-0.736525672173568	0.972161234225673
-1.34549072036295	1.65992067045623
-1.04966206101832	1.28337576717695
-1.77754978190201	2.29519125600723
-0.227230714934924	0.272534605917501
-0.541444369346232	1.13750434878163
-0.224855604398902	0.865054342501815
-0.111305406614071	0.300782238456432
-1.22708496002319	1.77703507828381
-0.85448411723533	0.885359066570098
-1.55666045379589	2.13124891332694
-1.38383627608522	1.91842211217048
-1.95488817068789	2.44903983313521
-0.129889066178611	0.181814437107307
-1.48018947449298	1.8538248020271
-0.17735223986003	0.246664872540038
-1.46944730894662	1.94500930493329
-0.763374876451903	1.19979500631653
-1.74543907979478	2.27359480481665
-0.0762400089108084	0.0884065367521469
-1.79633996211308	2.24364594384938
