0.0458009715797129	0.505103558616134
0.0247660289860678	0.573279011106635
0.00603704417255256	0.406082276788598
0.0129935205629542	0.635088413868842
0.00144539038357529	0.226816656749581
-0.012071278611689	0.320060659286718
0.00107403006181047	0.00832355419107978
-0.0162078583685957	0.319741337461105
0.00334852854402084	0.00641412884063177
-0.0352299998704955	0.579536126986197
-0.0267312534484116	0.110557538234442
-0.0588932180393454	0.326839644494524
0.00620529019828239	0.66329191586815
0.0531990856553889	0.202497916180896
0.0132338938633137	0.0151445901920784
-0.0286861728174501	0.15035390855269
0.0601450759048583	0.351851446640288
0.0480746872711598	0.501541540646366
0.0686355555908641	0.385419200659905
0.0333990132270756	0.55826077668653
-0.00238651481553755	0.134609640280811
-0.00090898124846814	0.603291447132667
0.000932838238602591	0.0543948381288908
0.00670512789701884	0.539140303546476
0.0557067180723289	0.445282211292911
0.0132667851605985	0.640378898490235
0.0787112926450227	0.354687732942933
0.0123068818626708	0.101497869466922
0.0538467239284173	0.474769498446969
-0.0231275138125512	0.190027632928089
0.0215308818807552	0.551762820676654
-0.0124865227508091	0.0684723925476361
0.015422039020906	0.600691481019028
0.00350810148159197	0.247575635299147
0.0055267887622657	0.362803357034278
0.016079733366759	0.465301173082904
-0.00526118482846731	0.149280494545773
0.0259476041180267	0.59215034622322
0.0133197340005615	0.601271743776681
0.018904721799428	0.611919994822865
0.0323055784434851	0.37641416617314
0.00528351755629407	0.0261036197511922
0.00634687762412092	0.0668132631367396
0.0145865258895708	0.619375467320021
0.0550892953089934	0.469681481651488
0.0469475562525318	0.503236951893054
0.025608506170264	0.601483935937801
-0.0168717333619244	0.102719296764482
-0.0146137629041811	0.0968929695629989
-0.028972657796157	0.20599373561196
0.00407937524965282	0.598445517809918
0.00563888504063726	0.658867638009309
0.00606605355024148	0.652662174907553
-0.00684224484708602	0.138886995022218
0.0151494329416119	0.62234728279096
0.0197016321301259	0.598723501600697
0.00690540980902948	0.163145503682426
-0.0127904981880454	0.1949063998266
0.0727630601107379	0.289513824579621
0.0558866848095947	0.468349659020396
0.00474478859421245	0.341809411157984
0.0248503865346857	0.294258128862714
0.00345817775367351	0.0129401342098164
-0.00945613172334023	0.160054334375097
0.000891326217658154	0.309202572145678
0.0153785614146976	0.631083873505368
0.0131481553334845	0.103920573340203
-0.000306588682194057	0.0212880350831492
0.0034593929245162	0.54212910514877
-0.00066645455235633	0.522231565351233
0.0755966896117336	0.396147958191628
-0.0176363914551449	0.0814244080799096
0.0174569817552909	0.614199337580035
-0.00375585953990392	0.146870514143807
0.00316026921049832	0.0329054491529672
-0.00870388877140286	0.459522619048361
-0.0340049994615155	0.151933961915703
0.0124069330299362	0.586629881743837
0.0551313838209529	0.473766242374663
0.0767952408377658	0.366354940217519
-0.00615111367299214	0.0375475081895948
-0.028374908933891	0.328261035084819
0.013642001246188	0.442106449675861
-0.0213293850063486	0.138432256055635
0.0557107367025743	0.468280452192299
-0.00065630343438643	0.558743793510258
0.0305325433789044	0.556063702144235
0.0250800006339309	0.583916408733147
0.0142816808472455	0.629551584111882
0.00165611428933112	0.0197006288963312
0.0030971934324814	0.0507833147554871
-0.0105479190586887	0.108556597513884
0.00219160976252822	0.520968440588066
0.0145119028396156	0.082531711781468
0.0305359284256025	0.335896936997303
0.0119115763916386	0.485754085597419
0.0547671495011163	0.468989273273215
-0.0323053445665581	0.14260951252094
-0.0221180319009087	0.108261655190941
0.00127083405177588	0.00638570085079543
