0.262235032314058	-0.262991204556445
0.148935057480598	-0.151653585711022
27.8646849227957	-27.6367996163424
2.07293278297636	-2.10617921694569
2.80619426903682	-2.83297250731115
21.3621007804097	-21.1022622965414
19.8744483391869	-19.7812261983338
14.2295014829151	-14.1182270074057
0.706837174653686	-0.711843732580899
26.5991301476752	-26.4153276983978
26.6882994685726	-26.5069590220426
2.16220068495126	-2.17614860727655
24.9115109149038	-24.7022694585317
21.294130540416	-21.0397601012597
26.8149354673712	-26.6108433236881
19.3072052445047	-18.9801122763805
20.3229643030004	-20.078094720787
27.2224482862135	-26.9810665736653
22.1091008843124	-21.8351176275533
18.7483835742604	-18.5339085417529
22.7094183568964	-22.5742138705678
24.3389840184959	-24.0957506106099
13.7137991690648	-13.3661873922977
3.56991591429743	-3.63845305722569
1.10915897508647	-1.10182238500827
5.72620941504681	-5.62694390558929
26.4766702680482	-26.2332069718588
14.981994893561	-14.8121750758429
6.82774854197036	-6.77994667980461
20.6282780337397	-20.4303690641854
3.09563446616782	-3.05311786448603
27.256024216852	-26.9944410867538
10.6808812308559	-10.7240180248087
24.6747261945909	-24.4224661596548
28.4596121437013	-28.2753350711654
27.9526286271802	-27.711350732059
17.6779941359766	-17.6549458396226
23.5107402692343	-23.3584374661714
20.6242145560497	-20.5183153885375
1.82474798538082	-1.81028900030257
1.24311302013607	-1.2466274435169
25.2145225198109	-24.9660462595194
3.9722328839115	-4.00986874575974
6.87162184374204	-6.7786583029929
5.72638631155138	-5.73395702356011
15.5866048339821	-15.4745817476731
9.52741269509679	-9.43725285712113
1.72527474315918	-1.76640798758182
23.7143483584584	-23.4961697004783
22.1145502130802	-21.8474133021429
16.9101246020516	-16.9270653123365
7.92041717180118	-7.96529968318721
22.9541505973427	-22.7194519852484
24.458669097358	-24.2644385468155
19.9308470480051	-19.7911939682445
0.437943225804921	-0.442089579053446
26.7861539807137	-26.5867580048113
25.2716708123714	-24.9790162818169
21.9199338240606	-21.7339860690657
25.7404651289917	-25.5201639773747
24.7916056000577	-24.5145037018781
21.9738859973704	-21.8678482165026
0.624343414223508	-0.618006377988755
11.4754855061962	-11.3669078241997
15.9346653966913	-15.6101615615504
28.8671914406343	-28.7182545994612
25.3245831416199	-25.0627064708391
23.5972690256601	-23.2972453845698
26.1557628971546	-25.895012936353
14.412351599773	-14.310105723623
28.7373166152709	-28.5410176052702
0.117279192254253	-0.115462517930359
19.7798233405985	-19.603698731998
20.6584247510586	-20.5114540609096
19.0576925348815	-18.8972238259141
1.27782103993854	-1.26112413263148
23.3354486057525	-23.1058680304654
3.14076306641162	-3.19501981803115
18.7590419665124	-18.6334757516146
13.7421179748768	-13.603312559552
7.98683654079714	-8.02563293029217
23.2263908235707	-23.0997443608159
28.4284162636739	-28.2339498147041
8.88858455442588	-8.84692661864569
12.0438793180611	-11.8614472184762
8.04741191889986	-7.95265467172307
10.7337336807563	-10.6554545149141
10.7855414321768	-10.6938976000939
24.3319117421076	-24.1580833684449
5.51943050267816	-5.4326386376328
5.36802099646428	-5.39012087876931
16.1841746744213	-16.1985367962526
28.7930378344944	-28.5808502392103
15.478644676059	-15.3421856851414
13.6981609782258	-13.6897777346763
27.9237473231636	-27.7212733565355
4.34296071224578	-4.38422034619313
11.7474170886367	-11.7770650507591
4.88843816714208	-4.85585083428799
11.7966277119923	-11.7470771589246
