0.135565042834862	0.198761666066801
0.0337510449420516	0.0821266449996699
0.0218257157233187	0.0518554154378555
2.44815682442228e-05	0.110774387160373
0.0468669220804536	0.323660719609295
0.133659765307739	0.412378555637408
0.0780203545295177	0.260878970038455
0.0117746204481628	0.0632271253798994
0.0984317975841039	0.267008722431859
0.056022508568163	0.147701927228564
0.129185795757466	0.276425663846934
0.186631919427868	0.375143228531739
0.086615456426569	0.229581676443696
0.0427600911590639	0.0905714397751244
0.141670015108761	0.270611470310292
0.173284323588138	0.509193289672443
0.0311311248296814	0.104326767210101
0.154861549950504	0.485393183903541
0.094584331274226	0.352328712060612
0.171803825724894	0.498984779269949
0.0181683544356058	0.178693446165515
0.0935166299853667	0.32310571897589
0.0569912702282209	0.188680789994922
0.110433990691514	0.315041527932308
0.0984408511461176	0.170559863326938
0.0506354586240563	0.117740497379166
0.0915825811568266	0.278117192853207
0.0854655712938696	0.102176596953615
0.0829429196727548	0.292028903366371
0.131302890035438	0.350267858531524
0.0759302682011283	0.201983316455575
0.174265163233404	0.452542467197757
0.123218183864807	0.361341707323134
0.158436622467716	0.451632305364485
0.191743944840748	0.405274221514201
0.0805212166477173	0.159675776811803
0.118774943447649	0.352193294186415
0.190624799541689	0.379304801007632
0.0994630075941793	0.266748891633029
0.115342872596056	0.270290852300516
0.0523515075294195	0.235394519975136
0.137291349185239	0.393900641608515
0.115936331816473	0.326796040540746
0.151808051298575	0.389474425528541
0.148574324751471	0.35619802128857
0.048326502075877	0.128485793903765
0.0890525869981616	0.299726391384119
0.00834002946577762	0.110494728434377
0.180115606284682	0.424150116983326
0.102833716683807	0.189392411141349
0.16935188558937	0.485952713567154
0.0836346164613701	0.183043890279677
0.0343602550997676	0.130987375824526
0.0648197563148581	0.333476850987857
0.0993348454548458	0.163704952341419
0.0782021021884788	0.225925876301727
0.102649587891168	0.195261112413112
0.000973669150062479	0.0591573686013641
0.0452879429924848	0.181176388789369
0.0153948774455859	0.204679632889331
0.099716286235285	0.205577427952
0.146657438721185	0.30766345245074
0.161074899059462	0.3312740934672
0.138688093308068	0.361620096047797
0.0569103298186985	0.103546795523549
0.178662196011826	0.392833974434741
0.0809210082737047	0.278680453172081
0.137217489427335	0.255431370295294
0.0901172678417098	0.28472080028455
0.0848115562701042	0.210697262520378
0.0759350840009228	0.218847147248144
0.0534664782831722	0.253973269692188
0.131193074822437	0.44569128753304
0.00988304762353998	0.0831003387854855
0.0413271617775149	0.192908160253247
0.163519567460879	0.43479114360724
0.0200881441233161	0.029803125739638
0.0840340745758968	0.239866560473146
0.071515117899126	0.180845024348997
0.199146227669535	0.368081371463718
0.0462101786852419	0.181668209326588
0.0851784422205301	0.303589109686904
-0.000322912224087825	0.0910254116107849
0.0485456320925427	0.21761246824011
0.173511974544379	0.466420495605991
0.189131708406199	0.44521333638234
0.0780072759543446	0.23082330777398
0.0471636518511079	0.229477650839733
0.114912791675113	0.327072099300278
0.0209927173958727	0.0996609099961957
0.186362642888634	0.484469887322806
0.193956692475407	0.364555033083611
0.146368046455198	0.507550623996345
0.177534273151444	0.525081771573157
0.0476564834038582	0.429816038140712
0.179865673340742	0.492466785818636
0.194584212440303	0.44190620827214
0.027099230368194	0.0830920828291666
0.186388196649385	0.434483395494758
0.183197189826809	0.472395656991296
