2150,5285,5626,6397,2631,834,7578,2253,5646,6708,6638,7142,3907,1137,3027,2747,7098,147,1106,5529,2051,2901,2894,3382,1306,4055,3658,1800,8995,3761,1711,6434,958,3754,4404,4119,2985,8914,2838,6821,3638,8334,2404,9138,7730,4369,6860,1422,2966,5691,3377,2139,454,4380,2474,3611,4914,3298,9278,2540,8516,6610,4537,4120,1583,5340,1019,9435,6129,1757,2369,5778,5578,9507,2958,7377,637,5076,8571,3225,5632,3609,1928,2260,2844,3206,1944,1112,3478,4106,2611,3145,9700,2198,9800,6843,4400,2735,9901,6313
2052,8970,3088,2457,8149,4576,1246,4194,6676,8274,4122,8227,2940,4501,2623,3069,7889,1619,696,1484,5504,3676,1635,6009,1350,7819,4473,5505,8996,1310,3181,7727,6649,8636,4777,5716,2780,8488,5772,3102,563,7001,639,9139,9238,5081,310,8932,1726,3687,1991,4238,186,695,5865,6458,1942,4786,9279,4270,9378,4011,7139,6061,4256,7095,3650,9436,1889,8958,8057,3897,5684,9508,6422,4784,6146,5962,9617,1147,4484,4838,785,1809,5599,1409,1115,2212,2840,2799,242,5368,9701,8620,9801,8565,3412,825,9902,4971
7230,5938,3220,3075,2012,6812,4660,3520,2926,8527,6455,5195,7343,2938,1625,6180,6503,1074,1204,4010,7129,2672,4524,3945,5584,6662,6108,6257,6592,6054,258,6959,3217,4599,3424,1716,1577,7687,2167,6822,1623,8919,3497,9140,1324,3375,4402,6548,3631,6971,4355,1501,1776,3689,948,900,1645,640,9280,4217,3438,7124,2847,7630,3282,5565,5649,9437,5861,1101,4515,3238,5810,9509,6616,7675,2339,5539,8418,2994,4449,7643,590,1251,4535,1006,1572,1252,2407,1917,2261,3227,9702,1529,9802,5109,1834,2002,9903,5104
7441,3488,7835,1032,6093,5370,4843,4485,2431,7998,5940,3816,2865,5557,380,7094,7071,1549,1773,587,6869,1989,4809,1553,2247,7952,7915,4780,7346,7260,404,6586,3877,2850,5581,1732,2837,8245,2598,3686,488,7212,1622,9141,3323,2459,601,2385,432,3447,4440,5059,1410,5427,1403,5390,3818,5561,9281,2496,9379,8517,6003,7423,7305,6522,7864,8951,5595,7812,5070,5787,5999,9510,6800,2111,5744,7895,9618,4974,6083,2386,3205,5625,1110,250,5265,71,4317,6274,445,3874,9703,3057,9803,7070,4547,2405,9904,6776
8325,8831,7488,475,3130,7155,8120,2832,3468,3887,5702,6606,6591,4350,1533,8050,7298,1483,1620,451,7881,5600,6639,708,928,7363,8137,6228,8313,7743,1148,8900,8314,8129,1326,829,2267,8915,5974,2035,168,8920,4312,9142,6739,7266,375,8933,866,5232,1143,942,1178,957,1886,7494,5525,3147,9282,4099,8276,8555,6774,8208,8863,7357,8537,9438,3955,7909,3848,6581,5490,9511,8561,1712,8562,8450,9619,734,6863,5438,2029,6258,5360,207,184,2357,7102,8189,638,5191,9704,2782,9804,8353,6395,3313,9905,4291
3317,8310,676,418,1744,2211,3630,2685,5473,1413,5488,4801,6689,2411,4651,4866,5179,3744,2662,2340,1525,1854,5217,1420,2730,5379,4421,6528,8572,1547,4028,4195,5480,3833,1821,2396,4231,7874,4442,1819,931,8398,1438,9143,8695,4276,525,7548,4313,6037,5932,5193,2235,2429,4558,3030,1194,2478,9283,3301,9380,2186,3900,4724,7453,2301,3472,7295,4257,7056,3328,4105,4229,9512,5909,3966,2615,5765,7412,2995,1672,3007,1300,7087,3547,3552,1987,2624,2591,3286,763,2632,9705,3994,9805,7127,2289,1499,9906,5207
7849,3997,3922,3204,3509,3415,1992,456,5346,8979,7523,5111,2813,5852,1168,4451,6475,5286,3851,4048,1582,3855,3904,3482,5461,7327,4353,7210,2461,6749,307,6059,4110,3644,792,1405,1852,8741,5430,7348,2166,8693,5455,9144,1361,3782,1731,7956,920,6953,4386,3927,7754,5603,649,1302,3312,1253,9284,2015,3941,6039,2561,8105,7248,5728,8160,5408,6050,414,3021,2640,7140,9513,4173,7387,2697,4645,6262,1507,5801,387,481,954,3962,3937,2223,3534,2092,7649,1733,3639,9706,5371,9806,7589,3738,4901,9907,6599
865,3829,7151,5035,6561,2779,7950,528,1760,5133,5486,8781,7182,5840,6419,6905,8234,148,1629,820,6661,5563,6482,2420,41,3948,3820,2870,8997,7510,5615,7502,6751,8908,4438,998,4225,9066,5593,6338,417,8596,6443,9145,9239,4130,4093,7905,4605,5617,2144,1743,526,6163,3169,2348,544,463,9285,4162,9381,7513,6122,7636,8196,1257,1260,9439,7550,2058,4553,3653,4418,9514,7516,3124,5234,8093,9620,52,5420,7738,904,5896,3045,347,4131,3326,3565,6733,4865,4797,9707,4959,9807,7353,4963,1789,9908,4210
5652,2393,5639,2519,7041,5266,6329,4632,5641,5647,6376,1256,4627,5251,457,5032,7750,4922,2739,1036,5351,4703,1493,5530,2828,7924,8358,5395,8712,5033,197,8303,7653,6469,1891,982,1469,8039,1689,7875,27,7932,3763,9146,9240,6168,669,8338,729,4662,1801,1649,317,1273,2141,1135,3667,2981,9286,1561,8696,7926,2584,7240,8097,7777,5124,9440,6695,8043,6920,6143,8250,9515,7960,8392,7476,8365,9621,3485,6024,4261,2271,5317,1600,1072,1704,408,813,7121,1489,3324,9708,4766,9808,6388,4323,5398,9909,4043
5118,8971,7533,8225,5440,6035,7591,3452,4192,7297,4773,5892,3967,3838,617,7732,7962,947,817,320,4078,5099,6757,2605,647,7271,7619,6273,6289,6511,690,8219,5469,5853,185,561,5152,8788,2528,5450,167,7709,2817,9147,7299,6704,542,9265,726,4571,385,1062,200,1002,2565,5072,4678,5291,9287,4771,7475,5737,4765,6672,7558,2108,7283,9441,5775,8006,8391,7287,7226,9516,7791,8802,5384,8631,9622,1363,6328,6604,2398,2008,3666,718,663,1890,2714,8165,5988,3846,9709,3892,9809,7661,6152,4862,9910,5933
6165,8604,6297,3122,6540,5149,5839,6567,4479,7923,1975,5830,6126,7391,199,8152,8730,786,902,246,7258,4351,7380,4565,1342,6464,7940,8010,8509,6117,997,9028,4979,8333,1920,198,3777,8742,1263,2305,162,8850,1593,9148,8184,6595,426,8339,624,5546,609,508,855,1550,3381,6325,5116,6730,9288,5890,9382,3161,5458,8579,8236,5587,8161,9442,3467,7262,6840,7031,4907,9517,7190,7120,7485,8570,9623,2255,7700,5363,1790,1289,2490,576,2915,1250,3038,7771,434,5318,9710,4712,9810,7869,6226,5579,9911,5377
3906,8110,5073,1236,6277,7783,3454,6728,4242,3683,2536,5276,7554,2389,2148,1180,4536,911,2609,25,8052,3570,1901,6013,2352,8545,1754,8359,8782,3319,6402,7562,7843,9048,7854,1552,5095,9067,1618,6457,42,7503,4855,9149,8399,5034,474,8638,4112,3981,7349,2743,706,1895,3158,4307,521,1546,9289,2596,9383,6798,8350,6614,7595,4050,5181,9443,7800,4148,3006,6830,4052,9518,8017,3182,4511,8664,9624,918,1628,9684,97,8322,7307,65,6343,967,7113,5262,788,3164,9711,8502,9811,8773,5242,2495,9912,4022
3834,6532,7781,1751,1097,7103,2695,5807,3923,4755,1857,8835,8646,2024,8086,2998,6319,575,1777,112,8021,3879,4677,4095,953,8395,3789,7841,7099,4427,2401,5710,7735,8465,7451,2172,6526,9068,2856,5134,44,9125,8316,9150,7846,8094,714,9266,7925,5258,7356,975,4407,7666,6091,1569,1120,671,9290,5339,8291,2162,8944,7969,8447,1829,5847,9444,5526,573,8106,4726,4142,9519,8264,1313,6488,9609,9625,753,2764,9685,48,6725,3150,118,7813,5753,7632,5190,1706,2604,9712,8297,9812,8586,1594,1272,9913,2410
8504,5200,6803,3402,7301,6974,7760,5881,4228,8382,7166,7156,7740,3740,272,7786,7775,350,912,318,7401,2777,4431,1522,1162,7977,6897,7664,8998,6305,2284,7068,5771,9049,4876,348,3896,9069,40,296,2091,8576,7439,9151,8193,5308,260,8414,956,4262,3354,1924,1805,5609,4526,1454,6110,3952,9291,6295,9384,9425,7612,7907,7721,6200,8140,8762,7667,5814,5855,6269,6336,9520,6192,5341,7779,7936,9626,1141,4818,5567,1,6611,1277,646,5848,1512,6150,6891,30,6275,9713,2649,9813,7747,3299,5740,9914,2551
6987,8776,2328,2263,1755,4745,6174,4956,6463,5478,8329,3708,8542,433,8422,403,2054,8302,8216,1426,7409,803,3866,4299,4699,2808,1286,8508,8837,993,5906,9029,5489,8841,6298,3715,7491,8845,6978,8077,264,6281,4763,9152,9241,6339,1406,8747,4666,4087,5004,4358,4682,892,6823,3657,91,738,9292,3712,9385,7720,4129,3258,7136,5121,7425,9445,8616,6245,2541,5397,1579,9521,8429,5912,3099,3916,9627,2049,357,9686,209,6004,950,4065,728,4936,6633,3020,81,4905,9714,2947,9814,8724,5901,940,9915,3341
8346,3371,6856,2778,4639,5664,6248,5499,5201,6771,3706,6925,4945,5192,144,1715,7684,2683,3128,156,7336,4384,3322,6203,2585,7193,5243,8267,6641,7185,572,8412,7983,7844,2442,176,2228,9070,208,981,1312,8510,3698,9153,7556,2689,545,8934,1556,4684,2643,848,807,275,2449,2030,3578,5885,9293,3163,7906,7641,7712,8187,7496,6459,5960,8092,7323,8146,7560,3991,7300,9522,7659,9608,4233,8700,9628,1066,7360,8380,1241,4016,4244,707,5348,503,6185,7644,476,3682,9715,2903,9815,6956,5558,4205,9916,6551
6396,5706,3787,1693,3395,6242,5364,3203,3624,4873,4453,6515,6207,1656,7435,1554,3345,3494,1480,2117,7162,3342,2165,2637,4789,4039,4611,2854,8180,3796,2347,6082,3461,7084,4115,2225,3700,7492,1471,4897,1682,5484,2733,9154,6643,4134,4108,1427,1319,5496,5007,620,4139,1271,1660,1727,3358,5629,9294,1407,8755,5413,2349,6919,6664,4371,4522,9446,6023,3732,5764,3831,4534,9523,3149,4846,3717,4894,7974,1190,4012,5986,1772,3610,386,2286,1290,1220,1073,3369,794,2668,9716,2925,9816,1836,1639,2929,9917,4425
2283,6600,2796,5989,5304,8126,7418,1374,2522,5297,7314,5822,7390,1999,4531,5020,7912,4648,4038,5544,7858,1199,6393,1034,3586,5380,2673,8287,6461,453,3084,5736,6478,6577,6436,4669,4980,9071,4346,7931,191,7845,3281,9155,7440,4998,2239,7635,3518,4445,2456,4932,2638,3305,4989,4013,77,966,9295,4092,9386,7755,4034,7404,2473,6986,3804,8449,7668,7371,1026,6421,1971,9524,2907,8098,5870,2991,8618,3177,1125,8964,88,8136,2602,627,2023,564,6964,3895,62,2025,9717,5311,9817,8018,4807,337,9918,2031
3950,8972,7534,1780,1440,7627,3705,7089,4540,3024,3679,8455,8708,1391,5185,964,3450,1411,3066,98,7898,1445,3735,1774,895,8991,2906,8371,8896,3280,5621,7004,6917,8909,8304,3380,8103,9072,5080,6536,37,9126,6970,9156,9242,7194,2564,9267,7246,4706,8615,2670,2759,4938,6762,1356,468,701,9296,2896,8756,4804,8351,8292,4857,5923,7528,9447,8957,2432,2154,7972,1158,9525,8663,1392,4711,9610,9629,775,1647,9687,223,7154,7538,8,5349,4538,6559,6513,658,2848,9718,8323,9818,7277,3546,857,9919,1460
8705,4374,3523,3350,2366,6315,7458,2196,3343,8112,6498,3986,4171,4561,129,7478,7828,1965,1782,28,5638,3505,4352,5583,1282,6859,4452,8546,7461,6166,321,8549,5968,7694,5313,127,5226,8916,125,4448,101,6878,5969,9157,8222,5382,660,8362,1170,6625,815,843,1264,3626,1778,6740,5187,3755,9297,3765,9387,8697,5622,5575,8448,3211,6782,9448,7249,7736,7714,5210,7583,9526,5980,8430,7306,8959,9630,2427,6698,7847,1166,6732,867,419,5074,489,5660,7856,1538,4851,9719,5705,9819,6903,2494,5439,9920,4009
5659,6844,8032,1793,1703,7216,2007,6514,2984,2581,802,8383,8407,4589,7663,4827,8889,1383,1950,109,4031,4126,3053,5846,447,8893,1986,7903,8256,8182,4170,8062,4882,7984,8374,760,6031,9073,605,873,1099,8789,7344,9158,7338,5289,218,8123,5841,4624,5212,657,2127,3797,7719,7466,2776,623,9298,5572,9388,5774,8091,8518,8580,2523,6580,9449,6205,459,7825,4125,8560,9527,7411,2163,5290,8272,9631,277,3474,8965,5,9697,3905,366,6507,3433,6915,8174,1796,3230,9720,5327,9820,8830,5312,1958,9921,3502
8281,3303,5794,1545,7432,7341,7192,4450,2765,6380,6400,5031,8394,3968,303,5990,6043,548,2020,140,6405,249,4778,2063,592,7882,8411,6212,8783,7100,3051,7131,6779,9050,8220,540,3160,9074,877,2303,18,6746,5645,9159,9243,6075,2566,9268,4414,6609,4019,2962,1423,7474,6010,2426,2107,5338,9299,4089,8444,7010,8096,8493,4749,5028,8661,9450,7126,4641,3037,5734,3201,9528,6041,6512,3889,7468,9632,2018,6452,8966,259,8829,913,247,5522,1415,7289,3495,141,4498,9721,7013,9821,8381,1514,3378,9922,1266
5653,6966,7256,1633,1398,7470,2036,1539,7090,7880,3581,8836,7618,1828,7362,1736,4717,1978,3784,407,6493,2836,3229,5673,1020,7859,6078,7851,5506,5954,2439,2344,6198,6564,5688,2153,4385,8269,2919,7034,4,9127,7766,9160,5608,5624,3385,7465,8041,7767,6244,1651,6996,7483,2970,595,689,2458,9300,5391,5899,3196,6199,4794,8759,3417,7587,9451,3510,821,7935,3603,3275,9529,8321,2062,4133,8960,8522,1668,6922,7276,9,4663,1747,67,5498,2241,4328,4491,1107,2790,9722,4634,9822,8434,987,1804,9923,1526
7723,7994,6674,1915,5663,7921,7442,5996,2625,4181,4335,7784,6535,3707,2300,8051,6570,711,1734,64,8891,2234,7489,642,604,4816,6906,6946,8999,7394,6001,3500,7930,9051,3772,215,4867,9075,1316,2312,143,8078,7085,9161,8515,6204,1061,9269,2669,7505,668,750,3232,2128,1827,2400,2064,3957,9301,4616,9389,5943,7978,8684,6235,1082,8341,9452,3247,3361,4904,3959,2295,9530,7945,2801,4707,8803,9633,685,6545,9688,535,8108,2752,206,2149,3901,5845,8876,2487,2447,9723,4696,9823,7532,2864,4021,9924,3005
8405,8354,4733,7079,3178,4735,6932,5067,7064,7599,7342,7804,5741,4182,2101,6563,6520,6982,934,709,2337,1042,5500,4102,3330,6107,6233,5958,6533,2274,106,8901,6499,2805,138,754,3588,8917,2468,2082,3645,5824,6299,9162,5401,4410,159,6040,49,7375,1870,2758,2011,421,273,1321,1118,2977,9302,3814,7281,7942,6712,7075,6626,2323,6972,9453,5756,7214,7111,2732,4391,9531,7324,7352,6569,8345,9634,4885,4859,6424,3432,2034,5048,3384,2690,755,3559,6605,2686,3909,9724,955,9824,7312,4388,1985,9925,5199
7097,5872,3489,6344,745,1849,1261,5177,3414,8482,5337,4235,6363,2715,2849,5542,5946,607,1094,1842,3647,3579,5084,4067,1102,4364,5523,7586,8713,631,4362,3563,4957,8024,6914,248,3442,7536,1023,7123,3049,7855,1785,9163,8468,4868,5082,7157,4141,6995,1837,2893,5094,3573,1602,111,3869,4014,9303,4463,8228,6158,5594,8054,6806,1746,7944,9454,2325,7543,6794,4811,6322,9532,3449,5843,4792,7228,8307,952,3628,6598,26,7531,358,1601,3427,2290,1624,5677,3077,4341,9725,1130,9825,3733,2932,3590,9926,4001
5362,8642,6178,3490,7815,8074,3446,2245,3935,3525,2124,6653,4254,6671,1293,2440,6571,1784,2151,104,6137,3362,5468,3171,832,8285,1996,6101,6977,6044,883,9030,7808,6406,828,406,6027,9076,5299,6642,869,9128,2059,9164,8080,3535,389,9270,1432,5715,1665,1307,274,565,827,6335,1531,3883,9304,3918,7885,8082,6486,8658,8760,4390,7745,8866,4060,7887,7286,3853,7429,9533,8107,6002,7571,7229,9635,466,4899,6785,844,3753,5162,562,2820,1795,7134,7517,717,5516,9726,8401,9826,7878,3571,4429,9927,7160
6508,5541,5820,2482,5425,6100,4985,4098,6025,5633,4339,6426,4550,5278,2513,6634,6660,3553,1919,300,1644,4083,4409,4713,5783,5555,6602,3528,8738,4071,301,4781,4741,4357,1070,943,4241,7438,3721,2663,1232,8079,6019,9165,1127,4793,887,2818,659,6537,5137,4088,4301,567,961,1430,886,2050,9305,4521,2174,7219,1848,5347,6190,4332,5656,7756,5254,6900,5856,5879,6230,9534,4064,1140,5221,7867,9636,1592,5857,6754,1013,1654,2996,2622,3132,846,2319,7012,3257,3029,9727,1562,9827,7457,3389,3197,9928,3228
6618,6411,6440,704,510,8454,1976,5517,3189,1527,1368,3526,6208,1206,8370,5092,8984,7393,3359,390,6623,3012,2815,1855,1720,7981,823,6683,9000,3172,6654,9031,7107,9052,8715,4159,2889,9077,6391,2506,2118,8921,2143,9166,9244,3101,82,7957,2318,3946,7768,2324,5537,174,6578,3522,2204,292,9306,6128,8858,6097,7172,6644,9432,7822,8270,9455,5751,1771,5354,6681,7991,9535,3131,664,2200,9611,9637,811,3555,8419,591,8968,1412,411,5424,4367,4180,7191,616,4715,9728,8585,9828,7206,6382,1881,9929,8879
3068,4918,8687,6056,6255,3295,8312,2033,4492,8885,5708,6243,7028,7022,202,8153,8985,79,793,1952,8733,1565,6773,3111,808,6913,7707,6818,9001,2462,2823,8902,5063,8244,2125,2501,1695,9078,1144,897,333,8206,699,9167,9245,5742,935,8748,1244,4267,1908,5457,213,5358,2785,6741,6707,5601,9307,4156,9390,2717,6368,8820,8535,7541,3817,8520,6462,8801,4719,5770,1399,9536,6145,8617,3044,7529,9638,2734,5566,2354,1047,1051,3868,809,5165,2873,5897,5138,163,4744,9729,4721,9829,8324,5963,1167,9930,5336
2728,8643,7691,4186,2614,8299,2567,5211,3990,3576,2767,8887,8528,2341,6562,3026,7224,158,1085,923,8988,6958,3832,3536,323,8992,1887,5426,9002,1174,7382,9032,8907,9053,6310,5635,3954,9079,8637,5054,373,9129,1214,9168,9246,4379,850,9271,5021,4236,4326,4056,290,458,3272,6699,1479,636,9308,3176,9391,1641,9426,7916,8948,7549,3741,9456,3880,6241,4915,8016,1268,9537,5220,3241,8027,8470,9639,1024,2612,7899,428,7834,6791,123,1528,4955,8059,7857,654,2037,9730,9798,9830,8435,7128,910,9931,7340
5721,342,2702,791,3913,1540,1224,4280,5798,8688,7725,2816,7167,4408,684,6677,4297,4196,4066,4913,6690,606,2705,3352,5271,4397,4700,6938,7083,5453,3374,5893,3693,5279,5942,3587,4375,8130,3346,6167,1504,3969,4124,9169,5931,4575,5434,1202,2927,6334,4723,1982,4444,5682,2189,3311,3875,1366,9309,3262,8625,7036,4483,5509,3634,2579,8162,7008,2243,1927,2877,3155,3475,9538,3240,7405,2102,2846,8963,3627,5301,3965,1488,4585,5079,2259,1452,1004,716,2664,21,944,9731,2017,9831,4697,2980,3878,9932,4132
2516,7949,4581,4263,3722,2445,2834,3114,5570,8241,5882,2419,5950,5620,996,6868,6883,462,2607,4114,6073,2140,3769,3711,1722,5113,2909,3073,8181,5065,2800,5586,1808,4883,6760,672,2453,6888,2135,5442,499,6635,5015,9170,6104,4701,5353,6449,3748,3599,1844,1946,1948,5240,2802,1201,1369,4527,9310,4566,7370,6495,444,7320,6556,1659,2960,9457,6080,6565,5972,5924,5729,9539,1568,7112,2090,6880,7584,4676,6133,8173,727,6392,650,814,1551,2875,2571,2131,1486,1502,9732,3943,9832,5818,3085,2115,9933,2524
8393,4879,6867,6202,1056,5017,919,3734,3809,3760,550,1450,8101,1348,8384,2520,6735,4002,3115,1823,8217,1169,4661,4465,2679,6576,368,7115,9003,1762,4996,8593,6948,8567,6403,6404,2648,8811,4432,5508,3421,8413,1566,9171,8744,2521,1442,8749,4664,4499,7753,2961,1818,54,4690,289,1959,172,9311,4926,9392,3411,3264,7515,8536,5680,7220,9458,5851,2608,4877,6763,8469,9540,3757,3703,5334,8028,9640,359,1997,8769,765,8563,651,2202,3180,3815,2560,7577,1567,1922,9733,6264,9833,3759,4519,2292,9934,8073
7020,6628,8644,1285,5237,8526,2270,7104,3739,2377,3762,8456,7805,2146,1788,1813,6969,1049,2729,166,8892,1642,1351,4025,773,6619,6430,7726,9004,2363,7449,9033,8635,9054,6736,6622,8268,9080,555,2333,270,6374,4249,9172,9247,5854,266,8305,2455,3972,7891,6663,329,1154,5812,7247,1384,1288,9312,3476,8416,5831,8425,7811,5428,7613,5474,8952,8869,3805,1752,6998,2214,9541,7255,4714,3245,5913,9641,3162,1245,8203,136,7795,7722,190,7848,2392,4209,3235,85,5747,9734,8668,9834,8670,3885,2841,9935,3584
2433,8881,8481,1894,5166,8807,8355,5518,2594,5712,6666,8726,8543,2941,1938,5623,5731,204,2760,243,8734,713,7122,2692,597,8475,8192,8591,9005,2645,6908,8102,8288,9055,8038,4655,7798,9081,1377,2454,134,8002,6215,9173,9248,7446,744,8389,4756,3521,7218,5295,1205,7711,6139,1172,613,1221,9313,4680,8682,5573,8207,8569,6766,5982,2500,9459,8870,4993,1684,8249,1230,9542,8521,2606,7275,8366,9642,1603,1872,8523,32,8770,4746,84,5107,5153,1667,4294,43,4607,9735,8308,9835,7552,2438,1129,9936,3696
1858,8605,7237,6066,7250,3719,6874,4761,2936,4076,3723,8233,6330,7460,2588,5904,8588,46,560,889,6778,5437,6472,3663,90,6356,5114,3146,9006,2269,6984,9034,5003,8574,4828,1559,5531,9082,3594,5689,31,8511,2923,9174,8388,6705,687,8139,2168,2009,2949,2924,306,2532,6346,5386,2362,995,9314,1838,9393,5900,4422,8821,8055,6954,1379,9460,6164,6399,6487,7386,3668,9543,7565,6467,4817,8804,9643,1122,2963,6500,122,5816,4839,534,1031,3908,5148,5224,1183,1596,9736,7888,9836,8774,6162,971,9937,3392
7040,7269,3917,1627,6447,7200,1523,4474,1011,7646,2098,7374,3168,3065,5512,2476,6858,2424,2822,4030,8068,1349,891,3709,4212,4769,7184,5697,8235,2740,4216,4591,6877,4753,2219,2451,3899,1084,3496,7030,1990,8716,2137,9175,9249,3827,5717,7680,3278,5674,5970,4198,5008,840,4609,1636,1832,5582,9315,3664,7611,6579,217,7830,2533,4864,6911,9461,8559,6032,4650,1043,5316,9544,6700,6271,3121,2435,8379,178,3166,6254,983,3572,4041,3512,1033,3052,38,4966,2983,2472,9737,2242,9837,4344,1742,441,9938,6186
7290,4292,1874,5046,2867,4984,4954,3199,6036,4296,7739,3636,7671,693,3850,1380,6582,7326,6491,1888,8457,3208,1088,1865,5098,3745,5495,7501,9007,2199,6624,7265,1419,8575,6678,2178,6095,9083,974,73,3621,8259,5876,9176,9250,888,644,9272,1875,2510,2852,3558,1866,1240,3200,4309,4615,1332,9316,2084,9394,5551,6669,6261,8494,2986,5813,6767,6288,6130,881,4495,4681,9545,3822,6861,5956,6123,9644,374,299,5619,295,7137,970,5695,5305,2783,2788,6692,429,4560,9738,7633,9838,7590,3702,1646,9939,8118
7669,7937,3318,6652,1993,2311,3462,7238,4600,8980,6933,2215,8709,837,1123,552,8087,3072,531,4155,7183,5907,4972,1678,1573,3984,1098,5762,7686,1826,1953,8903,2133,4643,4084,614,5463,9084,193,2971,3830,8743,6813,9177,6420,2884,4109,3079,2022,8317,160,2406,5895,7698,903,6290,1091,1175,9317,4004,8794,6148,5022,5750,8293,1470,5086,9462,5431,8764,5961,3604,4070,9546,8045,6722,5618,9612,9645,6831,505,6713,1303,2946,697,1068,4245,3690,3837,7965,3386,6296,9739,1905,9839,8775,4383,2069,9940,6584
6965,5325,5606,3440,6714,7399,7434,5939,3212,4937,5110,2387,5678,5321,251,8122,6988,1083,1371,610,7345,1585,7168,3643,720,7065,7130,6983,8838,7395,330,9035,6286,7695,1069,860,1116,9085,1964,6960,7,6927,1508,9178,8926,3194,768,8750,992,4872,882,977,349,1709,6656,5042,5485,6234,9318,2967,9395,7037,6775,6686,8056,4420,8639,9463,4823,8538,5610,5596,5520,9547,4573,8873,5359,8701,9646,2132,7469,6768,3949,2629,1400,341,1961,1077,6047,4895,1943,4800,9740,4878,9840,8402,5393,2914,9941,4253
6816,519,5501,1779,6084,5983,7152,4588,3670,4278,6502,6238,5062,5151,267,3926,6852,6360,3718,1630,8169,442,3123,3747,3011,6189,8275,7316,8611,4679,679,8088,5019,8145,4621,2680,5236,9086,1929,8385,152,1862,549,9179,8853,5467,1291,5411,656,2789,7769,4841,360,3050,5066,5204,1404,6006,9319,3786,9396,8578,6341,8064,2597,5763,8294,6615,7934,8295,1466,2616,6884,9548,2724,8630,3192,3289,8211,5260,4302,4303,2804,5543,4556,769,5361,810,8420,1441,51,1181,9741,6923,9841,9896,2097,2414,9942,3828
1973,2851,8240,3507,3910,3048,5511,2835,4315,5502,7773,4686,6327,5748,245,5085,6788,5637,2748,2136,6718,524,6448,3515,1979,8069,7422,5479,4875,6317,269,9036,6994,7776,922,3307,4569,8846,1797,7061,135,5288,859,9180,6151,3975,600,3456,261,5648,2114,4146,328,2745,1103,3675,2769,6451,9320,4201,8377,8757,4836,4062,7567,6603,6381,7682,6223,5644,3574,1909,7026,9549,1798,8278,5730,8400,6147,4230,4887,4728,2315,1235,6012,1631,2258,2191,6409,2543,571,2507,9742,7519,9842,8403,1360,4081,9943,7198
2897,8505,7263,2563,6389,6103,5423,2297,6349,5047,6590,5143,7580,4903,1022,7042,4598,492,1524,776,6613,2704,3554,2504,478,6694,8460,4325,9008,3629,2359,7450,4782,8200,1079,3680,2207,8847,5863,5331,14,8812,1614,9181,8614,6240,1132,8855,2403,5419,1902,3059,486,3529,6088,2061,3457,2087,9321,3167,9397,4517,5922,8659,8363,3856,3768,8763,3083,9505,2470,4274,1896,9550,8117,4193,4298,8805,9647,1357,2988,4372,1878,6369,4382,229,171,1198,4909,2497,1574,4754,9743,7057,9843,6284,4138,3063,9944,2933
3202,8252,7724,1453,1386,8175,1284,6875,4975,2595,1227,8066,7315,2552,6333,4223,8986,4635,1294,181,8610,6476,2833,3034,252,8286,4266,8894,7693,5126,7179,7317,6456,9056,7383,2294,4481,9087,1740,2206,338,9130,3983,9182,7016,6431,120,8935,2119,3091,7195,513,3688,6596,5407,2661,1387,431,9322,6534,8859,5443,8446,8822,8864,6853,7234,9464,7025,932,5556,7568,6427,9551,8223,1065,5685,9613,9648,1580,2666,9689,110,8619,3989,114,2388,3108,7175,5108,413,5378,9744,8722,9844,8540,6617,2193,9945,2177
6433,5030,5446,6835,3808,3170,7645,5142,2444,8127,6362,6710,5417,5634,236,4178,7787,551,743,58,7264,4197,3560,6220,2755,6820,6239,8531,7904,6213,761,8243,4748,9057,4040,47,4670,9088,126,1119,2899,7810,5701,9183,7116,2882,379,8792,1364,4284,2954,2375,450,1327,2109,5319,2634,4845,9323,4629,8554,8479,4080,7892,7273,5533,7614,8867,6350,7746,6445,3074,7376,9552,5834,8584,6352,5670,9649,1295,5928,6962,12,3017,3430,751,5060,1320,3543,7701,1395,4969,9745,3143,9845,7975,5302,3973,9946,6116
5002,3000,4582,1947,177,3585,2761,6085,7579,7059,2060,1086,7650,400,5528,2937,8647,8408,7408,1511,7900,6008,5257,6759,4224,8736,909,7647,2105,1394,257,8904,2074,7203,1354,2827,1322,9089,4469,7278,3979,8246,6872,9184,5791,1904,7511,9273,4113,8656,4774,7002,8857,8290,833,5889,675,487,9324,4962,6444,5683,4659,7917,8949,8556,7454,9465,8871,570,7737,7410,6566,9553,1516,1233,3704,9614,9650,1259,863,7537,532,2868,826,6866,6963,2781,1165,6726,1152,2853,9746,3944,9846,8878,4017,1648,9947,8404
7638,8706,6885,2691,4324,6645,5948,6471,3503,7047,4647,8121,8608,5429,1472,3788,8190,2096,2159,383,3260,3859,2547,1730,784,7592,7763,8462,8690,7539,7490,2910,6176,8001,7225,343,6470,9090,183,495,615,8694,6096,9185,7609,3635,766,6121,5272,5718,6450,1160,1859,6985,5182,577,1121,2262,9325,5743,8860,5675,4285,7642,7125,4437,8005,8629,6670,3842,5975,7215,5720,9554,7332,5844,5414,5925,9651,628,4837,9690,3,8452,1555,336,2723,4545,4252,8212,278,5725,9747,5163,9847,8525,3807,1192,9948,1021
2481,8973,7397,941,655,7080,1605,8607,5144,2725,3250,8150,8689,1532,7837,2044,7913,1418,2145,281,8989,4373,894,5874,884,8808,2285,4967,7852,2021,6030,9037,6135,9058,6780,7092,7437,9091,7472,3652,504,8348,4886,9186,9251,5156,1195,8306,5860,4069,8318,7350,936,1914,2213,6378,1104,517,9326,2569,9398,4849,8818,7495,8823,8427,3465,9466,8237,1877,3602,7973,3336,9555,3898,653,6527,8961,9652,1138,835,9691,238,9698,6195,189,3271,4097,5189,5777,482,4953,9748,8564,9848,8279,6425,582,9949,5994
4220,3614,7313,2047,547,7050,4772,7703,7232,5150,3089,5157,7951,973,8609,1149,8191,6887,4725,752,7840,3348,6640,1951,2249,7964,3046,7953,5513,1560,612,7708,7654,7985,4622,5071,1916,8651,4633,5196,1189,8922,6918,9187,8552,3471,3209,8289,6087,7674,4999,4552,8817,7629,2726,285,80,871,9327,7294,5309,2601,6587,6222,4649,8133,8428,9467,8378,985,7631,6246,764,9556,4471,1318,1912,8766,9653,2310,1675,8703,220,3806,6225,1161,6841,4579,4942,3110,331,2019,9749,2335,9849,7093,972,2038,9950,1994
2394,8777,6796,4329,2784,8675,6924,3925,4169,2992,2546,6734,7897,3400,6481,2491,7818,227,2278,467,8507,5548,5668,1825,937,8993,1436,8547,9009,1792,2415,7788,8360,8532,8594,2973,7789,9092,3325,2613,293,9131,7883,9188,8927,5532,1059,8680,5218,3429,8856,3040,585,2589,6997,2610,384,558,9328,4528,9399,3315,8945,7205,4934,5171,3081,9468,9502,2384,3431,6112,1741,9557,7894,2575,7017,9615,9654,365,1680,8967,105,9699,8071,188,5350,4523,6201,6842,645,1535,9750,9799,9850,9897,5929,589,9951,6552
2332,8326,4334,2480,3138,5343,8328,1333,3463,4557,6144,6968,8728,4574,6072,4167,8255,180,3094,1468,7499,1980,6837,1329,703,7705,4628,4764,9010,1200,2508,8905,5888,8810,8442,5324,4136,9093,5875,3439,1040,8678,4675,9189,8375,5927,3803,7384,6936,1941,4983,4898,523,8157,2441,302,205,845,9329,4743,9400,4518,8698,6385,4617,6631,1076,8953,7284,5405,3791,7145,1164,9558,6697,2641,6632,8431,8539,1009,1981,6055,157,8471,7308,1126,6114,3009,4509,3351,501,1884,9751,8231,9851,7637,2227,405,9952,4368
8437,8974,4247,756,460,5005,4776,7662,6345,5977,4396,2574,8621,263,8983,868,4456,7048,6892,578,7963,2945,2184,3870,8009,7535,1114,8649,8396,874,692,9038,4623,8466,3660,6086,3455,9094,7015,5549,661,8423,7710,9190,9252,6521,2939,9274,7790,6572,1389,7987,8261,1926,4179,3372,239,369,9330,2190,9401,6438,8819,2959,6808,8263,5241,9469,9503,1505,2169,7826,2226,9559,6701,1353,3425,8767,9655,3242,514,9692,294,1414,3215,5087,5671,4152,4487,7388,262,1969,9752,7507,9852,9898,3764,949,9953,5672
8880,2320,6252,4546,22,7996,4636,5696,7414,8034,6764,5215,7640,511,2709,3473,6490,6188,6377,4149,6845,6320,4308,2549,6926,8179,999,7954,4480,1666,66,8089,6898,4554,1186,2829,1611,6127,1229,8613,686,8138,5849,9191,8489,4758,7557,8003,2627,8937,2391,6177,7860,3504,1816,1900,45,322,9331,4381,8262,6814,3125,8042,7959,5404,5676,9470,7970,2281,6142,5944,7170,9560,5012,2309,1699,8209,7794,5739,4935,3256,279,1657,1455,5057,1296,2421,3002,6769,735,3826,9753,4053,9853,7520,1476,1015,9954,7150
4586,8111,8778,4468,6817,7607,6005,6120,4577,4145,3517,8727,8888,6629,804,5915,8710,787,762,161,7967,3416,5482,2232,484,7901,7807,7245,9011,5409,4880,8076,8441,9059,4165,789,4283,9095,520,412,196,8597,2593,9192,8928,3093,436,8751,1871,2812,3980,1697,352,2195,4327,5270,3310,2518,9332,4923,9402,2443,8340,8799,7003,7181,7588,8342,7576,4243,3568,8164,2298,9561,7946,6930,6834,8251,9656,710,5356,7758,61,3982,4316,533,4497,2479,6588,7159,440,6272,9754,5976,9854,8453,6523,1215,9955,4144
8020,8048,7049,1882,57,7522,2908,6850,6179,6957,3151,2583,6857,574,7838,3297,7839,7797,4174,988,5780,2845,3616,1988,7601,6384,5018,7764,5959,1157,1193,8612,3370,8691,2293,1433,2338,8221,3501,1358,907,8315,6630,9193,7493,5550,5792,8752,5160,6719,566,5357,5055,2005,1274,2824,683,253,9333,3921,9403,4454,3958,8660,7108,6809,5056,9471,8163,806,3248,6492,8229,9562,4059,2381,5903,8210,9657,2192,1632,8704,305,2240,2483,5681,3087,3060,3750,6353,898,3993,9755,6418,9855,7009,1111,448,9956,7521
5369,8167,6314,1370,4929,7759,4902,3662,3617,2395,2374,7400,7785,3606,1196,3480,8648,4705,1058,309,8409,2876,4211,2736,730,8458,2085,6947,8839,6745,1658,9039,7955,8842,3642,1388,6871,9096,4847,6394,395,8090,1598,9194,8814,5784,370,8156,1317,5259,6221,1494,394,334,1918,6824,308,2978,9334,4665,9404,8758,5998,9428,4791,7497,8581,8954,6673,6799,3344,5041,8044,9563,7544,3221,3749,5985,9658,824,3265,8806,1683,6573,5973,74,1060,2122,8369,4361,339,4305,9756,8109,9856,8587,2791,3886,9957,5422
1609,8975,7782,3292,8213,4593,6293,3464,3337,6593,6709,6904,4785,7147,2080,8330,8731,927,783,822,6525,6601,6321,3539,116,6729,8994,5441,8897,7941,1153,8840,5203,9060,584,1590,6485,9097,1640,3112,86,8923,2599,9195,8854,7072,371,8095,1458,4931,721,1095,214,3775,5781,7053,5805,705,9335,4075,8795,8277,7988,6828,6568,3615,2803,9472,7173,6033,7801,4007,8662,9564,6538,7197,4642,8238,9659,493,4732,7378,319,3445,3332,580,228,2883,5436,8480,2152,6231,9757,6125,9857,9899,6051,2582,9958,6489
5176,3434,3532,4768,3308,3314,5372,4214,3605,7355,6541,6067,7292,2644,355,5703,3409,282,635,438,5657,1921,2331,4189,165,7033,5905,7525,7302,4398,1544,4973,4992,7729,4412,500,2989,8848,1248,5709,1563,8335,5666,9196,7117,2509,2872,7293,1817,3681,2942,3999,491,853,2380,1824,4184,4950,9336,2376,9405,3665,4128,4508,5491,3383,4991,8955,5097,8343,6111,4916,4850,9565,6423,6105,2676,7146,7833,700,6387,7585,1431,5752,1309,946,2757,1691,3623,6497,3198,3779,9758,4988,9858,6636,3992,3593,9959,4464
5919,3800,8282,382,7088,6886,7598,4729,2957,4221,6090,4032,4403,4750,437,3620,6181,632,3097,216,6667,2013,2282,4264,742,7673,8711,4580,9012,6585,464,8714,6543,8397,3062,1075,2576,9098,2890,5381,11,4618,3070,9197,9253,3998,1292,5127,1314,2708,3964,3254,100,1655,5514,6092,3405,5797,9337,847,9406,8186,9427,7989,7233,5630,6301,8116,8141,8721,5183,4458,7658,9566,6193,6531,6657,8685,9660,1669,6070,6408,2918,3613,1462,415,6077,291,7455,3527,1811,3047,9759,4176,9859,8224,4116,3530,9960,4830
6187,8832,7553,2086,3154,7870,2503,6259,4893,3388,3566,8406,6717,2659,2874,5823,8732,3801,876,115,8530,3142,2356,1027,211,8485,6943,6838,8573,7217,6648,8035,7365,8910,6703,2716,5449,9099,70,353,929,8813,5228,9198,8655,5616,60,7884,1124,4399,6720,1163,2095,2590,6504,6267,1575,1393,9338,5197,5837,7138,8492,9429,7655,5096,8202,9473,8497,2417,3268,5333,4631,9567,8134,2484,2694,8962,9661,2302,2619,9693,102,6881,5389,108,3193,2126,6263,4917,192,6115,9760,8772,9860,8125,2792,5335,9961,3423
4068,8882,5858,6786,5027,6882,8438,5707,5534,8472,2879,5754,6916,5306,722,8301,8890,288,819,2003,5951,2895,3862,3117,736,5287,4757,7765,9013,2905,4608,8550,2687,7318,979,854,2819,9100,3018,2039,93,9132,1249,9199,8745,6331,1299,8568,2070,5294,237,1429,312,7527,1434,5540,6282,5011,9339,4204,9407,1003,7419,7831,7007,5332,6929,9474,1591,7865,6283,7428,1604,9568,6901,8364,3185,8600,9662,4692,7406,2727,1477,1128,1218,673,4928,2653,4994,5103,1810,2775,9761,4392,9861,6410,2498,2751,9962,4416
4548,7803,5789,2825,5394,4117,3188,4673,1007,4154,4459,7106,3641,4082,3795,6017,5037,556,4488,1341,7914,1708,3538,4736,2880,6000,6510,5828,8257,1487,5545,3731,4354,5006,3152,2948,4290,3774,3095,6014,2308,8512,4644,9200,8553,3279,5521,7304,3597,5984,3915,1883,851,1443,4370,1275,2701,3410,9340,5320,8938,6307,1304,7799,2160,2460,3802,9475,7657,2630,4395,2412,2886,9569,7569,7311,3600,6218,5917,287,1615,6937,962,5650,3773,1663,422,2327,195,5293,2250,1155,9762,3790,9862,5013,2795,611,9963,2515
6637,4587,3569,3207,2572,6646,5208,235,6156,7547,5949,4411,6607,1850,5592,3646,905,4258,2912,1402,4158,2365,5223,1749,5064,630,7066,3086,8784,5698,2793,4881,5323,7621,6990,4405,3956,9101,925,283,1775,6529,5135,9201,7303,3349,2306,7261,5128,5679,2660,4612,3928,4150,4073,1940,4347,1498,9341,3513,9408,6357,6555,2367,5738,3259,6160,8171,2368,3671,1117,4273,4047,9570,5945,2370,2756,7660,9663,3036,3113,1692,393,7236,2100,3141,1346,1588,3537,5421,164,3499,9763,1375,8969,4295,3422,1243,9964,6052
5186,1096,3881,2171,1576,7997,7223,5588,5964,2010,1210,7816,8506,3567,7980,4446,7334,1367,2706,906,8990,5576,5433,439,1761,8061,1262,5418,9014,5330,4654,6435,7069,8692,2390,1005,6318,9102,6737,7023,378,4767,5785,9202,9254,4462,1794,9275,5090,7933,861,397,1087,986,4844,4658,2892,1491,9342,6038,9409,1662,3589,8946,7351,719,8761,9476,3335,2041,7919,2004,3173,9571,6194,3743,1626,8367,9664,715,5255,9694,1737,8501,7498,72,2068,3179,5432,7731,1949,1638,9764,7333,9863,8503,4000,2554,9965,5009
8232,2402,7177,5627,6131,3243,6975,3491,2742,7373,6279,7509,8544,5723,212,6415,6772,175,1652,772,2647,2399,4925,2794,3213,6896,8461,7717,8898,7842,4978,4275,7462,9061,6417,254,2220,9103,340,801,1131,8386,5209,9203,8746,2885,1239,8476,1108,4268,6340,4798,490,2014,6076,3222,3195,5227,9343,5039,8939,6910,5886,6136,3756,5375,7062,7188,4667,7427,2771,6890,4606,9572,6432,8296,7676,4752,9665,581,4790,5757,29,4037,2651,522,4234,4100,5451,7678,96,5459,9765,1444,9864,8072,5146,1191,9966,3506
1187,8674,7398,6665,7634,1352,8168,1541,2076,7999,7105,6832,4336,3092,2618,7208,8622,24,667,2075,6976,5117,4077,3508,53,4514,8154,2343,9015,6547,2304,8205,1738,8911,2188,2252,4594,9104,4688,3823,469,8851,2636,9204,9255,5883,1599,6530,1812,2257,2675,2964,201,7512,7169,1939,5825,984,9344,1724,9410,7861,8417,5244,5075,6011,741,9477,8247,7559,6716,4567,8271,9573,6951,6753,1607,7928,9666,554,4525,3861,759,1650,2093,1786,2079,3137,4720,5991,2952,5392,9766,5275,9865,7164,6428,1506,9967,5402
6693,5873,5806,6589,4393,2182,6675,1397,4349,8725,7774,3302,8676,1893,179,1930,8473,546,1935,3327,8474,5628,5642,2176,2353,8357,8590,4433,3699,1485,59,9040,3988,2361,674,1461,3296,8652,805,4541,2000,5665,6761,9205,4111,2006,6706,4834,1017,8014,1337,3891,131,4015,1052,2628,1586,5878,9345,5342,6553,8424,5887,4287,6300,3126,7196,9478,7426,8765,5833,2762,7174,9574,7420,7877,6790,7793,8702,6651,2999,5793,588,2466,812,1408,4246,2621,3963,6942,1830,4861,9767,749,9866,7616,5115,5175,9968,8007
3727,2898,3157,3514,5024,5256,3845,3306,1934,8356,5655,1820,4853,3920,5322,2654,7581,3924,3654,3368,2658,2237,3133,2116,5038,6138,1446,5811,8566,5454,2471,6765,4200,3871,2517,2382,1473,9105,3751,2383,3014,7464,1687,9206,9256,634,4751,7385,5083,6209,4365,4640,1885,4947,2465,4091,327,3444,9346,1171,8445,3347,5315,4415,4259,3216,6721,8320,396,4832,3825,2839,3056,9575,4941,3598,3291,6829,8602,271,2538,779,99,1581,2826,3239,2542,2562,4829,4279,2355,1449,9768,4502,9867,6802,4199,2953,9969,6064
4160,8541,6659,2275,7879,8645,1897,7178,3287,4286,1983,8151,3730,7244,2378,6280,8987,4378,739,39,5282,4426,4311,5759,280,6846,5585,7445,9016,7733,4086,7872,7853,9062,2749,362,5140,9106,662,3244,76,9133,2351,9207,8194,6266,149,8936,1671,4619,1756,335,1475,2314,5231,7484,3648,1063,9347,4835,8796,7329,7073,7005,7699,2408,7623,9479,7055,2077,7551,4613,7683,9576,8699,7792,6849,7770,9667,757,4455,8686,23,5761,3096,324,1439,1278,4435,8771,1589,6574,9769,8147,9868,7716,5827,4638,9970,7268
6302,7929,1390,3023,2916,3649,3742,2254,2081,8177,6265,6494,7555,3947,2573,1459,5560,2738,3911,3339,7153,3470,1664,3548,4505,4520,5760,4919,5613,4779,4718,7211,3484,1587,6018,3035,3355,8155,1197,4833,1216,5724,1067,9208,8533,3039,723,5690,4949,5704,4652,4359,5935,5029,3466,1424,1080,3884,9348,2161,9411,4747,1008,2130,7011,3608,5809,8956,5292,6731,3542,410,2570,9577,4218,7141,1287,3551,8433,3022,3379,7780,256,7624,2972,2330,1372,2268,2821,963,515,1853,9770,3792,9869,4478,3669,2422,9971,3685
8273,361,7772,3003,354,5661,315,1714,3970,3697,3441,7679,7827,1954,3633,2373,6253,1222,6053,797,6153,916,5687,5112,2197,5406,1025,7593,4892,5934,1447,9041,4858,9063,5598,3001,6655,9107,994,7180,1039,7204,6109,9209,6789,5077,4614,8081,5091,7319,2814,1845,8534,6864,4103,5519,4694,842,9349,4869,8131,3524,6060,7832,5205,1764,8557,9480,1898,304,7564,1676,6312,9578,1343,3331,7044,8368,9668,1325,4595,9695,724,3105,3420,427,1911,4321,3857,6955,2922,1713,9771,6979,9870,8019,968,4101,9972,6560
8100,6658,4896,4854,5471,7416,7379,6029,4770,5799,3334,4504,6934,6792,449,7817,7060,725,1945,284,8000,1674,5119,2224,1055,5952,7444,7259,8548,5225,1610,8906,7366,4033,2499,1071,1401,9108,1335,1297,145,8598,1617,9210,9257,5884,1932,8681,2221,7163,268,4759,622,2322,2217,1269,5877,5314,9350,3580,9412,1876,7403,6159,8495,3903,8026,9481,3942,7358,5274,7235,363,9579,6597,8640,4796,8500,9669,2753,7027,4890,1807,2072,2526,224,6124,2797,6099,8084,1347,4356,9772,2104,9871,6980,2586,2861,9973,3249
3840,6359,5416,3728,5821,5930,4672,4168,3914,3577,5713,7021,4018,3236,6429,6524,7335,3479,4910,367,1698,2763,4489,1962,3987,3673,6989,5921,5953,5026,351,7602,5993,3713,139,875,3811,8653,2650,3701,1359,4671,4466,9211,8349,3736,621,8477,1046,5947,1212,50,2600,3396,830,2156,3793,2902,9351,4406,8720,7594,5001,3127,4933,538,4470,9482,3746,4251,5693,4036,3607,9580,5387,7566,4685,7133,7572,626,6558,3934,1729,5779,4860,2464,1557,2001,2486,5326,1913,2693,9773,1814,9872,6981,4121,4516,9974,6446
6303,8976,5088,594,5403,6236,5803,2652,6309,2809,2173,7850,6895,2251,2719,5562,6412,625,536,203,3469,4177,6542,472,980,6227,6477,7742,9017,1925,6870,8063,8037,5749,3544,1937,6154,9109,2674,782,1564,8852,2529,9212,6952,3890,132,7024,1710,3058,2123,3930,1010,2272,4968,4436,4389,3847,9352,4986,9413,1510,8004,4927,8519,6379,6991,9483,2450,6758,6848,7321,1090,9581,3174,3004,5605,9616,9670,2134,6113,2397,507,3912,6439,297,6016,3632,5910,5667,682,2768,9774,7920,9873,8436,2965,3263,9975,7045
7508,8883,7389,479,4737,3813,7459,3798,2592,6944,3936,7361,4716,4475,586,7052,8529,553,816,435,6836,5554,4428,1783,878,5374,8022,4348,8144,6684,856,9042,3961,7367,3557,593,5052,9110,4803,1188,2048,9134,4532,9213,3360,6608,222,6132,326,3255,3867,3511,2194,1863,1012,5842,3564,3976,9353,4208,8195,8319,7622,8132,9433,7943,5936,9484,6155,5492,8872,6224,8824,9582,9607,694,8499,8665,9671,1038,6702,2930,880,3153,2155,537,3516,1255,6370,7561,311,5284,9775,2979,9874,6973,4970,4042,9976,8673
4185,8884,4734,841,5776,8214,6048,3974,2934,1967,2534,7114,6260,2423,2982,1847,7582,712,1903,219,4310,4503,4123,1305,430,7706,3270,5612,8739,5247,6134,9043,8011,6909,5483,1851,6079,8595,2539,2291,2720,8260,7086,9214,8376,5264,55,7396,959,3309,7328,2222,1267,1753,1728,7280,2089,1340,9354,3622,8861,7876,6544,7006,7118,4939,6680,9485,7918,4333,4815,5937,6351,9583,7993,1315,1694,8874,9672,1597,838,7431,244,7868,5651,154,5188,1972,4787,5141,530,2878,9776,7413,9875,7911,3640,4107,9977,5049
5880,7078,6727,7199,5920,8119,5640,3165,3333,8834,6232,5758,5636,6682,1226,6787,8067,376,506,1520,8284,1956,2770,4090,1338,6826,7651,3365,8785,6157,938,8623,4417,7628,7752,182,1759,7540,774,3190,92,4831,1717,9215,7697,4272,2416,7575,781,4722,870,2863,1421,1673,5277,4738,2920,5447,9355,2307,9414,6251,1966,9430,7187,4740,7542,9486,4555,6810,6807,3839,5493,9584,4568,8188,6873,5658,8667,6894,7288,7530,2088,3582,1612,516,10,1974,1185,5248,643,3407,9777,6550,9876,7309,5229,5230,9978,5136
1219,2287,3714,3601,4044,2446,4183,2955,4318,7032,2900,5571,6777,4708,2655,5154,6256,1906,2798,1279,5965,1247,4602,2371,3273,4057,4476,3672,8258,1841,2264,1843,3300,2682,2113,2112,2555,8849,2557,6361,2158,4604,4443,9216,3366,2997,4137,5456,2968,2975,4207,1868,4683,2469,3940,1490,3010,4003,9356,3156,9415,3844,1376,6473,5719,1362,2216,8800,4731,3419,2577,2372,5955,9585,1606,4710,4775,5835,3498,1833,4842,6506,2042,6554,3710,2103,1957,2360,3100,2032,1748,2956,8230,3226,8524,1223,3139,3483,9979,677
6071,3876,5045,7692,1621,6366,8198,3118,7165,8981,8780,3794,1542,2336,497,7310,8215,8283,3971,1378,5800,4430,3277,6250,7685,7871,2409,8486,7252,2187,87,9044,6594,7665,3932,298,5053,7526,150,3013,1679,8790,6668,9217,8490,6020,603,8793,425,6939,862,1330,2099,6332,3120,3064,1029,1092,9357,4739,9416,8943,2485,7144,6466,7927,3448,9487,7823,6276,4549,3592,6323,9586,6270,3391,5245,8451,9673,5222,3320,5515,1873,6755,858,1035,3090,325,241,7019,3770,4510,9778,1334,9877,5802,2231,5296,9980,7176
2707,2754,4544,6854,2744,3481,7966,5093,3367,8142,7443,6211,5235,3995,231,7761,8331,1258,795,619,7672,3080,7082,4157,402,8143,6876,8170,7253,6750,494,8650,3655,5564,1701,2935,4419,9111,56,864,680,7696,1725,9218,8040,5470,771,7402,1014,7473,1806,3951,124,3677,5786,2545,5145,5412,9358,3436,8797,5733,8390,4035,7893,6022,4795,8868,6940,7866,6855,3403,6687,9587,5604,6801,3267,7018,9674,930,2773,3545,423,2580,4592,1207,6583,2210,6795,7518,398,4543,9779,5510,9878,8239,4944,4596,9981,7814
6999,8253,3661,155,2316,4819,2830,6647,4840,2157,5139,8347,4342,2056,7392,1791,6324,1467,4322,933,7202,4871,917,6285,666,7135,2505,3294,9018,5580,6468,8487,8012,9064,7986,3540,6949,9112,5568,7820,313,7504,4232,9219,9258,3531,483,7610,3549,1355,7482,4946,1451,465,6365,7035,1840,332,9359,1145,9417,7862,7054,4265,8496,7689,3393,9488,7824,3231,5385,4625,7606,9588,7570,1037,5366,6724,9675,969,1688,8047,83,7796,6453,470,2413,1276,5345,4304,509,4151,9780,6770,9879,7354,5388,2273,9982,5303
7670,5328,5992,6967,3353,2633,8226,6743,4704,8707,8178,6081,3882,5068,276,8729,8589,924,799,960,6935,4965,4570,5399,951,7381,4319,8242,8204,6214,698,7873,3674,8373,3252,473,4248,9113,13,356,2326,9135,6961,9220,8025,5268,240,8443,790,4863,1270,1846,670,6839,6021,4490,6229,3931,9360,5396,9418,8628,4695,8015,8201,5692,7778,9489,7331,6161,8083,3055,7992,9589,3394,8135,7101,7221,9676,1831,5866,5694,2,4506,1323,1177,4072,1173,3285,8166,388,6089,9781,2556,9880,8280,2334,6206,9983,4005
7702,8977,8311,1661,6748,7417,6575,6688,4161,2578,5194,7704,7207,3234,2147,2053,5025,401,1907,169,7806,2277,2183,3493,286,7902,8440,6304,9019,2871,6057,9045,8786,8843,7452,4345,5159,9114,1425,2238,133,8513,5864,9221,9259,7339,381,8478,2230,3376,4343,5383,648,1176,6781,6169,3109,2492,9361,1931,8940,5043,7514,8159,8950,5044,6847,9490,7886,6650,2358,6865,1018,9590,7596,4987,5122,7486,9677,2514,1867,8632,75,6546,6184,117,3246,1869,5817,5452,265,3019,9782,7456,9881,6196,945,1963,9984,2209
3725,7407,5169,2276,7938,7574,8033,4140,3541,6414,5214,7524,8483,3304,796,3054,6401,539,2698,78,8735,836,5535,2280,1238,8459,6442,8809,9020,3726,5902,8036,8023,8912,7744,1767,6797,9115,512,1328,316,8387,5769,9222,8491,5164,424,8718,2066,4213,6306,3210,529,5497,4921,1745,633,3329,9362,5252,8941,6679,8115,7424,6062,6342,5216,8558,8582,6805,2787,6811,1723,9591,7467,5023,6742,7690,9678,1105,2138,7296,16,7448,5547,128,6219,3028,6119,3985,17,5129,9783,8309,9882,8671,3562,2711,9985,3033
5819,8833,7257,1416,1211,8265,6519,8060,3953,3293,5941,7161,7243,896,7436,890,3519,2858,7741,119,6893,852,4825,2568,2810,8218,4482,8895,8464,2043,2656,7652,5804,8467,4424,7186,6833,9116,2345,5643,153,8013,7254,9223,9260,7279,1892,9276,6294,5170,4376,4191,7132,8415,6140,1766,226,731,9363,4219,7603,5574,8657,5850,3067,7604,6627,9491,9504,1548,939,7241,1344,9592,8498,1707,2913,7947,9679,1637,831,9696,130,5415,7802,364,5102,6460,2688,3451,151,3858,9784,7546,9883,8672,1802,818,9986,2550
6756,1690,6539,2342,1933,7231,5036,5105,915,8266,5559,8634,6068,4601,69,4289,7014,518,3076,1016,8410,409,5155,4982,3453,6483,4960,7251,7029,4920,2317,6390,5859,3426,3637,2379,3695,2626,583,1045,3978,8336,6074,9224,8361,5755,1763,8719,5069,3437,5016,2475,1719,1478,5978,1861,3316,5981,9364,5355,8942,6889,629,9431,5101,5040,5261,7330,7713,7971,2969,5711,5310,9593,7325,8065,3854,8432,9680,68,2428,7487,1365,4477,2842,2869,702,3406,187,6902,1030,3776,9785,3098,9884,5826,4054,1298,9987,7322
4812,8978,7625,2976,4597,8779,6509,4852,4338,4222,3556,7939,8300,2296,1515,5238,6026,557,1041,681,7762,748,6715,1134,372,8332,7500,7067,9021,3684,5263,7728,8372,8787,4762,2951,2712,9117,4439,4394,20,9136,1984,9225,9261,6437,1448,9277,3821,4822,2246,1254,770,1457,6367,6347,1089,1787,9365,4990,9419,2425,6217,8947,5078,6007,8124,9492,4529,7447,3865,7910,1136,9594,8070,4958,6479,6691,9681,990,4620,8352,901,6747,6015,89,596,3486,7715,4175,107,5376,9786,8669,9885,8298,6815,1465,9988,1616
6034,8030,5130,6173,7573,7433,2990,2244,3015,8886,6337,7600,3116,4024,1955,6516,7000,4239,455,3186,3253,3595,1050,3119,872,6484,7620,2265,9022,5997,1381,5589,6398,6685,5167,4188,5180,1474,899,2164,1336,9137,3583,9226,7369,4977,1509,4447,758,6046,5213,2094,688,4026,3902,1608,4493,4512,9366,3223,7158,8683,543,5971,4063,7119,2928,9493,8583,7189,7605,1518,5569,9595,7545,8825,4467,3977,8875,1265,5464,3894,95,5494,4542,2078,780,800,345,5987,3042,5591,9787,4513,9886,4143,1768,1142,9989,6354
4912,2911,1184,3651,4227,5246,4153,4330,3893,7836,2527,2488,5202,4413,1345,3191,4674,2027,1799,2179,6316,1417,2548,2721,4203,4240,3810,5298,5966,3008,599,7734,3780,3996,5700,3129,2525,9118,1225,6738,1537,5894,2699,9227,7213,1822,4293,2071,4096,5168,4281,2313,3785,2537,1899,477,733,4494,9367,4135,9420,6216,2891,7282,3261,3071,6311,9494,6191,6063,3864,4314,6783,9596,3819,7597,4300,6358,8172,1686,5788,6825,1435,2943,2681,1331,2266,2218,2321,2750,1237,461,9788,4906,9887,5460,2233,2073,9990,1437
8633,1053,8421,3561,3251,2678,6278,3729,4870,8982,6992,4874,6049,5503,142,8254,6416,3873,1513,2346,7751,618,6441,3492,5125,5732,5050,8463,5867,5462,471,8740,4051,7648,3140,1301,1179,9119,33,598,2065,6827,2040,9228,6102,5352,579,8114,210,6364,4255,2489,965,4306,3487,4061,3752,4814,9368,5132,8626,7958,5253,7688,3824,4260,7990,7149,6407,7077,5239,3766,7274,9597,1718,7267,6723,4952,8641,4282,7096,3214,1308,1765,3720,737,5918,1081,4900,5061,146,2553,9789,2256,9888,9900,3387,3276,9991,5477
5250,8031,7063,4964,6518,6371,8606,4027,4006,6355,4637,4045,5466,6993,732,5957,5014,36,991,569,6945,4215,4802,4472,173,6620,8737,4603,9023,2786,2866,9046,5131,7718,1530,1044,1570,8918,5307,3783,15,8514,2170,9229,9262,4702,1803,8624,3159,3418,914,5000,137,2772,2700,6028,6549,4074,9369,1700,9421,2129,4533,7863,8599,6141,3459,9495,5174,8248,6941,6696,1677,9598,7372,8046,3778,7948,8826,1208,4908,4891,1702,2493,2121,498,2671,1543,5198,8099,1879,2203,9790,2881,9889,7039,3413,1519,9992,4788
3404,8049,6480,3771,5472,4564,8075,2535,4530,5767,5553,7051,8484,2718,1492,7043,8199,35,1373,1217,7421,1739,3596,2811,1339,5597,6621,6744,9024,2993,6058,7480,6373,8913,6899,2279,4058,9120,5524,1182,194,8679,3321,9230,8929,5269,3082,8816,1382,5669,5273,4730,420,1521,1146,2511,2639,1864,9370,4377,9422,3443,6517,7908,7148,5590,2110,9496,5782,6170,4760,6183,2746,9599,7359,2859,5158,3136,8827,2931,4288,5815,392,2731,3533,391,1064,3836,5611,3678,496,3618,5871,1482,9890,8148,3183,234,9993,5836
1231,7046,7270,5766,7291,8176,6249,6372,3625,4820,5178,8113,8439,3288,1503,3218,8677,230,2106,652,7976,1835,4657,4118,1643,8128,7364,4687,8899,3692,4551,5967,7239,9065,5995,1150,5768,9121,1054,747,113,8924,5714,9231,8791,4961,452,8753,2083,7506,5577,5147,740,2120,3078,3340,1283,2860,9371,4630,9423,4590,5173,7563,7656,7109,4563,9497,4943,5283,1209,4496,2434,9600,7430,2843,5367,6784,9682,3107,2710,8058,6,7222,5123,446,3043,2677,4948,2502,63,3659,9791,6042,9891,7058,2620,1133,9994,8008
2045,7749,2201,2887,7242,3104,6454,121,5507,6375,7896,7639,8085,4821,3237,3691,3694,1670,1281,3781,5602,1234,4813,3148,1057,4507,4995,4460,8592,2917,5745,7347,6413,8844,5487,5481,3860,9122,989,885,1758,8717,5773,9232,8185,4783,2299,8577,1481,2142,6118,3758,103,2028,5100,1093,665,1815,9372,2430,8158,6465,5832,6291,5979,4691,1685,5475,6308,7285,1923,5172,4610,9601,6098,7227,5161,4626,8768,1028,2208,6501,346,6149,5862,3103,921,2741,5829,5476,170,4163,9792,6819,8723,6348,4808,641,9995,4806
5219,3219,1995,5051,2657,4187,3477,1735,3031,6106,6237,1681,5527,3841,2205,5329,2950,1497,4401,3284,4578,2046,2667,2855,4930,4441,893,2737,3767,4079,3233,5536,4164,7608,3401,1496,2974,3872,1500,6045,1750,8551,4250,9233,9263,2703,4826,6182,3184,3724,4689,3041,1860,2559,3357,1578,4172,3929,9373,3134,8627,3716,3016,3835,4434,5249,5869,9498,6292,6171,4104,4924,3363,9602,3266,6862,3919,6247,8029,2888,4799,6326,344,5790,1770,416,2350,1721,1311,4911,879,2696,9793,2288,9892,3364,678,1213,9996,1396
7961,7415,7626,2904,6197,4976,5607,3938,5631,4340,5891,4888,6175,5089,3428,1781,4889,1977,1634,485,4337,2530,2558,1536,568,5735,7968,5010,9025,2831,5120,7481,7171,7471,3274,3187,1839,9123,767,1156,527,8925,3032,9234,9264,2684,691,7681,4884,4360,1495,5300,1151,3460,3390,4559,4810,5365,9374,2713,6928,2806,8104,7821,8197,4940,8865,9499,4366,6879,3550,4727,559,9603,3849,8344,2987,8666,7677,3025,3737,8828,443,5400,2921,19,5838,1048,5448,7038,1159,2181,9794,5444,9893,3135,541,3399,9997,1595
5445,6383,8327,1653,7995,4206,7922,2329,4023,5654,5727,5267,5686,7477,232,5795,7209,225,1078,746,7890,3061,4363,3799,480,7479,7982,6907,9026,4486,2248,9047,7463,7368,2418,2477,1203,9124,2642,1769,221,8337,1464,9235,8930,6287,778,8754,1428,1968,2544,3939,34,5233,4457,7143,5808,4693,9375,2364,9424,4387,6505,8426,9434,7110,4331,7076,6268,9506,3269,7757,2722,9604,6921,7615,5552,8601,9683,1534,4856,3960,1705,2862,2774,255,3175,798,4646,6172,399,5206,9795,4147,9894,8603,5911,976,9998,4500
2807,4698,2016,926,6210,2055,5344,1100,5722,7617,5373,6851,7081,1558,1113,6711,6793,602,2452,4709,4981,1998,4237,1463,2531,4190,7091,7272,9027,3852,5868,5926,5410,5058,6094,4997,2635,7809,1456,777,1696,8183,2646,9236,8815,4049,608,8053,1001,3843,5916,4848,94,3408,4127,4094,5106,1517,9376,4583,8862,3373,7074,2229,6496,4951,2180,9500,6386,4584,2067,1910,4572,9605,5746,1584,6912,3398,5662,3106,4046,2448,839,2766,5280,1109,3397,3283,4277,4166,233,4656,9796,4226,9895,7748,4539,1571,9999,5914
6065,6612,3290,2587,4824,5281,5465,2026,4271,7979,2857,3612,5796,4202,7201,2175,4668,849,1139,3888,5898,4461,1000,3356,3458,4562,6069,1613,5614,3144,3591,6804,3435,7829,4742,3224,2467,8654,3338,7337,377,6752,1936,9237,8931,2665,3656,4085,1880,4269,3812,1385,2236,4653,4320,502,908,2185,9377,314,8798,5435,3863,2057,6557,4805,978,9501,5538,6950,5699,2437,5908,9606,4029,2463,5184,4008,3933,3619,4020,6474,1970,6931,4423,2603,3575,2512,2617,2436,1242,1856,9797,1228,8877,5726,1960,2944,10000,1280
