0.210118837957909	-0.0607590450264489
0.345838185426712	-0.0936780510243398
0.688211487631576	-0.149183512212289
0.464826491289982	-0.053213412123628
0.797826590971928	-0.140569508527658
0.0559627775687774	-0.0118354260878147
0.798782813966706	-0.162148132444763
0.55134376801744	-0.118487964887186
0.0626676813993867	0.00295448958487977
0.520166056558374	-0.0895648349177658
0.0226643427849656	-0.0102285889747629
0.457752394166082	-0.107662351207176
0.0388302933574357	-0.0141117871526668
0.0643073140608492	-0.00807043323203765
0.0256521825219884	-0.0135981630125804
0.19188915133861	-0.00576500079553521
0.549604132873232	-0.0893245907791091
0.688428358461646	-0.118549161621811
0.0904451419656769	-0.0210357202979843
0.0335062905660409	-0.0362789565396094
0.145370534867262	-0.00983088411017483
0.252413282772477	-0.0327941380404997
0.160545962055139	-0.0916478868729056
0.203713113749565	-0.116832932477801
0.168041075049788	-0.0522997528638898
0.792387772552094	-0.189024742084339
0.597326448480432	-0.143910409838434
0.438565064866562	-0.138345529696586
0.237720159488938	-0.0366077823872828
0.591847015161317	-0.0908503360819324
0.258738329916346	-0.0312283244276575
0.0250990391191781	-0.000733909947496595
0.246490027614459	-0.0315789126994045
0.156067530651494	-0.0453347844133289
0.817564529620853	-0.108059635456102
0.797518820520891	-0.103831254123359
0.781120455117255	-0.0166877133714313
0.127155766998404	-0.0292978771073892
0.157302815665132	-0.00717643367787378
0.724787179701779	-0.160511347338769
0.181920081663452	-0.0330834720128901
0.73855097789936	-0.23031939674953
0.708084443726899	-0.123997156156888
0.597623608345387	-0.0872100719900908
0.742704767593474	-0.12299418767887
0.787075303211434	-0.167693828725694
0.73679647580753	-0.0815687896175847
0.755587664842636	-0.136492484902234
0.49581965387583	-0.104577899013399
0.217383483787902	-0.0157003071959389
0.737018506809298	-0.171467787057694
0.799043058696534	-0.145799237950183
0.517304971724335	-0.1104973071532
0.291198368394464	-0.0342302138137312
0.673910342251689	-0.113606721766275
0.423847803585641	-0.127654737501739
0.343650187793474	-0.0474001826942313
0.345144569496525	-0.0676348239682048
0.146686794679954	-0.0590902469085413
0.31932506184553	-0.0837168124931947
0.0420610898788347	-0.0344823651567136
0.353894294582507	-0.0754450353345419
0.718329489242977	-0.0126501394177811
0.51826831411658	-0.000414501346924532
0.549955001162219	-0.0199312007665956
0.468727969699231	-0.162189147908952
0.489130516690354	-0.0928650231115122
0.543913423362207	-0.0796399272569256
0.590029055975096	-0.102498016675075
0.0224093392711273	-0.000639708043918563
0.208276579518235	-0.0235243082528484
0.0261496296954576	-0.00287719620125551
0.0493643324078736	-0.00581071518486952
0.115444189723235	-0.0568613890135015
0.418545740554852	-0.0225191142448548
0.749960996359482	-0.189673985413677
0.101222772662763	-0.0156589977706852
0.160442467513055	-0.0636285235239535
0.264667698204215	-0.152867731987615
0.070854034643563	-0.0488081794246692
0.517819858319724	-0.128832900292424
0.154427037465171	-0.0477749696511232
0.771429848499772	-0.160190485292204
0.224986130346717	-0.0644760984058576
0.693418267999157	-0.158237153373358
0.216982461266754	-0.0693254178450587
0.187939952177318	-0.0319619461875889
0.150723758203855	-0.0103956350923646
0.10704998041551	-0.00832750602112521
0.745547110370845	-0.159531599601059
0.803963326379033	-0.148815766809955
0.569306792452899	-0.0667048841933209
0.760786009070055	-0.199721029796936
0.473868125184342	-0.0135794025600234
0.537419010198575	-0.0631855572490953
0.758548814562146	-0.180878474763907
0.329820831947608	-0.0698333137836342
0.804236605711576	-0.203378856292919
0.704599157081283	-0.135729595156799
0.761216377716595	-0.166957536765472
