-0.0152491931558949	0.0201097540108545
-0.00252270169782249	0.00438299211780337
-1.83203746680995	2.29130319811344
-0.112184391631515	0.11901802516236
-0.164130685276215	0.169215056169932
-1.38591840066714	1.9062733641504
-1.0317550866213	1.35455179944543
-0.746500634440031	1.05807918408583
-0.0455670478841649	0.0518116057738469
-1.62231058137098	2.1116634046585
-1.66088939812173	2.1443016804929
-0.0879774872851215	0.0934349966160996
-1.84376191571722	2.28004365198258
-1.41166217993241	1.95532122648053
-1.69659815151135	2.21400298520506
-1.47184219616366	2.02776057543912
-1.0253995098515	1.5040429824244
-1.73463748085089	2.21853573749192
-1.77894815568148	2.24166152659776
-0.82823056067855	1.22752979437602
-1.28693253394953	1.75104779068768
-1.50486216238322	1.98381092509719
-1.51516209722657	2.07344112404297
-0.460354198324026	0.473837052782213
-0.105242050954483	0.112870909801591
-0.310485645773577	0.433195313680514
-1.57540345376145	2.06792768643355
-1.01862442723469	1.3060234455959
-0.580313643944069	0.715977381402225
-1.18583866963505	1.63972919817587
-0.145318176942316	0.233959242582084
-1.53341894482865	2.1119708617449
-0.634377089890765	0.742586276556462
-1.58861968020905	2.12370129784282
-1.77649631091357	2.29507962437391
-1.74457868265283	2.22806875951411
-1.16890121149531	1.41717139403016
-1.45357073392773	1.86704235851193
-1.12798872471811	1.48406780070196
-0.127174158088066	0.160100516667927
-0.105213742575627	0.118829709593846
-1.60611566243847	2.07116315096545
-0.0695331074196749	0.0853492801403092
-0.427862900128395	0.602259729497688
-0.362967511608805	0.414735322447501
-1.04664714293563	1.28710810038339
-0.668754743056078	0.852812632253976
-0.0917862655659238	0.0905619352585018
-1.59091718586653	2.03728028250705
-1.49194185805824	1.9833143011863
-1.08622948862676	1.24279619463893
-0.321553324257126	0.352836718975556
-1.1711878047249	1.64948367553147
-1.25913042682483	1.77756591450769
-1.21322117177566	1.5463864862331
-0.0475289065797049	0.0471507386942729
-1.61336966201542	2.15453634808424
-1.80712448709802	2.25936570889562
-1.18923669063954	1.57579495260481
-1.60486448175656	2.09120729760588
-1.50250781204963	1.9809528893155
-1.25442292716802	1.59070824815794
-0.0514397359722382	0.0653746489651094
-0.615317947598936	0.807594988694884
-1.44458456296737	2.0146024873114
-1.77070902334567	2.28065044709355
-1.64825648122892	2.14885269083171
-1.72551062593415	2.22749705679974
-1.28258849073149	1.82638642880538
-1.26148710213053	1.52604851849561
-1.76231115502333	2.28984859050222
-0.0108166641900988	0.0116096598483377
-0.999246748923433	1.40707918163814
-1.07333164568253	1.45841263859425
-1.25130140939191	1.6284206879009
-0.110727961826792	0.158976884599495
-1.53931098273655	2.0096859672751
-0.0845417654797565	0.113383977702871
-1.03700529983587	1.43437126380571
-0.863596620983757	1.10483355029726
-0.476087862645244	0.524096646067063
-1.52255983703502	1.87765720790429
-1.77753483950794	2.27171745137813
-0.475227643984649	0.610593882329854
-0.405895659762748	0.762304415059083
-0.431027262944488	0.611478371569775
-0.592850803434046	0.770256520545168
-0.820139775168506	1.07942686211194
-1.4936271314714	1.89382054342047
-0.377081807314199	0.537214745623799
-0.29545133891527	0.357311359809139
-1.11691077688281	1.28609466065112
-1.81825654526524	2.25698671044043
-0.660424232173084	0.985537401843254
-0.920831225892611	1.08624450872389
-1.81134916619471	2.25642385059104
-0.262484873253533	0.285649117158578
-0.507150140560874	0.745988464431267
-0.592089201876654	0.656014344414574
-0.504932492488605	0.759134480527082
