0.0363416771859786	0.158935794753074
0.0582277953323925	0.443223901064491
0.118773596551156	0.740824022415108
0.0861522434156005	0.50321775618371
0.138087269794113	0.744177975588133
0.0134186224815041	0.0624149229912186
0.140600757627157	0.825106652545107
0.0961005178700944	0.569588198064003
0.00754950971562491	0.110355998828728
0.0932668542556836	0.442578787676893
0.00834270331168309	0.0456936060125186
0.078764696687569	0.321148871197415
0.0120095123105463	0.0428624426114425
0.00991071801198199	0.0943803902532899
0.00852628434241972	0.0425281190789423
0.0309697336108872	0.258680963801921
0.0891368201534969	0.606511450332044
0.116692719934703	0.756378704768006
0.0153199068222598	0.0518604224692057
0.00299626879143652	0.0103289266036842
0.0242941521413299	0.33748989844686
0.0423005107417268	0.303382060678438
0.0365180991628027	0.150908266629017
0.0421652002037035	0.181415944496641
0.030660502579469	0.122461385313399
0.144858561560571	0.85280794081347
0.105899854879253	0.67365613068985
0.0835044957765319	0.475428662427917
0.0463186429037183	0.246222189750657
0.10646260540066	0.689848456548415
0.0411688857937688	0.275719045350534
0.00446609748040271	0.0212537961090591
0.0463797439518702	0.258707330476659
0.0263545777520195	0.151170118835593
0.145583644346484	0.890558910568693
0.14114288247238	0.747760073357098
0.136658038563756	0.836409895286626
0.0255298551321242	0.135390022085905
0.0192520163428195	0.171667787388259
0.145705802182934	0.879006058008226
0.0169477074082862	0.226570206673922
0.147260570139203	0.830723210651383
0.14223064344989	0.76079899861691
0.109918036771153	0.68493004897261
0.138567035891108	0.866646133269521
0.141828265294673	0.77065152630754
0.133326154788302	0.8150983340265
0.127871815284203	0.821202339766456
0.094756780485984	0.541062441658549
0.0405000551406933	0.309723663534044
0.135492373728342	0.702031515381121
0.14320092837742	0.875847691536036
0.0946671309799453	0.644480592606898
0.0539751125613299	0.344869141493946
0.11609150451793	0.740708331659582
0.0773587007801472	0.42605410767448
0.062973228759623	0.377047907807088
0.056638755543895	0.416810577078514
0.0222438069400658	0.143295280726017
0.0590383408139912	0.366396914621314
0.00632747971462934	0.0464238535255581
0.0663915011348904	0.380421051207971
0.143180325177512	0.845517307812953
0.0972121879742473	0.60534773033068
0.110105437406449	0.67945443666086
0.078156907860868	0.41735892848772
0.0796376853831113	0.443478887142885
0.100634383324482	0.572091534011924
0.102333084604787	0.71486792754369
0.00458885271897038	0.0154164100641042
0.0443117231663959	0.205902244997614
0.00976667842502996	0.0296547760360573
0.011706576048399	0.0340227992784093
0.0265981455608171	0.0916147891087614
0.091190560977853	0.537276836912295
0.133333005186182	0.749113595081079
0.01932373088031	0.253714324374351
0.0222152381908701	0.115355010656362
0.0363018529512175	0.212273187664372
0.00597710660461202	0.0222000780553312
0.0869774238659593	0.588281070162969
0.0259738752253344	0.117280361491131
0.137092743854233	0.666863406112408
0.0463296943538453	0.361767523840795
0.12427169320459	0.716449042497295
0.0391019840090538	0.198254126417347
0.0366231889074605	0.208633926747056
0.0243248391004277	0.200069536768035
0.0179583918507666	0.151779840710821
0.145761846895864	0.823681838389031
0.141045958622502	0.739064257826908
0.0967615831337552	0.613448167700938
0.139558730500257	0.74316263219031
0.0924533248373835	0.583449892822232
0.104312613013365	0.68747996487935
0.137539547119596	0.715284244117709
0.0618974725738533	0.331134053393545
0.144699812764854	0.797344052731469
0.128641794584608	0.79335380749618
0.145223592357661	0.852744348083672
