-5.82039321365193	6.03385902513952
-4.12139747936483	4.2689684055776
-10.2329608877137	10.5479077857033
-7.27025681962626	7.46248286905775
-2.94955749082579	3.04891468740762
-10.8124059751701	11.1789308975441
-7.9630599207974	8.27126813007185
-6.14304653099407	6.34569008315917
-11.0582511356886	11.3683134995583
-4.21610448560236	4.31404182115144
-5.6151934678241	5.73227745363588
-4.96945728988862	5.10490371741458
-5.99333633542235	6.14258444307203
-6.93178554022182	7.12579623298377
-3.61194280120368	3.65419781771803
-5.78831901033915	5.9195351635314
-9.97612687326867	10.2834367376809
-4.72384669532176	4.82923140353356
-4.57545526754873	4.820311492809
-8.09440654638539	8.23022143307111
-5.16447977393731	5.28384409120319
-6.17623291381686	6.3615949075672
-7.25499561960773	7.49837439822483
-7.06426275786897	7.20344713292716
-11.1594476013716	11.4628336396905
-11.1538336766602	11.4760070209913
-6.20892900715321	6.39404902633454
-8.90036582924903	9.15021149160823
-3.42103601396435	3.48612392160758
-2.14837488959928	2.23736501513738
-6.70127446178464	6.87988618149598
-6.68343812502632	6.90377632397601
-12.2878680714599	12.6357935808027
-5.77066412585705	5.97392153359673
-4.87394570116267	5.0275059828952
-6.42605973763761	6.54597197937355
-10.145539618042	10.4528215383915
-0.558615657791477	0.565552197368008
-11.4288152762806	11.7171013922709
-4.68291881284019	4.80194889496193
-10.9565773604201	11.2824460723875
-2.04324292001783	2.05549296393178
-9.33449576793316	9.60688502475358
-0.746644108181762	0.764551167688068
-3.36649703786298	3.41506885144285
-9.14470872544604	9.40802485620311
-3.53797983285481	3.71780043114355
-2.97950747593521	3.06759487522608
-7.26228053615827	7.57542773074838
-8.11273895515627	8.43650434692777
-4.29979318633969	4.4347314147535
-9.0993642225949	9.38143731625409
-6.30023988866921	6.55713045706158
-7.56784094522177	7.83978613714095
-9.02618156086437	9.35270135963931
-10.480459312139	10.7431294790281
-5.03226772935344	5.08878727388918
-2.02103975161589	2.07503656651773
-0.731438345777441	0.749216155029326
-11.2585464536564	11.5696508207234
-1.48713074577778	1.49479780278725
-3.16451788576182	3.28671635566174
-4.88654575028257	5.02647789738634
-8.6290308561325	8.87040740966485
-3.99883266564051	4.16146122460696
-8.67295184121515	8.90561140072555
-1.69896446380225	1.73845769007582
-1.00745736979111	1.01169454405057
-4.6529722225198	4.78483892712014
-1.54283667808333	1.57489909236178
-11.5626002995052	11.9069140676037
-5.35523927805439	5.52425846380923
-4.16331256253991	4.29912880486443
-0.829247604629028	0.843267808834026
-6.36757766609834	6.6152081659125
-1.38431052490688	1.43047229754821
-10.6000393339682	10.912195832196
-8.5262895454208	8.80570763544554
-4.57844822849914	4.71490514933418
-7.07732632019441	7.19929401512657
-7.87071890654856	8.07190182542544
-5.40270835138341	5.57712445513481
-10.9325595522251	11.2471745773093
-1.77495263042472	1.83272209295748
-5.99399423928158	6.21189783015434
-5.89178016655286	6.21522481701211
-1.3416417987728	1.33856700146378
-9.16045988622123	9.49018825411847
-1.53542761479767	1.56285596054588
-10.8135857580266	11.1840744318001
-11.0227997217303	11.3387114674553
-10.6588593406001	10.9505471775649
-0.948006767049626	0.970960957480187
-8.91070871696983	9.15175349351397
-1.06352910730521	1.10113440422124
-9.50727508466484	9.81392583708375
-8.45491887627671	8.72024329168482
-10.5661731625503	10.8855558159458
-0.583180499582555	0.58980048174498
-10.1039667745798	10.4213719314432
