-1.8283614316818	2.19294501154854
-1.39938646853193	1.69822895894759
-1.09402696213839	1.26309252186911
-2.0325313540239	2.42995764973841
-1.33140950285722	1.57614352467507
-1.20270745998605	1.41905279098481
-1.03220064378328	1.17442535203386
-2.01272205977359	2.3738407350932
-1.86290592821593	2.21565553946253
-1.37232929194127	1.60615926979083
-1.78789423702758	2.14455828517149
-1.28848905924532	1.59487821883493
-1.26359819544919	1.50590390633437
-0.586597839714248	0.596418221980639
-1.41796870165116	1.77971872381054
-1.67833002930383	2.03263106282947
-0.874852091195742	1.05887141582449
-1.87933268559132	2.29971837803345
-0.280598950783224	0.31194994232554
-0.549998225770349	0.594576386939341
-1.28820627399687	1.52676434014889
-0.885501038451505	0.953293450554136
-0.581399377911578	0.611865144563063
-0.599666710955861	0.554051442117941
-0.542609478112783	0.514123791661087
-1.15213629771182	1.47380589263478
-0.963972130377408	1.04271534995371
-1.15798859311251	1.26523580111705
-1.66532540847469	2.09287604751459
-0.31895694247288	0.301127089319403
-1.2607159134783	1.44985982223196
-0.780319804846416	0.815021756029638
-0.593976601776114	0.712332676277882
-0.995157525497201	1.27427527961194
-1.1294410020427	1.39234140173742
-0.622534609390968	0.736552248593741
-1.79526871481708	2.17801172793479
-0.850627908777572	0.908954696218377
-0.131456326014361	0.147259418303658
-1.40294142518341	1.71050833141054
-1.14959006781686	1.27398205503865
-0.550030196192801	0.590084220152253
-1.09842963907201	1.40022958253639
-0.369862908449606	0.410179843458452
-0.137673625119331	0.168038813752208
-1.91727947311688	2.29778440467948
-1.88882063601452	2.27322287088635
-1.67424468065791	1.99542888620154
-2.04701564618629	2.38479648302747
-1.04074359590752	1.18861720356493
-1.97539257744084	2.31955360293411
-1.73519795776177	2.07460934590523
-0.301520764910236	0.354538178832835
-1.79318405385364	2.04777055875883
-1.30458312168572	1.53172604690712
-0.528443669155492	0.608915794132908
-1.83475149057426	2.25155732042862
-1.27564358820381	1.6328377280623
-1.45927385515089	1.64110006245107
-0.907842609649965	1.05090301069563
-0.572669299550384	0.662318404776175
-1.32962434088525	1.68091853598401
-1.58229546182816	1.9716778520531
-0.764525631398635	0.938464394790426
-1.6563900423855	2.00565233648385
-0.975789734787177	1.08143102376549
-1.79892118075528	2.22878223306244
-1.22091094573706	1.40195220711552
-0.616191476051219	0.678431035953433
-1.56600491034678	1.9264468821822
-1.66399393481103	2.01026953942034
-0.239254366074325	0.23995661989562
-0.755990240440327	0.735995015045885
-0.478886216640981	0.466265312588468
-0.440096451727171	0.428896137468524
-0.75895895292057	0.727851631678405
-1.59676705894348	2.02723327772991
-1.1253976041254	1.5875996586864
-0.967636723316451	1.05008538914411
-1.69404972388623	2.12408626127347
-1.07158455221265	1.30271406762736
-0.570195073244606	0.583691943991552
-1.55861627158664	1.78774641889701
-1.66780262075701	1.95069415008459
-1.88480906667231	2.26371322854442
-2.00495313246917	2.38487875178433
-0.247123277138439	0.242949597958576
-0.00529073276331747	0.00687409296333829
-0.425388646638518	0.4217292562406
-1.51503427580232	1.82888404454185
-1.93551095339471	2.29818570886129
-0.208285468611389	0.29419689100728
-1.71014672033713	2.05817951192397
-1.45308810032475	1.7804955531075
-1.7148759875028	2.04132479770229
-1.84581902357328	2.23271331178678
-1.44246325286031	1.69990180055904
-1.40256335811039	1.64425005058907
-2.0418691057886	2.43226961200127
-1.87835558647123	2.24497788795675
