7471,7729,6816,8721,2953,2832,1250,9137,5635,27,9158,8274,6457,7844,6720,6629,5951,5319,6213,4976,2577,5679,8318,8049,3872,4204,7448,5318,6952,7425,6656,6557,9285,9384,7947,1854,3569,9418,7007,6550,6675,4987,5601,3980,75,769,259,4295,2023,3190,1047,2977,3889,6513,4263,9535,129,3075,5234,2249,3119,1166,3734,8257,871,5276,7703,9657,6460,8034,6378,796,9705,5930,8211,5485,8396,355,9827,554,1163,9928,6211,7867,7806,8295,7126,4033,5251,1990,756,7580,1723,3250,3407,1289,458,1373,4306,2032
8720,2513,6831,8722,3602,7577,856,8456,8819,45,9159,8338,7830,5865,6623,6697,4672,4486,7581,8351,5134,4163,4920,7246,6286,2049,8416,6048,8448,6793,3643,7050,9286,8449,7153,1493,3420,9419,8287,6924,8186,4207,2858,5257,43,629,470,2841,491,3222,272,1906,7666,7988,4803,9027,360,4634,4629,2152,5019,8181,7125,9618,6840,2524,7839,8294,4659,2944,7598,4067,9706,8267,9806,8115,4435,1674,9828,2306,7511,9929,3431,6319,4530,7505,7127,1334,5292,318,2826,2863,1682,810,752,2946,895,1038,3522,443
8520,7568,5219,8132,551,3054,1751,8777,6863,634,9160,6430,4505,5677,926,4714,2974,7227,3584,1773,123,3692,7348,7372,6188,4399,1684,8417,7438,1078,7481,6682,9287,8478,1014,1807,7175,9420,6370,5447,8003,3374,1299,3019,2016,1543,2240,2963,6255,2089,2567,6085,6704,5002,878,9536,3261,5833,1972,2906,3343,6256,7150,9619,7189,1719,2414,8792,3168,9039,6739,583,9707,7320,9807,5342,6986,3012,9829,2163,3401,8589,5634,2536,4823,8430,8355,5424,674,2805,2978,7022,2313,1027,485,376,4501,1623,4597,1273
3235,3989,4588,6607,2327,3823,1039,8724,7836,1533,9161,3338,7182,4021,4029,3256,3922,5815,2067,4813,773,3884,6787,6528,4562,5573,5926,6470,2046,5853,4412,4234,9288,9385,6710,668,2579,9421,7967,1022,8896,3790,4837,648,2618,665,570,4935,6107,750,650,3123,4856,7307,1727,9537,1639,6812,2719,1920,5152,5938,6534,9620,6813,3556,6694,8284,6234,8187,6016,971,9708,4186,8461,4539,5987,2501,9830,1698,1315,9930,3864,4007,6844,6651,2898,3382,2941,2409,2921,6342,1510,1239,1189,381,4277,2013,3479,1670
9065,7768,3319,7992,444,2483,198,8944,8601,248,9162,8090,7226,1486,801,6405,3207,6562,5024,2106,1000,7261,8040,8664,5867,3838,6021,7943,3797,5709,4941,6491,9289,9009,6605,561,6949,9422,5927,6161,7395,4059,4160,680,115,4753,874,1676,4250,2076,1460,4156,6327,4496,2072,9538,582,6578,3337,3183,2649,4048,3606,9621,5302,5537,6779,8340,6201,8120,4475,3999,9709,6735,8571,4024,7610,789,9831,472,3008,9931,7219,7979,5796,6073,7513,4743,4201,2945,177,6876,3883,1090,2017,1683,2466,3408,6436,3198
9066,8432,3721,6746,1686,1517,377,8163,4391,273,9163,6337,8080,5148,2720,2872,3510,3955,3623,4747,1075,5109,3770,7492,2219,6176,5307,1694,4231,4467,3991,4311,9290,8864,4355,2042,1747,9423,5585,4211,6692,3956,1820,2603,550,4197,1405,2739,6817,1770,4520,6157,5965,6717,731,9539,1329,5188,1332,5289,2609,3464,4563,8847,6822,4957,5838,8612,6424,8814,2697,2918,9710,8850,4313,5649,4129,681,9832,973,1421,9057,4713,5932,2224,7450,7586,6282,1379,4292,3489,6395,893,386,2131,1506,3060,2319,4978,2492
9067,8077,6317,8379,1326,3129,956,9138,1825,35,9164,7946,6324,7341,2508,6771,2291,5721,6416,5046,112,4020,8646,7582,1936,7452,5328,6895,7596,7889,7858,7439,9291,8865,5847,1999,3138,9424,8180,5901,2055,6745,4676,4644,94,1608,243,6339,5496,2451,5016,3764,5837,1449,5171,9540,1549,8404,3934,4077,4958,3860,2604,8707,4281,5859,6773,8824,1664,8881,7583,451,9711,6209,9048,7406,8693,1839,9833,200,4852,9932,7996,6678,4275,6842,8671,6507,2712,4248,1736,5943,228,1322,2112,288,7339,5779,3358,545
5824,5068,6343,7304,3701,5676,2510,4001,7885,1544,9165,7899,3711,5401,3089,5845,1995,4838,3035,7962,2678,1218,420,3386,4354,5317,5569,909,4113,6207,4483,4883,9292,8922,4840,963,4159,9425,7972,5014,8691,5085,6156,616,1278,1797,2434,113,6365,628,5362,3364,6767,6902,6112,4927,1428,7822,3241,5529,3674,6386,5246,8745,5037,2222,3651,7421,821,9040,3920,922,9712,8975,9049,5166,402,3170,9834,3546,5051,8909,4221,4759,7407,7853,8985,3517,1459,2020,1203,4700,1116,1172,244,2307,5052,3506,4992,2757
9068,8633,7071,8685,3267,3523,140,8757,1233,73,9166,9004,6881,7472,7664,7019,3644,7460,7742,7424,3329,5813,5958,7542,875,4708,5131,2833,7936,7298,6041,7878,9293,9386,6847,1168,4008,9426,6765,7643,5329,6433,4251,1785,67,3907,262,3985,7349,2423,5549,6217,3917,6131,2701,9541,721,8293,4274,3830,4056,694,3743,7469,902,4382,1804,9035,6784,8762,6962,869,9713,7848,4692,4638,7824,314,9835,217,3633,9933,7108,7970,5592,6295,6570,6353,6551,4836,1125,7445,663,3044,3550,342,1086,3666,3197,1824
9069,1872,7660,9122,5399,8020,1395,7569,2367,3858,9167,8281,8595,7893,6385,4243,1374,7628,6885,8550,34,495,7665,3952,7280,1041,7456,3609,7808,6789,3528,7670,9294,9010,5475,3171,7640,9427,8200,7851,8769,3493,4009,4449,3355,815,4537,5170,8009,542,1853,7234,8033,7003,78,9542,298,3737,4370,7930,4932,5093,6883,9622,4503,2854,7810,9036,814,9676,7284,5589,9714,7728,9808,1001,7144,79,9836,3230,524,9058,6435,7958,3106,7644,8755,7924,1552,710,4353,8397,714,2871,204,865,727,4667,7436,1730
162,17,11,5,1,2,7,13,19,438,9168,9258,9264,9267,9268,9270,8837,8264,9271,9272,9273,9274,9275,9276,9277,8920,9007,9279,9282,8768,9283,9284,9295,9387,9022,8526,9023,9428,9517,8480,9521,8770,9526,9527,9528,7937,8731,8292,9529,8419,8844,9530,8957,9531,9534,9543,9611,9612,8674,9613,9614,9615,9616,9623,9655,9656,9034,9658,8932,9677,8973,9704,9715,9802,9809,8979,9825,9055,9837,9056,9927,9934,8175,9987,8939,9988,9990,9994,9995,8316,8562,9996,7750,8853,9997,8333,9998,8423,8378,10000
8986,8131,2996,5104,1596,1042,1631,8778,7621,229,9169,3978,8177,5586,3243,4388,4506,4806,4415,4938,640,4918,7105,6846,5558,3927,6500,1886,5816,5836,6397,6040,9296,9011,3175,2654,967,9429,5638,7218,8041,3172,3518,2622,206,4442,1791,3869,1832,2436,5333,5575,4613,4174,3723,9544,308,1483,3430,4200,1774,4425,7224,8789,3157,4407,6276,8140,4117,8827,6642,2383,9716,8491,8268,2304,4763,1600,9838,500,932,8884,5129,4699,5968,7351,7695,5070,1836,949,1994,7550,2517,362,2986,1927,497,3481,4697,2979
8514,6526,5090,7179,2120,1630,575,8740,7023,104,9170,7814,6267,6224,5003,4766,5240,3964,3477,6646,1481,6427,1961,7788,868,5753,7772,2778,5767,7158,6586,7230,9297,8840,6280,3252,4686,9430,6731,7141,6640,5608,5435,3353,186,1133,70,4205,3626,2760,2363,2606,2724,6344,4792,9545,412,5297,4975,2730,2146,1182,3233,8221,1360,4731,6547,8692,5594,8967,6108,740,9717,4470,7833,5869,4875,889,9839,1520,1327,9935,6010,8170,6660,8615,2681,7174,2342,2001,3578,7712,867,624,2556,2196,2669,3034,5506,2386
8913,8099,5947,8914,388,6981,2448,5077,8362,1943,9171,8164,4348,5702,1410,5801,1498,6802,4730,6278,141,2558,2816,2189,2726,3351,5056,1344,7515,7890,6811,3394,9298,9012,3128,3748,7427,9431,7614,6522,8785,3377,4261,2549,270,1375,220,982,6797,1127,2673,3025,6932,4401,5912,6622,1107,8174,4596,1214,4868,7483,8231,9624,6975,3269,3427,8668,4428,7829,3422,737,9718,8474,9050,6548,3059,1160,9840,1525,3816,9936,3524,5277,7058,5809,7868,5924,1574,2631,1036,5378,707,1098,1492,1604,6894,2070,5030,1732
8632,8016,4270,8166,591,2824,1993,8537,8094,845,9172,7123,6409,4744,1540,3113,3274,3735,2652,3179,92,2526,6575,6514,6752,4894,2828,7820,7065,6160,7042,6783,9299,8611,2183,1342,7419,9432,6825,2177,8786,4208,1915,2516,748,4579,2350,3136,3953,2247,958,4748,4185,3356,2696,9546,475,1213,3775,6821,718,7069,7156,9625,4006,4191,7727,8421,3055,9678,4258,3378,9719,7995,8976,5280,7896,3636,9841,754,416,8670,5814,6806,5036,8224,7749,5841,285,1073,1921,7431,2806,809,2345,1081,3910,3817,5810,1622
8738,4770,7960,9123,6221,6329,3255,9139,5899,66,9173,8804,7072,5538,7926,7305,3497,3244,8071,8154,1490,7264,1733,8265,2145,7210,5862,8783,7732,7159,7837,7879,9300,9388,7994,3156,4764,9433,8107,4736,5580,6509,1909,4612,237,223,108,7020,5226,835,936,929,1145,8073,1251,9547,1170,8541,5038,3851,7718,3509,4145,8718,3904,2867,3328,9659,4165,9679,5821,352,9720,4169,8747,539,5204,1399,9842,2384,4359,9937,7800,6838,2903,8217,7152,4954,2717,5539,3281,4086,231,4571,549,1023,7849,2619,1173,781
9070,7514,7730,8941,5025,2311,384,9140,5078,145,9174,8500,7208,5693,7770,7683,3470,4339,6499,6244,2248,6654,5021,8096,1925,6900,4674,7796,7083,7686,6164,6186,9301,9389,7715,2966,708,9434,7299,5387,5703,6493,5456,3717,51,201,247,4286,3778,2884,1926,1829,2026,4689,5996,9548,706,4798,5593,2003,4003,3283,1880,8708,7231,5194,2820,8825,5108,8968,4849,684,9721,3755,7584,6418,8030,1419,9843,836,5922,9938,6524,7191,6195,5518,7430,5294,3895,3891,450,6538,1119,3436,1129,806,1142,2844,1252,975
8492,2905,5180,8756,2982,6714,864,9141,8780,2698,9175,4888,8728,3551,6411,4715,3679,2718,2381,7900,880,5267,3725,7526,3654,4360,7129,8494,7196,2997,3979,3581,9302,8220,3948,3490,7233,9435,5667,1794,9522,4867,1331,2370,4015,555,621,3185,5858,639,4814,4657,7084,6316,38,9549,3111,7764,6336,6452,3594,6943,4474,9626,4312,2262,5430,8405,5689,9041,6421,770,9722,5850,8934,725,6414,594,9844,1249,1904,8614,6095,6089,5120,8248,8348,6147,2322,1424,4105,4111,516,717,50,397,3088,4195,6142,2317
9071,7655,3016,7722,3813,1260,837,9000,3761,184,9176,8251,5352,5688,6726,5812,4771,5150,3842,7771,1157,6077,3103,6856,1940,4955,6451,1325,5897,5305,5231,7131,9303,8923,6479,3327,3299,9436,7015,7657,6738,4661,3217,2781,300,2184,587,2535,5139,2964,6299,5385,7368,5682,2252,9550,738,1451,4084,1516,2038,4765,8119,9627,3624,3435,3561,8965,4996,8774,6272,788,9723,8359,7199,7016,2043,1380,9845,887,3196,8651,5442,7512,6800,8331,5511,4000,4157,962,1932,6102,1546,132,1870,592,1680,3668,1581,1636
9072,8994,5020,8349,990,1306,1228,9001,4376,489,9177,6306,6897,3065,2000,7384,6882,6805,5284,4790,305,2773,661,5532,1397,4609,5296,3562,7508,5868,7281,8172,9304,9390,3722,2035,7221,9437,2285,7482,8324,5066,5140,3215,825,3585,2205,4907,3901,2976,2181,7184,2511,7292,761,9551,271,2633,4555,3799,5775,2761,5254,8619,745,5045,4834,8285,4560,9680,4219,3937,9724,8300,8194,5236,2885,411,9846,1464,1531,9939,6993,4405,3412,8052,7193,5698,2853,3607,3240,5461,2054,426,1662,2400,447,3983,1809,3221
9073,8616,5641,8652,873,1706,80,8945,3009,85,9178,8538,4831,3738,2464,7263,1734,6477,5986,1467,351,6819,8694,8435,1741,7453,6348,4811,7754,8228,7149,7054,9305,9391,5879,1529,4440,9438,7031,8126,3746,5787,3410,3898,72,3597,138,3429,6573,3896,4573,5956,5615,2540,5854,9552,994,8042,5610,4620,3656,1144,4103,8244,1500,5994,5686,8929,5377,8933,4146,620,9725,7527,7649,4741,8713,626,9847,286,3784,9940,6799,8390,5337,8116,7134,6615,5479,4909,685,7782,1092,2354,3365,347,5981,3911,5324,1865
9074,4861,7784,8888,5765,6148,872,7912,7723,111,9179,9259,5684,3671,6044,6652,5543,5282,7532,8586,812,3966,935,5866,3100,5405,8951,3441,8105,6911,7743,7393,9306,9392,6753,1905,7536,9439,9518,2444,5671,5181,6406,4167,109,192,597,3881,7333,1420,1979,1300,4529,6658,4173,9553,2473,7702,3560,2099,7079,7776,6904,9628,7412,3574,1673,8504,3424,9042,7309,1745,9726,6530,8649,969,2989,482,9848,571,2965,9941,6358,4767,2766,7919,8044,3728,1462,3376,513,3446,178,3148,344,2091,5727,5299,4663,1805
9075,8302,6862,8510,2176,3152,2529,3149,7642,261,9180,7459,6758,4519,6786,1200,3892,4058,4416,8178,1777,4074,4214,3530,6020,3104,7049,7790,4961,5910,7461,6193,9307,7566,7634,3279,4735,9440,4468,576,9025,4534,3736,1349,1043,2916,22,1429,2388,870,2984,5735,6241,5330,2809,8336,404,4711,5227,8370,1649,1158,3293,8734,3051,1361,1799,8130,4137,7601,3003,339,9727,4213,7414,5757,7038,3206,9849,3000,1333,9942,5303,6242,5713,5977,8308,5618,1763,2116,1095,7423,2090,1742,1366,2174,4461,2845,5260,4106
9076,7376,7214,8739,4997,6302,1216,3612,8424,214,9181,8000,4271,2647,5083,6972,6490,7385,5026,8252,2812,1689,657,4384,4326,3039,8665,1497,7169,8023,7509,5913,9308,9393,6748,2188,8366,9441,7394,2852,7701,3482,4578,2064,349,375,3101,1473,7952,957,1495,1474,4094,8598,7905,5762,1183,8337,3798,1834,6262,8681,8067,9629,7198,3852,2613,8648,7070,9681,6065,5822,9728,8906,9810,2277,1772,203,9850,749,6489,9943,4130,3812,6359,6612,7869,6702,933,3284,326,3220,120,1701,189,2942,3580,4684,3090,3224
9077,7877,5825,8219,1822,5146,521,6770,6681,1067,9182,7139,3942,3480,6476,2443,1726,4668,3228,6939,1657,3943,690,4010,5524,6074,4685,4980,5740,5637,2493,5306,9309,8106,5600,1195,2923,9442,4409,1254,8602,4016,4279,3486,548,2166,641,3300,4543,127,4726,4677,6664,7411,5705,9554,453,5062,1288,4712,1463,6734,5611,8848,3010,2282,4946,8440,7274,8683,1440,5465,9729,8394,8029,2563,1135,2216,9851,2379,2310,9944,5159,7801,5365,6096,8262,4595,2629,2230,1003,7446,1477,1223,2700,1425,1661,2610,3730,2542
9078,5811,4869,8012,2611,4260,1080,1599,7769,2125,9183,7005,8100,6118,2333,2259,1969,4972,1088,5286,2083,1253,1765,3072,4944,876,5354,3760,4673,4899,4508,5057,9310,7791,5936,1571,3494,9024,2570,3018,8527,2079,4682,3421,1400,2729,3321,3500,5114,1985,2498,1556,3781,5966,1679,6042,1164,4430,2334,1401,3357,3890,7823,9630,4310,3525,2355,8266,3223,8208,5595,4305,9730,5738,9811,5397,2985,2235,9852,2690,4547,8980,4472,6320,2753,4908,7474,4898,3313,1452,2656,5452,2059,455,1519,1545,5233,2666,263,2566
8987,7303,3619,7463,3981,4420,1818,8151,7048,221,9184,7674,6971,5501,4516,5439,3997,2389,4778,5126,763,2299,136,3909,5566,3295,6428,1378,4755,5546,2971,6669,9311,9013,4871,2050,5720,9443,5597,2814,8868,4569,2462,1755,689,322,3115,5164,4572,1485,274,3537,5238,8010,2653,9555,1536,6568,2121,3918,3040,5123,6850,8871,3492,3162,7755,8326,6633,8422,5849,6288,9731,8684,8851,1389,2087,824,9853,2731,5521,9945,4247,6058,6394,5989,5272,5804,3988,2250,2278,3713,945,1958,527,1875,3452,2683,2284,1136
9079,7090,7364,8995,5519,6203,1564,6407,5382,156,9185,6801,6090,4789,6898,8102,5636,5678,4216,8434,454,3133,1208,4463,2318,8319,8486,3793,7709,5771,8277,6403,9312,9394,6194,2676,5428,9444,8657,2880,5408,5232,3740,2873,317,481,693,1317,8168,1012,4848,2005,7062,3188,6231,8139,1710,8420,6340,2815,7948,6226,8256,9631,6768,3627,1625,9660,5048,9682,8026,1085,9732,8301,9051,1579,4533,847,9854,736,5745,8981,6024,1602,2655,6456,8886,7138,601,4400,1236,4063,33,2425,238,611,8563,5652,2330,1441
9080,6143,4524,7552,2774,6634,1054,8564,7524,139,9186,8493,8255,6608,2518,2171,5221,6290,2052,5512,572,5523,4590,4047,6543,3440,7753,7964,6865,6512,5356,6214,9313,9395,5084,299,3789,9445,7044,4065,8580,939,4422,2883,190,1008,172,918,6942,3084,4783,373,3463,2401,4013,9028,1792,4891,5367,4696,1893,5035,7157,8960,2940,2359,3780,8341,6636,7063,6892,4580,9733,5692,8748,4933,6724,4028,9855,3278,4454,9059,5972,3908,6671,7841,8011,2124,2206,359,1265,4362,919,2465,610,2376,4825,3568,3700,1637
8048,7185,4500,7981,2933,3507,1666,4080,6880,734,9187,7645,7418,4218,5402,4112,2479,4669,2256,4119,1628,2302,5431,4266,5169,2955,5375,6504,1277,2358,3225,3582,9314,6308,4100,2201,4379,9446,4855,4304,7396,2817,4877,1266,1551,2130,3275,3069,5361,2122,2646,3238,2684,2075,2864,8788,818,5404,2891,5498,1553,1415,2722,8593,1693,1952,4215,7891,4683,8752,2525,5011,9734,8260,8158,5141,6666,1812,9856,1237,1258,5603,3247,3306,5413,5100,6994,2006,2674,1801,2246,4994,2314,1582,747,1024,4799,3967,1311,2742
9081,3819,7207,7625,1292,3372,1714,8483,2279,60,9188,9260,5273,8226,8134,6589,1005,6237,6038,7391,691,4267,7361,6836,1227,6544,1918,5017,7253,5829,3271,4352,9315,9396,3474,4308,2628,9447,8479,7357,2850,4068,5325,3541,301,1211,827,5249,4751,3320,2842,4451,4820,7266,3095,9556,1206,7804,4874,3752,4350,3747,5967,8258,915,2747,1594,8638,1869,5750,5514,2623,9735,4936,7597,7779,7630,1013,9857,1276,2835,9946,5690,7673,1093,8462,7239,1555,5163,1040,4034,4276,772,1202,3260,372,6105,3350,5551,465
9082,7734,5113,6422,3304,2186,1153,9142,5185,636,9189,8861,5701,6690,7466,5241,1032,6175,6098,7927,978,4210,8144,5427,2686,6287,4576,7714,4945,5213,4319,4742,9316,8495,7121,3811,4598,9448,2118,5111,6216,4172,3947,3141,53,1106,258,3285,5312,504,4926,2648,7098,3135,3237,9557,1695,1654,3641,1150,1647,3975,6760,9632,6056,4199,5555,7852,6248,9683,6689,493,9736,6072,5179,4027,8660,2744,9858,137,4484,9947,5534,7081,2967,3670,3322,3504,3587,904,3251,6600,791,2509,2139,829,3438,4498,4203,1244
2685,4155,5244,7661,1827,1324,199,9002,4592,76,9190,9261,5087,7521,6151,6068,4960,5730,7024,6803,1384,7076,9006,8135,1507,2207,5607,3855,4307,5466,4490,7265,9317,9397,7355,1369,2294,9449,4688,7517,8188,5245,4651,2877,126,1720,233,4775,7035,2564,2371,2431,5664,6182,4387,9558,249,2590,5154,3349,2266,4361,3450,9633,6684,5201,4344,9661,6580,9684,6558,794,9737,7990,8141,6246,8142,1053,9859,227,6626,9948,6869,8594,3833,7748,5535,5980,5494,2158,452,6830,1316,2366,2839,437,2859,4879,5945,1272
3782,2767,5687,8521,3603,5746,612,8858,8433,1404,9191,8634,8621,1527,6818,4092,4561,4466,5526,5998,728,4582,3134,7572,6728,1577,6668,7663,6877,5343,3828,2538,9318,8924,7164,2788,6828,9450,6205,5314,8155,3097,265,325,3928,991,2582,593,6129,1028,4931,4510,5916,8321,842,9559,1482,7225,3076,5725,2328,3652,3047,9634,4833,2715,1897,8410,5918,9685,6046,1771,9738,8882,8977,1376,8582,2077,9860,421,399,9949,6250,7838,6871,8103,6277,5699,779,1439,4916,5469,1964,2506,334,2069,5769,3017,1226,1957
8988,6535,5144,8536,2537,1968,514,8725,1524,1055,9192,7955,4750,5349,6347,2846,607,3354,4341,6401,1923,1665,3690,5696,3788,5380,6119,7291,3527,7229,2096,5023,9319,6603,3142,2039,1165,9451,7420,4986,8393,2108,390,3021,3049,3758,3615,2329,5654,1913,899,2092,2269,6055,2522,9560,2810,1338,3066,4599,4340,3201,6351,8735,2253,1721,4615,5412,5142,9686,4476,5215,8905,8189,6240,1209,6185,2709,9861,1537,4289,8315,4161,3642,5259,7151,6980,1391,1305,2296,2132,5954,1530,1885,1298,1965,1959,3061,4394,2496
9083,8555,6807,8575,3879,4039,857,9143,1294,36,9193,7698,5542,6556,7604,5997,3107,5416,7097,5205,983,1655,7541,6609,5135,3316,1835,8577,7002,5527,7433,6187,9320,9398,6061,1919,3913,9452,5817,6920,5786,5960,3547,1766,383,1601,215,3944,5743,378,4774,4511,5929,687,5061,9561,4812,8108,3290,6001,5545,858,8489,7918,535,3326,2911,8761,3346,8399,6976,161,9739,6913,6841,4434,8400,1831,9862,395,3455,8830,3727,7282,4627,6908,7285,3637,2677,4551,1567,7507,2546,2520,2990,242,5167,3199,3210,2341
9084,8499,6465,8356,3840,5655,1423,9144,4049,609,9194,5747,4841,6531,6484,6706,5531,6740,4607,5403,2461,5583,1643,7847,2899,2512,4035,8167,7232,2377,6901,3866,9321,8637,6610,944,3186,9453,6983,6208,4882,5092,5176,2856,2244,1117,469,2320,7106,118,2081,4076,3307,7114,3559,9562,3368,7377,3783,3442,6206,996,4762,8452,544,2228,4104,8453,6891,8473,3579,260,9740,4335,6761,3213,4794,2361,9863,180,5481,9950,6833,5453,786,8161,8642,6468,2632,2791,5184,2764,387,1867,3325,330,5054,4480,1501,1715
8,10,15,20,134,643,374,4455,7180,1526,9195,8387,9265,6791,6167,7894,7092,7259,8241,6253,2768,6254,8838,7247,3305,7826,8339,3628,8821,8092,7379,8426,9322,8841,7758,3995,5627,9454,9519,6683,8697,6546,3434,3395,1851,5095,2308,5001,8368,4618,5790,7870,6907,8845,8243,9563,1192,8846,7648,4635,6858,2680,4666,8325,1568,5443,7944,9662,7538,9687,2129,1833,9741,9803,7405,4038,8498,2395,9864,492,5839,9951,6695,8475,8354,8852,7705,7547,1951,6189,6750,6369,3521,3428,2435,1811,3462,3202,7650,3663
8661,5946,4586,7756,2095,3399,1931,7898,6361,1700,9196,7276,3613,4138,2670,1806,3314,5364,2382,2257,205,4249,4170,4974,3693,1282,4718,6631,5789,4171,4797,1259,9323,8450,6314,2229,5572,9455,5547,3706,8843,3495,4438,4018,1539,807,1756,1295,2331,2123,4228,4653,6130,5473,4329,8897,1619,6018,2959,1950,4525,1692,6449,8259,993,3678,5872,7909,1512,8529,2849,947,9742,7334,7539,4504,7910,881,9865,2755,523,8714,4982,4536,2030,8147,7557,5071,1613,1559,1677,4403,1846,1873,1532,2175,5168,3658,6037,1852
8989,7363,3417,7860,2745,4998,1888,8079,7785,2281,9197,7312,8350,5502,5247,6011,2970,6029,5888,5000,1843,686,4408,3448,696,3454,2822,5857,5660,3762,3151,2624,9324,8625,3264,2097,4327,9456,5548,1962,6404,1335,2494,2861,2949,2396,2650,1438,4168,1762,4549,1930,2292,2432,1219,9564,2912,8025,4287,4546,1048,4343,4176,8630,3998,832,3437,3391,5143,8314,313,4890,8974,7478,7009,3178,2495,701,9866,2490,3929,8001,6311,5298,3229,4648,7255,3414,2480,579,2699,5293,2523,1942,2004,1398,5029,1469,5751,2827
7480,7997,7998,9124,5562,7316,430,8677,6719,74,9198,8124,8645,8477,5220,2530,1503,7101,6776,7786,474,1889,8195,6402,6940,1513,3974,2499,7533,7060,5206,7692,9325,9014,3829,1007,5734,9457,8438,3405,9026,4675,6179,1414,119,4934,1653,5715,1725,241,216,7124,7576,5429,2424,9565,164,5358,4808,3661,3268,2847,1977,8581,5250,4493,7600,8465,6979,8516,3501,2956,9743,8322,8299,8159,7720,266,9867,1434,519,9952,4901,8330,4323,8307,8296,7294,3383,1561,2458,7244,2834,2798,2336,1509,276,4462,7706,4045
9085,6328,7390,9125,960,3192,2024,8916,6638,29,9199,8617,6804,7279,4725,5955,6076,6330,6064,7297,1346,7803,8054,8382,6364,2987,4768,7863,3118,6647,4866,6919,9326,8626,7486,1176,1645,9458,6896,4965,5902,4041,3763,1505,91,937,1297,3161,1443,2968,580,2117,4512,5497,4829,9566,600,6006,3415,2743,1587,1864,3411,8206,3846,3815,4453,8793,6113,8057,6581,1413,9744,8829,8169,6488,7991,928,9868,439,4459,8573,7145,5988,5973,5434,8270,5818,2736,1642,1064,5886,2151,2149,2298,1956,487,1675,6595,653
9086,6591,7029,8996,2225,3933,2066,8662,6289,64,9200,9005,6601,7252,2114,6698,4568,6252,7332,6527,1518,5892,2708,7668,2276,2197,6792,4445,7856,7549,7066,6492,9327,8627,5308,2321,3552,9459,7217,7623,5235,2937,4069,5309,87,563,246,6309,3680,3741,1352,2785,6153,6434,5622,8959,224,3856,5457,1938,6133,6281,6934,9030,7328,5777,3905,8849,7658,8796,7704,510,9745,7873,7957,8074,4448,997,9869,175,6637,9953,6047,5119,7945,6497,8035,4853,4342,1204,540,6296,307,2238,923,433,1641,3849,4371,673
9087,8854,7136,8607,2138,2789,457,8758,1432,698,9201,9262,4091,8381,7006,3499,948,6961,5256,7751,463,6392,3554,7558,730,6196,3874,1779,8185,7130,7043,6083,9328,9399,6567,3318,6480,9460,7165,7968,2429,6393,4060,1828,170,1788,435,6733,7518,499,6104,6998,5089,4815,6122,9567,2840,8235,4655,2135,6265,4317,5764,8129,999,3919,2213,9037,2728,9688,6884,1757,9746,8395,6944,6665,4818,766,9870,154,2415,9954,5103,7780,3345,7529,3375,5934,4780,5209,1542,6219,1330,2011,4044,122,2025,3041,2427,863
9088,4196,7563,9126,5007,5925,3844,8859,2765,410,9202,8364,7934,6584,4290,7639,6574,6163,8374,8532,207,6508,1634,8471,1759,7708,2595,8436,8215,7269,7726,7916,9329,9400,3630,4465,3564,9461,8388,5460,5151,6670,3531,5581,239,95,394,7178,6795,560,3707,2468,7537,3673,2185,9568,5153,8732,7068,3308,5559,5290,7318,8872,6688,2804,2782,9663,1350,8699,8063,419,9747,6650,9812,1917,5571,4642,9871,646,1009,9955,8043,5454,3205,4581,9991,7148,494,3297,1171,2472,159,4142,547,407,7340,4858,1953,427
9089,5799,7587,8751,4816,4995,2315,8280,8273,117,9203,8501,5147,4937,4284,6827,6602,5088,6400,8304,4099,4082,1476,7306,2071,1511,7888,4404,7499,8282,7762,6873,9330,8866,8173,3181,4494,9462,6759,6887,8165,4739,5177,4885,37,226,131,6377,2800,2167,429,1124,5076,8313,6023,9569,343,2289,5436,1967,4903,6158,4845,9635,6991,5032,3986,9664,7766,9043,8007,669,9748,6984,9052,6057,3538,462,9872,892,7901,9956,5904,7422,7611,8239,6960,6518,5034,1731,655,5138,479,2733,853,1478,1257,1010,3786,822
8990,6321,4242,8942,4761,8703,2204,8779,5379,2667,9204,7974,6067,4256,7001,6447,4147,7588,6917,8485,406,7209,232,7707,2449,4881,3333,9280,7392,4036,6078,6672,9331,8704,5759,2369,7864,9463,8283,3131,7211,5820,3083,2440,3180,456,3392,480,7969,84,6875,5647,5420,6933,1528,9570,5441,8288,3309,6967,816,6233,8353,9636,1304,2019,1837,8772,6284,8901,6618,512,9749,8121,9813,312,2007,2596,9873,1453,961,9957,6945,6599,2433,8225,9061,7813,697,5086,3416,4720,532,2453,556,290,1935,5499,898,2010
9090,6823,3994,8766,4064,7330,1308,1901,3837,1879,9205,6379,6583,4421,5752,4650,3108,5008,4227,7787,780,1364,2710,2153,4984,5733,5384,3189,753,6532,5893,3931,9332,8806,4985,3253,1205,9464,5544,3027,8705,3487,509,3751,2316,4262,647,2045,7338,1396,3400,2734,5372,6593,2993,3691,1285,6357,5554,4346,5723,4746,8210,9637,3694,2589,6257,5831,3540,8763,5464,2749,9047,8535,8816,3043,5510,676,9874,2954,1100,6170,2695,6346,3749,7173,8406,4424,2275,614,2928,705,1580,1388,2357,425,5864,2823,2478,941
8643,1612,7345,9127,5631,8093,3845,8946,7181,385,9206,8013,7296,3359,6426,6355,5117,4787,7679,7846,1102,6045,1782,7993,2687,7183,4385,8271,7534,4859,7554,7975,9333,9015,7535,4052,6515,9465,8579,5350,5009,5880,3667,2645,251,125,97,6741,6230,306,1091,1274,4458,7986,1076,9571,1573,7503,3946,3882,6124,4128,5468,8810,1859,2585,4427,8930,7938,8246,6093,476,9750,3465,8935,1433,5560,3583,9875,4081,3239,9958,5291,4374,5423,8386,8507,4149,1337,1522,5067,1557,442,3234,467,632,6679,2380,533,1589
9091,8254,7075,8834,3714,4158,896,8688,4518,65,9207,8095,4924,6260,5950,6571,5920,7036,7737,7128,3002,5520,3384,7118,1011,4278,4294,2888,7443,8117,7380,7426,9334,8894,7908,4235,5433,9466,7277,7559,4876,5355,5963,2988,44,1015,173,5192,5487,1020,2303,4309,5805,3174,5716,9572,484,4011,4574,1488,4566,1155,6925,8587,989,5263,3195,8931,6832,8605,6968,449,9751,7591,7115,7358,5149,403,9876,255,5651,9959,5640,7116,5706,6914,7213,5675,3848,2209,930,4824,852,3683,2592,468,2180,4164,2721,659
9092,1560,7897,8997,5210,7525,2746,8818,7346,103,9208,8742,7941,5396,7592,6222,4390,3853,7037,7928,413,6091,1502,7914,3363,7365,8407,7120,7500,5563,5999,7617,9335,9401,4962,2385,8229,9467,8784,3467,3753,6031,2515,3876,149,202,316,5207,7142,850,1381,2220,2373,7740,297,9573,3286,7489,6553,3923,6614,7653,5505,9638,5719,1696,4959,8878,2875,9689,7741,841,9752,3771,9814,310,6868,2450,9877,2879,1749,9960,7315,5189,5477,8249,7980,8463,1217,3457,4515,6036,169,3990,193,916,8076,5784,1070,1238
7859,1430,4413,8556,3443,5844,1547,5363,6853,1313,9209,7064,7322,3972,4950,6060,2332,4695,4826,7387,602,1687,5666,2837,5802,986,5754,2323,3330,2348,2660,5574,9336,9402,5392,3182,6854,9468,7287,6529,8409,3604,2772,4224,3715,294,1450,4225,5504,671,1813,3109,6412,7086,148,7798,1638,5605,5665,5415,5937,7799,7327,9639,5898,907,5577,8466,2340,8969,4928,2445,9753,5115,9815,471,6677,502,9878,2393,1823,8775,5033,6644,6140,7408,8343,5728,608,2073,4585,5732,771,2102,656,838,5944,3962,5462,1243
9093,3211,7321,9128,5712,6872,2900,9145,6285,332,9210,8726,7906,2801,5310,6075,5426,4464,7540,7615,366,7360,921,8027,6663,7248,7921,8487,7857,3508,6039,7543,9337,8867,4637,3121,8061,9469,8086,6621,7440,3672,4895,4575,57,90,448,7434,5744,368,1704,840,5400,5629,848,9574,2714,8006,3248,2587,6199,8128,5345,9640,7609,2062,4331,9665,3339,8902,4347,2144,9754,6569,8908,817,4878,4758,9879,2029,1201,9961,6829,4282,7793,7506,7329,6461,1724,2663,1191,2519,236,2756,333,562,5770,2214,3125,943
9094,6956,5591,8380,1188,3759,212,7626,7331,2732,9211,7638,8233,2182,5091,6387,2324,2390,1907,2948,1593,5031,7286,6313,2418,2586,4919,5027,7041,6138,5053,5662,9338,9016,2780,1343,5736,9470,6874,6155,6928,3921,2975,2022,341,3779,2402,2286,5472,1359,4864,5668,3742,5270,466,9575,2831,7496,3270,6590,3380,2150,5327,8148,1810,1746,7593,8085,5832,9044,1578,5410,9755,8544,7335,716,7678,380,9880,382,1320,8347,5374,7528,6627,6915,7416,3015,568,3071,1659,6955,2027,1861,774,1945,1045,3370,5316,3519
9095,8531,7295,8557,2620,1585,777,9146,5819,77,9212,8689,5800,7724,4567,6126,1970,5835,6715,4012,2033,8039,8323,8234,2463,3289,4968,8690,5661,7531,6648,5785,9339,9403,8014,1685,4285,9471,5741,7687,4925,4179,5049,2101,133,2044,423,1523,2662,2155,1803,2241,3702,2601,3586,9576,441,1627,3598,3026,2594,2762,2830,9641,7671,4821,7561,8826,5125,9690,5102,819,9756,7467,8269,6625,8650,589,9881,230,3886,9962,6017,8506,6860,5798,5190,2763,3686,3030,302,7567,1199,2547,3563,1446,1371,4949,6469,765
18,30,83,240,323,1052,1230,1711,6362,1987,9213,8950,8213,1761,8101,7522,7761,8782,5643,8863,3317,1651,4406,2162,3006,4723,9278,2598,3160,7966,7669,3731,9340,9404,5268,4166,6606,9472,7171,7388,9523,2457,2711,6463,1753,1615,1895,311,5332,1989,6304,1180,8024,9532,2602,8369,787,6502,6371,8371,7977,8927,7949,9642,8899,6266,8376,9666,7133,9691,4905,1006,9757,9804,9816,7190,2325,3726,9882,6454,3807,8982,6218,2843,8481,8561,9992,7920,732,6223,2484,3629,1318,1246,2952,2896,8455,4148,3077,4967
9096,1911,8089,9129,6375,8021,2892,8523,7854,543,9214,8457,7950,3766,7245,6747,5985,6204,7713,8624,574,5353,604,7324,4071,7493,7077,8717,7821,4701,6145,6247,9341,9405,5621,5653,8112,9473,8823,3696,8367,6178,984,4193,1149,181,1284,1588,7067,431,1348,1232,4729,7976,329,9577,2621,8706,6191,4971,4482,8205,7872,9643,7624,1321,3940,9667,4538,8970,7477,389,9758,5658,9817,89,3459,4133,9883,5133,1169,9963,6922,3930,6192,8332,9062,6988,672,2890,4857,2215,143,4198,114,559,7783,3750,1584,1357
8509,1891,4314,8700,3863,6123,4554,9147,8512,264,9215,7961,7032,4940,5015,6763,5261,4389,7283,7485,1484,7034,888,8275,3232,7400,5346,8892,6729,3200,7270,3774,9342,9406,6030,5279,8311,9474,8291,5863,8192,5269,1718,5214,751,106,1179,4773,6533,855,392,1606,2935,8540,428,9578,2339,8127,4136,5262,3821,6453,2737,8873,6851,1796,3977,8879,5691,8543,6742,790,9759,4095,9818,155,4732,3533,9884,3772,1242,9964,7747,7278,2485,8641,8075,5628,1717,2614,4188,1681,213,3810,446,833,7352,2041,4850,434
9097,7959,6354,8835,2422,4540,281,9148,1844,28,9216,8060,8458,6445,7725,5878,4983,6699,4964,6997,1618,7163,8695,8596,529,4513,3080,7797,6111,4839,4491,5885,9343,8743,6824,1138,1177,9475,6448,6000,8320,5476,4570,2897,100,1358,972,4090,5200,1609,4102,4625,4658,3371,2263,9579,633,6440,1248,4296,2999,4175,4552,9644,6978,3893,2908,9668,2661,8622,3038,350,9760,8907,8613,6790,8800,843,9885,346,4835,9965,5617,8171,4366,5351,5157,4733,3729,4396,964,5012,2514,2920,2962,692,1224,3419,6946,1050
9098,6360,7551,8401,3476,6947,586,9149,3576,179,9217,7451,8549,4640,7215,6229,3769,7795,4334,7904,826,5242,6549,6325,4345,4023,7113,5321,6866,5191,7457,6318,9344,8759,4719,1345,1883,9476,7984,7103,5895,5099,4889,1563,785,391,1263,846,6577,651,4611,5203,7410,6027,1541,9580,4487,8118,4594,4981,3894,5124,6485,9645,6165,2104,1339,7956,2270,9692,5448,2682,9761,5488,8216,5823,8247,1368,9886,704,3272,8590,6114,2769,6002,6305,8431,6115,605,813,2036,1156,52,2576,1002,277,5578,3899,1934,1231
9099,4046,7697,9130,6334,6781,3362,9150,6273,49,9218,8446,7599,5748,5659,7473,7553,4019,7855,8635,783,7738,2454,8276,4378,7494,6349,7675,8513,7915,7951,7971,9345,8895,7716,5373,4904,9477,8145,7454,4535,7544,6100,5101,69,128,235,7744,3352,722,910,1624,2438,6132,1735,9581,1019,7736,7110,2119,7093,6249,4358,9031,6890,3390,6814,9669,1658,8828,7413,197,9762,3712,8711,988,5195,3505,9887,1159,2550,9966,7010,3969,3312,5933,8508,7289,1903,2848,2707,3513,107,4324,541,666,6718,3056,1115,590
9100,7311,4116,9131,3331,7843,1475,8741,414,2738,9219,8425,4125,7656,7342,1303,2943,8082,3024,6225,400,2644,2808,8539,4707,1778,1947,8056,6788,2534,4189,7242,9346,9407,2998,908,7717,9478,7479,2338,7109,6069,5697,5127,5347,1802,2274,7326,4724,32,5128,7745,4665,3959,2134,9582,1123,3718,2476,7619,5776,3158,6200,8389,168,3315,3765,9670,739,9693,7319,688,9763,7602,9819,3254,7733,2838,9888,1504,2192,9967,3280,8584,606,8069,7892,3567,2904,4734,4948,7654,4479,4043,2430,54,1111,5590,1863,1922
9101,5919,7819,8608,3447,7195,2404,9151,3231,2037,9220,8716,5059,6261,8199,1857,654,5275,5390,8203,279,2532,1758,7268,1760,6438,3514,5846,7013,7014,5681,6332,9347,9017,3184,3744,7055,9479,8808,1056,6084,6032,5507,2411,1309,755,1162,2482,4206,335,3695,6999,7045,4032,635,9583,2211,2910,5381,5451,4423,6505,8744,9646,1114,4245,987,7865,1370,9694,5791,1267,9764,5229,7866,2280,6415,2605,9889,1535,660,9968,3516,5258,920,8518,7520,5432,1941,4915,5707,7842,511,3418,1210,93,3402,5522,3792,2078
3067,4656,6054,8469,4315,8303,2164,9152,934,4749,9221,8644,3336,6323,8515,1245,5211,7468,3543,7353,564,4906,980,7825,4109,3393,1417,8357,7548,5110,1856,8839,9348,9408,2469,658,7366,9480,7917,1280,7985,6941,6376,720,5928,1094,2231,3334,5561,31,5971,7923,7488,4190,4042,9584,3650,4912,1586,5726,2637,3611,8528,8439,167,3007,2344,9671,2930,9695,6859,1121,9765,8122,9820,6482,6659,1924,9890,1538,2553,8983,2776,8059,1362,8749,8737,5550,2571,6062,5386,4418,3324,3340,1667,62,1562,4721,459,1933
8530,4652,3404,9132,1949,6520,2297,9153,782,4298,9222,8104,8081,8679,5530,2545,5982,7267,5044,5874,3292,2365,6025,8597,4854,1793,4796,6973,7373,4139,901,6878,9349,7684,2068,58,5471,9481,7850,4583,8955,5122,6168,2187,862,5877,1981,5368,2309,39,911,4969,7929,8335,5737,9585,729,2161,861,8078,6649,2829,4532,7777,483,2199,5855,8342,3294,8753,2012,1411,9766,8559,8497,6094,9054,4332,9891,4375,6560,9969,2973,8223,2349,7711,9063,7371,6087,3777,1035,6775,1457,3432,968,250,284,2799,627,4602
9102,5870,4624,8855,3273,5739,1062,8133,2254,2543,9223,8152,7383,6809,6180,5156,2569,3595,3079,6117,1097,6013,1800,7464,530,4616,885,8437,3820,6005,5264,6455,9008,8427,7257,917,4577,9482,1821,4828,8869,4603,4990,1175,3406,3549,2754,4469,5768,1790,2803,1241,5208,7056,623,9586,2994,7273,1798,6722,5193,1767,7442,8098,525,182,2527,8682,4238,8764,3177,2287,9767,8149,7792,4550,6425,461,9892,834,4096,8831,5160,6743,7162,6312,4614,4386,3542,2456,4241,5283,767,719,849,1152,2394,2787,2258,3310
8887,7135,5237,4548,4230,3262,952,8110,679,26,9224,8566,3082,7155,5274,5939,4930,5900,1407,2397,733,3590,2082,6918,2094,4372,3599,8286,6953,4631,3834,5450,9350,9018,4565,2009,4363,9483,5663,5478,6641,4593,5224,3367,886,3245,2642,5440,3491,257,2227,6766,1235,7300,5369,9587,3166,8503,1066,7243,6849,1291,3471,8084,776,3803,2578,8966,2312,8298,5674,2442,9768,7369,7954,6756,7874,505,9893,486,6389,8560,5359,7046,1648,7781,5255,6861,3847,2957,1632,6696,1908,1974,1976,757,4014,3625,3945,1650
2758,4393,4182,7382,1960,3023,1197,7835,7100,61,9225,7104,5907,5694,2226,2865,913,3640,4541,3785,488,6137,3871,7498,4662,2907,6478,8204,5446,4760,6146,6015,9351,6604,6081,2133,5513,9484,5483,2659,8787,2223,4446,3014,2599,1768,2636,4072,2098,2452,1185,5620,3396,7132,3433,9588,327,7197,3859,6341,1207,1323,7989,7719,649,2179,4522,6442,2951,8971,6101,2626,9769,7111,8572,6258,4471,3246,9894,2568,599,8554,4886,4526,5489,6985,8585,5788,1769,1059,2591,5935,2554,884,954,1377,3242,4143,4649,1975
9103,7074,5949,8701,3005,4097,464,9154,6964,225,9226,6995,7323,6269,5887,5106,1154,5957,3360,3809,1678,6935,5596,5503,2555,4610,6837,8696,6338,6197,4075,4851,9352,8822,7356,2544,4062,9485,2421,6350,9524,3854,4545,1437,210,4299,2497,1031,6417,2784,4745,3659,2741,4229,1728,9589,2574,5556,4268,3622,675,1132,5484,8771,2625,3194,7449,8709,1842,7381,6372,356,9770,7811,7237,3398,4690,1143,9895,2057,1363,8937,3369,6495,3915,4395,8468,1916,4514,2113,1215,5225,2264,208,2169,1470,3409,2635,1998,2074
3472,906,5145,7682,3880,4557,830,8609,5130,3176,9227,7571,8502,7201,6616,3787,3588,6899,699,7260,1319,3099,1646,7187,6271,1496,1181,4411,5861,4005,1046,5644,9353,9409,5803,269,1652,9486,7495,6177,7428,2716,4051,3825,1603,2950,1435,3941,5964,357,5528,4303,7085,8004,2428,9590,1139,3767,5063,7235,1222,5961,7973,8542,1186,2300,6632,8383,1847,8327,4122,5882,9771,7832,9821,844,6643,3515,9896,2191,4439,8606,4153,7435,4947,5334,8053,1372,4785,1750,4929,4392,2689,1471,1118,652,2100,3608,1445,619
9104,7094,5708,8686,2255,3843,1850,8860,7017,3062,9228,6541,7942,1341,3288,3529,2825,5253,1898,5758,966,3591,615,4880,1487,3685,5320,8227,4896,4083,5340,4437,9354,8807,4272,1672,2154,9487,3036,4244,8312,2413,3645,1569,3468,2353,953,2723,4357,1122,3925,3903,3732,6034,2572,9591,1955,4900,2668,3662,3087,2972,4521,8207,2374,1514,4988,7236,6815,6912,1030,4141,9772,7404,8261,3277,536,1752,9897,2502,2157,7746,3266,5271,4873,3013,4991,4527,2786,1422,2060,5155,1347,1775,1431,1255,4202,2063,2887,2552
9105,8547,6374,9133,3282,7491,417,6757,8363,670,9229,8091,8567,3227,7347,4255,6063,5417,7475,6703,348,5158,645,5073,6441,7343,5587,7401,5714,5614,7476,4728,9355,9019,5341,553,1845,9488,8570,7137,8956,4495,2893,4135,2958,3332,292,293,4952,185,6310,5552,7883,7618,4101,8599,354,3677,6473,7817,130,1394,5050,8460,860,2208,6937,8811,4822,8903,4897,3381,9773,8675,7696,268,2115,1307,9898,4402,1147,8910,6620,8146,6963,7721,6909,7220,581,3805,5425,7004,1455,3791,798,1877,1402,4325,3831,4397
5348,6711,7026,8776,3031,1108,595,8947,2584,166,9230,8576,7073,7612,6561,6251,3130,6496,8032,7399,695,6709,5388,8137,2021,3449,2947,7607,6565,6279,6974,6857,9356,9410,6879,2639,1354,9489,4681,6467,3757,4842,5393,2616,68,1034,642,3387,4194,2392,2272,1515,5357,1783,5107,9592,1862,3535,4502,2378,4953,3483,4892,8790,6554,6486,4253,9038,6429,8754,6009,371,9774,7935,8238,7641,7585,1270,9899,337,6762,8911,6685,8232,4154,6725,6910,3699,3993,2467,538,5042,940,1754,2242,567,1576,4181,3496,625
8620,7290,5438,8687,2593,6674,1137,8202,8289,153,9231,8290,7828,6542,4694,6764,4979,4336,2713,5495,2210,3022,5826,7025,6686,760,6099,3646,4844,7432,5418,6730,9357,8666,6274,879,3938,9490,6303,6617,8870,4819,3068,3096,25,1534,252,2245,517,1591,415,1992,7519,7629,6198,9593,364,1744,5760,2489,2551,5395,7107,9647,3675,4645,7677,8441,3976,9696,6780,6183,9775,6992,8798,4846,7667,1554,9900,2895,5444,9970,5568,4779,4030,8143,7336,5942,4679,631,1148,3682,3150,2268,974,1878,303,1702,6539,1387
5043,6464,5793,7902,4316,6236,2439,8836,1212,174,9232,4236,6150,7447,2740,4293,4414,7386,2612,6382,1105,5669,1412,7752,742,6536,1494,8392,6471,5075,5970,6657,9358,8488,5419,1882,4131,9491,4050,1268,3867,3147,3808,4349,1616,2926,3539,3094,3936,209,5041,6423,2111,4338,3806,9594,4273,7008,2477,7143,4180,3259,6921,7212,894,3617,3657,8496,2301,7939,2533,1738,9776,8659,8068,4921,2290,683,9901,1393,3110,8715,6035,7933,851,6373,8263,6843,5172,1187,3634,6212,1084,2580,2343,163,2051,4351,2581,1057
9106,6297,5650,8197,1458,4301,976,7775,7570,253,9233,7497,7875,4118,5606,1590,4865,5722,1996,6737,1468,4706,4772,5004,5990,5055,4456,7200,5626,6172,6721,6597,9359,6916,3926,2273,4559,9492,2641,667,8680,3600,3577,1937,803,3669,150,3226,1427,1426,4121,1983,4232,7087,3127,9595,664,5616,1406,5480,795,3616,7099,8874,2474,2391,3037,8631,2790,7510,5437,321,9777,6701,7546,3862,5406,2126,9902,1663,2406,8912,6202,6525,6503,8191,4693,3632,4300,2195,4254,6989,1058,877,2447,1418,1980,3397,3971,3361
9107,4591,6059,8723,3439,4223,1699,1480,8372,2627,9234,5370,4817,2548,7039,3716,5013,5315,5079,8317,2505,2014,2802,2086,4257,2419,8017,4807,6291,4601,5579,4606,9360,8647,7325,3875,5366,9493,6367,2426,8628,4429,759,1708,2665,778,82,965,5911,2165,4432,3058,5830,6121,4066,2688,1614,7688,5010,4956,5064,1565,6174,8698,2917,3070,3776,8604,1997,9697,1033,460,9778,6582,6587,6228,4441,4436,9903,3485,3902,9971,3526,6870,3824,5792,8297,2168,436,1789,931,6259,3020,1271,518,3053,1225,3949,1605,2410
9108,6628,7154,8915,4801,2811,1140,9155,1167,23,9235,8919,6110,5492,7815,7040,3120,4237,7437,6835,188,3973,6519,7887,3610,7680,3203,8921,7882,7223,6716,6886,9361,9020,5222,2779,2352,9494,7272,6239,3914,6333,5323,4623,101,282,176,4450,4252,558,3719,2980,4654,1456,4433,9596,3029,8136,5795,3287,4646,3877,7490,8928,3052,5178,3153,8794,3832,8972,7773,644,9779,7374,8384,6926,8412,2047,9904,713,6929,9972,5873,8064,2048,6705,7911,3970,2597,3648,1382,4963,528,3169,1240,196,5783,3458,2821,741
14,9,4,3,6,12,16,88,1063,3965,9236,9263,9266,8373,9269,8447,8402,8414,8805,8891,7578,6127,8729,5455,8138,8820,7963,8655,8636,7907,8893,8569,9362,9411,8656,7262,8954,9495,9520,8278,9525,7809,8730,8018,7922,6732,5199,5162,8667,6264,8242,7827,8925,9533,8958,9597,4488,8629,7021,8733,8346,8451,9617,9648,9033,7765,8253,9672,8639,9698,7205,7378,9780,9805,9822,9824,9826,5458,9905,3048,7834,9973,8329,8360,7375,9989,9993,8361,5711,5889,7310,8750,5173,5295,4809,6109,9999,7194,7925,6540
9109,8444,6839,8482,4070,2159,784,9003,1640,40,9237,8653,4209,4377,8209,6938,1290,6116,7845,7633,158,4178,6152,8022,2267,6128,3145,7249,6545,8050,7078,7700,9363,9412,5300,3688,3385,9496,6687,7487,5080,5773,6022,3425,157,445,245,5326,5265,506,5243,3676,6071,2234,5096,9598,2881,6755,5239,2795,6086,4110,8658,8746,2607,6050,1089,7620,4584,8377,7840,1029,9781,8150,8182,7415,7555,1390,9906,793,6958,9974,6852,8443,2372,6969,6893,3461,2243,4078,797,6052,557,1781,2140,116,6028,4328,1737,977
8991,7091,6613,8470,1722,3857,1707,9156,5491,151,9238,7689,6268,7632,2793,6630,2221,6864,7240,3687,393,7354,8214,7119,1894,6171,4843,9281,7402,8072,7403,6576,9364,8842,6794,3341,4055,9497,5459,7876,3032,4872,3323,1447,48,1017,280,3139,4473,566,3143,1635,1442,3132,2559,9599,1454,4477,4269,4460,2675,3605,2156,9649,8114,6294,6134,8795,3575,9699,5389,320,9782,6432,8328,7978,8736,2088,9907,340,4417,8765,4830,5683,5797,3796,7484,4804,2107,4120,1848,8008,405,927,1874,802,8002,4499,6004,1229
8476,8309,5843,9134,3900,3187,938,7627,4398,296,9239,8484,7903,6778,6446,6307,4088,3558,5383,5582,1948,4832,8045,5449,1876,4507,5175,7012,7564,3093,5619,6120,9365,9413,7028,3085,4337,9498,2053,7367,7250,1871,4884,2630,105,3276,946,110,5288,2894,5756,2878,5806,409,3263,9600,1786,3968,3958,4291,2198,2634,3469,8603,4709,4288,6957,8505,3709,8797,5808,369,9783,8428,7112,3665,8413,1479,9908,194,2960,8984,3800,7562,6390,5116,4923,4485,3214,1461,711,6563,2909,1077,2562,1061,1884,3916,2416,1566
9110,8196,4283,8558,2337,1709,573,8948,4053,21,9240,8365,6190,6410,4093,6399,4752,5695,5852,6810,1074,6777,6270,7895,1688,4670,6238,6159,3614,6521,6139,7523,9366,8952,6215,703,1902,9499,6462,6315,6977,4410,5081,3423,171,4126,367,3403,3379,2408,1808,2643,2141,6889,5672,9601,336,7362,4123,6481,1025,3935,1597,8875,5639,4754,4085,8812,5602,8588,5782,638,9784,8190,8936,6516,5398,1892,9909,617,6785,8832,5941,7805,925,4678,8036,3258,5183,3639,1151,6923,219,2040,2664,630,5074,4528,6243,1436
8546,7206,5834,8623,2874,6149,1819,4630,1262,1004,9241,6588,3841,4802,2105,3413,1912,6667,3502,3114,1109,1610,5794,1656,3868,3912,1060,2170,1550,5516,6092,4781,9367,8111,5187,2471,5493,9500,7502,2748,8193,4089,4280,3193,2759,2751,2271,1816,5039,361,4633,4217,5648,8005,3344,4776,1784,6820,5633,5136,4368,6413,7608,9650,4893,1221,2981,6125,4057,8272,1572,4152,9785,6345,9823,2794,3906,2657,9910,2507,3257,8938,3773,4523,1072,7089,6645,4380,2691,1128,2283,4419,1607,1283,2293,603,3137,2109,746,1065
8574,6475,4902,7999,2983,866,762,8511,3373,2615,9242,6007,5197,4847,2356,3684,3503,5230,4040,2992,546,3664,5729,7202,5827,4738,4827,8375,5198,5685,1021,6053,9368,5871,5670,1082,4710,9501,507,4330,8156,2031,1083,2924,1991,2770,1448,3601,5376,1963,2500,4025,3660,3621,2058,9602,3208,7188,4481,3795,3655,3708,6487,8055,1712,2727,5570,6624,2085,8467,3804,4447,9786,6954,7778,4717,1944,2260,9911,2638,2771,8222,4497,2295,2866,8031,8065,3638,3102,1198,1621,1776,758,951,1617,1261,2925,3303,5360,1264
8992,7047,5536,8548,3822,4022,1787,8610,7637,147,9243,6154,8184,6585,4365,5098,4004,5186,3996,5474,2417,1598,4608,5022,578,3074,5948,1403,4367,6356,5991,5411,9369,8533,6439,408,6245,9502,8464,1849,8051,3570,3484,3924,47,3460,2455,4079,5082,2232,4911,4073,3078,1928,4017,8600,724,7301,1499,3963,2796,2969,5463,9651,6693,4297,6511,7302,5731,8669,5422,287,9787,8454,8385,6598,5553,218,9912,823,2927,9975,1293,7636,5891,3768,8802,7251,2481,3544,2236,5995,1592,552,900,1340,3932,3878,4698,2836
1660,2869,3081,7059,1703,4239,2008,8524,7982,2557,9244,5525,7603,3001,2807,4564,3545,5515,588,5565,839,4628,7606,7256,1120,5065,1838,8028,5028,1988,6326,5217,9370,8534,4492,1328,5371,9503,6292,5876,8618,2775,4782,1296,3105,2573,2128,1131,3620,1408,2265,2886,942,6903,854,9603,2305,3050,2901,3739,3631,4517,6227,8791,4452,2995,3885,7504,5218,7308,3720,6014,9788,7429,8517,5645,7767,1611,9913,1570,3826,9976,2459,6713,1914,7192,1489,3146,2929,2056,2868,6135,2797,768,1466,422,1713,2347,5278,1817
9111,2694,6384,8856,1104,1690,1126,8889,2882,46,9245,8890,8663,8070,5766,6144,4862,5248,6845,7862,2110,5680,4621,7789,2488,4031,2915,7053,7228,5391,5018,7051,9371,8472,5588,2002,2148,9504,6673,7693,5742,5223,4791,1795,195,503,440,1780,4531,3063,1351,5992,4702,7350,5576,9604,508,6019,4556,1558,3794,4264,5006,8961,4740,3347,3122,8900,4914,8490,5978,1141,9789,8237,8015,7672,6559,1392,9914,723,6474,9977,6066,6506,3028,4977,7258,4226,5774,622,3045,1939,859,1314,2470,613,1416,4769,2922,820
9112,8676,6166,8998,1365,2913,912,7861,8565,124,9246,7690,5646,6965,1037,6437,5470,6420,6727,4144,1336,3473,3887,4605,1946,2860,7616,2084,7983,7337,7516,6431,9372,9414,7061,1465,5414,9505,7622,6990,7166,4321,5344,4704,63,955,256,5058,5881,2368,2212,2818,6888,1668,5609,8809,522,5778,4322,1193,4793,4124,7314,9652,7161,5917,4246,8880,7254,9700,7774,315,9790,8201,8411,7470,3818,702,9915,191,4795,9978,4660,5612,7238,2938,8344,7444,2658,3475,358,5718,950,1729,2147,1096,2705,4553,5445,1383
9113,2851,2528,8672,1286,5500,828,8445,5700,102,9247,8153,8358,5331,6834,6097,5212,4183,6996,7409,2583,6263,7082,6008,5567,2346,6772,8418,5599,4444,2015,6472,9373,8310,5763,2362,1409,9506,8062,5540,7763,2335,3548,3596,81,1971,883,1312,712,2203,1016,2706,5984,2693,1071,9605,981,5914,4544,5301,682,6826,6951,8760,4265,3704,6555,6494,6723,6523,4320,5339,9791,8640,8817,1764,4373,2735,9916,1887,6210,9060,4887,7802,5040,6959,6419,2364,3836,498,3566,5216,1858,1146,998,744,1112,2561,4177,1966
9114,8391,6322,8037,3116,6450,897,7398,8198,715,9248,6363,6564,6466,537,4558,4162,7102,4999,4108,2398,1184,2172,3689,1247,2217,7699,792,2387,7160,6398,5952,9374,8352,3802,1234,7635,9507,8113,3553,8306,3296,5604,4150,146,1929,1385,3488,6676,3342,1113,2792,3335,5959,3698,7647,709,7222,5807,4589,4913,5005,7710,9653,7694,3705,4777,8442,4687,9701,7818,1626,9792,5979,8883,6517,1954,165,9917,396,4691,9979,1890,3681,7462,4966,9064,4942,3839,3301,678,5202,808,401,1367,1472,5905,4087,6136,2137
8993,4107,5906,9135,3453,6769,1256,6498,7027,55,9249,7186,8038,5851,3298,5962,5072,6653,5557,7359,1826,2672,2437,5407,1269,6459,7317,3957,6782,6283,6948,6501,9375,9415,7501,811,4115,9508,6855,1899,8459,4756,5903,3801,501,309,1671,743,6867,3348,2375,3086,7397,6173,3870,7293,2412,8279,3124,3951,6510,5975,4026,9032,3939,1633,3311,8245,5313,9702,4800,2136,9793,6184,8553,995,3163,1860,9918,3117,3647,8885,5630,7344,6368,1079,8545,5508,1196,3478,379,5842,424,1583,144,2239,2931,4727,979,1194
9115,8833,6970,8673,2855,3057,363,8678,6298,24,9250,8654,6596,7807,5105,4600,5304,6639,5625,6082,3159,3756,3950,5875,1739,2671,8305,585,7573,6572,6566,7565,9376,9021,6444,924,4542,9509,7288,7560,6079,5517,6103,3520,86,2588,187,4805,5890,3982,2103,3649,5182,7880,2932,9029,142,6335,4619,2061,2961,2702,3144,8962,6707,5336,3961,9673,5908,8904,7057,534,9794,8047,7812,7940,5266,275,9919,283,1986,9980,6051,7881,7794,7556,8088,6043,4786,1855,799,6751,234,2531,3209,1575,1815,3954,5896,2777
9116,6680,6712,8176,2640,1984,278,8123,7731,121,9251,5969,8568,2486,5541,5780,5285,6396,6331,3366,1743,3091,7613,6458,3216,3042,7816,2441,5584,6552,5287,7140,9377,8083,4002,2202,5656,9510,7759,6293,5704,4369,3073,3697,183,4632,1087,4240,2692,2028,3555,6049,6033,2521,3092,8926,338,4431,3573,7172,3724,3512,2218,8876,6275,3164,6381,8710,3653,9045,2902,3992,9795,8429,8712,2504,7932,515,9920,295,598,9981,4220,7594,4233,7117,7168,4943,1044,432,3155,4192,1866,970,2351,2813,890,3046,6301,1279
9117,4333,7417,8999,5161,7146,2173,8917,4922,41,9252,8767,4098,6106,7757,7652,6012,5118,7735,7913,1740,4973,1099,7147,3635,4443,4863,2819,8334,7170,4457,7590,9378,9416,6537,3592,5848,9511,8345,8087,5772,6383,4970,2704,96,477,328,5533,2190,1101,905,3212,3835,8230,6232,9606,222,5953,3733,1310,5673,7871,8046,9654,2862,4626,4784,9674,6388,8236,8157,531,9796,7987,8978,5623,2446,526,9921,662,7659,9982,5976,4870,5121,8591,6352,4639,5490,1051,1881,2541,1049,1705,577,398,5252,3536,1910,735
9118,9121,6070,9136,1840,2491,254,8949,2617,59,9253,8862,7000,6966,3557,7177,4604,6391,7033,3236,2679,7691,8525,8415,1629,7216,3888,7030,5613,7831,5894,6982,9379,9417,7271,1521,4622,9512,6611,6691,6592,5409,2142,2237,98,4140,365,3389,7176,2889,3173,6300,4187,5394,2403,9607,496,7441,5509,5467,2193,569,1644,7953,891,3511,5860,8773,6905,8815,4478,473,9797,8109,7088,1508,8212,584,9922,160,2399,9983,6930,8801,7579,8218,6661,6003,5112,4680,914,7760,2936,3291,2261,267,1069,3745,6931,2608
8940,8066,4222,8943,2600,5915,324,7631,1287,370,9254,6744,7096,7018,4151,5069,1301,4917,4184,2200,1697,1444,4716,3754,5828,1691,3873,7965,7589,4617,6366,4509,9380,8398,4356,2503,6635,9513,8408,5921,5657,4860,4381,1134,4037,2251,319,4643,5724,418,4664,6380,5781,3218,3249,9608,3444,4757,3589,7167,5097,726,5749,7389,289,1748,6579,8551,1275,9703,6619,1026,9798,5165,8799,3703,3897,831,9923,1178,4318,9984,2934,5755,4259,8250,8162,6141,3388,3451,4364,6483,2919,903,2420,56,2233,3498,4489,3984
8803,5564,7465,8857,3064,3167,490,8918,7886,99,9255,7095,7662,4810,8240,3571,596,2194,7011,6080,700,5974,7646,8097,2178,4951,5632,8403,5482,7575,3126,5710,9381,8592,2783,805,1110,9514,5322,1896,7458,3814,4910,3426,565,345,211,1900,6026,1620,3565,2565,4212,959,2080,9609,2703,7681,3987,3445,5993,2991,4647,8963,3098,4114,5132,8719,5338,8552,5940,1068,9799,6796,9053,6169,8160,1669,9924,2870,3456,9985,1190,7884,2127,5642,6927,4671,2288,3154,1978,6736,3033,2560,2460,800,6220,2360,2143,2725
9119,6088,6808,8702,3165,3112,1281,8183,1548,1356,9256,8781,5094,3827,7605,6662,4054,4788,3011,5909,764,4587,1716,5931,2018,3466,2034,6700,7203,4636,3710,4134,9382,8953,7204,1174,5923,9515,2539,6906,6950,5311,4993,2939,331,135,3572,1103,6181,1130,2752,3593,6749,5421,1595,8898,3265,5884,3219,1386,5761,3534,7122,8964,7931,2487,637,8813,5228,9046,3004,1973,9800,7080,7275,6162,5486,1868,9925,1018,5840,8583,5598,5281,5196,7370,5624,3191,2065,618,1353,882,1302,2651,2475,1814,4939,2857,2575,775
9120,5174,6708,8522,2405,3865,992,9157,6408,71,9257,8727,5883,7651,4127,4722,5983,4383,7313,7595,985,6655,6936,8179,2914,2407,7052,3861,7574,7241,5060,7676,9383,8578,6848,1841,2876,9516,8125,7739,5335,4302,5047,4061,42,804,152,2160,2093,4132,1355,1830,3204,7545,6754,9610,291,3850,3140,1982,3532,4641,5137,8877,4426,3960,6798,9675,6594,7685,5856,1161,9801,6774,8058,8019,6235,1220,9926,304,6987,9986,7455,6443,4705,8519,7530,4737,5717,353,677,4703,478,2750,1491,2326,3302,3618,4989,520
