-3.96953396406429	4.24967590696118
-5.19030540978676	5.43856988741104
-3.27544471791393	3.41561467533677
-5.52850551591932	5.73693010612731
-2.1170958707436	2.28990268793789
-2.69142901159455	2.79177810596427
-0.0745493029735266	0.0781450477926819
-2.70651564604887	2.71326010278171
-0.101895058979873	0.106674327476885
-5.03101974578537	5.03598613077051
-1.04259314079962	0.999954912654933
-2.24440068357451	2.20511873327564
-5.74004506158959	5.95131776708998
-3.68514930795721	3.66201633812119
-0.360766216083665	0.385291280489832
-0.400392206475454	0.406015680314868
-4.34753655779356	4.48589800183207
-5.29797135628058	5.48682316864749
-4.27315271987448	4.56679526051608
-5.30508469960138	5.53537003972616
-0.703255474493169	0.743633381056694
-5.00190652728203	5.21094878511964
-0.546341636586917	0.5453912172159
-5.04648488093597	5.210743261704
-4.97735839458664	5.20812178084986
-5.67475858468464	5.87533398161021
-5.36447223626319	5.59867847895388
-1.02676334097943	1.07282623773435
-4.70644372975571	4.93523743113585
-2.00160368183195	1.95402845679694
-4.98386743190091	5.21331788038881
-0.110623409108523	0.111942119536203
-5.25118792752217	5.43019433347155
-1.8753447164286	1.97747029819343
-3.27538341347531	3.42479910207371
-4.42882284328117	4.58768750916029
-1.62762218574773	1.59653541637804
-5.76059719617788	5.93797643127176
-5.47277767202138	5.66197081251297
-5.10654955403792	5.34655695887696
-3.60662397176306	3.76725019735861
-0.231552262774751	0.250425442095294
-0.641475225841064	0.670839637671184
-5.6068535700632	5.78836815157538
-5.07949181361405	5.30684187430017
-4.00139614004983	4.21239054985425
-5.82989510148151	5.99482247466524
-0.38257736167759	0.388729672747769
-0.223628969484003	0.237660229195996
-1.08094812558309	1.08352784177787
-5.30765441397983	5.49901623279969
-5.79395866660165	5.97403182399714
-5.69386487804575	5.9052553819834
-1.29177273028618	1.3173786878813
-5.51576607366743	5.75172552354927
-5.49033573364375	5.69417253850907
-1.32242165287866	1.38705803655001
-1.82307688575483	1.81932558832237
-4.57332915265271	4.77412735308588
-3.28974135471962	3.58956142063051
-2.6103120645299	2.73684322368188
-2.53365722436196	2.73690003247682
-0.293068567108773	0.287010682267551
-0.737586184265631	0.777110627488703
-2.52594943634248	2.80106970234183
-5.66731648591681	5.87275464040973
-1.26402385549171	1.31742286205929
-0.224645934565343	0.215343090208719
-4.62170154865767	4.77050102797797
-4.61874492699051	4.85164245693971
-4.97186995554877	5.18727230684063
-0.341418516187733	0.331844477278456
-5.67327077491336	5.85233034879095
-0.845418852471076	0.891486106880734
-0.26516755401701	0.277026557331668
-3.12867997009455	3.25657108555306
-1.50319233960329	1.48674634607366
-5.28148767956597	5.51850668898228
-4.23124545249727	4.49196431563734
-5.03355615028359	5.23546581915266
-0.629292470314036	0.597181546718048
-3.15874982239038	3.06517601694488
-4.15126600051257	4.30725229390069
-1.64295540932039	1.56932534648267
-4.74101806149205	4.98523652294964
-5.28505916151785	5.40184639269614
-4.69635723669181	4.94088963865213
-3.83772890619037	4.1116396047625
-5.64010640772043	5.86004562086421
-0.220976306775168	0.223076019721301
-0.293336981141489	0.325467398313897
-0.418858955887606	0.460388404747083
-4.54256381460195	4.71644234019523
-1.1954616284235	1.21940473922168
-2.19050518158647	2.48202154742833
-3.60767269116309	3.84626487766456
-5.55167351222836	5.75877355336841
-1.31917141728266	1.22038038071985
-1.44755255731434	1.31383122543331
-0.0576268795022659	0.0618172898369614
