-0.0321058426761263	0.0372332424639711
-0.006153957805341	0.00808534697094357
-4.07127313879766	4.52477935593107
-0.289638102321455	0.28913906213311
-0.37321582680567	0.372783034291084
-3.18768355173304	3.71140881340202
-2.36706943820017	2.68574668918191
-1.70266232221142	2.02129810470483
-0.102566773016532	0.107932037471885
-3.58957315182594	4.08514238163397
-3.72580445349652	4.20780792733415
-0.226501700687021	0.226293508997885
-4.09103037775844	4.51913554876069
-3.18389985468278	3.73973186729782
-3.81996678098619	4.33707877213398
-3.4053578400887	3.9630640724774
-2.37115186638027	2.86157909682658
-3.83476127409883	4.32114678758818
-3.96440261328721	4.42209129916412
-1.88770809954785	2.30103204670653
-2.92262172919394	3.39193080000946
-3.24025239341184	3.7378152445654
-3.38003325407548	3.95264247239639
-1.16119808188389	1.14612189696041
-0.248113367319963	0.251670009123714
-0.646646065214526	0.778368953871397
-3.47907891909036	3.98036514785356
-2.28543888670044	2.57090250298367
-1.3265679516385	1.45511513741714
-2.44569888084738	2.93531740229454
-0.269770493907324	0.369914904827976
-3.53228203932362	4.11434252776142
-1.47952727352258	1.5720403936736
-3.67439613717622	4.204112953561
-3.97416704484635	4.49261239094289
-3.89647973139049	4.37754208947586
-2.68220804350194	2.91226410107581
-3.28020884601314	3.68914393124947
-2.63870530543168	2.98481346850004
-0.292373587162599	0.32394621799174
-0.233013229707281	0.244968551350801
-3.5959590796905	4.05998532433823
-0.178686345968047	0.191375798067091
-0.962232407637175	1.14166459078993
-0.89556653025821	0.931794425348308
-2.3223537510482	2.55735815171385
-1.52876049216442	1.70779782546564
-0.191838866046185	0.188956007498161
-3.57685427583726	4.01895262169898
-3.21495625591889	3.72653534869892
-2.60180437846011	2.72066670778413
-0.792752489696781	0.808611489372519
-2.36973954773245	2.89174269726845
-2.67345401355138	3.22528735850759
-2.70196603691316	3.03392795327811
-0.11116008101841	0.108600100512675
-3.72227850613616	4.25888185474851
-4.02122704986171	4.46703839514608
-2.60622320685834	3.0032349699099
-3.61686077788237	4.10200254906978
-3.31316296465466	3.80146979220778
-2.79275554785406	3.12703381832024
-0.120339849003423	0.13355819423009
-1.37255826134953	1.56660308024251
-3.23930577669003	3.8255256021841
-3.99527972715286	4.50043828578234
-3.75756050043809	4.25230405167489
-3.84275398104586	4.34641717675071
-2.91302824205101	3.47104915937116
-2.87107076540525	3.11829575090297
-3.97776633635484	4.50276533288792
-0.0208779083442899	0.0217689425575496
-2.24167309299027	2.6620366445857
-2.36076016852083	2.75855784004998
-2.79454647185233	3.17345702614069
-0.230666808797765	0.282661463480981
-3.36278156472831	3.84445681362323
-0.200295191603065	0.228369708924355
-2.38709349803301	2.78784328139058
-1.86475153085172	2.11230892154691
-1.05502135454079	1.09383095708936
-3.38392726897179	3.73112019380305
-3.98303170689246	4.47347764752211
-1.1170439811661	1.24596957956403
-1.03406204914582	1.40360749664557
-1.00400704409555	1.18621229292181
-1.29339642232589	1.47497861400445
-1.91701420590141	2.1692283172884
-3.30538100893584	3.70533717794795
-0.831437349503137	0.998704421973614
-0.670437788471645	0.728471377293739
-2.4712739326531	2.62537828482471
-4.03217464945002	4.46410787299958
-1.52783445285474	1.86239495848837
-1.97963372441544	2.14226181844529
-3.98413387251719	4.42710722447006
-0.625001031927084	0.637756316921697
-1.28772777675522	1.52012032697307
-1.27351425366475	1.33058131127602
-1.29814735858437	1.54579008384754
