0.00187488293970464	0.0082541131400743
0.000422773497481171	0.00175303308204724
0.195256300179266	0.675316036200646
0.00364427889691243	0.0152998268381314
0.00496045689848755	0.0408923851540279
0.169879458566151	0.600390871041508
0.115813962769773	0.407520467796218
0.0922026145954613	0.251387935940593
0.00439317839683353	0.00913419385662697
0.186041084640176	0.628992353465315
0.18303154985287	0.667385604084493
0.000111480524899878	0.000483938948704048
0.192260753709586	0.677294821728924
0.176806793823633	0.540137962970867
0.19352090517135	0.707521730485453
0.173600535683204	0.613879518308859
0.159418584056596	0.570436021772968
0.189684134125694	0.684777400811551
0.18672392260932	0.639566540306123
0.134624969178731	0.538130801931853
0.150733316840509	0.574067146507983
0.189691837091308	0.644137620882134
0.182790933626855	0.594520965325164
0.00681501159890408	0.0935533371507081
0.00621983140267973	0.0220809561095315
0.0515835862371776	0.156182490150557
0.186936905911805	0.671534788518343
0.100843514684955	0.223218208609135
0.0546813768736742	0.204338304848631
0.178759398717565	0.572772825404944
0.0346328765453175	0.0958741911754268
0.17556574621214	0.641151143553876
0.0435833116741003	0.169967437326048
0.177592637907846	0.648309700770433
0.192366588964917	0.678009936142489
0.183204450693239	0.701505628859275
0.0947184226205498	0.324314716444899
0.158356316638566	0.574549291602508
0.112332228377842	0.399319950493751
0.0118660547387223	0.0557963992867182
0.00765138095958448	0.0172260447478503
0.189248713224971	0.728587137353012
0.00538218391869969	0.0342280905166268
0.0527471029929075	0.186061628746654
0.029628809965811	0.234887680564437
0.10904087481985	0.408757259711635
0.0647666137905583	0.2401732158346
0.00190235869314545	0.00447794050375176
0.168364003861736	0.643221801188328
0.190323220970133	0.652857657325046
0.0751683682306669	0.380195376519726
0.0137637076983735	0.0790309928594018
0.192314085955769	0.644525877836521
0.174858628454874	0.356130294203036
0.137547399203513	0.542468091258706
0.00276842812672678	0.0319602112266179
0.182384965710288	0.662492166093369
0.189186689542466	0.691618659400572
0.151102460824367	0.500936030129898
0.186337927881136	0.670654246193035
0.18732504088898	0.701625040011894
0.135487878481338	0.485797331236905
0.0097525206380829	0.0230618319088563
0.0738343898879481	0.258231047748103
0.192690099032707	0.682707180244712
0.176487823558376	0.662014837625541
0.181700710297246	0.606063187410042
0.194840133105929	0.703027022935648
0.172213151110004	0.707406332941289
0.102354676299143	0.357747410001446
0.19233400574845	0.680431820476275
0.00908736181434147	-2.80523037750064e-05
0.142742893938779	0.532571868207958
0.144021426711448	0.527950347124637
0.141566679940412	0.498971584021175
0.0205957281235571	0.0560369270877568
0.184658491956283	0.593899896892014
0.0114914995187487	0.0571546001100996
0.130423675469529	0.513997909355134
0.093518265143019	0.326341996819582
0.0340656118181556	0.282244898881402
0.143061754910466	0.473789529107306
0.19218309159332	0.685361508052972
0.0483341106258379	0.168958571718663
0.100007815003217	0.27519879904001
0.053735817756473	0.161639141130118
0.0690545159365249	0.208074541683923
0.081386909626492	0.278586291596928
0.161984003331732	0.551902324001542
0.0574226786969371	0.224251441816013
0.0276489318777454	0.137038669894653
0.0921396807491898	0.297341011342122
0.195660467487909	0.687832914757537
0.10051783047519	0.390935460817606
0.0850285539552213	0.293076198728346
0.187355596116615	0.686082180448437
0.0192471742491922	0.127369299690791
0.0346101522825063	0.144986919969914
0.0446202881678977	0.194418319060918
0.0710393387566371	0.179983996152289
