0.00483526078931772	0.00217358237481043
0.00168942294688451	0.000421493299113051
0.605108771063419	0.204453184587918
0.0415347145719205	0.00270812508298813
0.0487045819618366	0.00672291327786279
0.573336232044229	0.176210529089801
0.404996854595009	0.11499237302359
0.320365854854706	0.102399178102728
0.01341779865738	0.00374002511388915
0.573328222598691	0.198150562657103
0.590590627092666	0.194781043194254
0.0347784194556554	0.00131558993744173
0.588909686316015	0.203574371470034
0.578119200577199	0.18693048174777
0.62342175364318	0.200229585215812
0.631210984109991	0.179878523869472
0.459889167235595	0.152320517274798
0.588647536103484	0.206236724297681
0.592799110891664	0.202917449167445
0.358142893138371	0.132911399311648
0.52486005077194	0.15926891644761
0.499806373359236	0.20553303381003
0.590430639050495	0.20254417137533
0.165075650811497	0.00763499772283585
0.0306670292431145	0.00617640491183499
0.100680964166202	0.0524077777712318
0.55061039955722	0.201353575943929
0.35817315833154	0.117551774214892
0.203466196980281	0.0565035480960903
0.390630426380846	0.192305697848556
0.048857506671153	0.0357462615357698
0.640175706565952	0.193819998216869
0.216767338389571	0.0487056990516027
0.648143620470516	0.18210667908867
0.629175199474945	0.209891982605195
0.600052507049543	0.203120862454107
0.412925687281142	0.103175361225889
0.514941805521548	0.16755475647563
0.454149747216012	0.122539691905913
0.0467469344087824	0.0127762061542642
0.0330147806781131	0.00756186611371643
0.560288631396748	0.191569968547931
0.0320197982743159	0.00368628921997234
0.167810718553535	0.0631402015406123
0.139998678522074	0.0179005487664107
0.334553529969424	0.112743558784372
0.247103136181402	0.0708608960784332
0.0210363038931848	0.00459247813479017
0.565970103452997	0.180132905706359
0.517376942361327	0.201715670007476
0.392788451101696	0.0641850400436024
0.114150034499784	0.0141033247269281
0.387440886674942	0.200716912437866
0.469231807215529	0.19720775902806
0.41786701289155	0.139889242687753
0.0141043855988679	0.00123688825616711
0.653603647752036	0.185871727376602
0.597429446597514	0.201149507772285
0.414796860931219	0.157921626576429
0.562318766186754	0.198667541147286
0.527498807254627	0.194422837688455
0.439420107256829	0.138718687627003
0.0201024294804875	0.00494449399832231
0.216543780571992	0.0780216393394737
0.595311444767998	0.195096068382728
0.638430205370505	0.202227899012321
0.608072525811519	0.192823418279338
0.602292731981444	0.206564119132463
0.519747440164417	0.190847619166318
0.432851115751411	0.114950981143396
0.646188154080468	0.20476727671893
0.00114690862145477	0.00140526918167911
0.399571883462942	0.144729496038329
0.402075343215843	0.145714816684028
0.446434059363337	0.151087335147093
0.0404884506809281	0.0186581833826916
0.520141759122807	0.199420873499105
0.0374907198616416	0.00868290243221832
0.446340578371916	0.128270213278784
0.273950897663116	0.110091432148514
0.144932255963133	0.0307521681781097
0.506362055242828	0.15847768014066
0.617159475329069	0.205334453062497
0.183040501335804	0.0492355975142306
0.28778848136627	0.0833572228505568
0.178363981115041	0.0618323924167752
0.202369847422565	0.0746130680835343
0.328552171390818	0.089891502216942
0.497134895499733	0.175040672777983
0.152225759978904	0.056447768194846
0.105076240844907	0.0254812093728737
0.332648166532697	0.0964128896895391
0.579601296110001	0.204422300038399
0.300007551338737	0.103032920096068
0.270675210757196	0.0906805813964391
0.575757159584779	0.207309903956542
0.0869883763777559	0.0129733402105188
0.320068554213082	0.0407960319098139
0.152386505466856	0.0504701096659539
0.289407666023306	0.0579786507334826
