0.365062853980357	0.279493616616427
0.36853995179767	0.320812783661393
0.239599390316465	0.249914276226638
0.38179296381331	0.37997171015192
0.13400959676833	0.104732935000087
0.163858714659235	0.164599810612916
0.00674315239409206	0.00259205904591747
0.153935140895542	0.193349982294879
0.00977133861960105	-0.00162166064649873
0.263835753523961	0.405873128917074
0.0176724752784446	0.0692433510827401
0.0864572727801323	0.19905323474923
0.383939700325522	0.422237804977146
0.200943195410655	0.14993437672983
0.031701426546863	-0.00053572686814649
0.04255508548458	0.0366456537542299
0.298369664625388	0.226860152380739
0.366682073529893	0.280352117441374
0.33015261044791	0.262056615221224
0.375301163192504	0.303608278591381
0.0738528801372066	0.0653207501013262
0.337853189460356	0.388105265587389
0.0335984978436511	0.0204093589129757
0.31565950838488	0.335230976980674
0.344293588838665	0.279983681434964
0.384381494911283	0.391760163265801
0.332446149155994	0.214309983585827
0.077985760971076	0.0625586883115803
0.361024766291022	0.265138486571639
0.0727939953287967	0.0759161564809576
0.345735861037101	0.3606009363573
0.0199261525043095	0.0207175665139854
0.366959218517791	0.352488425510792
0.152388622176808	0.0871844030188649
0.209011016544018	0.277110111775091
0.291339820338475	0.271954002468197
0.0738183652628029	0.109748535946781
0.37959477987641	0.349386131532695
0.36142224836229	0.376468925878245
0.374673479514301	0.406133205831745
0.267305896087704	0.225954851938958
0.024142257302352	0.0104195476296331
0.0491565316150311	0.0330946090506804
0.376634366588464	0.359048612897654
0.361038943328524	0.254359480655101
0.364512697416983	0.294188007317108
0.381306275764255	0.384830600589067
0.0300117531386741	0.0614092830319512
0.0312260239095461	0.0507689925213766
0.0701213066097353	0.105587284935051
0.346003476699346	0.35866668612912
0.380816188974204	0.41633292422285
0.380354012341652	0.388308243878092
0.0684756546805994	0.0719112104711787
0.378327747343711	0.370173767828096
0.371299261678818	0.368895053565046
0.104948660496248	0.0881190901379282
0.0849634853246983	0.158274776218991
0.282540156118793	0.206589653209026
0.360179244860585	0.268404729787227
0.200458554555741	0.217311813376308
0.207914090431868	0.180582400689747
0.0134317070155659	0.00466621016909373
0.0752761607682914	0.092154178591504
0.174783950710661	0.204998332980455
0.382253131174695	0.390205129778519
0.0823543206625103	0.0477032830762985
0.0117148334285104	0.0112964024322542
0.313526401073938	0.319942749603275
0.289278820342042	0.37129671811024
0.35248808585041	0.221494962789425
0.0166437807200467	0.0488297816717105
0.375541238550157	0.385913777570276
0.0801702152529621	0.0555919186100515
0.024351846302611	0.0155489405401303
0.245185292117465	0.282283778317108
0.0281240227457219	0.10233298198063
0.353833742190495	0.346095285653855
0.364687638467456	0.243239707419262
0.340210372321402	0.177794011331581
0.0121568111962854	0.0108033624708591
0.146548628345586	0.117182275858333
0.274386079876315	0.255081101309855
0.0450983863008489	0.0597957158348828
0.359731876275547	0.269625122861214
0.316097923565445	0.331215318489595
0.365300162462562	0.343046091287217
0.372500750432694	0.355267233865049
0.378432737011252	0.400962387826744
0.0139688211102686	0.01162143375005
0.0349758551813856	0.0200540816854711
0.0446362962822579	0.0575192546967914
0.296847361426987	0.333301471831626
0.0702035981756806	0.058490366997252
0.233979844263376	0.276168613909987
0.294110118493996	0.301992491578425
0.358492851017344	0.270272485592839
0.0296294691096056	0.0568502277577216
0.0282073542260612	0.026594257517321
0.00595422130001967	0.00165642801493343
