6521,1269,5433,8229,1573,51,2785,1301,6105,313,8412,7253,6159,2930,5443,8516,6242,8610,7648,7137,4735,8712,8812,8909,8959,7678,7423,6068,3678,3247,2036,9066,3998,1213,3933,3561,9168,5876,5414,1886,3904,1846,5562,7011,7609,3724,9273,5339,4860,3193,7738,2210,6507,4757,6828,1052,5037,575,931,510,7267,7943,7120,9392,5801,3322,1421,9496,6162,7652,7576,2415,3837,6402,7042,3239,7329,664,1914,2255,3090,1156,1586,2725,3081,1791,1405,526,9589,9689,2910,21,9790,4629,1039,7469,4264,7302,6964,9934
7682,3793,1917,8350,5692,57,2927,4052,6678,3148,8413,7318,5914,5015,4953,8517,3423,8611,6472,6286,4379,8713,8813,8910,8960,3201,7350,5219,4246,3863,6298,9067,5723,858,4179,2312,9169,4438,4364,3265,3202,3378,6129,3399,4606,4223,9274,1143,2597,2750,3048,4372,6574,4370,5202,780,3379,6957,576,2154,8036,5943,2831,9393,4054,398,7357,8061,5872,9535,6568,6026,2631,3277,5807,3647,4864,263,7099,426,8335,871,1815,1016,2529,1195,492,802,9590,9690,5986,32,9791,4191,7945,6020,3041,6959,1002,9935
7455,3374,757,8351,2648,311,3371,4290,7010,5483,8414,6992,6457,6114,8010,8518,6225,8612,6993,6536,6703,8714,8814,8195,8961,5744,7132,4193,4553,1961,3605,9068,5909,1361,5851,691,9170,2769,5806,2488,2138,2634,4846,3270,6384,2198,9275,2697,2665,3802,6543,1624,4796,1626,5572,337,6277,7663,285,5721,9360,3059,811,9394,4988,1539,7840,9497,5716,9536,6784,6902,6888,2293,6762,3314,5908,1242,5792,185,7585,848,2570,383,2294,582,1123,1007,9591,9691,6709,324,9792,6804,8109,6873,7151,6597,820,9936
7703,4734,3573,8352,733,13,1776,893,4224,229,8415,7473,6855,2386,7951,8519,5096,8613,7836,5184,7669,8715,8815,8911,8962,7776,7866,3240,5926,1530,2177,9069,5741,3107,6343,3628,9171,1993,4809,552,253,5251,5829,4458,7707,6787,9276,5271,3160,4795,6000,6124,5754,5773,6517,5280,5992,1351,2584,1323,5760,3599,6973,9395,3921,3813,1358,7149,4248,9537,9549,3279,2825,5653,4759,388,6422,1763,4717,707,4765,2939,374,4793,3942,693,4361,2643,9592,9692,7271,50,9793,2978,1040,6275,2897,8041,8057,9937
6862,4773,2412,8353,527,98,3929,4664,6701,838,8416,5204,3422,2384,5577,8520,3854,8614,6988,7821,7910,8716,8816,8291,8963,7065,9062,7481,3546,4433,3937,9070,6612,1387,4522,916,9172,6303,7250,1701,5729,2343,2817,7174,6775,4386,9277,1252,3321,3944,4894,487,4375,3461,6591,785,6295,5677,255,2317,6319,7777,2686,9396,6025,3851,3839,7806,4495,7643,9550,3834,5985,2121,5675,5613,6194,637,1729,737,3814,1427,2303,3737,1135,389,1854,1873,9593,9693,2175,121,9794,3300,1770,2872,6005,7471,7964,9938
7696,5229,2407,8354,817,759,3577,212,6322,656,8417,7970,6732,5502,6584,8521,5471,8615,8128,3306,7993,8717,8817,8912,8964,8154,5449,1482,4284,639,8239,9071,2869,6598,7759,766,9173,4579,4168,208,151,6922,7979,1718,7867,8242,8303,6898,4334,4065,3504,632,6971,1028,6452,9352,8096,1760,2391,377,4972,2425,9389,9397,8023,9495,5786,7540,5756,9538,7625,3049,8076,1553,3222,373,1656,5111,3145,319,3826,3821,409,8220,6367,6699,7397,7767,9594,9694,5072,5671,9795,703,525,8083,8122,7963,9897,9939
5311,3060,4840,8278,4139,1060,3318,1386,6731,5276,8418,7775,7456,6897,8515,8522,8151,8616,7530,5641,7073,8718,8818,8913,8965,3095,3973,1526,1132,1147,7173,9072,3394,1197,2152,777,9174,2187,7959,351,106,5969,6532,2762,5951,4675,8162,4468,7825,3991,8082,772,6694,4825,5601,898,7258,7575,6585,5416,8314,3093,2740,9398,8202,750,7651,7899,5604,8040,7024,3294,7170,1038,4314,840,2947,471,7626,109,7723,251,959,2511,6018,4162,2660,1340,9595,9695,7915,302,9796,7060,3916,6493,3795,8015,3733,9940
4779,5455,5797,8279,5256,73,2492,4663,5374,2013,8419,6273,5762,4112,4213,8523,7094,8617,7263,7837,7614,8719,8819,8292,8966,3953,7167,5620,2693,4978,2948,9073,6660,518,4545,1548,9175,7202,6102,2890,2086,5508,6826,4158,5960,3659,8197,608,4026,3494,6116,1681,5373,3545,5937,367,2614,4819,218,4536,9361,6136,5078,9399,4856,387,7022,8254,5187,7720,6975,2765,6307,2445,5617,2632,5354,256,2543,146,7245,867,1536,4228,1931,1829,1000,1182,9596,9696,4347,29,9797,2853,5624,6811,2849,7453,9898,9941
6175,2564,1355,6499,559,844,1822,2357,3076,1562,8420,1187,3815,630,2708,8231,4967,8618,5182,1761,3382,8720,8820,6692,8967,3989,2757,3231,2547,2522,4453,9074,3591,2148,3166,1918,9176,1783,3548,1633,3074,3974,4580,4275,3850,2541,9278,3400,4683,904,3351,3004,3766,1550,2556,3735,2354,2813,2962,1623,9362,4032,4690,9400,1735,3390,5071,8004,2832,7083,7543,3013,2203,1756,3213,2741,4254,1523,6051,1292,4931,1823,1628,3886,3091,2557,3250,1936,9597,9697,4388,792,9798,3469,3956,3428,3235,5073,9899,7612
3611,6246,5039,8355,7833,142,4094,1170,7580,3313,8421,3117,7744,7847,8190,8524,8044,8619,5825,5092,6633,8721,8821,8914,8968,3855,6123,1737,634,2983,7699,9075,4031,998,7234,378,9177,2954,7225,3801,790,5241,7436,1670,5785,3932,9279,1585,8032,3237,8165,242,5570,4087,5877,1113,5042,6782,760,4895,9363,3103,5175,9401,9492,711,7828,8005,6057,7962,6871,3594,7091,957,5673,420,2437,1380,3376,72,5709,1279,2011,7468,1734,3852,2344,1789,9598,9698,7600,78,9799,5912,7403,3050,4476,7485,7433,9942
147,8,5,3,1,2,4,6,108,1185,8422,8512,7971,7697,7193,8525,7231,8620,7412,8710,7597,8722,8822,8915,8969,6937,9063,9064,9065,6221,7713,9076,9165,9166,9167,7458,9178,9268,9269,6619,9271,7803,6809,9272,7437,8081,9280,8164,9349,7981,9350,9351,6590,6513,6645,8313,8131,9357,9358,9359,9364,9387,9390,9402,7967,7887,8320,9498,6593,9539,9551,7561,6621,9571,7358,9573,9574,9575,9576,9577,9578,9581,7901,7986,7809,9587,6058,9588,9599,9699,7515,9789,9800,9890,9891,9893,7627,7819,9900,9943
4962,6196,1517,8280,985,216,1661,1607,6465,577,8423,5136,4418,6947,7972,8526,5168,8621,5401,1796,7921,8723,8823,8916,8970,6704,7188,7305,5116,2284,2544,9077,6302,895,6522,2140,9179,7659,5642,779,2313,6757,6222,6683,6943,1035,9281,4689,3204,5941,6749,2961,6601,1082,4788,644,5747,588,166,1521,7640,7283,4143,9403,7944,4716,4694,9499,5846,6916,9552,1228,7128,4827,2609,5565,8063,1444,1302,1087,3552,1738,1764,3936,709,2078,2668,1781,9600,9700,6778,573,9801,2282,2308,7498,2370,5386,9901,9944
3917,3197,3467,8356,3738,27,4365,220,4366,6350,8424,6740,3550,7348,7563,8527,5667,8622,4481,5698,6795,8724,8824,8917,8971,5777,6551,5930,1621,2116,3026,9078,2595,748,3934,1316,9180,5657,7858,801,1203,5870,3482,3167,5293,4619,9282,2006,7335,846,5820,215,4587,1483,5495,1157,6758,6104,5518,5800,8248,5542,6790,9404,6313,5137,5678,8255,3716,9540,7228,5816,1807,4571,2403,2745,5191,1284,7419,70,7216,193,1305,6395,4199,6658,2852,724,9601,9701,6773,24,9802,2823,4646,6792,5920,6946,9902,9945
3835,2274,2516,8357,3257,1439,2801,2126,1300,2998,8425,3586,1535,2025,4569,7529,5463,8623,4881,4140,4593,8725,8825,7457,8972,4181,4910,5188,2904,2208,5189,9079,2246,2863,3654,784,9181,4505,4044,2072,555,3359,3509,1646,4607,1960,9283,3510,4970,1773,5596,2603,1838,2756,952,3343,5430,3086,2980,4685,6202,1679,3194,9405,4302,4960,2752,7807,2555,8139,7123,3734,2842,2679,1103,2879,2727,2887,7205,1346,7092,943,786,4083,2538,4817,2249,2696,9602,9702,3595,241,9803,2416,3755,3656,2334,1921,3393,3581
7441,2059,3746,8148,1724,689,3258,1047,2314,2094,8426,5129,6236,2420,4053,8528,4060,8624,4877,3354,5809,8726,8826,7210,8973,4750,6256,5171,1635,1669,5093,9080,1393,2728,4123,975,9182,5162,4982,1089,1478,2302,4147,2590,2179,2861,8198,2675,6201,1045,1354,970,5201,482,4078,3402,4873,2182,622,1975,7385,6132,6290,9406,5591,5853,3383,7017,3072,8328,6674,2650,4883,2826,4378,3584,3683,2050,3976,402,3718,1303,1980,5341,3985,3373,5652,1281,9603,9703,3438,705,9804,2751,1648,4696,4084,4718,9903,7454
7667,4583,4828,8358,4514,158,3892,4925,6976,1806,8427,2789,5077,6188,7508,8529,5859,8625,5949,7343,4220,8727,8827,7444,8974,1996,7030,2397,4182,2979,4597,9081,5029,225,6249,1033,9183,6400,7605,1327,3967,5294,6652,3118,3610,6209,9284,490,6997,1134,6827,1691,5715,1137,2829,1577,1671,5045,296,7119,8315,5708,7196,9407,6086,194,4951,9500,3151,9541,3297,1344,3272,2771,4554,3125,3515,1001,5212,257,5608,1376,1181,2723,2666,2860,1863,2635,9604,9704,6925,174,9805,5423,6174,4155,3860,5342,9904,7735
5035,2540,2494,8281,2067,453,3377,1412,2326,2892,8428,1904,1567,1598,5915,8530,1243,8626,4665,4064,4449,8728,8828,7996,8975,5448,5772,6021,1913,2786,1093,9082,2874,4586,1668,328,9184,1394,5998,926,2120,5050,5444,3869,3460,4098,9285,3972,5140,1665,2838,2264,5040,2744,3614,4465,3902,4307,1145,5630,7859,6972,1708,9408,2891,2578,4792,9501,3910,7547,7452,4805,2340,2008,3616,1747,3133,5044,8025,613,6836,1909,574,5835,4079,5356,4588,4843,9605,9705,2672,233,9806,4176,2864,2814,891,5896,9905,8145
7683,4573,2550,8359,3803,60,2626,4270,7153,2574,8429,7449,4180,2373,4170,8531,4771,8627,6545,7920,7361,8729,8829,8918,8976,4585,7975,6733,3319,4991,4376,9083,6406,648,2641,2749,9185,5940,6426,3646,1804,3759,6011,2658,7088,4107,8304,758,3484,3366,2916,2077,6182,3992,5623,267,4524,6131,604,5486,9365,3395,1847,9409,3249,633,7169,8062,5674,9542,7584,6389,5421,3034,6003,3232,6107,264,2534,265,8267,661,3017,1753,1693,1417,694,679,9606,9706,4760,33,9807,5681,7085,6663,3488,6963,4057,9946
4151,935,3126,8360,250,207,4774,536,5921,2451,8430,2783,6891,3833,4016,8532,6929,8628,2676,5372,7003,8730,8830,7893,8977,4934,6208,725,1673,1622,7004,9084,2021,2060,3178,629,9186,2265,2946,2250,1484,2112,7104,4430,6461,1245,9286,2241,2498,3392,7315,538,5780,4159,3871,5082,2482,5285,4534,3157,7716,6640,4315,9410,3336,6647,5106,7568,5014,8140,8074,4833,3199,782,5410,395,4398,4527,7888,115,8007,4349,1457,4077,1446,4231,3961,5836,9607,9707,6651,1666,9808,3114,988,6035,6429,5451,9906,8186
8147,5047,2125,8361,6308,199,4698,1798,6679,5884,8431,5456,6910,6237,7166,8533,6079,8629,7027,4574,2424,8731,8831,7823,8978,6892,8092,814,2809,5529,6712,8302,5469,1992,2731,505,9187,6329,7997,1618,1294,3052,7513,4278,5461,4672,9287,4955,6251,5810,6801,3878,4704,3315,2020,3707,2582,4010,167,6575,9366,7624,950,9411,7371,454,4639,8256,2240,6518,2418,1098,6170,723,3458,1774,2690,1987,5558,63,7467,1532,2093,1049,2670,456,4778,2061,9608,9708,6885,322,9809,2169,7007,4127,4166,6165,3748,7871
3335,2396,2084,7832,4474,1592,3481,2172,5167,1595,8432,3259,5024,4854,4644,8534,5362,8630,6052,4504,2251,8732,8832,6904,8979,5803,5602,5763,3283,1825,4348,9085,4002,4119,2987,1004,9188,3388,5415,1901,3751,888,5366,3785,4294,3290,8305,701,3663,3350,5133,1399,5041,1400,3046,2399,5597,4730,1907,1954,8249,4697,5466,9412,5506,1183,3405,8257,4192,2933,2378,3637,3406,2483,1726,261,4241,1644,7722,234,6152,860,2189,4692,3289,3699,2795,2019,9609,9709,5422,1208,9810,1167,3677,3253,571,1590,9907,7666
3233,1432,4836,8085,4358,104,3822,304,7278,6154,8433,6926,6397,7770,5740,8535,7411,8631,6436,3747,6080,8733,8833,8919,8980,7824,3415,4651,1396,807,6403,9086,2309,532,6921,1597,9189,6379,7685,752,370,6371,7784,955,6786,3403,9288,5279,7219,1721,5922,236,6662,1720,5606,2878,7884,7747,3664,2453,8167,2333,8003,9413,7968,5539,7702,9502,4804,9543,4643,2901,4903,3130,2405,1816,1565,4208,5628,209,5680,226,2223,5360,3741,6884,4402,1064,9610,9710,5919,254,9811,1632,1261,6205,4088,7152,9908,9947
2906,1273,3025,6793,2649,798,2573,1453,5125,546,8434,4216,4234,5850,4367,8232,3980,8632,5464,3441,4351,8734,7604,2353,8981,2212,4889,4030,3569,732,3180,9087,3579,3635,1345,967,9190,4194,3251,1528,2793,3357,3672,2361,4341,3424,9289,1877,5231,3694,563,3164,4542,1836,3649,3630,2092,2026,3175,5333,4720,5046,2715,9414,958,3984,4770,8053,1414,7741,6169,1617,3432,3244,1939,1672,4848,2075,1434,1826,4831,1943,1802,4299,2489,5213,4686,2984,9611,9711,5540,1583,9812,1452,2507,4187,4888,4614,7331,3777
5146,857,4121,7872,5534,61,4966,1788,5192,2506,8435,4265,6309,6166,3884,8536,5990,8633,4975,3106,6766,8735,8834,8091,8982,6122,7320,3334,1075,3742,6754,9088,2898,1641,5003,1989,9191,5183,6627,960,3209,3506,6599,3697,5164,3692,9290,4369,6017,3056,4743,1651,5571,1416,4758,1373,542,6260,2800,5955,9367,5689,4543,9415,7327,803,3885,8258,4456,7215,1714,2589,3514,4291,2248,2949,1438,570,8334,686,7052,227,1699,6860,3927,3459,1226,680,9612,9712,6479,55,9813,5705,5476,4286,1272,6342,9909,9948
5655,4806,3907,8282,7035,88,2465,4822,7154,1388,8436,7950,7303,5181,6928,8537,3634,8634,6980,7248,7442,8736,8835,8920,8983,3523,6473,6328,2406,4406,4575,9089,4620,477,1929,1911,9192,7333,5748,3994,3210,2101,4450,4746,7012,3794,9291,698,3349,2674,8216,761,7175,4741,6388,298,1743,7006,953,4930,8168,8171,3968,9416,5239,1221,6331,9503,5592,7688,9553,5735,5482,3558,5627,2106,6292,221,2963,126,6270,771,2988,2432,2449,830,982,861,9613,9713,4794,17,9814,3331,4497,7150,2811,7579,6919,9949
6349,821,1581,8362,6763,186,1217,476,4647,865,8437,6864,4297,6382,5578,8538,1382,8635,6865,3830,7994,8737,8836,8921,8984,5139,7087,7066,5152,1697,6718,9090,5903,1514,4753,271,9193,6149,7700,248,1799,3495,3342,5108,6516,7032,8306,1499,1613,4141,2480,4824,5517,2360,5732,6041,7714,3410,191,6253,6539,2705,4780,9417,4443,3638,6341,7611,3082,6752,7721,3268,6917,4267,4317,5417,7752,1677,1043,578,5148,2647,1973,7084,1625,417,2637,7109,9614,9714,7182,589,9815,886,2066,6355,5385,6484,9910,8274
6863,2677,3245,8363,6616,20,5264,999,6702,5782,8438,4034,6849,7677,4570,8539,5235,8636,7422,7405,5979,8738,8837,7932,8985,4798,7147,4008,910,1491,3667,9091,2713,934,5215,912,9194,5487,7923,2820,646,1112,6747,3450,6135,2613,9292,1168,4532,1832,6906,262,4936,3566,5953,1468,3963,7532,3020,6486,9368,6306,5491,9418,5984,2525,6361,8135,6002,6816,4460,6586,5409,2546,5462,3116,5060,4000,6381,90,6504,284,1767,1223,2190,617,5023,685,9615,9715,2323,40,9816,6492,9892,6812,7093,6785,8208,9950
7516,2581,1982,8364,1216,150,1941,553,5436,879,8439,7754,5142,2790,4584,8540,3122,8637,8191,1366,7995,8739,8838,8922,8986,9059,6127,7113,3940,1588,5819,9092,7383,658,7211,672,9195,8240,7226,176,1866,4186,3819,4091,8241,4654,9293,1719,2331,7868,3360,4356,8034,2985,6907,4491,9353,2678,438,1290,3725,8051,7307,9419,5749,5420,6291,7503,4415,4956,4907,1837,6404,6834,3414,7417,7494,640,882,2981,3040,5157,2955,7854,2661,303,3705,4411,9616,9716,4898,276,9817,774,600,5633,6362,8207,8338,9951
8343,5446,1903,8365,2174,35,3756,512,4775,430,8440,7381,4038,4318,6346,8541,4631,8638,8211,3846,8711,8740,8839,8923,8987,5752,6724,8238,6447,994,4419,9093,4420,1531,7489,2706,9196,7005,7606,125,1687,3541,6769,4812,5961,6489,9294,2402,4547,5489,1841,7127,6037,1908,4744,1840,7242,4116,427,1244,4373,7904,5906,9420,7354,1192,5702,7090,5995,9544,9554,2124,4046,7843,5618,4104,1906,494,942,3704,2759,4259,360,6478,874,1589,2770,3110,9617,9717,3452,164,9818,2970,1141,6449,7369,8270,9911,9952
7601,6276,5765,8366,5614,228,2520,2591,7545,1058,8441,7623,4939,6920,6716,8542,6410,8639,7953,7038,7145,8741,8840,8924,8988,4904,6956,5925,2054,1493,6634,9094,7158,305,2276,2234,9197,6500,7977,4097,1792,4022,7673,2758,6420,3557,9295,334,4729,2258,7377,2828,6566,4028,7068,533,1504,7708,497,7815,8250,7913,4021,9421,2443,894,6497,9504,3430,8329,7870,3650,7041,3479,4303,2028,6529,299,2971,130,7654,1003,2055,2053,1360,2115,1100,816,9618,9718,5510,103,9819,2207,4384,7398,3271,7544,7026,9953
7047,2535,775,8367,4680,287,2400,813,2554,2692,8442,2966,5061,6825,6139,8543,4101,8640,1627,1584,3087,8742,8841,3831,8989,3101,4368,7424,3602,3900,1882,9095,1126,2270,4699,903,9198,1436,7212,2780,3155,3536,6432,3740,4036,4755,8307,1968,6103,3528,5724,2629,6502,706,4484,2438,6685,4707,408,5948,8133,5822,4432,9422,3576,6228,6771,9505,3039,7852,8056,5298,2822,939,4673,1259,4049,3939,6924,141,7206,1375,1818,2730,1110,2784,5019,4705,9619,9719,6659,1642,9820,5987,6108,5055,359,6622,852,8275
5521,880,887,8125,4471,466,3880,392,6233,4763,8443,7125,5757,3445,5270,8544,7199,8641,5457,717,6238,8743,8842,5527,8990,4905,4085,4482,3320,3470,5097,9096,1881,2606,4173,2024,9199,4829,7189,310,562,6239,7081,273,5852,6359,9296,4252,6850,2388,2951,4146,4253,1206,2356,3811,4012,3308,2411,3935,8201,5901,7416,9423,7407,1994,6950,8203,4964,6581,455,3108,6883,4131,2167,708,1506,5887,7346,877,7445,1146,1551,5766,5296,2191,3132,3140,9620,9720,7409,149,9821,3476,4124,4733,1212,5368,9912,9954
5492,3508,3779,8368,1534,84,3522,818,4782,451,8444,7435,2461,2352,3324,8545,2816,8642,5087,5010,6608,8744,8843,8925,8991,7054,7590,5661,2158,1976,3823,9097,6767,1013,6886,4017,9200,4561,4627,365,2502,3163,7691,7557,7425,3150,9297,3820,2239,5086,3418,6823,7040,5169,6655,1966,4562,1262,930,1430,5519,8172,6962,9424,3347,1246,4396,7408,6033,7765,9555,3832,6098,7844,4858,2733,7340,597,1088,3507,3958,2856,745,7620,2244,812,2423,1101,9621,9721,2754,46,9822,2599,628,7594,5325,7665,8271,9955
8344,5100,990,8283,1342,36,2468,500,7186,610,8445,8513,4932,2428,3903,8546,2586,8643,7724,2290,6177,8745,8844,8926,8992,9060,3429,6370,6120,1564,8059,9098,8048,5297,7881,4117,9201,6460,5292,120,496,4784,6495,1680,7797,5390,9298,7257,5759,5731,4624,7725,8312,736,6538,7787,7639,652,749,741,3588,6901,7269,9425,8134,5377,4444,7983,6012,6991,7936,2895,5295,7680,3029,2577,5808,906,781,2119,2921,3912,1594,8108,2291,1015,4496,3849,9622,9722,2048,252,9823,1202,890,7577,7470,9894,9913,9956
7656,2628,2218,8369,4635,543,1321,1239,3278,1702,8446,6036,5974,3532,5091,8289,4033,8644,6969,1543,6412,8746,8845,7802,8993,5980,5226,5805,5085,332,2358,9099,6168,4852,2549,1857,9202,6022,4816,269,406,1905,4020,1502,5867,5253,9299,1540,4174,4838,1542,2681,2630,3136,1398,4114,6193,6869,3146,2992,6560,1027,7395,9426,6974,6269,3154,8136,3170,7862,675,3564,2385,4526,4352,2215,499,1945,3000,2815,4249,997,1318,5431,1271,2974,6837,4324,9623,9723,4947,2262,9824,1765,3471,4440,2914,2845,9914,9957
8345,3700,1150,8370,1369,48,1814,415,4528,795,8447,8514,4477,3329,4783,8547,2748,8645,8029,868,5950,8747,8846,8927,8994,8299,2063,3416,6062,556,6705,9100,8019,3346,8080,4666,9203,7138,5842,380,479,4510,6040,1839,7999,5769,9300,5936,3527,7274,2298,7491,7933,992,6482,8106,9354,1304,1408,726,2487,4708,8319,9427,7687,8174,6676,7869,4345,7731,3129,2306,6263,7633,1372,1660,2459,1325,720,3128,1850,9582,2855,9584,4100,1265,7800,6099,9624,9724,5124,2091,9825,770,372,7551,6158,8008,9915,9958
428,1119,1659,4132,815,381,3943,1766,7155,3753,8448,5644,7222,3681,4745,8548,7874,8646,7043,6965,7509,8748,8847,6488,8995,3589,3261,384,1152,2548,6475,9101,3498,309,1965,1095,9204,4188,2188,1464,1951,7160,7139,1952,6372,5588,9301,1227,5977,4945,7438,6095,4058,1582,4239,6949,2654,7220,75,2517,9369,7292,7740,9428,5210,2896,6686,8259,2318,7504,1780,1853,5873,1231,768,1120,4227,3676,2563,407,7171,5533,1920,5632,1688,6642,7446,3051,9625,9725,6423,3309,9826,4463,5787,6408,5170,7987,9916,9959
7404,3868,2918,8284,2134,1616,4125,1454,6409,2636,8449,6266,4995,6807,5009,8549,5743,8647,5000,5798,6667,8749,8848,4321,8996,4500,5981,1723,2047,1885,5059,9102,2359,3446,400,437,9205,3592,4986,439,2797,1872,5730,5789,4424,4926,9302,2322,5978,3068,4153,5258,5480,2170,4245,2289,4814,1277,474,6210,8251,5697,905,9429,3757,1898,4657,9506,1067,6503,5289,1722,2545,481,4346,3517,5147,2920,2009,1062,6696,3014,583,4990,308,2526,6445,5350,9626,9726,5751,615,9827,6028,1525,4041,3643,4339,8272,9960
5640,4637,2130,8371,3996,1403,5269,289,6148,4797,8450,4948,4623,6830,6911,8550,3981,8648,3625,462,5688,8750,8849,8113,8997,4560,6030,2711,1282,1390,6698,9103,2663,2871,6031,1630,9206,6150,2470,493,642,3353,5357,1249,7077,3079,9303,2473,6970,2886,6605,956,3805,1946,2620,5013,3713,6340,1552,2539,6688,205,6567,9430,6261,2743,6783,7788,1377,9545,4518,4748,5669,5717,2608,3291,327,5334,6164,984,3840,1683,1572,4937,3104,2321,6818,2791,9627,9727,5102,1142,9828,1843,794,5314,2755,3763,4994,7486
5541,6454,5929,8372,7360,47,4301,5584,6588,3585,8451,2071,7727,7755,7536,8551,7875,8649,7564,8153,7392,8751,8850,8928,8998,3618,7880,1477,2168,4949,5122,9104,5899,983,6618,653,9207,7705,7998,841,4507,4954,7133,5999,5283,5004,9304,1161,8014,5490,6481,856,6317,3531,3727,1099,2342,8001,135,5190,9370,7058,6508,9431,6609,293,7243,9507,5761,6284,5254,2163,4679,1022,5665,2389,2753,866,2501,93,5208,964,2213,5017,1460,611,1343,2286,9628,9728,4466,43,9829,3466,6805,3358,3230,7164,7774,9961
8346,1695,1065,8373,6464,86,2073,485,6764,899,8452,6206,7279,7940,5120,8552,7757,8650,6994,2950,8030,8752,8851,8929,8999,5062,2481,6905,3472,1023,7636,9105,6438,1247,3669,169,9208,6085,8093,188,3521,6734,8130,5332,5523,4920,9305,677,3970,4048,5885,5105,6735,1312,4136,6024,4323,5774,14,4875,7664,6669,7353,9432,7886,1571,7779,8204,5879,7863,9556,1031,7549,5834,974,2772,7308,5266,837,461,2925,6594,1608,5586,2231,1266,2339,3703,9629,9729,7675,4695,9830,722,1278,5775,5994,7552,6700,9962
7020,3325,825,8374,2953,124,3596,2327,2278,4327,8453,3158,3658,2518,6078,8553,1703,8651,5225,4486,6711,8753,8852,4061,9000,3565,5599,5528,4423,2893,5515,9106,2135,2166,1967,2222,9209,1674,3889,1509,4130,915,4483,6867,5662,3890,9306,1754,2973,2137,4958,4853,2261,1433,4621,4037,3276,3212,3771,2236,4983,5101,1784,9433,4691,2851,4844,7841,2145,7789,8006,1469,1297,4961,4292,4886,2316,1991,5274,1501,6004,712,1955,4462,3317,449,5406,1384,9630,9730,2088,28,9831,3924,4811,5224,5038,2866,3754,7794
2107,3153,4802,7908,2572,30,3874,3496,4400,972,8454,6171,4849,4928,4204,8554,5559,8652,6625,6399,4851,8754,8853,7876,9001,5605,6450,5934,1727,3328,5468,9107,5132,853,4489,2936,9210,3922,3750,3224,5173,3901,1888,5473,5904,1741,9307,3786,3938,1020,7616,294,5546,3930,3685,789,2867,3542,3286,1428,6990,7190,5790,9434,2204,1295,5153,9508,5127,5894,7465,2571,4977,6519,3141,5302,3655,419,4308,2074,4884,842,2659,3838,3372,1842,2766,260,9631,9731,2147,9,9832,6368,2102,5883,1579,5818,9917,8187
7855,5361,2238,7434,7645,180,1887,1381,7261,735,8455,6092,7517,7756,5522,8555,6425,8653,6960,6134,8194,8755,8854,8930,9002,4501,3534,4280,2912,808,7488,9108,5668,522,5982,516,9211,6523,8094,204,4787,6344,6727,5474,6524,7400,9308,625,5262,6661,4832,4548,7701,2254,4642,3714,2859,5580,71,2888,6217,6646,8052,9435,7355,2854,7386,9509,4240,6541,9557,1154,7368,5684,1821,2683,7674,1209,452,320,3352,2587,2004,4957,1171,1686,1871,6587,9632,9732,4150,357,9833,609,1465,6715,7526,7845,8084,9963
4890,2337,1191,7918,2410,200,1845,2401,2521,5119,8456,3617,3121,2627,6978,8556,5694,8654,6742,1508,7771,8756,8855,8931,9003,5472,8026,4074,4487,5081,5459,9109,3384,1639,6094,602,9212,6387,2908,270,5531,4963,4217,6996,5439,2732,9309,1011,1970,5504,4391,1470,5918,2409,3386,1012,3159,6870,560,4437,8252,7539,2346,9436,5020,1205,7461,9510,5535,5064,7751,5378,6235,2200,5812,3680,7865,1420,6314,266,7985,1313,2945,2827,2307,459,5263,863,9633,9733,3827,134,9834,2990,6582,5144,5594,7019,1744,9964
2600,4577,2268,8375,4767,595,4105,1820,4539,2774,8457,7072,3668,5783,7230,8557,5839,8655,6455,6948,6046,8757,8856,8293,9004,6442,6556,1979,3330,3645,4207,9110,2479,2079,4981,446,9213,3207,6707,2417,5516,1998,4198,7363,3451,2380,8243,2132,6512,2710,7281,347,4959,682,3931,435,6552,5359,823,6831,7827,5056,4711,9437,7631,6602,5907,9511,1808,5833,9558,5881,6761,364,5021,1268,5817,565,3708,69,7124,715,947,5691,584,3439,4056,1835,9634,9734,6569,168,9835,5166,7420,3858,4381,6216,3502,9965
1947,2682,3457,7628,7410,213,1057,3489,5525,3031,8458,5553,6691,2366,6069,8558,5548,8656,7849,8090,5651,8758,8857,8932,9005,3784,6466,6378,2039,6180,6226,9111,5220,987,1214,537,9214,5968,5163,3275,5355,6572,2835,6600,7426,6115,6881,1176,3770,6191,3688,3088,6932,2919,6638,1643,4885,3124,796,3296,9371,5428,3856,9438,7016,1322,7252,9512,4625,6090,9559,4226,7653,2474,5371,1237,6498,184,348,82,7071,744,2846,6958,3433,788,746,3044,9635,9735,3464,156,9836,949,6019,7447,2922,7476,8184,8340
5958,3263,1210,8105,1790,76,1800,502,3200,1379,8459,8067,3883,6666,6383,8559,3773,8657,7954,1148,2484,8759,8858,7957,9006,8031,2792,5869,5745,1066,6706,9112,8079,1193,5331,1736,9215,8012,7773,249,1489,7482,4441,2885,6413,7161,9310,3530,1599,5174,6257,7162,7786,645,6729,6330,7290,1097,170,1256,3248,7191,5902,9439,7860,7764,7926,8321,6833,5910,7204,2185,8182,6561,833,6477,2742,2607,326,2495,2277,7100,3109,7309,1653,1575,5335,7694,9636,9736,4582,1330,9837,944,508,7046,5303,7734,9918,9966
7917,2427,3706,8376,4320,290,3598,288,5511,4413,8460,6680,5424,7596,4328,8560,6564,8658,5447,6794,5336,8760,8859,8294,9007,5924,5660,5964,2226,2652,1777,9113,5179,876,2709,2003,9216,3693,7314,467,291,3497,6857,1614,5200,5025,7638,1019,3238,1728,6938,945,4769,2510,4599,432,5159,3299,4005,4066,9372,4636,4842,9440,5750,6050,6137,8037,3435,7548,6366,4067,4445,1678,3728,1173,6889,2183,6463,99,6746,936,1497,2684,5855,5938,4541,436,9637,9737,7689,25,9838,5299,2598,6610,5512,7025,5247,9967
6038,4662,6133,7284,6670,65,1809,3875,5788,3722,8461,5611,7365,4472,4156,8561,4106,8659,5260,7572,7028,8761,8860,8295,9008,5002,7031,4968,3019,2653,5898,9114,2843,1125,5198,1696,9217,5155,6967,4118,1050,6822,4070,3549,4688,2776,9311,1601,4935,2527,6573,1080,3988,4469,5844,927,4392,2382,470,5089,9373,3899,5381,9441,3971,558,7069,8176,2347,7693,5923,3526,6433,1715,5736,580,2372,418,2848,162,7295,636,2926,6468,1165,4115,668,1566,9638,9738,2975,49,9839,3698,7695,4296,7238,7165,7260,8276
6446,1757,2880,8377,4761,590,3950,1849,4421,1956,8462,5856,3401,6494,5725,8562,4478,8660,5726,4768,3749,8762,8861,7941,9009,2993,6161,3337,2157,1451,5866,9115,4736,1516,1336,2376,9218,4944,3800,1750,1078,2839,2565,2639,3979,4225,7925,3918,6427,4721,3572,3111,3844,1999,4164,3355,5954,5026,3607,3179,9374,2097,4511,9442,6055,1755,5794,9513,2694,6859,662,1654,1889,2076,3540,3567,3721,5454,7496,1932,4600,524,2435,5126,896,3792,2441,1649,9639,9739,3421,183,9840,297,721,2111,1129,5871,8009,7364
8347,7736,1051,8378,928,139,1793,702,6176,1180,8463,8189,6665,2133,3881,8563,3206,8661,7063,1558,6579,8763,8862,8933,9010,8078,4062,5544,5389,3094,5145,9116,8027,1981,5300,4754,9219,7116,3192,366,2041,4076,6274,6419,8159,4312,9312,8095,1962,7761,4810,6181,7500,1751,6745,5265,6240,791,714,465,6440,8021,5313,9443,6082,1309,4965,8137,7463,8107,9560,3243,5154,5821,2046,2431,5557,569,1071,1554,3789,1986,1442,3841,3543,688,2847,1367,9640,9740,3867,247,9841,1682,696,7769,7595,8337,9919,9968
6722,4233,2392,8379,2475,112,643,3304,5989,1461,8464,7048,4732,2623,6391,8564,7254,8662,6842,7519,5615,8764,8863,8934,9011,5947,7698,5484,4976,4719,3690,9117,5530,843,3311,1319,9220,6668,6140,3185,3919,6636,5706,5857,3887,5369,9313,1892,4515,4014,6462,996,3142,4047,6023,343,6073,4148,670,3975,7934,6672,2144,9444,3818,1395,5481,7842,5770,7914,8100,5811,4172,2363,5365,2328,4040,123,6245,279,7753,403,3473,1207,3165,1593,554,854,9641,9741,7130,85,9842,3147,7497,5848,4749,7310,2374,8188
7947,3215,921,8380,6544,137,1984,4357,7646,6272,8465,7131,6145,8088,7796,8565,7801,8663,5814,7613,6067,8765,8864,8935,9012,6207,6697,3211,5130,3796,5150,9118,5094,1083,7097,650,9221,2503,7978,3923,1288,4211,5343,3070,6868,4163,9314,2118,5983,4167,8020,1610,6054,547,6900,429,8035,7394,268,7326,9375,2997,870,9445,7439,3054,7718,9514,6332,9546,6514,7276,6772,1289,4572,1133,7277,1604,3096,119,8336,587,3182,504,598,1085,1733,2638,9642,9742,5823,198,9843,7402,8221,7790,7001,7831,925,9969
8104,3344,3381,8381,7478,111,4641,3120,4072,3220,8466,3492,6954,4652,6471,8566,6632,8664,6506,5889,7374,8766,8865,6347,9013,5865,6377,1188,3023,4451,5567,9119,4723,738,3894,755,9222,5917,6756,1238,4313,3007,7098,4237,4863,3478,8308,2585,5582,5932,3653,3305,5764,1229,700,3673,2209,7089,342,6049,9376,7642,3797,9446,3999,116,5123,9515,4203,9547,1257,2007,3195,2016,5098,6714,3642,1055,7619,401,8268,1503,480,3367,3177,2722,2767,1179,9643,9743,7928,128,9844,3965,6065,2287,666,7061,9920,8110
7507,5209,333,8285,635,1250,2057,718,6326,1211,8467,7930,8288,2404,4359,8567,6285,8665,7571,1447,7232,8767,8866,8296,9014,7101,4742,6179,4035,5321,4310,9120,4293,5590,2559,3375,9223,5074,2729,599,4987,4414,3622,7067,8013,2368,9315,5068,1811,5832,4218,6851,7501,424,5403,2509,3807,1731,346,447,7176,7560,2043,9447,4837,1957,7805,8322,6336,5589,9561,4918,3631,5704,2568,6553,6562,1151,2243,3064,3411,1293,1995,917,5737,1556,2131,2996,9644,9744,7183,230,9845,1061,1413,7217,4974,6214,969,9970
7239,3323,1267,8382,4622,143,1638,1054,7177,2714,8468,6280,3135,7382,6146,8568,6339,8666,6398,3644,4556,8768,8867,7029,9015,5250,4878,3260,4677,1409,2798,9121,3490,3223,2717,182,9224,2818,6821,178,1875,4190,5493,1401,6604,5569,9316,4737,4488,4285,3623,5395,5556,1138,2764,3743,3032,1924,278,4661,9377,1698,2143,9448,6893,4668,6690,9516,5286,5791,8261,2150,4751,2642,540,5566,5536,5712,2180,2429,5911,2114,692,3214,981,1153,7018,6548,9645,9745,4502,211,9846,1096,7247,4257,5595,5837,8042,9971
2862,4821,3710,8383,3966,114,2062,5507,6623,869,8469,7856,7581,4189,6224,8569,5434,8667,7342,7223,7573,8769,8868,8297,9016,6386,7233,7811,2421,4872,4304,9122,5784,660,1612,1359,9225,7882,7159,3897,5199,3641,1657,6684,6151,5216,9317,1609,3256,3670,7813,363,6156,4096,5826,422,4283,3799,977,3045,8169,6673,3499,9449,6968,1933,4914,9517,5564,7237,9562,2841,6641,2986,5520,2162,3731,283,1758,92,4869,544,3176,2700,4354,1122,654,1280,9646,9746,5291,77,9847,1805,4215,4671,3986,7792,7272,8341
7907,1557,1115,8384,1700,561,5048,410,4422,4383,8470,6144,7587,4681,6281,8570,6458,8668,6936,314,4859,8770,8869,8936,9017,5778,3547,5327,1415,2806,7567,9123,7218,3293,6798,2273,9226,5248,4891,300,196,7499,5479,743,7334,6360,9318,1834,7760,3864,5672,3896,6945,219,5110,2941,5733,2065,3993,1315,8002,1473,8022,9450,7610,1546,7428,8177,4214,5868,375,4919,6448,5498,4144,390,612,7830,7818,1317,5305,2763,2698,7430,5018,2297,4133,3969,9647,9747,7569,473,9848,2486,2476,6321,2161,7002,7793,9972
4412,989,3397,8086,4371,187,4499,475,7207,1831,8471,3842,7049,7479,7172,8571,6282,8669,7537,3926,8045,8771,8870,8937,9018,2224,5975,5058,4340,1522,7649,9124,3228,3853,2466,18,9227,6316,5779,325,1498,3022,5622,4747,3882,3775,9319,2883,7483,1692,2504,5272,4656,3954,5309,4455,6547,7804,206,2687,8253,2932,6852,9451,6915,4271,7462,9518,4416,8205,6853,1084,4609,3615,3097,5470,3234,3624,805,523,2673,607,2136,3348,5310,1880,4876,1255,9648,9748,4912,585,9849,318,4001,5738,5849,4952,6721,9973
8066,3639,4659,8385,2669,136,1852,529,7711,1419,8472,6241,4268,3412,7262,8572,7848,8670,7285,6088,6571,8772,8871,7838,9019,7050,6796,2533,4019,909,6312,9125,4709,223,4924,443,9228,5636,4457,765,1440,5261,7583,3252,3712,5609,8309,224,7785,5223,5711,3603,5858,4092,2523,2736,4185,6074,31,6318,7282,5194,7322,9452,5057,5143,7023,8323,1476,7984,8262,783,7300,1224,1466,1782,7390,1861,2444,59,6542,3674,2214,1867,1640,4544,4722,5882,9649,9749,7550,4563,9850,884,5676,5412,3911,6510,4706,7990
7009,4596,1985,8386,5864,62,1775,1658,4027,1056,8473,6247,4464,6258,3717,8573,6841,8671,7370,4043,7955,8773,8872,8938,9020,5178,5959,8155,3404,3310,5890,9126,7096,734,6565,920,9229,5927,6995,231,5453,5843,6250,5394,7240,6781,9320,1090,4322,7078,5165,4238,7213,3425,6414,2515,3226,2099,172,3516,7966,7672,4611,9453,6262,819,5141,8324,5880,7617,8075,1935,6013,5273,4071,2500,7523,809,376,697,4161,1513,1870,4408,1458,681,965,5639,9650,9750,7184,54,9851,1338,1077,7448,6469,7929,8043,9974
7948,1922,2560,8387,3281,281,3191,1869,5973,4169,8474,4512,6172,2799,7668,8574,7036,8672,5277,3865,4007,8774,8873,8212,9021,5402,3137,6119,1899,1865,3816,9127,5635,1587,2398,2671,9230,6687,6799,171,1596,5962,7362,1116,5746,3866,9321,1287,4992,2156,6348,1949,4015,2012,5905,323,6259,6814,3559,6001,9378,1254,1109,9454,6689,1876,6204,7045,5156,8024,2379,5075,6296,3512,2716,2935,2349,1009,7129,800,2619,1140,1919,1576,2082,4393,1102,258,9651,9751,7432,295,9852,4403,5107,6121,4493,6279,7380,9975
11,80,444,1175,2123,222,2569,971,6555,5693,8475,1937,6470,5739,6979,8575,4785,8673,5967,6808,5768,8775,8874,8011,9022,6942,4276,3010,978,5600,3387,9128,2704,1402,4632,835,9231,6720,7181,2257,1959,7103,5244,4360,3284,3781,9322,3172,7126,1541,5376,1364,6695,2738,5238,2917,6141,5585,5348,5573,9379,8117,6491,9455,6614,1827,7244,9519,5440,7505,6415,6212,2968,1636,4559,3847,2490,2237,8266,175,9579,773,1884,2505,3621,1740,3736,5555,9652,9752,7391,244,9853,4530,3380,5255,3905,5939,9921,9976
7704,2105,2202,8126,2272,23,3264,2940,6563,1042,8476,6577,2994,2017,4206,8576,4933,8674,7095,6966,7264,8776,8875,8047,9023,2907,7546,7657,5172,3389,3739,9129,4089,1163,2761,2413,9232,6081,5252,3442,5478,3828,3012,6190,3409,1196,9323,3075,4103,1118,5952,710,5465,2015,4177,961,2032,3027,719,3009,7291,6490,5118,9456,2387,2452,4055,9520,5734,7541,8263,5647,6034,6657,5211,4520,6535,889,2695,1828,5217,307,2857,1219,1926,1063,966,1426,9653,9753,3982,15,9854,5610,3732,6157,4342,5442,8144,8123
8348,810,1111,8388,6435,100,1868,306,3862,727,8477,7834,4331,3533,4513,8577,3744,8675,6411,1833,7287,8777,8876,8939,9024,3990,3764,7976,6315,669,8157,9130,7195,3463,7857,161,9233,6914,7512,201,1479,7117,7598,3501,5435,7538,9324,1544,1705,5419,883,5370,7826,1459,6639,7559,7336,4442,331,1824,7275,2108,9391,9457,7221,2942,7726,8218,5956,8330,5497,2395,9570,6138,4640,4353,6939,2128,1139,1864,6075,7514,350,7937,3280,1298,1568,5076,9654,9754,5429,6554,9855,567,919,6952,6986,7472,8222,9977
3895,2042,2610,8389,2616,1916,3701,2924,5501,3254,8478,1768,3513,5049,4900,8578,2768,8676,4110,5860,6820,8778,8877,7157,9025,5916,6474,7487,1363,1240,5656,9131,3246,5966,1746,197,9234,3203,4385,2205,2605,4244,6288,5301,4813,1574,9325,3307,1878,2537,4355,3008,2938,404,3767,1253,4473,2456,1694,2840,8060,3413,1131,9458,3174,2201,5001,9521,1505,8141,7059,4558,4989,5242,3947,1830,3365,3139,4633,1972,5467,1879,1533,1329,423,4219,5234,872,9655,9755,5259,122,9856,2173,4938,3872,4693,3332,1730,9978
6417,2033,6039,8286,3946,246,2034,2833,7197,619,8479,7795,5659,5316,3427,8579,4235,8677,6254,7931,6310,8779,8878,8940,9026,6617,8301,3870,385,3015,6459,9132,7384,361,5338,1685,9235,6072,7924,2689,1178,4401,8050,6364,3587,3537,9326,1010,3071,4839,6451,1014,4435,2976,7414,2022,4791,7762,391,7798,7203,6211,3891,9459,2528,2377,6894,2422,1902,7493,9563,4867,6736,1520,5593,2959,2285,345,6649,83,7781,1215,2296,6777,1005,3030,1410,1117,9656,9756,7742,173,9857,1487,6549,6219,7111,6854,7810,9979
7553,2228,4221,7710,1997,243,1974,2010,6396,1385,8480,5149,4985,3038,6681,8580,7037,8678,6070,5710,5827,8780,8879,7965,9027,4703,4467,1655,1634,806,5066,9133,4598,396,5587,1201,9236,4911,4645,3161,1136,5450,6879,2192,2552,4262,8215,179,6983,2567,5893,2726,5284,2171,4343,3845,2699,4344,214,2245,6730,4517,4916,9460,3067,4568,6056,8054,778,6895,8264,1890,5598,2837,1270,767,6117,1169,3633,138,5895,3955,932,5195,1591,6213,5112,5685,9657,9757,6595,2381,9858,2199,7229,5654,6044,4589,8185,6875
5315,3578,4927,8390,5913,42,1549,2332,4178,3216,8481,6453,6405,7745,6376,8581,4850,8679,6199,3600,2915,8781,8880,6431,9028,6118,6682,195,1925,5240,7194,9134,3024,2436,4075,1745,9237,6693,5088,804,1406,4490,6800,3913,5267,5364,3888,1629,6324,5700,7082,3964,4866,3945,5445,5663,5683,513,87,948,9380,6580,3857,9461,7051,5095,1286,9522,3879,7464,4111,4855,1900,528,4777,1667,503,3449,6847,362,6505,3113,2221,3069,2184,3768,4250,1559,9658,9758,6338,713,9859,5576,2701,4835,4726,6015,914,8111
7991,1335,442,8391,5008,129,2030,557,6896,3042,8482,7474,6550,6927,7341,8582,4845,8680,7728,1347,7146,8782,8881,8941,9029,6311,3556,2103,5931,1950,8070,9135,5236,2052,4129,117,9238,3162,7883,91,2531,5363,7706,5151,5344,5549,9327,2464,6496,6130,2068,6392,6252,353,2561,5083,7897,6485,107,4557,6750,6802,3636,9462,9493,2232,7719,8138,6373,7338,7466,2646,7927,2193,2242,5847,5246,1927,1328,892,4555,6407,1431,5993,1024,352,3806,6933,9659,9759,6615,2419,9860,1518,5099,4263,5619,7988,850,9980
5065,3906,3640,8392,5972,140,4687,3920,6385,1463,8483,6066,3909,5771,8058,8583,4325,8681,6644,7822,5458,8783,8882,8942,9030,3156,7851,2196,3619,3893,5460,9136,6719,624,6231,651,9239,6353,7894,1474,4011,4818,7289,3255,6244,4830,9328,416,6111,5892,4086,1772,7014,3525,3267,1128,2338,7415,79,4029,7960,5249,4295,9463,2781,235,7108,9523,4658,8055,6394,1218,4229,2426,4407,2982,3791,1166,1030,202,3134,1707,3190,5306,1676,1350,1124,2447,9660,9760,6434,152,9861,4269,4674,4232,2315,7086,7938,8223
2542,1443,2667,8230,4752,1538,3369,2109,3609,3061,8484,4184,4073,3298,1851,8233,5563,8682,5318,6101,3571,8784,8883,7288,9031,4940,995,5407,1547,1472,6843,9137,1620,3171,2472,2117,9240,4183,5626,2089,4546,3765,2229,4700,3188,2633,9329,1144,6559,1121,5032,551,1762,2858,3084,5353,4533,4108,641,3782,7961,5505,2844,9464,2497,2702,1953,8118,3500,6908,7163,2685,1383,2519,2164,3505,3301,1778,5928,855,4006,690,1445,3073,2583,4200,4999,3053,9661,9761,1241,979,9862,4470,4516,2375,2325,2081,9922,7916
8209,5650,539,8393,601,239,1008,2194,7062,1032,8485,7782,7783,2617,6198,8584,6515,8683,8192,885,4756,8785,8884,8943,9032,8237,6327,5935,6437,3590,5621,9138,5758,3553,1891,2596,9241,7958,2455,203,2252,1527,2230,3408,7376,1326,9330,4550,2369,6654,7325,2056,6533,507,6675,3914,8200,1320,3205,1076,7057,7898,4171,9465,9494,6751,6232,8260,8098,2952,3208,6951,4417,6186,3684,5160,2778,799,4446,3772,3002,2031,3686,1859,6985,277,4834,2027,9662,9762,6126,210,9863,2000,579,5196,3648,7311,3486,9981
7622,3604,2096,8394,6953,113,3434,4803,7208,2999,8486,6155,6935,7909,6167,8585,7136,8684,7255,7635,7974,8786,8885,8298,9033,6774,7922,4901,2129,4713,6071,9139,5841,349,3181,1578,9242,4950,9270,2458,986,2775,3995,2260,7367,3539,9331,728,3447,3485,7839,1495,6294,2720,5607,592,4337,7739,301,7521,9381,5245,2367,9466,4917,3189,7935,9524,3679,8119,8180,4676,6648,1545,3138,1561,7294,534,2493,81,6872,498,1422,649,2588,2155,2299,673,9663,9763,7347,131,9864,5323,7733,7143,7008,7359,1874,9982
6029,6876,1260,8395,1494,159,1795,450,2434,753,8487,8017,4893,4081,4448,8586,6578,8685,8234,1977,5351,8787,8886,8944,9034,9061,5383,7450,5011,1311,5875,9140,7615,963,7102,1684,9243,7556,6635,286,831,4152,3696,2721,7660,4459,9332,6931,2734,7661,5886,6467,8199,1036,7266,5532,6592,549,371,1025,6218,6184,7492,9467,6760,5349,5755,8178,7328,6333,7632,2875,7644,8183,2320,3629,5411,472,763,3555,2794,2760,1958,6738,2271,464,4566,3632,9664,9764,6596,457,9865,1220,764,7791,7903,9895,9923,9983
6611,4616,1263,8396,5824,160,1492,603,7939,1712,8488,4913,6741,7319,7313,8587,7588,8686,8193,3675,7956,8788,8887,8945,9035,6866,7520,7055,4915,2058,2300,9141,7510,335,7511,468,9244,7591,8049,89,5308,3266,6501,7608,7351,2913,9333,1307,4655,3730,4247,1817,7912,1894,5320,2217,7650,2655,102,4882,7641,7459,2810,9468,7344,4993,7345,9525,6656,5944,8181,1569,8121,1652,1794,5128,6416,1481,548,421,5007,3303,1512,3462,1059,469,3928,4670,9665,9765,6300,488,9866,1332,4498,6819,5802,8102,9924,9984
7554,3453,491,8397,460,1404,3426,3227,5380,729,8489,3601,3952,3105,3518,8588,4209,8687,5392,6351,3977,8789,8888,7589,9036,6220,3662,2070,4281,3333,6301,9142,1283,4475,2463,1944,9245,4874,3691,530,2038,4273,6620,5016,1310,3613,9334,3538,2122,924,3780,2836,3364,411,5069,4287,3368,4772,731,581,7451,4363,4921,9469,4389,1934,5845,5631,2645,7750,8142,3431,5079,2928,1739,2440,4335,3080,5970,913,4447,2929,344,5034,4595,4160,5670,4256,9666,9766,4538,356,9867,3127,1605,2956,5346,5513,9925,8224
4025,4908,5330,8398,7135,110,3812,4009,6526,4210,8490,6813,6197,7297,8089,8589,7518,8688,6955,5991,5543,8790,8889,8946,9037,2477,6418,3149,1803,2330,4410,9143,5861,425,4969,973,9246,4902,8129,2964,1647,5891,6032,2364,6880,5282,8244,824,7324,3554,7106,674,5345,3825,4880,280,4525,7671,851,7885,9382,2247,4387,9470,5524,687,7730,9526,5496,8331,5679,5043,6441,1006,4800,1787,5030,704,1507,97,6890,845,2090,2808,933,3083,941,1449,9667,9767,5714,58,9868,6064,7889,6195,2390,7379,8339,9985
6430,7570,1690,8112,1407,153,1600,1339,4243,448,8491,8068,7112,2151,7144,8590,3652,8689,8152,3582,5538,8791,8890,8947,9038,7911,7280,7531,4892,4018,5158,9144,6008,1017,3563,1732,9247,7629,3859,463,1664,2469,2256,4277,8116,5581,8163,5375,2139,7352,8247,2279,7814,2083,7729,3562,5933,515,665,520,7316,8173,6125,9471,7356,4099,3285,9527,6846,6084,9564,3047,4023,9572,5658,7429,8265,495,847,3666,2621,946,4298,5290,4669,566,1529,2618,9668,9768,4003,157,9869,1149,568,7681,6848,9896,9926,9986
4050,4801,2592,8399,3535,105,4051,6143,6723,1437,8492,5399,4109,6840,7873,8591,5687,8690,7298,7892,7555,8792,8891,8948,9039,4626,7772,5514,3362,3987,4479,9145,6096,593,7148,564,9248,6128,8115,993,5545,5185,5104,5408,6810,4195,9335,484,5384,4551,5109,659,7241,3144,6923,834,4628,7214,127,5070,7268,4667,3715,9472,5233,1797,6540,9528,5117,7618,9565,1435,5028,1352,4605,2141,7524,1429,413,165,2044,1537,3848,3620,623,1299,1485,3810,9669,9769,5418,96,9870,3798,3465,2737,6806,7846,7621,9987
8226,2104,1162,8400,776,39,2812,1456,6934,878,8493,8149,3475,1500,3440,8592,2824,8691,5997,2408,6283,8793,8892,8949,9040,5206,3398,7021,1276,3570,5425,9146,6537,2439,7114,2937,9249,5696,4380,282,2804,2450,7637,7236,8160,4608,9336,5319,2805,7630,3225,8217,8166,2206,7168,5645,5707,586,793,1637,5340,7748,6708,9473,4316,951,6476,8038,7401,7817,9566,5006,4059,7808,4701,2995,7732,1021,1186,1515,4425,2085,1555,9585,1813,614,4326,2280,9670,9770,2266,34,9871,3302,897,7185,5537,6511,9927,9988
6077,6487,6271,8401,3037,66,4024,4714,4739,826,8494,5214,5287,2069,3997,8593,4943,8692,5815,7565,7582,8794,8893,8950,9041,4332,7480,8114,2281,3925,3493,9147,6755,937,5629,2335,9250,6546,3769,1018,6354,2311,6845,7375,6780,5574,9337,2288,5503,3262,3877,1896,5583,3241,5701,742,1971,5664,751,1177,8071,8318,7717,9474,2553,506,2127,8325,6163,7853,8333,3873,3001,7389,4973,7301,6576,330,2943,2001,5713,1072,716,4289,2160,519,900,1086,9671,9771,3356,22,9872,4261,1275,6739,2005,7372,9928,9989
6829,2873,259,8402,541,338,2448,3003,3824,2558,8495,7198,4004,1341,3758,8594,2216,8693,7201,1883,5121,8795,8894,8951,9042,6527,4069,6878,4333,5281,6844,9148,2870,3062,5828,2931,9251,5500,2882,1172,4549,4979,4535,7895,5976,1769,9338,2040,1560,7306,4039,3898,6789,412,5942,4397,5878,501,336,1184,7015,6534,5090,9475,3169,1812,6603,7799,3217,7440,9567,6043,4868,5054,2457,5441,6320,2703,4399,2894,5084,754,3055,1910,1471,1563,862,4426,9672,9772,5438,238,9873,4564,2454,7506,6076,7330,514,9990
8227,827,657,8403,1190,929,2611,237,3282,2098,8496,8087,4063,3726,2788,8595,4330,8694,6093,1337,8046,8796,8895,8213,9043,7879,7074,7399,1893,2186,7758,9149,4971,5161,3817,2233,9252,7323,3627,275,1645,4274,3198,4311,7558,6016,9339,5237,1258,6380,1488,4879,6147,358,3660,4684,6713,6824,341,1450,6882,6278,4592,9476,6083,6803,7709,8097,6858,7542,2149,3112,7070,3420,3448,5405,572,1650,1308,1940,1897,4702,1779,5796,2688,667,6509,6014,9673,9773,7110,2787,9874,1159,954,6334,3474,7586,1748,9991
8277,3778,3959,7535,4382,1285,3951,245,7919,2035,8497,7743,4390,3483,7156,8596,3236,8695,6160,2969,3804,8797,8896,8952,9044,6215,4815,828,5965,2960,6243,9150,6725,2779,6558,340,9253,6613,3836,177,521,6629,7607,832,6989,4728,8310,3123,7105,1204,3762,1663,7056,3396,5900,2049,9355,2719,1069,591,7134,2712,2532,9477,6483,8175,5603,8039,5052,8206,1198,3444,4826,144,6835,594,2977,5854,5551,355,4255,3468,2430,1324,5022,3219,6753,6428,9674,9774,2304,3790,9875,1423,1079,4799,6664,6918,3100,9992
8349,2295,1194,7949,2142,312,1378,329,7634,1357,8498,7527,3829,2263,4485,8597,1948,8696,4786,1296,7443,8798,8897,8953,9045,3626,1490,8156,5634,1662,7658,9151,3021,6227,6352,2269,9254,6726,6744,339,859,6982,7039,2051,7393,6944,8311,5494,3437,3078,2165,1759,5322,397,6112,7427,4870,2615,74,730,6525,3273,6061,9478,7692,4594,6677,7900,6223,9548,7000,2707,7192,6297,1222,3808,4552,4082,379,2594,3295,5638,606,4521,5228,3861,4567,5135,9675,9775,5275,4080,9876,631,663,6583,6570,7890,7946,8225
7820,4093,3491,8404,2002,19,3783,3419,7178,605,8499,6624,5612,6106,3503,8598,6531,8697,6717,6710,6856,8799,8898,7053,9046,4258,6589,4764,4841,3292,4395,9152,1716,4377,4509,908,9255,4362,2176,2909,3011,3695,6653,2735,6047,4531,9340,1044,2259,4454,4095,3058,4738,3456,4494,881,2146,5053,1314,1094,8316,6759,4847,9479,2580,369,4319,7533,5131,6456,5945,4149,4436,1752,2562,5795,5637,1333,5957,2235,5963,1912,52,4013,4613,2991,1353,1942,9676,9776,4529,10,9877,4923,1334,5180,1105,4789,9929,9993
4865,4766,3102,8405,3077,189,3682,3962,6375,1713,8500,6941,4942,4068,5115,8599,5560,8698,6930,7256,7187,8800,8899,8954,9047,5312,7566,6912,3288,4122,4197,9153,5699,621,3774,1480,9256,7075,7942,2496,4157,6010,4142,4929,6365,1475,9341,486,3788,2365,2178,991,6770,3720,7118,1108,3593,5742,433,6393,6063,7079,2881,9480,2868,938,7121,7861,4781,7396,9568,3089,5404,2341,4776,3809,2796,145,2045,192,6817,980,1174,4581,2018,1235,1391,1114,9677,9777,4251,154,9878,1365,6100,5988,6390,5432,8273,8146
8228,2350,1200,8406,1486,44,1424,517,4282,907,8501,7528,3843,3005,5400,8600,4145,8699,8235,836,6903,8801,8900,8955,9048,8300,3723,5257,8214,902,6961,9154,8196,3551,7179,2014,9257,8158,5568,317,483,4897,3719,1570,8161,6323,8245,3983,2830,7662,1928,7475,7896,671,5616,8000,9356,2884,683,839,3340,5063,8073,9481,7778,8028,6421,7829,5027,6401,1349,1990,6337,7864,2460,3689,3035,2227,797,4202,1969,9583,1930,9586,5268,440,6838,7655,9678,9778,4260,3385,9879,550,545,6643,5080,7676,9930,9994
2691,2491,4394,8407,5307,64,3327,274,4409,1742,8502,6113,4909,1374,5205,8601,7737,8700,5031,3184,5840,8802,8290,8018,9049,3608,5804,6797,5625,1711,4205,9155,2283,1988,2442,2662,9258,5426,6768,2499,4374,2508,5222,5793,5207,2850,9342,4823,7013,2514,6788,354,922,2219,1362,1029,5051,6305,3242,2310,9383,3370,5830,9482,2680,6203,5646,8326,4428,8179,8120,2471,4196,4648,968,4887,6027,1234,7525,873,7141,489,1615,5643,3341,3326,1070,1331,9679,9779,2644,12,9880,2181,5649,4630,4649,4134,9931,8124
6356,3949,1233,8127,405,37,2579,2777,5012,684,8503,8287,2664,1232,2575,8602,3363,8701,6255,4650,5388,8803,8901,8956,9050,6358,3186,6248,1189,3006,4309,9156,5831,2100,5579,3597,9259,6189,3187,1462,5227,2802,6748,6728,6268,2329,9343,3761,2267,5113,6192,6053,7321,2095,7033,2622,5347,864,849,1771,4603,9388,5550,9483,4612,740,6815,6999,7140,6791,9569,4980,4230,5648,4941,4922,7317,414,2383,2446,4725,1389,1619,7902,1689,2080,3583,739,9680,9780,2211,16,9881,3568,1104,6230,3908,5874,9932,9995
7,45,386,1370,2967,155,1801,2394,6424,4272,8504,7647,7296,7332,7973,8603,7373,8702,2718,6200,7349,8804,8902,8069,9051,5036,7265,875,2803,1749,5337,9157,5352,1251,7115,445,9260,5753,7080,4175,4480,5862,7490,7812,6097,4113,9344,3544,7273,5397,7982,2064,7679,5134,5427,1053,6984,8132,163,6832,9384,7378,3443,9484,7034,3915,7749,9529,3455,7766,4492,5695,7339,292,5391,2657,7495,1091,5575,95,9580,1510,3274,5813,1371,5767,7431,2944,9681,9781,6839,399,9882,2876,7768,5413,4615,7534,7989,9996
5781,5387,5686,8016,7602,68,2965,4790,6109,2900,8505,6765,6345,6293,5888,8604,7684,8703,7209,6267,5499,8805,8903,8957,9052,3480,7044,4138,1248,4996,5278,9158,6009,655,3407,1603,9261,6626,7574,3580,1127,5221,6637,2512,2865,5358,8246,620,6528,3196,5720,1081,6630,3361,6998,431,3957,7484,368,7259,9385,5329,6185,9485,4604,596,7122,9530,4678,8099,7387,4896,5177,1710,5379,1048,4731,321,2604,94,7142,678,2989,5243,1392,2972,695,1199,9682,9782,5324,26,9883,3477,8269,6874,2462,7477,8103,9997
7421,3036,2923,8408,6153,181,2275,1519,7712,1225,8506,3511,8150,4102,5776,8605,6059,8704,7603,5197,7366,8806,8904,8958,9053,5727,7690,4653,3687,2362,6060,9159,7249,1291,6887,148,9262,6743,6981,315,5393,6299,7413,6234,6110,6173,9345,382,5328,5232,4427,3454,7592,5682,4638,2478,4601,7502,67,3606,8170,7763,5176,9486,7251,787,7270,8327,5396,8332,8143,1274,8101,3221,5509,4452,6940,829,1348,132,4634,2747,618,5863,2037,535,1418,5114,9683,9783,7246,316,9884,756,1106,3316,7578,7891,6631,8342
5946,4899,4429,8409,4135,56,4762,1511,6977,1856,8507,1704,7562,7304,7952,8606,6480,8705,6779,7286,5452,8807,8905,7850,9054,3575,6287,1073,4807,3524,5067,9160,3099,1810,2153,627,9263,7180,7746,1034,5488,4222,7235,4727,1844,4329,9346,911,8033,1785,5288,394,4523,3978,4724,3229,3018,7227,190,4610,9386,7593,7599,9487,6776,1964,3657,9531,4137,7780,7299,2807,4431,901,3529,3776,2601,4712,2319,118,2612,1425,2625,6650,1046,1448,2336,6861,9684,9784,4710,53,9885,4404,6606,638,3092,6520,9933,9998
7969,2110,1397,8410,5722,41,4042,1923,6877,4617,8508,5838,6987,6045,6357,8607,5561,8706,7064,2566,6369,8808,8906,4715,9055,6178,2530,769,962,4618,6363,9161,6089,4565,531,458,9264,3338,6671,38,3436,2877,7076,5719,3312,5186,7980,1074,6899,2640,4591,3168,4740,2220,1786,5367,6439,6325,101,6142,8317,4266,7406,9488,7460,3665,5690,7906,3487,2593,8219,1230,6737,441,4279,3574,5304,4820,4212,217,5554,2739,1862,5971,1092,511,4871,4439,9685,9785,4861,2902,9886,1631,6557,3729,3417,6087,8064,9999
4602,1938,2934,8411,3711,1130,2957,676,5526,3063,8509,2903,5475,5317,2371,8608,3269,8707,3560,4862,5326,8809,8236,6007,9056,2624,4682,3671,2355,3941,2746,9162,2159,4997,2292,1160,9265,2513,4090,616,2029,2253,4906,4506,4660,4045,9347,3787,3218,2305,6048,2414,2821,2819,1963,1455,1848,6289,1725,4120,7816,5437,6042,9489,4576,1155,4165,9532,2351,7522,7388,699,4305,3391,3131,918,1441,3760,5547,1306,2348,2651,1709,3709,2433,1717,4336,434,9686,9786,5382,1368,9887,1602,5485,4300,4503,647,7312,6530
2656,133,747,8210,2524,3016,2536,3752,2602,5477,8510,6607,4126,3033,6006,8609,7200,8708,3115,1675,1860,8810,8907,7877,9057,7224,3651,1895,4808,3057,6913,9163,2345,5718,5103,1983,9266,4236,2393,1356,272,7670,2113,1107,6304,5193,9348,5230,2197,4350,6443,3173,6183,240,976,1467,7715,1026,2195,6444,8072,2301,7337,9490,7107,4519,7905,9533,5996,3152,232,4338,6374,1819,2087,4946,4242,7418,8077,1524,4508,4461,1706,2773,3143,1496,6264,2905,9687,9787,6091,1611,9888,2023,822,6265,4128,1236,8065,10000
5203,1158,2324,7992,4405,1068,3119,626,5138,3183,8511,1264,3043,2911,3661,7835,3065,8709,4540,5218,5799,8811,8908,7878,9058,393,5897,1580,2834,3345,5728,9164,4590,4578,3066,509,9267,3098,6628,1164,2485,2782,5033,2551,3745,2958,7686,2576,3960,2225,2467,4434,1606,923,4306,4288,3519,3702,1041,4857,6335,4154,4201,9491,3287,1858,5005,9534,1855,3876,7293,3028,5398,1978,3948,3085,5666,2899,4537,478,6229,2889,940,6187,1411,4998,3339,4984,9688,9788,5703,762,9889,1037,5552,3612,3520,1915,2724,6909
