1.82753883006859	-1.77959485230584
0.210875969321623	-0.194117753429409
3.0808287545843	-2.85160498947782
1.53910179089981	-1.42785351046686
1.15322433780257	-1.1125200486629
1.52203385413736	-1.32294779521068
0.65256604829837	-0.603788014498286
1.14946433873204	-1.01243386166754
1.7661885594666	-1.70330019526483
2.32493585881898	-2.06288651880307
2.22349353493627	-2.02512909461967
1.96401317919487	-1.72451551949386
1.48808896209785	-1.3026288447984
1.27430984664873	-1.14505781882733
1.53047629525391	-1.33951632123465
0.763074496613339	-0.816685328889527
2.50588734097044	-2.34712943174563
1.20170645263116	-0.963057675737322
2.16205212462272	-1.8450651807825
1.25313735543209	-1.09647138051638
2.68401844725991	-2.50035220103997
2.48864981969278	-2.30537983406895
2.05895073786796	-1.79818330866039
2.06782495094799	-1.96776916754134
1.67772287352958	-1.54662065140858
1.53095934814475	-1.33375972808929
1.84929530737977	-1.72921121765862
2.64604270851896	-2.31772407914549
2.06383276404752	-1.88788457205445
1.94479923085865	-1.85949392385923
0.907348925262839	-0.742280096254424
0.832415166743863	-0.918665940733033
1.48169278872062	-1.55920177255402
1.16900737389608	-1.18748654307372
0.0904476488516268	-0.101032310317799
0.581374521816519	-0.236417032604811
1.31373088543982	-1.40173693624342
0.685666107862001	-0.657236558682743
2.42728463616201	-2.16104849183854
2.01340860561633	-1.91649514888775
3.00343094176409	-2.77652198991664
2.74877697424875	-2.54779800847761
1.06973663858159	-0.986843984469693
0.361320713810403	-0.353491458973931
1.44963592925711	-1.27862443094747
2.13809085838961	-1.84151095836189
2.887386893531	-2.68201721083894
0.316077459991357	-0.32209925537342
1.11067686069008	-1.04876910681308
2.01498570977448	-1.94156149199112
2.24334049029722	-1.99149630319839
2.1220221566714	-1.87550171762886
1.76914763059957	-1.47449354028271
2.59100191544366	-2.31938533173002
1.30098906377855	-1.36250813110263
2.088350847532	-1.73802523592649
1.95096085090065	-1.67611858701451
2.62238435086958	-2.43264369949577
1.82853788762375	-1.66996002177162
0.684933615637447	-0.640650064530795
0.317776171447356	-0.288559495938374
1.00881781080314	-0.870859847432599
2.88614093610106	-2.61808175633086
0.404707930454606	-0.403796059945228
2.73237298079817	-2.47728090716428
2.35331863794618	-2.19491817133706
2.75839328869151	-2.43939956831876
2.19167146840069	-1.80669350659991
2.59311563420469	-2.37241080213613
3.02250727050102	-2.77681282537401
0.218208331043225	-0.190459486013306
0.72865339144285	-0.646015610311069
2.71940969702968	-2.56253128879546
2.834834307128	-2.60375113066443
0.909929628930881	-0.811983920818111
2.87098061899204	-2.59910541206282
2.87181426085531	-2.66395770015379
0.1242695756241	-0.129997921070921
2.77650086009469	-2.58622118032671
1.4403312338417	-1.4518470940512
2.58312319252991	-2.25877643232438
0.176158477933584	-0.18167282058704
1.7388292120542	-1.61464413020119
3.012945177032	-2.7887515291699
0.184277351516513	-0.174509779851686
0.878776650623402	-0.828940872979078
1.63607123263862	-1.59340744994066
1.82704575204735	-1.77403078280801
1.73331929985761	-1.41747633896915
0.699938205713833	-0.697377447233397
1.71023312065514	-1.4472206921529
2.63095452558399	-2.42341543721039
0.351533092012029	-0.339319009123385
0.333503658492193	-0.306878756836882
0.416887302062366	-0.381010980763523
2.65390810245738	-2.44357488231718
2.86223797069326	-2.62938993209843
0.601568301145202	-0.542697634398207
2.71169733584901	-2.45723574239415
1.16381395620221	-1.16256761881821
