-0.0753060052120853	0.148918269543069
-0.227627814876733	0.786243659380122
-0.261151491259163	0.79861085772711
-0.0257578950202779	0.0840107416273178
0.0121430464899063	0.399264498046359
-0.267434356072926	0.42237050230423
-0.237578828348052	0.642041030723035
-0.175577355563477	0.614899867271841
-0.169630718594742	0.777698373985421
-0.199884233459829	0.617634405616662
-0.000218426893153825	0.00119468551698233
-0.119193850036151	0.640182303612275
-0.130866192492583	0.778387241806138
-0.0682568917341066	0.691502203155173
-0.106045150280067	0.760417046491036
-0.0484566386992678	0.0852449627105341
-0.105381295213828	0.782970448184038
-0.0268310065680523	0.0480187536829102
-0.126464147829993	0.794902334020348
-0.0305378746437386	0.536989562770584
-0.0986148305813778	0.777766524265444
-0.016188665593568	0.045484229089181
0.100524613694561	0.0615733736592522
-0.0253848894318846	0.439694734522792
-0.015952704325358	0.0564345738556562
-0.117708639661671	0.776378480335313
-0.0697094246635426	0.677404870151928
-0.00918455254826033	0.0782763442115155
-0.0394785504215421	0.456958917258339
-0.214002324434002	0.782625641024633
-0.137233545015362	0.756670558798976
-0.028434380571047	0.045322772670884
0.0411739113175186	0.175342166694315
0.0388203222360828	0.289778474968646
-0.0739531931208894	0.292819882773446
-0.240186674927437	0.655939919420504
0.0454225596008427	0.0178262827410669
-0.151645780722614	0.565525081464236
-0.114803742948703	0.718429992510974
-0.255080546429028	0.803907676718734
0.0927682608339551	0.164697012267684
-0.120132341716692	0.790229647500742
-0.112355138922369	0.780440715338024
0.0551544891458629	0.158232064066582
-0.180388768797836	0.739008715851387
-0.100485073070548	0.72191859897403
0.109480133384965	0.00541639866196683
-0.120021014018769	0.656994041139413
-0.0115129188810754	0.59645172844793
-0.287632154066777	0.699381479948236
-0.0966464056486266	0.653731451802705
-0.145742080787612	0.420191038540888
-0.157279354234774	0.783738116913519
-0.256274817571739	0.791273152948148
-0.156970199942454	0.801341867408491
-0.0987896860951623	0.661333524490885
-0.181354597984463	0.709025456118447
0.146700159612134	0.0981326191671897
3.53385670364557e-05	0.511887906084632
-0.062196442938964	0.650139163806895
0.179894521011253	0.00198430172945075
-0.0656497530101967	0.312823162293442
-0.165261541720049	0.495883793771621
-0.02517848515685	0.0421554178309792
-0.107404955299841	0.711888888106552
-0.0743560195468062	0.656625149520708
-0.139010511650097	0.707774306766527
0.0694883313946314	0.000900395682876715
-0.289131321059118	0.791563547008997
-0.0137223456451162	0.124037095274765
0.0463236116480962	0.00498710390166643
-0.174377180576623	0.796094846461024
-0.124158158747514	0.791409285383898
0.0861580894565227	0.0763877911776679
-0.211776896519973	0.798568376621362
0.0427583577559766	0.351719026962935
-0.200109373085544	0.512870339827775
0.0720491580710512	0.392328405583102
0.0254271892572954	0.00331419257140516
0.188762010752326	0.151006301043588
0.0281451774252662	0.0371640719863739
-0.301784958309927	0.395665816492463
-0.0792650564620731	0.622011810288567
-0.0905513019604418	0.710564727535095
-0.0845065387959007	0.699281781278334
-0.113515508047262	0.33306110006109
-0.27211797578533	0.782542779413691
-0.0482960559433808	0.176971779508863
-0.0392334007340908	0.0571362807583211
-0.00116186554809001	0.00877810149737525
-0.17460916813886	0.793840005539369
-0.565072281059117	0.840651911608271
-0.0134148587596895	0.0262526330213618
-0.144791730026399	0.388648952749181
0.0277259460390872	0.498472347826945
-0.208780836359626	0.72702332161164
-0.102508394760121	0.710882506316364
-0.120484396625878	0.788693242547632
-0.0161960730660867	0.0302217125186432
-0.0880712682664032	0.362499567199163
