-0.0868102172031178	0.16249395669368
-0.514174397473528	0.980238235806284
-0.547917243356264	0.984732737914522
-0.0406551421735626	0.0996237240914769
-0.219763208375511	0.564617135607486
-0.491505937697623	0.500739259868475
-0.496302455675808	0.791089032300006
-0.397006895567137	0.766733985207563
-0.493144432864229	0.999476477705567
-0.481924203684853	0.780206871841755
-0.000826048609842042	0.0015818637569548
-0.410044958615788	0.83652734251238
-0.515960208967595	1.03096997211287
-0.430640413581294	0.937410929093388
-0.437846705437578	1.00101039029959
-0.0663855318237718	0.0947484175405496
-0.491517306955213	1.04527657036475
-0.0375466699588531	0.0536849888736498
-0.504774522344421	1.05080774598132
-0.333040576427241	0.741484764413423
-0.49014392178291	1.04263100676318
-0.0362629298284915	0.0567689814223229
-0.00851647084090556	0.140597930014202
-0.253521906288664	0.601251858472161
-0.0361333321799017	0.0703797716568216
-0.476385060504962	1.02493192418398
-0.428994822010802	0.91863412298473
-0.105227274767059	0.122110024743215
-0.220456058151301	0.603977665310498
-0.529247592435975	0.98863330916505
-0.485481854442868	0.99131314859086
-0.0328641466716034	0.0479986602946356
0.000862089559753143	0.24118924718105
-0.0762209399115775	0.403535542069469
-0.183447081465904	0.369428617463389
-0.31283414453309	0.752011883214024
0.00384672840684929	0.048938385482231
-0.330046542101833	0.700688024158827
-0.477254461632926	0.955567251260742
-0.552614800025118	0.996505826308865
-0.167401184112212	0.309960356128175
-0.518226181376462	1.052955140169
-0.488597944707008	1.03710633263858
-0.145098078237647	0.272143537413493
-0.466445738600528	0.937108906677532
-0.418913312201942	0.951303500522783
0.0237778349825841	0.0673821709003902
-0.371846481889165	0.845308991005028
-0.373147569276553	0.838291894279055
-0.459000739598933	0.819811308285006
-0.422776382477865	0.87100887244369
-0.22376351079646	0.49363955811048
-0.493802656543344	1.01469618418748
-0.535709169344829	0.975151081151342
-0.52572852156534	1.0459103324188
-0.390553450584011	0.869471707458166
-0.484700467652083	0.904911369478815
0.0135434485698876	0.207882710779898
-0.26944600489712	0.710598541627616
-0.427843705678872	0.889405222652546
0.0967904670636249	0.0853475912997233
-0.181594709723295	0.398654829059064
-0.339180296102516	0.609300470177389
-0.0329165752200821	0.0461064899562915
-0.439560131049601	0.940991028276367
-0.393987075737407	0.879591212976502
-0.457278710852064	0.921599021983929
0.017005482388973	0.039084346416393
-0.552241303122677	0.959971404778463
-0.109751947365644	0.176830860427652
0.00356105385541794	0.0337717510646117
-0.516033472176365	1.02598487485956
-0.496752575797016	1.04547487302794
-0.0326099641000396	0.157089783288784
-0.546780139076329	1.01480696359954
-0.273711343890462	0.541211933532212
-0.373563397277905	0.618646574279804
-0.187745832953621	0.583719611944559
0.00727026368674705	0.0176726229380566
-0.124946319355529	0.340244634619355
-0.0372914815986097	0.0743234931981817
-0.483643298481848	0.443974593548859
-0.274864800057125	0.798516480897502
-0.438347499453841	0.949383944978489
-0.3408965843604	0.910263830369572
-0.196009573880646	0.398213578452826
-0.547166098589244	0.957834966838733
-0.134572072128394	0.22792809389137
-0.0439087148979451	0.0591402402806696
-0.0126216650346757	0.0138626233484448
-0.512858966335741	1.02203712771496
-0.896545456319455	0.951207637640757
-0.0248235595713111	0.0313964345536267
-0.273662723025319	0.47034180553488
-0.280146817685295	0.714459093719583
-0.540921939513844	0.926624299646217
-0.443571754961068	0.943994459569201
-0.509728117417857	1.04827533179124
-0.0201535009590735	0.0331821235586215
-0.259021144957005	0.468988187320894
