2.14008981562585	-2.0926247717917
0.619987062452679	-0.63517865027452
4.35724083540885	-4.20374135859223
2.21752847693876	-2.13739920012546
1.64436121468956	-1.68581073631357
3.27027337955162	-3.231749868677
0.623256074723894	-0.580178483290206
2.02549093645091	-2.02373258849938
2.02235665095988	-1.98960541913619
3.26501353881	-3.14423674181868
3.03300772760304	-2.86698865699774
3.05678967987321	-2.94868471020336
2.92627093727042	-2.84390193911547
2.64453532056135	-2.59601342764754
2.2845800449264	-2.18092818460776
0.68037147580891	-0.741005238238799
3.25081499416251	-3.13761145860131
2.54428782011568	-2.45052425719676
3.18122313865195	-3.03743633928334
1.54258888327537	-1.476466417968
3.85592169104188	-3.74328768296738
3.84633844303698	-3.7296788566884
4.21607477814967	-4.09862161753817
2.46481898674901	-2.35703241281469
2.45574290863834	-2.39741053221778
2.87318986305976	-2.8261841792529
2.36630146210434	-2.30822331667603
4.4506484668204	-4.3267018241386
3.94757621470877	-3.81154796260247
2.5924347131233	-2.55254740835909
1.25232030830178	-1.08724010109015
0.262182961916194	-0.269637732174554
1.36336584701603	-1.43018420363402
1.08348115052395	-1.13147058179928
0.0611578504020283	-0.0669781989519103
1.49726303008258	-1.22198538117036
1.98567991135369	-2.10805597953548
1.49356648870339	-1.52156726694689
3.42163560839769	-3.23721420930938
2.78622867996943	-2.76288792230527
4.29162765099499	-4.13424641460729
3.99162207225379	-3.87693136915311
1.78695380188563	-1.71128497249295
0.413208661269501	-0.411701662232757
2.73527977675126	-2.65253323980126
3.22089770465743	-3.02138886971235
4.24161596897429	-4.12314386028079
0.632783324066326	-0.67340975993736
1.69761478992523	-1.61526719957211
2.94590935009873	-2.97861727447913
3.42185496379216	-3.24034217656493
2.74086777757443	-2.64707019091636
3.27058340951918	-3.13156969202006
4.05945320035887	-3.96206430186996
0.932239452728871	-1.02850863692184
3.14626773882526	-2.94126332675408
2.88555833892747	-2.67348177031586
4.00171847961043	-3.91782758726849
2.2761007037704	-2.21975676860185
0.96075088202254	-0.916111020679809
0.401120143797422	-0.402913284210591
1.08514419680865	-0.989000317911393
4.31731459935598	-4.18268289213902
0.65153581556671	-0.656667190498606
3.98672438783797	-3.84376272589869
3.84974170655565	-3.79499097347475
4.32748423579002	-4.18220885808633
3.37557692101669	-3.14018739604504
3.6998584670095	-3.55968205326471
4.44295934459611	-4.34108055967386
0.249777088233217	-0.2338726504574
0.812297539736016	-0.770924631799488
4.03712125745508	-3.94312718737138
3.73468139845837	-3.59126843879766
1.18767223247345	-1.12702665697184
4.19705518207529	-4.02590864773392
4.27655894564906	-4.16029548886803
0.120295830978199	-0.12455290556702
3.96634121027214	-3.86814518616309
1.41401461292646	-1.38624173859018
4.27614594975663	-4.14016505608399
0.0947709571869083	-0.0979010504258534
2.50232071655763	-2.44518969298793
4.31771587421488	-4.1969799091378
0.488420743701015	-0.494964430398603
1.30396519859301	-1.30075816080785
2.38024770408919	-2.36201634972127
1.77901499206131	-1.71852289309765
3.73214541487	-3.62349516486971
1.12650555022036	-1.21128133347175
2.92121506245422	-2.59483634827285
3.20705528345984	-3.08022597056599
0.42320882607551	-0.427571386061662
0.180700414256299	-0.179992671161432
1.31627057479088	-1.34645168927281
3.44731932978941	-3.33390946140435
3.97724474999855	-3.85124934787041
1.47473700018624	-1.47410790154625
3.9099901887184	-3.76188980810672
1.27274142482569	-1.22653904102319
