0.706282230897071	-0.578112176191057
0.123124078086622	-0.0571590487150462
1.28095232967968	-0.860429978315277
0.633354403600777	-0.40449125599093
0.451550151298464	-0.363522454587325
0.904906536332792	-0.621946974575333
0.232401875175428	-0.186377147029871
0.518830725792495	-0.335582647674108
0.642192467463384	-0.515686353100541
0.983994028632007	-0.679899827928601
0.914026074384011	-0.581216842945198
0.898709528751314	-0.602925259241228
0.850729231450109	-0.580884301275664
0.758807793601423	-0.532405070507547
0.680364280262	-0.444292167500093
0.178200069906227	-0.176270239294146
0.943101895155861	-0.621781018067508
0.710073288356794	-0.435223861190546
1.07927170190223	-0.841499227179215
0.431916598459201	-0.25742899360759
1.13016338785813	-0.777066499058178
1.19587302815307	-0.886536358497164
1.25362610169956	-0.885026987870712
0.767191016598524	-0.539022187415534
0.69329560315456	-0.462522674224319
0.81282661303684	-0.563820753625865
0.659298277207827	-0.429639581101123
1.30108458528272	-0.896970873364338
1.20116122273575	-0.850794288015819
0.717417599519569	-0.484341676238063
0.395868380239436	-0.181178677870548
0.0779067427613929	-0.0687262160010968
0.351099005305662	-0.292297686329901
0.245322488721059	-0.170881035792016
0.0150141265793637	-0.0145414546730715
0.529192048023945	-0.238821008109885
0.46484734282354	-0.370709791389083
0.341794186678787	-0.206015590881107
1.03054246870375	-0.65724872870539
0.866715629365464	-0.699823406212826
1.26355113880853	-0.844380171352936
1.22566042286768	-0.900146060349388
0.524677627185572	-0.339937217647411
0.123764529329223	-0.0976779892318334
0.76503925052816	-0.486844904763545
0.936071519019499	-0.537190333074183
1.25965013013105	-0.887437570888888
0.166664163877099	-0.150988317868928
0.502057883039002	-0.319226609170539
0.809418045696714	-0.613145911215241
1.00401744720995	-0.615472771760099
0.81493060716131	-0.558877857450735
1.08713893184896	-0.83522775829405
1.23196345552335	-0.908731239244575
0.213753593867984	-0.202818089768899
1.03197721250956	-0.713605231573337
0.964385749348514	-0.662470308145638
1.15323835569299	-0.804026884579398
0.677458036276156	-0.485866575812233
0.283740578461526	-0.181888281895236
0.122317411537567	-0.101471954295968
0.363087605141048	-0.235083187513967
1.25896123410569	-0.851315049630318
0.189231375981147	-0.150936660571503
1.21715435381332	-0.86085026137282
1.0607328404663	-0.715529606124176
1.26632267474997	-0.851054279830891
1.0593187820063	-0.670605613327952
1.17028394157295	-0.86058894802289
1.30697065208491	-0.929455176465804
0.0792056733945644	-0.052497768973899
0.268973244470508	-0.199468426181699
1.23512497548939	-0.92319538776917
1.176502614035	-0.858924758870207
0.310786308829676	-0.152406143056979
1.24580653094869	-0.826920188065998
1.24218421035599	-0.850955403633021
0.037043771490416	-0.0345010121032377
1.22465911045364	-0.920580623067581
0.41843364485843	-0.304487114197573
1.27170153532996	-0.882380889901506
0.0177115988481394	-0.00758830858961151
0.791003426711082	-0.616113515387973
1.27226308562528	-0.886455217796788
0.0993640542189735	-0.0440579559551996
0.361408360805484	-0.26039026819502
0.659975070042188	-0.463863985165473
0.575811610740642	-0.44230319671697
1.01586981911251	-0.621406493893435
0.276544538386395	-0.246305472549098
0.893875227287053	-0.428124285103199
1.08406846905734	-0.858320010273138
0.105901571987308	-0.0703221340357622
0.0534759538309719	-0.0415576218280962
0.243279476096487	-0.0888131038164435
1.1264032820444	-0.878361443048664
1.22204662718747	-0.887520149372544
0.334627261268756	-0.172213446819311
1.16668662143924	-0.791376267766476
0.402232379059359	-0.297567207597756
