6079,7876,1241,7971,494,7979,3319,7180,8077,6170,8177,7017,6687,4949,107,3929,1119,6730,8278,4117,1610,8378,2440,4920,8452,8548,7142,1681,8647,4523,4617,4931,8746,6967,2593,7099,8848,688,4623,6589,593,3131,2454,5821,5239,7063,2178,1646,2149,4661,8914,8947,3158,7298,2699,5662,5069,122,48,1937,6925,4929,932,6137,5567,2476,9055,5458,3543,2108,9133,9233,9332,3560,2878,2282,423,9432,577,7272,9529,9629,2618,9680,499,1494,1413,2651,6346,9758,9821,5264,2039,7236,6954,7008,7818,2124,2370,9928
7470,7877,2511,7069,3728,7980,7562,6388,8078,2166,8178,5300,6978,6786,4540,1157,1436,7192,8279,6616,1696,8379,616,1151,8453,8549,3861,987,8648,4557,6876,5271,8747,7267,6918,7490,8849,4645,7380,3359,50,5970,4087,7205,6830,3120,2834,5556,5489,5352,7715,8948,5217,7361,1821,903,514,90,116,7029,7724,3749,4643,7111,1193,70,9056,1410,6231,2555,9134,9234,9333,7423,6340,6462,1342,9433,370,7635,9530,9630,484,9681,560,6416,5957,2738,6533,9759,9822,3452,564,7506,1956,4760,7819,1800,6347,9929
7827,7878,978,7627,812,7981,6647,6311,8079,5917,8179,2187,5519,4821,505,5952,3182,7387,8280,2960,3797,8380,4007,5516,8454,8550,4921,6629,8649,1137,2664,6612,8748,5763,2776,5509,8850,1349,5863,5790,1095,5073,1111,7154,6695,4967,5446,5876,5989,1223,8915,8949,3345,6223,6544,2052,153,436,393,6850,2793,2137,2423,6520,2410,3666,9057,5310,4901,603,9135,9235,9334,6453,2010,2254,417,9434,921,5375,9531,9631,5943,9682,240,6565,2871,1442,6952,9760,7656,2822,171,6960,5554,6696,9878,280,5273,9930
7828,7879,713,3183,671,7982,5163,2073,8080,5477,8180,4292,5840,6026,552,5594,3365,5508,8281,5171,5428,7751,2634,3874,8455,8551,1585,4369,8650,4891,2428,5564,8749,7089,6419,7314,8851,1905,836,2131,1317,2727,571,7082,7058,6503,6537,6508,6643,397,7373,8950,4204,5527,1677,6006,528,1204,3008,3826,2805,2311,3178,5452,4870,859,9058,2363,5078,557,9136,9236,9335,5634,2386,3266,401,9435,2182,6912,9532,7730,586,9683,298,5744,5927,3408,6438,9761,9823,3059,430,4647,5733,6540,9879,996,4151,9931
7497,7880,1477,6761,1337,7983,6826,3772,8081,2901,8181,5630,5958,1123,366,7338,3505,6598,8282,5868,4757,8381,765,6842,8456,8552,7329,6561,8651,2855,5113,6734,8750,6622,5631,8844,8852,4938,6632,570,46,7421,3959,6661,6265,5036,6279,6068,2092,5099,7767,8951,6838,5773,1893,969,341,503,338,3564,7391,659,3429,6422,2186,162,9059,3236,6126,864,9137,9237,9336,5682,5721,6727,4131,9436,41,7424,9533,7303,386,6300,2681,5992,6744,1286,924,3957,9824,5268,1974,6655,3247,6997,6473,5609,5983,9932
481,1116,13,3031,857,6947,2814,6400,8082,972,8182,4372,5877,3637,782,6693,2845,7034,8283,5892,6560,8382,2800,4976,8457,8553,3777,5789,8652,7121,4336,2451,8751,6877,5047,3428,8853,1749,6297,6794,4264,5918,3366,7217,4443,5747,463,5463,3493,6432,8916,8952,6437,3631,173,3056,5234,680,698,2330,9047,4778,540,1026,2557,774,9060,2561,5212,1048,9138,9238,9337,6216,5807,2309,4000,9437,4069,5998,9534,9632,702,9684,103,6614,2874,4303,6966,9762,9825,5265,2211,7817,3690,6811,9880,5357,3351,9933
7829,7881,480,6646,2335,7984,2740,5370,8083,5123,8183,4156,4340,5615,364,6086,2216,4742,8284,2686,1654,8383,2566,1426,8458,8554,2712,1467,8653,6807,964,4587,8752,4401,2074,7473,8854,2829,1932,4393,2762,5798,3972,7194,5920,5802,3144,6452,4640,5758,7435,8953,5322,6369,750,2275,2944,681,16,4759,7482,1338,2598,2467,2558,7,9061,3088,3694,4419,9139,9239,9338,4912,4730,2720,4398,9438,2631,6074,9535,7598,349,9685,898,5956,5990,2042,2490,7530,7807,2532,2496,6123,2377,5436,9881,3889,618,7621
7746,7882,1574,6635,1185,7985,5967,448,8084,1071,8184,1957,2723,3412,1734,3080,1309,4334,8285,3002,2190,7707,1870,2283,8459,8555,562,3066,8654,6941,3110,1159,8753,5249,1598,7227,8855,3662,1886,4624,3296,4648,1545,4025,6057,4768,2590,3282,6111,1506,7458,8954,4662,5975,1858,4480,4289,3503,2591,2523,5964,2683,1738,2364,2003,57,9062,2388,3887,5048,9140,9240,9339,2858,2503,6235,4606,9439,2980,1687,9536,9633,1096,9686,2284,4987,3681,2387,3684,9763,7739,1323,211,6547,2488,5679,9882,1987,4673,9934
6658,7386,816,4873,2128,7986,2823,4695,8085,4120,8185,5874,2684,3151,4121,3974,1441,2821,8286,1947,5196,7500,339,3308,8460,8556,5650,3839,8655,3527,3436,3804,8754,6391,2059,5305,8856,1400,3414,4792,2640,3281,580,5860,5330,4998,1125,648,5371,1888,6932,8955,3394,1977,660,5019,4794,1385,1891,5826,4179,3377,1161,2529,4234,1855,7328,2203,2736,3504,9141,9241,9340,954,2636,1004,4652,9440,1126,6384,9537,7788,317,9687,1685,2991,5281,5976,2271,9764,9826,2445,1645,4884,3262,5493,9883,4499,1049,7825
7830,7883,601,5085,4687,7987,5696,4473,8086,2635,8186,4141,4236,2965,1581,6948,165,6237,8287,5173,1055,8384,500,5124,8461,8557,6177,2920,8656,6027,3525,3744,8755,4491,4665,8845,8857,1476,4350,2034,677,2422,2106,6243,5314,1064,2158,5813,3858,2239,8917,8956,6234,868,4585,4516,3857,1582,1100,5996,7101,3517,952,243,5481,1433,7632,4857,5922,1262,9142,9242,9341,4002,5009,4485,840,9441,477,6454,9538,7698,3596,9688,818,5376,5584,7007,1717,9765,7808,1274,322,7356,4005,2843,9884,6107,3696,9935
6865,7884,700,7573,411,7988,1475,3621,8087,2543,8187,3033,3926,2986,371,3017,2104,944,8288,1210,5290,8385,2541,3130,8462,8558,2354,2579,8657,5312,2948,3812,8756,2576,5690,7446,8858,1899,4380,5095,365,3580,2458,5982,5469,6782,2135,4497,2836,5536,8918,8957,4690,2525,3933,3060,594,1238,1003,6333,7538,2994,3475,3747,3570,794,7782,2522,4990,2759,9143,9243,9342,4510,1601,4517,1819,9442,1488,6586,9539,7150,4427,9689,219,3806,5636,4452,5040,9766,7098,3061,1949,2547,1862,6044,9885,4496,753,9936
7831,7885,170,7488,1763,7989,3011,3676,8088,1796,8188,936,3019,4125,3515,4176,2431,3597,8289,1815,6229,8386,1772,813,8463,8559,4570,2049,8658,6469,1945,1417,7759,1248,2778,6567,8859,4615,3883,1056,799,1571,2955,6482,5555,2090,4050,5501,4411,3796,7514,8958,3549,3099,3092,4446,507,2811,1627,6552,7362,1347,2243,1162,3948,1046,9063,4498,3667,1092,9144,9244,9343,4219,5033,4077,2122,9443,1115,5109,9540,9634,4764,9690,407,3803,1487,2331,4243,9767,7740,2093,1169,6926,5315,4035,7820,4285,3890,9937
7498,7886,254,6548,2204,7990,4057,2654,8089,3400,8189,3427,1321,2123,429,3146,1900,2766,8290,4106,6689,8387,1791,2719,8464,8560,1522,4894,8659,4605,1556,3237,8757,2143,2184,5611,8860,2222,4685,5886,679,4978,3095,4747,5334,3903,2163,1045,5589,2623,8919,8959,3799,4248,1427,2663,2265,2380,886,5642,6964,860,566,4095,1583,472,7493,3568,3532,3776,9145,9245,9344,2574,3774,2308,4037,9444,3249,6036,9541,7789,3983,7652,2081,3190,5010,2295,2234,9768,9827,1386,1403,4206,5208,3550,9886,2838,2764,9938
6129,7887,223,6357,5648,7991,6670,4063,8090,3966,8190,5027,3433,4207,402,3682,2280,6355,8291,3877,6906,8388,2588,3516,8465,8561,1059,6040,8660,6073,4137,5059,8758,5089,2174,7232,8861,5054,5150,1250,608,5151,4140,2852,1663,6517,4039,6240,6563,6281,8920,8960,6172,5769,779,2827,275,914,591,5560,7030,4810,1242,3591,1792,68,9064,2004,5563,5331,9146,9246,9345,1780,4190,5169,1953,9445,2133,5909,9542,9635,633,9691,2005,574,6218,2360,1181,7319,7809,2868,2795,1255,5557,5745,7053,1746,2537,9939
7832,7888,5437,7447,6424,7992,4175,3870,8091,2647,8191,7401,5058,8277,575,4862,718,6718,8292,5083,1177,8389,348,4525,8466,8562,1528,1771,8661,4055,4164,5715,8759,2365,979,6331,8862,6867,7511,3044,392,7096,6585,7259,7714,4324,6476,3435,7471,7080,6593,8961,2856,7117,5898,1518,313,261,446,6763,7012,3340,1053,7465,1620,605,9065,1822,3738,1825,9147,9247,9346,5145,2977,7318,548,9446,332,6923,9543,9636,181,9692,31,7023,5430,5854,6001,9769,9828,4888,2998,6987,3678,6182,6251,3865,5259,9940
7833,7889,709,3375,2304,7993,6935,6198,8092,4832,8192,2967,2339,1139,1020,3461,2334,4716,8293,4542,1382,7628,694,5562,8467,8563,941,3300,8662,3148,3370,1315,8760,3817,5890,6709,7710,4085,6557,1954,1189,6715,2180,6131,5893,5559,6479,5347,4537,6735,8921,8962,6606,1042,188,2193,1418,509,186,6334,6726,5298,3457,3793,2832,71,9066,1258,6196,3995,9148,9248,9347,6860,4906,5421,4682,9447,607,6893,9544,9637,569,9693,826,5395,6009,4033,6336,7600,7810,547,3097,7103,5125,6541,9887,3369,4086,9941
7061,7890,76,6784,1374,7994,6866,6648,8093,4444,8193,5439,6118,6908,416,6981,11,5408,8294,4790,1526,7752,2315,3770,8468,8564,617,6313,8663,4709,4249,1652,8761,7051,4170,3892,8863,5426,3967,1919,1050,4296,3337,7052,1505,5140,3602,5502,6712,5799,7617,8963,4351,3036,268,4101,1478,789,2415,3085,6360,5345,2047,1659,426,467,9067,1065,6042,3533,9149,9249,9348,5635,6341,3706,4844,9448,1202,3921,9545,7460,63,9694,1424,6757,6901,6555,6732,7430,7636,2600,3415,5092,5126,6566,3908,5794,3759,9942
7834,7891,771,6481,3160,7995,5824,6649,8094,1375,8194,5748,1852,1842,2817,3272,561,4187,8295,4152,4564,7639,1124,2035,8469,8565,1031,4604,8664,4260,3443,4468,8762,5711,5148,3224,8864,3985,3156,1130,127,2305,2657,4307,4986,2615,1406,3165,6483,4657,3962,8964,4199,4366,357,4840,1566,703,895,6349,7346,4271,2209,4112,1808,1277,9068,4813,2751,3524,9150,9250,9349,1854,4016,3904,2491,9449,546,5115,9546,9638,2111,9695,1519,3664,1622,1863,4148,9770,9829,2231,1675,6969,3292,6556,7742,6971,1878,9943
3483,7892,152,6679,4732,7996,5830,6943,8095,1230,8195,4963,4183,6108,873,6812,487,3518,8296,3965,6599,8390,2617,3900,8470,8566,1383,2518,8665,6109,3251,251,8763,5028,1782,7046,8865,5901,5954,4592,469,2272,2098,3802,4153,6143,7042,5879,3512,6294,7549,8965,2220,7036,1047,4325,305,2066,3075,6148,7518,4257,461,5853,3593,692,9069,719,4168,3888,9151,9251,9350,2465,3430,5101,1218,9450,2241,5142,9547,7466,1580,9696,1445,2056,6790,5482,937,9771,7683,5185,1267,1883,3810,3510,4428,2544,3409,9944
3149,7893,2055,5550,5491,7997,6306,3418,8096,1147,8196,7071,6130,3685,227,7056,842,4184,8297,1498,4899,7448,1534,1054,8471,8567,7009,6855,8666,6804,2501,3526,8764,7200,5056,7640,8866,2662,1661,1995,262,767,3287,6516,2682,1683,1416,7000,7476,5759,7716,8966,6831,1264,850,2865,1322,4944,3013,4745,7543,6450,1637,5646,3431,621,9070,195,5767,1515,9152,9252,9351,6743,1285,5497,963,9451,1112,4374,9548,7731,1809,9697,1551,2763,3200,1882,6624,7800,7811,4017,1339,4635,3534,6464,9888,6387,1038,9945
7591,7894,1132,5487,2048,7998,2102,1052,8097,4807,8197,3021,4319,3555,1633,2786,1082,1599,8298,2875,2457,7708,559,4059,8472,8568,5953,4020,8667,3584,2127,3109,8765,1906,947,7233,7204,3837,5321,4860,1066,2024,967,3663,4172,2791,4395,4758,4495,1979,7443,8967,2506,3641,2981,3979,3963,2447,815,1828,4174,3675,1750,2862,3404,918,7335,2328,2233,3307,9153,9253,9352,2568,3325,5108,834,9452,2117,3654,9549,9639,2711,7406,763,4486,3571,2126,5067,9772,6733,2775,827,2026,3087,4478,9889,2970,3822,9946
5910,7895,1733,7665,1327,7999,4465,4400,8098,3116,8198,6717,5479,2288,2008,2667,2860,3107,8299,982,4973,7753,69,1872,8473,8569,4723,1355,8668,4410,1992,1570,8766,3558,4286,6711,7523,2524,3243,1517,738,5598,2709,3167,3745,4453,3672,5182,866,1103,7132,8968,4548,3023,1435,4835,3470,1160,1353,5122,9048,4258,1820,6267,2367,1630,7300,3976,4316,3108,9154,9254,9353,2014,3920,5057,372,9453,927,3843,9550,9640,4229,9698,206,3139,5102,5243,3715,9773,7601,2597,1379,6814,3605,3001,9890,3988,1714,9947
7835,7896,2592,7747,1766,8000,6377,5697,8099,6025,8199,4727,6268,1302,572,6688,4451,3255,8300,5649,2549,8391,285,6940,7532,8570,5053,2895,8669,134,2120,2648,8767,6316,3559,628,6135,2168,6642,3406,4533,1486,1950,6704,4634,5228,1887,6174,2018,7090,6921,8969,6372,3096,6896,1527,2151,1431,1187,3069,7697,5904,2857,6019,892,736,9071,5384,1070,5905,9155,9255,9354,1665,5599,6459,3212,9454,1235,5837,9551,7157,5,5955,1735,5540,6219,665,1833,3482,9830,1320,3376,5916,1668,6640,7821,5746,2644,7469
7545,7897,672,6680,2087,8001,3931,4925,8100,2438,8200,1219,2884,4144,519,1380,1692,6337,8301,4545,4508,8392,1841,1603,8474,8571,3289,4982,8670,3496,3867,3975,8768,1352,3502,8846,8867,2116,1140,4310,1648,3270,1237,5032,2697,3595,2703,5014,1963,2210,7768,8970,5591,2946,1567,2939,1934,1544,311,5429,6859,4936,1356,1440,2962,72,9072,2569,2850,5183,9156,9256,9355,5676,5023,3986,4118,9455,2748,5701,9552,9641,1653,9699,196,4209,4805,4431,4558,9774,7812,2060,1737,5605,2115,6207,9891,5570,2685,7445
7836,7898,2278,7160,4943,8002,3786,5968,8101,5070,8201,4568,6293,6199,553,3043,1005,5422,8302,4728,4815,8393,2758,3639,8475,8572,5456,2854,8671,6288,4068,5016,8769,6824,347,7474,8868,2316,2695,6551,1912,6159,676,4806,7268,6206,1105,4705,7028,6837,7385,8971,3978,1086,5619,1192,5398,2658,820,1700,9049,841,1479,1968,582,1108,9073,2642,3117,2427,9157,9257,9356,766,5340,3704,541,9456,923,4440,9553,9642,289,9700,399,1029,5377,2072,5899,9775,7412,1732,2987,5098,4160,4630,9892,3207,5717,5950
5494,6597,359,7290,5504,7750,4119,6549,8102,5153,8202,5499,4913,6880,271,1591,3619,6603,8303,3755,3286,6739,900,5699,8476,4421,6793,5539,8672,2578,4379,2183,8770,1099,1357,6063,8869,3566,6066,1009,1154,2099,4628,7109,5785,5178,2911,2277,6000,3761,7390,8972,6405,6654,5930,2063,2089,3464,2459,983,6675,1312,2281,2249,2353,754,9074,3205,5385,4956,9158,9258,9357,4814,2562,6017,2418,9457,148,6493,9554,7283,83,7555,2435,2213,2165,4092,1710,5157,6618,1745,737,4254,5568,4655,5843,4493,641,9948
7837,7899,379,7972,1642,8003,6303,4239,8103,6005,8203,4180,5002,2996,848,3614,2533,4780,8304,696,2514,8394,3014,6909,8477,8573,2037,1251,8673,5979,2336,2792,8771,6881,5424,7709,8870,4028,3347,761,573,6753,1236,4479,5420,5845,3893,7281,6120,2298,8922,8973,5582,5449,5369,5537,335,215,661,6029,6608,902,1460,6326,5119,1849,9075,6145,3297,450,9159,9259,9358,2669,5423,5923,2788,9458,184,2070,9555,9643,5400,9701,286,5390,2621,1253,5507,9776,9831,3740,3553,7230,6595,5544,9893,3119,1247,9949
7838,7900,1296,6848,4001,8004,5705,6380,8104,2825,8204,1711,5698,6354,2296,3829,294,5756,8305,4349,4356,7286,1293,1232,8478,8574,722,2668,8674,7184,1946,2813,8772,5752,1875,8847,8871,2020,1364,3166,539,4166,968,5736,6442,5066,5411,2732,4430,2665,7244,8974,3437,4903,697,2535,3355,396,288,6519,6609,3357,1972,4462,2342,2057,9076,3402,4098,2630,9160,9260,9359,4746,4875,3930,950,9459,934,6102,9556,9644,1649,9702,1640,2006,4714,4735,2094,9777,9832,1793,1491,6701,2492,2273,9894,5622,1179,7622
7839,7901,2796,7561,2958,8005,5546,4215,8105,5220,8205,5632,4353,4801,613,6430,1073,3361,8306,1758,5181,8395,974,3341,8479,8575,2761,3917,8675,4122,3788,4073,8773,6414,4392,7694,8872,2322,3711,4178,4165,5974,5177,4594,6052,5292,2881,2734,5590,6050,8923,8975,3859,1025,4754,1268,510,568,310,4877,7163,4304,1078,4060,1273,328,9077,4616,4960,6398,9161,9261,9360,5365,2620,6202,3997,9460,352,4677,9557,7367,502,7556,1211,5029,3899,4399,244,6758,6946,2897,329,7305,4476,5825,2584,1892,843,9950
7840,7902,1199,4831,5689,8006,5846,6937,8106,6033,8206,4275,6456,7006,2301,5017,534,6312,8307,1859,6834,8396,432,4560,8480,8576,7239,6287,8676,1336,627,5466,8774,4856,3,1694,2083,4622,4422,5410,5097,5934,260,7054,4193,3194,2553,4232,5229,2908,8924,8976,6295,6613,6845,2472,3225,3161,28,137,5179,1927,2260,4566,3579,2324,9078,2779,4102,2840,9162,9262,9361,5575,2534,6897,2027,9461,4663,6165,9558,9645,6091,9703,75,5022,6031,3133,5604,9778,7590,18,1981,7074,5962,7151,9895,5623,2390,9951
7841,7903,1676,5144,1647,8007,2820,2780,8107,6455,8207,5571,3522,4609,141,6408,2900,6822,8308,6065,3373,8397,252,5531,8481,8577,2420,1269,8677,66,241,5512,8775,6238,3648,1113,4737,5206,5730,4907,4237,2326,5244,7327,5381,6393,6421,3751,6878,6016,7107,8977,4469,6185,1971,3211,2460,2258,536,657,7375,3261,3918,4354,508,228,9079,1449,2956,6089,9163,9263,9362,2144,4250,4345,2469,9462,3934,6189,9559,9646,287,9704,2982,6631,5306,1397,4186,9779,9833,1483,3039,6225,1335,6802,7822,4975,5851,9952
7512,7904,33,6681,1508,8008,7173,3669,8108,3891,8208,1757,6389,2992,236,6666,2718,5712,8309,5907,4157,8398,2259,5325,8482,8578,273,5704,8678,3897,2519,598,8776,6604,5757,4614,8873,3350,6449,2419,1292,5818,4596,5600,7010,6500,5780,6825,7083,6977,8925,8978,7110,1948,266,2208,997,375,356,6007,7450,5475,1079,2918,2359,98,9080,630,4849,6851,9164,9264,9363,4574,6986,5888,5176,9463,529,6839,9560,7649,387,9705,888,5434,6011,4930,2692,7801,9834,4441,3935,6833,3746,7189,7196,5041,6060,9953
7842,7905,34,7478,3536,8009,2251,4383,8109,2886,8209,942,4838,5035,488,4163,394,6209,8310,3781,4047,8399,1824,3994,8483,8579,3395,5724,8679,7035,3720,476,8777,5740,2421,6448,8874,1351,4038,1554,726,5333,2228,4171,4619,5553,4777,6110,4753,6477,7769,8979,5772,5242,3277,5628,606,1270,1926,4830,7170,4599,1280,3209,674,441,9081,2246,4502,5235,9165,9265,9364,5647,5373,6258,4837,9464,596,3743,9561,7699,973,9706,2577,2152,6053,4368,1194,9780,7657,2504,835,6934,3589,4859,7702,1298,3509,9954
7613,7906,20,7285,5219,8010,4096,7026,8110,3750,8210,3764,3210,6147,80,3346,1691,6984,8311,4775,3958,7690,2478,537,8484,8580,4867,4880,8680,6249,3423,4613,8778,1911,4666,6575,7761,1790,2912,5882,2446,4863,3487,6975,4980,2041,2192,3508,5781,4530,7515,8980,6607,5592,2646,6082,3424,2256,1662,3046,7316,489,3410,764,1829,55,9082,1543,4255,885,9166,9266,9365,4295,4241,4471,2607,9465,1060,5602,9562,9647,340,7796,1898,5303,5307,5702,4865,7653,7558,585,2077,7255,1195,3442,9896,5129,1546,7603
6583,7907,1034,7615,5042,8011,4136,6745,8111,3349,8211,670,5209,2601,4576,6270,1991,4602,8312,3697,3830,8400,419,3853,8485,8581,6134,5417,8681,3807,554,2477,8779,3506,951,5988,5473,3716,597,5227,2062,3731,155,5515,6067,2500,4213,6491,6332,3477,7247,8981,2103,1921,2032,1444,5755,1021,42,180,7262,1541,2934,5815,3603,1455,7646,4750,4414,2851,9167,9267,9366,5828,6780,5052,3455,9466,3628,5008,9563,9648,1851,9707,110,5541,6186,5603,3168,9781,7813,1171,2019,6527,4267,6723,9897,5026,2742,7623
7843,7908,1742,7352,3336,8012,6379,6907,8112,6698,8212,6038,3223,6226,908,5816,2768,6938,8313,2142,5946,8401,1183,5488,8486,8582,4466,6280,8682,3317,403,5257,8780,5324,437,3342,6392,2906,1978,6774,4235,5754,224,6748,3531,5308,5737,4088,2247,872,8926,8982,5441,5659,4309,642,5289,664,9,62,4620,1145,1398,5492,3677,861,9083,4015,3199,2837,9168,9268,9367,4872,5263,6008,2162,9467,5162,7044,9564,9649,4331,9708,38,5462,4683,4897,2482,9782,9835,620,2583,6891,6581,6884,9898,5585,2225,9955
7625,7909,1028,7302,911,8013,7179,4228,8113,5127,8213,7065,6694,1744,59,6672,1350,6803,8314,5572,6104,8402,130,7691,8487,8583,2257,1504,8683,284,360,1952,8781,1801,961,695,1940,3441,7004,5344,5211,3389,3540,7228,5912,5809,4649,2835,7349,3753,7525,8983,3530,5364,7779,3196,2379,6014,4467,306,7680,3692,321,3626,1897,1033,9084,4676,4076,6736,9169,9269,9368,2917,6806,6522,4850,9468,3498,5653,9565,9650,82,9709,2046,6720,5282,4424,2318,9783,9836,501,3386,7313,3054,6991,9899,5545,5586,7662
7604,7910,2031,7748,5327,8014,3554,6682,8114,1641,8214,2931,6061,1489,52,6507,4105,6841,8315,5328,1909,7629,390,6078,8488,8584,4252,5003,8684,3244,4536,269,8782,3051,2744,7144,8875,3955,4724,2150,1606,2088,1180,5935,3077,1715,4344,6153,1496,5285,7770,8984,6470,6783,6755,2512,515,1726,723,5997,7334,4707,1806,4071,2983,119,9085,844,2815,5823,9170,9270,9369,6356,5100,5476,3121,9469,88,6737,9566,5459,465,6913,3265,6064,3643,3104,1869,3294,9837,3689,3218,5460,4672,5135,9900,5361,1924,9956
7844,7911,23,3925,2289,8015,5350,4968,8115,4274,8215,3316,4969,5241,1670,2831,3451,4435,8316,1959,4900,7563,1001,1458,7692,8585,377,3084,8685,3392,1689,2797,8783,6335,1777,6192,8876,1392,1836,4003,2739,4261,1468,5074,6013,5326,1697,4233,7039,1802,7436,8985,4848,3625,833,4051,5681,3273,558,5836,6927,1448,2730,4974,3090,87,7783,1695,1075,4367,9171,9271,9370,3143,5902,6478,4182,9470,2466,4456,9567,6553,1224,9710,808,2649,5076,4300,901,7544,9838,3252,3405,6460,3545,5834,9901,5811,871,7612
7845,7912,84,2290,3153,8016,7146,6307,8116,3312,8216,1970,6407,4434,4405,2848,1310,4100,8317,4130,6087,8403,225,1917,8489,8586,496,3208,8686,1813,2312,5418,8784,7359,5514,5741,8877,3848,1762,4320,653,4386,1301,7246,7243,6183,5062,4010,6863,6114,7771,8986,7127,5349,793,1295,1212,189,97,6742,7519,3228,4702,2809,1929,113,9086,1451,6246,3106,9172,9272,9371,7067,7171,3588,3993,9471,542,7393,9568,9651,281,9711,2515,5810,3869,5184,5965,9784,9839,2043,3105,7397,5341,6988,7658,6529,4282,9957
7159,7913,1568,7062,5186,8017,3709,4503,8117,3945,8217,5351,7018,1153,21,7221,4461,4058,8318,2436,6338,7754,1612,2632,8490,8587,3707,7169,8687,5154,5237,2371,8785,6070,4384,7584,8878,3879,6816,1234,175,2966,3714,5526,7092,5137,6428,5166,6103,3592,7717,8987,7093,7270,530,2350,176,971,235,4385,7725,6115,1259,2366,2443,144,9087,755,6374,5841,9173,9273,9372,5250,6394,6546,1693,9472,147,7248,9569,5336,748,6075,1000,4887,6810,2344,1847,4022,9840,5193,4242,4881,1172,6998,7659,4882,3035,9958
7614,7914,1470,7125,5194,8018,6084,6475,8118,2927,8218,2400,4256,3736,239,5668,3575,7045,8319,5139,5088,8404,3767,3659,8491,8588,2141,6781,8688,2157,2774,1378,8786,5670,5573,5277,8879,4413,1239,5597,636,5532,2463,6662,6903,6222,1135,4420,6244,6992,8927,8988,7366,5156,1271,1964,308,650,37,4736,7644,1246,1619,2603,1412,14,9088,2952,6097,5786,9174,9274,9373,6800,6023,5694,5302,9473,163,7019,9570,7552,279,9712,2411,4948,6443,6996,662,7802,7814,3608,1756,7256,2717,6472,7351,3322,1521,7703
5130,7915,2200,6819,4343,8019,6725,7347,8119,4555,8219,5283,6513,4704,161,7529,5368,4934,8320,1186,1962,8405,1263,5517,8492,8589,6325,4951,8689,468,1032,369,8787,5215,728,1300,6200,2973,2643,1497,824,434,506,6868,7195,3700,6210,7048,7524,5216,8928,8989,5832,3072,7404,4387,473,4582,3397,2638,9050,6071,567,4348,1109,920,9089,781,6112,4698,9175,9275,9374,4029,5885,6261,2943,9474,129,4637,9571,7485,532,9713,2725,5971,5498,2462,6905,9785,9841,2483,2536,5197,4858,6633,9902,6083,5355,9959
5431,7916,2704,7973,2368,8020,4390,2188,8120,2395,8220,4377,4283,6535,535,5254,3353,2456,8321,3055,5722,7755,684,1446,8493,8590,2338,6275,8690,6683,4323,2978,8788,7105,5343,6752,8880,4667,1430,4032,838,5686,640,2229,6577,1922,4799,2602,6233,2401,7576,8990,3093,344,1650,5914,1631,3175,409,6373,9051,2694,1928,5776,5258,526,9090,380,2493,5595,9176,9276,9375,3873,2136,4869,919,9475,795,6247,9572,9652,1013,9714,1178,5304,6204,5739,1226,9786,9842,4771,1419,643,5143,5175,9903,6634,3771,7624
7572,7917,622,6820,1362,8021,3439,5232,8121,4263,8221,6012,2614,1313,2215,3635,337,4169,8322,1720,4145,5105,1278,2105,8494,8591,3159,3179,8691,4803,1724,2933,8789,4914,1656,5779,6576,925,4668,4584,1563,930,1106,3901,2733,4297,5382,2112,2398,1765,7676,8991,2121,2609,3991,2310,3480,1190,1365,1708,3009,2743,2527,4883,4381,916,9091,2554,4874,3576,9177,7787,9376,3695,2399,4804,3622,7610,1941,3221,9573,9653,3828,9715,1532,1081,4472,2957,5318,9787,7416,2659,2084,2486,5483,3202,7743,1287,2984,7463
7846,7918,346,7295,4464,8022,5198,4299,8122,1368,8222,1138,4064,4529,5168,5664,2397,3852,8323,2993,5274,8406,2345,1542,8495,8592,3314,5374,8692,3840,2154,773,8790,690,5012,1022,7491,3713,4700,1069,1080,3126,2430,6625,5288,3984,2571,1402,6245,4484,8929,8992,4588,651,1803,1037,2495,1835,1459,4890,5643,4544,3155,4531,1457,353,9092,1589,2113,3977,9178,9277,9377,5201,5037,879,4710,9476,3805,5000,9574,9654,1016,9716,778,3083,5204,4726,5246,9788,7578,2349,955,5808,4371,4802,9904,4626,1516,9960
7417,7919,1778,7974,3581,8023,5432,4273,8123,1141,8223,4607,929,2596,136,5665,1712,1845,8324,1810,5440,8407,1122,2274,7693,8593,3195,5210,8693,6667,3171,896,8791,4192,2413,7292,7315,3321,2714,4656,2198,513,1705,5468,6626,4146,769,4245,5415,2969,8930,8993,5803,4562,1331,3572,1175,2560,2069,5320,7520,3310,418,2176,3465,1552,9093,798,3295,3026,9179,9278,9378,4082,4786,2889,3115,9477,732,4918,9575,9655,3037,9717,1114,2455,5581,5574,1481,9789,9843,3513,2389,6181,3040,6220,9905,1718,1680,7075
7605,7920,716,7508,3701,8024,4518,3380,8124,4221,8224,4244,1294,3062,2011,2754,459,3263,8325,3612,4090,7668,1573,3374,7606,8594,3137,4791,8694,6330,3216,775,8792,1502,3421,7152,7593,2244,2391,2508,1134,3368,1846,3049,2846,2095,4021,1586,2480,3489,7643,8994,5864,4886,3279,4312,3680,1201,592,3651,7317,3191,1885,4313,3779,990,7647,3329,2705,1332,9180,9279,9379,3538,5075,4952,3138,9478,290,4220,9576,7461,3739,7263,1781,3330,3673,5360,3820,9790,7437,637,1976,4143,1156,2223,9906,1613,2356,9961
7399,7921,1395,7215,3299,8025,4538,4539,8125,2221,8225,3140,3787,2626,909,1074,2226,1197,8326,4346,3795,8408,1381,1699,8496,8595,2670,2207,8695,6358,2905,3842,8793,5131,584,5618,8881,2721,894,5817,1736,3034,2976,2842,3712,3407,3905,3173,2146,3727,7718,8995,3468,2747,4565,5629,1363,3129,491,4342,4769,3301,1231,3719,1804,460,7422,4800,1529,1722,9181,9280,9380,4108,3561,1990,2325,9479,910,4713,9577,7732,2015,9718,734,3594,3145,4147,2058,7803,6990,1549,1520,6190,5134,6351,7660,4507,2429,9962
7847,7922,121,3481,1669,8026,5951,3233,8126,1638,8226,2752,1731,4633,845,2417,2432,4455,8327,4532,5256,8409,2169,3488,8497,8596,5221,1783,8696,3881,3872,3331,8794,4911,5080,6497,7762,2025,3006,5090,2520,5848,3230,5405,3613,3649,1814,5765,4773,1129,7596,8996,7097,3610,5693,2870,1513,132,768,970,7521,2125,1730,1249,1537,26,7001,3003,3573,5270,9182,9281,9381,2722,3615,4902,2867,9480,3010,5583,9578,9656,1437,9719,1228,5245,3547,2716,3834,9791,9844,1881,408,6601,4512,4036,9907,5388,4915,9963
6678,7923,404,7749,4853,8027,3440,5403,8127,5454,8227,6286,6894,3725,3136,6051,3100,5480,8328,4765,6486,8410,77,4212,8498,8597,1308,5587,8697,3723,945,4546,8795,1281,2509,1276,8882,2604,2639,4922,658,6364,2219,4481,3862,6410,3998,7282,4511,5386,1051,8997,4359,589,3973,2550,704,438,913,5921,6154,4279,599,4864,258,1240,9094,5082,3438,4447,9183,9282,9382,4878,2890,4923,5379,9481,1931,6385,9579,7733,200,9720,1039,5805,6211,6180,1030,7682,9845,1701,2570,7086,5977,4567,6277,6324,4879,9964
7068,7369,878,3485,3702,8028,877,5380,8128,2319,8228,2358,4196,6252,4061,4513,884,4361,8329,3122,2818,7378,1371,1007,8499,8598,802,2828,8698,5607,2922,1164,8796,2799,4772,7510,8883,2264,3188,4935,2293,3775,1540,6239,2036,3082,2925,4247,6161,1547,7677,8998,1017,4425,1061,3198,965,410,590,4720,7321,4128,3204,4326,3459,638,7784,2803,3969,3027,9184,9283,9383,4043,4681,2485,2698,9482,733,5503,9580,6262,1514,9721,706,2546,4329,4332,4433,9792,9846,2940,2161,5637,2384,5486,7454,4761,3557,7472
7848,7924,981,6309,1812,8029,4006,4474,8129,2402,8229,2880,2798,3304,3941,4373,53,6272,8330,1850,4708,7669,2317,1361,8500,8599,3422,3462,8699,4268,1682,5046,8797,3381,3022,7308,8884,2452,5278,4202,452,3227,2433,3240,735,2361,4581,2808,2270,2687,7410,8999,2261,4561,751,4744,2564,1091,208,5522,5087,4989,1877,3335,3469,1624,9095,4826,986,2468,9185,9284,9384,4205,3683,3981,2724,9483,3320,4280,9581,9657,1407,9722,1848,4483,4845,2605,2510,9793,7611,2138,1600,5001,3079,3660,9908,5231,858,9965
7849,7925,1579,6664,2655,8030,3811,4045,8130,6213,8230,5709,4149,5511,1077,1415,1908,6092,8331,683,4042,8411,2292,3416,8501,8600,3698,1965,8700,7027,3756,1856,8798,2801,4278,7533,8885,2170,2674,3838,2437,3587,2530,2114,6627,2641,3401,5896,6796,4198,8931,9000,6663,3180,893,3004,649,433,49,4437,7539,3449,2065,882,1989,17,9096,1348,4314,1651,9186,9285,9385,2926,3735,2891,4167,9484,3467,5932,9582,9658,1188,9723,708,4238,3864,4731,4543,9794,9847,2248,2357,7320,1920,6970,9909,2899,2556,5542
7850,7926,102,7400,1721,8031,6445,5044,8131,4528,8231,5020,7020,5944,656,7166,3065,7250,8332,4208,3276,8412,3015,5045,8502,8601,1439,6390,8701,1913,3150,5713,8799,5625,1709,6974,8886,1155,2286,6230,3982,5524,483,6721,6787,6095,2772,6972,7340,2297,7772,9001,2997,5884,414,3417,114,485,511,3551,3047,1376,4004,5925,5774,2085,9097,4589,4739,345,9187,9286,9386,5372,3866,2869,985,9485,685,6485,9583,9659,4460,9724,283,6691,3539,2196,6376,9795,9848,989,1370,6350,5728,6861,9910,1452,3548,9966
7689,7927,109,7975,2942,8032,1760,4201,8132,6248,8232,7705,4450,7365,940,6514,1805,2861,8333,1203,1961,8413,2434,7088,8503,8602,7574,4070,8702,1328,5291,3765,8800,4099,131,4412,8887,5160,3699,6151,744,8913,314,7372,6887,7492,6227,6904,6435,7341,8932,9002,5114,6944,5152,3943,327,218,1252,376,6832,6175,2567,7241,7031,2995,9098,5720,2250,634,9188,9287,9387,6690,5677,1104,256,9486,817,5829,9584,9660,6809,9725,96,6770,4214,6395,7354,9796,9849,533,1860,4150,6072,6885,9911,5771,5391,9967
7851,7928,10,6924,1008,8033,4225,2959,8133,2347,8233,5734,4302,6433,157,7377,3114,4519,8334,1058,7279,8414,1539,2784,8504,8603,4612,5978,8703,5465,3831,6457,8801,5121,3783,6257,8888,5004,2100,5319,4134,3876,389,7260,5061,6152,1918,6700,6636,6524,7696,9003,5692,4932,412,6022,1594,1939,3398,3650,2181,1673,3444,3808,1644,250,9099,5617,2139,492,9189,9288,9388,3157,6801,1152,265,9487,2903,7078,9585,9661,167,9726,197,5924,5293,6644,6463,7654,7815,1984,3338,6037,5224,7016,9912,6973,3529,9968
7580,7929,4,6571,3234,8034,5276,4988,8134,2313,8234,3514,6343,6490,45,6886,3511,7066,8335,5412,5844,8415,1254,1725,8505,8604,673,3703,8704,6611,2735,3098,8802,7185,3946,7258,8889,4475,3226,3293,525,2953,1575,6976,4992,5165,3048,6431,6888,6436,7501,9004,6844,5850,79,5335,6058,3484,2375,4654,2475,3742,1672,4097,1616,35,9100,907,2678,800,9190,9289,9389,6155,3911,3552,4159,9488,2050,6776,9586,7650,125,9727,205,5286,5366,6399,5223,7213,9850,1951,2892,7528,2406,7108,7398,6417,4404,9969
7852,7930,2,6762,1590,8035,4298,4067,8135,2409,8235,2236,6214,6465,406,5703,3562,6813,8336,4436,6304,8416,1550,1014,8506,8605,635,3344,8705,5596,2378,5751,8803,7193,1036,7402,8890,3737,3257,3987,1789,3135,693,7234,5903,6119,3334,4816,6570,5050,7374,9005,5627,6144,457,5547,2619,1359,2355,5566,2217,2232,2132,3754,2442,32,9101,2080,3425,512,9191,9290,9390,5842,5678,2424,1557,9489,3819,6872,9587,7651,182,9728,245,6305,6302,5732,6308,9797,9851,1811,3028,6676,5079,7041,9913,6738,5654,9970
7853,7931,5064,7433,5447,8036,7667,5535,8136,1994,8236,7509,7371,6729,3232,7174,4556,7531,8337,4091,2091,8417,126,6274,8507,8606,2728,1561,8706,324,2321,2563,8804,3785,707,803,4748,1779,7585,6080,1480,7198,4158,7389,7480,7409,7381,4669,7674,3050,8933,9006,5348,7517,7723,2199,216,293,1843,54,9052,7084,1213,6911,976,478,9102,4573,7428,2405,9192,9291,9391,6775,7429,7081,1706,9490,2054,7589,9588,9662,319,9729,682,5814,5252,6412,1635,9798,6873,331,876,7252,2552,7049,6815,1632,6446,9971
7854,7932,138,7265,1572,8037,2206,6574,8137,5855,8237,6602,7278,5543,253,6260,1876,5416,8338,797,5225,8418,1930,4928,8508,8607,7522,1456,8707,4767,3953,5329,8805,5136,6140,7253,7575,2936,1422,7137,2393,6883,865,3732,3585,7223,3447,6323,6489,7138,8934,9007,6750,2474,247,4018,6106,3328,2299,56,7218,2352,3086,4971,2729,1985,9103,1938,4541,1133,9193,9292,9392,7301,7165,2767,105,9491,4277,6471,9589,9663,2337,9730,221,5613,2362,752,1894,9799,6953,257,1703,5523,7033,7178,7277,5839,1840,9972
7855,7933,91,3250,4916,8038,6197,2107,8138,1040,8238,6124,4970,6176,3927,4851,1044,5948,8339,5478,2346,8419,19,3847,8509,8608,1535,1373,8708,4111,3112,1330,8806,6062,6010,4762,7594,3128,5658,4608,1871,6298,2954,6767,6094,6536,4363,2205,3172,5666,7411,9008,6041,4755,292,2804,6096,581,150,759,4338,3258,4378,4287,1969,60,7785,2160,5133,6241,9194,9293,9393,3318,5738,5202,4056,9492,3474,5857,9590,9664,145,9731,1723,3458,6965,5777,4547,7541,9852,2096,579,7425,4227,5972,9914,4489,5984,9973
7856,7934,545,6942,4535,8039,7357,6862,8139,4644,8239,6523,3825,3254,5831,5959,788,7420,8340,4950,1207,8420,100,7287,8510,8609,4961,899,8709,625,5801,6173,8807,7257,1257,5084,8891,5419,7607,2949,495,5580,6100,7695,5521,4347,4388,5081,3101,6383,8935,9009,4189,7537,5272,1560,325,302,474,2294,9053,5506,2990,6509,3288,1076,9104,2677,7527,297,9195,9294,9394,7202,4534,3794,624,9493,378,7353,9591,9665,368,9732,521,7289,3356,3302,7158,7700,9853,1592,801,9877,4841,4382,7661,5116,6899,9974
7857,7935,678,7220,3248,8040,5795,5438,8140,4699,8240,6759,3372,3760,326,7134,486,7331,8341,4132,1243,8421,217,6263,8511,8610,5011,2013,8710,2826,4133,3020,8808,3186,1973,6740,7711,5859,6919,741,1396,5640,4406,7348,7293,7181,6870,6630,6857,6889,8936,9010,6769,6922,4718,4505,358,300,1083,1463,5980,5141,1787,330,6318,1667,9105,6864,3604,614,9196,9295,9395,4779,3169,3809,95,9494,1484,7005,9592,9666,3000,9733,309,4449,4572,6731,6853,9800,9854,825,466,5332,6637,4741,7823,6697,4997,9975
7858,7936,2238,6620,5966,8041,6150,6512,8141,3836,8241,7087,3053,7582,522,6765,1399,7332,8342,2932,1011,8422,1414,5551,8512,8611,3203,988,8711,1741,3734,2109,8809,3590,333,4322,7642,5161,5269,7534,720,7456,3653,7673,7124,7182,6201,2061,7076,6105,8937,9011,2159,7577,7405,3634,455,89,867,151,7207,4812,4964,4352,5936,3391,9106,4636,1837,1142,9197,9296,9396,6545,5949,4408,203,9495,995,7414,9593,7790,1980,9734,115,6488,2439,7304,7322,9801,9855,139,1340,6423,5387,6638,9915,2303,3800,9976
7859,7937,3078,7208,6724,8042,3565,5911,8142,3411,8242,7370,1587,7376,415,4651,470,6348,8343,5096,960,8423,278,7251,8513,8612,1454,1341,8712,2164,7057,4487,8810,3563,721,5753,7426,6043,7136,5404,1827,6962,3968,6836,7116,6015,7011,3189,7675,4706,8938,9012,2545,7778,4089,2866,232,146,363,382,7299,4701,5687,4052,5915,3752,9107,4288,6451,959,9198,9297,9397,7077,1873,3057,202,9496,1411,6217,9594,9667,1366,9735,61,7188,4083,6236,7235,9802,9856,856,1284,7226,3757,5018,9916,3855,6444,9977
7363,7938,1182,7418,2497,8043,4552,6381,8143,5991,8243,2968,6045,3058,1107,7140,3215,5973,8344,4586,2075,8424,1377,3081,8514,8613,1062,3324,8713,3815,2053,2086,8811,6415,5149,6359,8892,4024,2068,1307,318,2320,2407,3382,6707,6592,3705,6184,2097,4905,7773,9013,7269,5464,4749,1607,355,323,1472,6578,7094,1740,746,6195,5191,209,7786,3758,3132,4396,9199,9298,9398,2896,5007,4080,3623,9497,12,7249,9595,6149,870,7113,1933,5063,6494,4429,796,5685,9857,1818,2572,3611,1324,6657,6777,6792,1864,9978
7860,7939,805,7976,2587,8044,5392,7489,8144,3478,8244,7455,7434,7364,395,2894,3816,5680,8345,5393,1993,8425,602,7209,8515,8614,6590,2022,8714,701,4959,6093,8812,2155,1316,3523,7427,2616,5500,7310,1569,6835,2340,7595,6193,6768,1716,3471,7449,1983,8939,9014,2230,6487,7343,3147,276,128,549,118,6958,6458,4909,7015,3311,2883,9108,4942,6705,1447,9200,9299,9399,7495,2938,4044,166,9498,3657,6685,9596,9668,6426,9736,183,7569,5793,3620,5891,9803,7741,780,190,7350,2972,4910,7824,984,5835,9979
7861,7940,994,3951,2830,8045,4155,4658,8145,1786,8245,3005,3432,6169,2237,5624,2119,2627,8346,1764,2461,8426,1511,1831,8516,8615,4766,2314,8715,4079,1593,644,7760,4211,3393,7403,8893,612,3691,3362,2656,4625,1753,4697,4394,2376,3884,2481,1128,2915,7073,9015,3448,3494,1289,5800,3007,1679,264,4641,7502,2348,1464,3174,4551,421,7504,3898,1678,5804,9201,9300,9400,4621,4397,3950,4937,9499,837,2999,9597,9669,1785,9737,1469,1621,3937,3813,3154,9804,5819,2067,1390,5295,2919,6582,7619,1334,2016,7337
7704,7941,783,6468,2145,8046,1643,4674,8146,1215,8246,6495,5520,4504,194,2551,1674,5861,8347,1839,3600,8427,1503,2611,8517,8616,6550,2323,8716,5639,904,3644,8813,6187,1538,6773,8894,3832,5961,5034,1816,6963,3222,4693,2679,5822,6171,3091,6081,4577,7678,9016,5402,5394,133,4671,2403,1304,1684,3029,7503,5203,2044,1759,435,398,9109,3646,6427,1658,9202,9301,9401,6098,5760,4575,2676,9500,3213,5673,9598,7791,24,7325,1807,3780,6785,6362,3197,7064,7032,3769,185,5367,3912,4281,7191,1027,3141,9980
5484,6686,1420,7273,445,8047,6077,6429,8147,3045,8247,6382,3313,2839,6,2988,3260,6273,8348,2033,6401,8428,2279,3627,8518,8617,2425,4895,8717,7104,4093,4161,8814,5960,2471,7513,8895,4265,2696,5887,3152,948,3679,5451,3184,4501,5107,1121,4154,3542,8940,9017,3856,2129,6250,4218,3413,3567,1057,4785,9054,2029,351,863,3824,117,7494,4896,1752,524,9203,9302,9402,6113,3964,4818,846,9501,3632,3201,9599,9670,1423,9738,246,2853,6716,6615,523,9805,9858,4787,3729,7129,5354,3280,6791,3821,1611,7687
7862,7942,453,6004,1788,8048,6728,6283,8148,2252,8248,1094,5994,5667,821,5928,497,6979,8349,5933,4578,8429,1343,1998,8519,8618,427,2470,8718,2770,4049,4458,8815,6771,5425,7153,8896,4939,2276,3645,610,4675,3396,7037,7222,5112,5389,6367,6425,4081,8941,9018,6368,4116,431,2909,565,108,92,6163,7013,5719,3384,2629,1068,30,9110,1473,5671,5880,9204,9303,9403,6466,6510,2680,5448,9502,639,5833,9600,7567,304,7797,1196,5240,6254,4703,5561,9806,9859,4506,2673,7453,5287,7264,7487,6559,5593,9981
7546,7943,939,6447,4559,8049,3089,6530,8149,1174,8249,4642,6660,6284,2573,6766,600,6515,8350,5110,4357,8430,588,4335,8520,8619,855,6363,8719,2812,4798,5187,8816,3269,2526,4317,8897,3895,3939,2924,828,3501,3283,6829,4445,6278,3241,6518,2001,5995,7201,9019,5897,4598,158,1408,784,263,111,6299,7586,5490,2179,5433,259,191,9111,3383,5782,4797,9205,9304,9404,6121,5450,6719,2079,9503,2806,6375,9601,7553,212,9739,2691,1936,6224,4981,1755,7542,9860,5407,772,7168,2101,6133,6799,6076,4053,9982
7863,7944,1089,6142,1739,8050,3970,1222,8150,2689,8250,4563,3845,2749,1015,6778,1261,3219,8351,4569,4048,7358,1388,2756,8521,8620,2028,4457,8720,5155,3012,2245,8817,4240,3541,7330,8898,2877,1861,4725,689,6344,3434,3268,5199,4839,4908,5006,4833,2872,7311,9020,5043,1012,3390,3954,2653,3792,669,5870,7483,4407,1868,1176,2947,312,9112,3949,3919,544,9206,9305,9405,2195,4129,1688,731,9504,1584,5525,9602,9671,3038,9740,1024,1955,1874,6024,619,9807,7355,1666,1798,5103,1509,1895,9917,5030,3671,7382
7864,7945,1072,7216,3473,8051,4360,4696,8151,1425,8251,3363,1229,3176,439,3074,668,2790,8352,1903,2706,8431,1391,1578,8522,8621,1889,2935,7758,6264,1935,3640,8818,4571,3582,7309,7379,2660,3827,4358,2951,5313,2624,5674,3932,3535,2847,5716,4999,4124,6843,9021,5442,2521,3420,3519,4403,811,440,5470,7118,3980,814,724,4216,807,7588,3094,4376,3823,9207,9306,9406,3399,1562,4046,2613,7648,1462,3814,9603,7792,1795,7568,1208,3652,3472,1217,5218,9808,9861,629,1512,5867,3214,1975,9918,3763,1902,7826
7626,7946,156,6310,4251,8052,4054,5051,8152,2844,8252,5342,2189,3352,2374,4954,2227,5296,8353,4603,6617,8432,1686,5128,8523,8622,853,4103,8721,4734,1200,4618,8819,3989,5725,6573,8899,3928,2148,2341,2879,4828,1530,6502,5883,2194,4266,3491,5530,6088,7719,9022,4834,1597,1087,1290,1595,729,8,5267,6317,4892,1629,1297,2675,51,7633,3476,3688,2262,9208,9307,9407,3070,5612,3264,5652,9505,2789,5931,9604,7793,516,9741,413,4200,1507,5872,2859,9809,9862,2191,1401,6714,3718,5906,9919,4653,2202,9983
3944,7947,1221,5214,3940,8053,6659,7395,8153,3111,8253,6665,6534,6157,214,7706,654,3846,8354,1997,6205,7756,1999,3952,8524,8623,915,7438,8722,7211,4270,3661,8820,7388,3878,7641,7763,6158,6403,1523,25,1170,4679,6386,6048,3354,2757,7475,7477,7240,7720,9023,7224,6674,123,2426,234,786,1461,4817,7551,6164,663,5132,1184,504,9113,583,6639,4194,9209,9308,9408,6179,6035,7444,315,9506,231,6756,9605,7002,810,7798,3923,3495,7024,4185,6128,7804,9863,5761,611,4027,3863,7231,6847,6821,6474,9984
7865,7948,956,3665,2904,8054,3332,4041,8154,1576,8254,4715,6146,1988,2548,4062,832,6669,8355,3256,3193,7616,99,3041,8525,8624,2268,1117,8723,443,926,2923,8821,5552,4417,2708,7419,3052,6232,1097,295,3668,3339,7176,6930,6366,5875,3556,6949,1776,6933,9024,6950,4829,2888,1272,1346,889,384,5538,7392,4836,2559,5743,897,160,9114,3947,5280,3385,9210,9309,9409,4217,2781,5038,5457,9507,686,6139,9606,7451,291,9742,2769,6122,5406,3185,6353,9810,9864,4139,2731,7342,5435,6396,9920,5529,5963,9985
7866,7949,935,7133,2175,8055,7123,6320,8155,6542,8255,4494,6168,957,174,7499,2594,6849,8356,5255,2343,8433,527,5787,8526,8625,5569,5947,8724,490,4231,1904,8822,7143,2961,2502,8900,3326,5414,1799,2531,3453,3724,6558,5495,3348,4138,6968,4418,4294,7597,9025,7261,6047,6817,1360,518,1198,336,6623,7726,6194,1609,3274,3271,201,9115,991,6276,6579,9211,9310,9410,4305,6871,6928,3844,9508,1,6166,9607,4789,93,4426,931,5838,5937,1485,1354,1823,9865,4924,4135,7507,2516,7432,7744,4861,5518,9986
7867,7950,86,7296,3766,8056,4846,1144,8156,4583,8256,3748,5117,4014,1915,6046,1671,5735,8357,1291,3306,7757,881,4065,8527,8626,458,3403,8725,4977,1901,2885,8823,3042,3990,6710,7764,2979,4253,4593,646,4477,517,6499,4276,3076,5260,4784,3124,4774,7360,9026,5849,3454,2177,4927,2153,1131,758,5399,7645,3721,785,1657,2882,1216,9116,422,1405,2612,9212,9311,9411,4983,2444,3999,4809,9509,869,2540,9608,9672,4492,9743,777,4781,1986,3726,4321,7557,9866,2887,1774,6692,2782,4889,9921,2910,4126,7688
7441,7951,149,7345,962,8057,6498,5093,8157,5444,8257,4210,6956,6440,222,6875,3722,5788,8358,2745,6018,8434,2147,3177,8528,8627,1384,5661,8726,6562,4308,5072,8824,7021,2783,6985,8901,2291,740,5655,3942,6215,2479,6772,6409,7038,6136,6397,5941,6162,8942,9027,7043,2002,652,1326,2773,715,40,5827,7459,1588,1288,1167,710,64,7728,2755,6484,3569,9213,9312,9412,6315,5180,1191,1409,9510,958,6722,9609,7554,94,9744,538,6301,5378,6242,1914,7323,9867,5049,4195,7203,4409,3586,7467,4692,5812,9987
5688,7952,142,7237,120,8058,3938,4904,8158,4291,8258,4945,5806,6085,2807,6352,725,2082,8359,4078,6656,8435,1727,5455,8529,8628,2538,4301,8727,1769,3708,4743,8825,5579,5775,5238,7765,3546,1623,1916,1158,4711,623,6900,5471,385,5309,5869,4293,5261,7774,9028,6505,1002,3686,5660,2045,2750,2787,4823,7484,4721,998,3030,3358,2595,7729,3601,4127,316,9214,9313,9413,5353,6290,2021,140,9511,420,3902,9610,9673,5279,9745,178,5207,5621,4375,5866,7440,7816,2819,1127,6167,4991,3996,9922,3446,1853,9988
7344,7953,425,7592,3730,8059,4796,1982,8159,4926,8259,6902,7115,7306,2864,6982,1101,6572,8360,4985,6441,8436,1865,749,8530,8629,7384,5578,8728,1306,4752,4391,8826,2372,830,4729,8902,4370,6895,730,172,5614,3741,7131,6651,1041,4885,6910,5533,5383,7721,9029,6069,3578,6797,3291,362,543,3284,4825,2841,3016,3841,2023,3378,2930,9117,2785,2710,576,9215,9314,9414,6521,1767,5358,762,9512,39,6668,9611,7452,1492,7599,199,5672,6434,6539,6594,9811,9868,4115,556,3574,2666,6221,9923,1748,2585,9989
7383,7954,880,7638,943,8060,2369,5299,8160,1925,8260,6406,6418,6269,2921,3629,966,5363,8361,4793,2610,8437,609,5505,8531,8630,6702,5147,8729,2633,4514,4638,8827,1063,770,7212,8903,1120,6339,6673,1533,6741,699,6345,5253,1880,2849,6160,6101,6980,8943,9030,4717,5706,2876,5528,177,4222,1729,1531,1773,5513,2606,1553,3073,2235,9118,3025,1761,1664,9216,9315,9415,7085,1565,5359,179,9513,655,6319,9612,9674,2394,7415,267,5707,851,7139,2582,7431,9869,5158,631,6002,5472,7190,7496,2383,4019,9990
7868,7955,1639,7095,3916,8061,7266,7161,8161,3486,8261,7147,6760,5275,3181,7238,400,4994,8362,6610,1596,8438,15,7464,8532,8631,4113,5071,8730,454,4226,2771,8828,7186,1482,1149,7712,4740,6591,1329,1404,5013,4979,7122,7079,6788,7439,6461,7548,7156,7775,9031,5913,3343,1719,980,456,210,424,4328,7780,2327,1615,4868,1035,301,9119,3127,7149,2332,9217,9316,9416,7229,7271,7040,6411,9514,101,7254,9613,7324,22,7736,791,6945,7172,6501,3246,6892,7570,4972,1265,7294,4463,7219,4694,4549,1996,9991
3851,7956,2134,6621,4490,8062,6628,3886,8162,3617,8262,4808,1233,3971,78,5852,953,1098,8363,3018,6496,7583,1367,3163,8533,8632,2715,5858,8731,6256,3463,2974,8829,4631,4689,7326,8904,3871,2140,5086,198,5919,2040,5651,5723,5762,5714,4632,4389,3419,7608,9032,6492,4341,374,1754,1166,3231,2599,3906,6099,4820,303,1844,3782,727,9120,1283,1510,3773,9218,9317,9417,4094,3118,2517,1146,9515,1358,6327,9614,7794,3206,9746,2707,164,5783,2581,4898,9812,9870,790,1088,4470,4842,6271,9924,5230,4339,7394
7014,7957,1564,3285,2863,8063,6208,1857,8163,2989,8263,4438,4522,3606,2201,5015,933,1577,8364,852,4751,8439,449,3636,8534,8633,1372,2945,8732,3710,1967,3875,8830,4515,5065,7547,7671,2893,2484,4600,3849,2185,1438,6314,5588,4738,2253,3907,6371,2030,7776,9033,5396,5608,745,3577,2693,946,43,6916,4104,5189,1794,3860,2224,367,9121,4355,3229,4962,9219,9318,9418,5942,5172,1266,4423,7634,822,3762,9615,7505,307,9747,691,5266,3499,4993,5993,7655,9871,1626,1275,5778,2071,6342,9925,5213,2498,9992
7637,7958,73,2580,4333,8064,4719,5323,8164,5170,8264,2214,2255,4722,3071,6584,361,1832,8365,1636,6588,8440,2197,4866,8535,8634,391,6650,8733,1910,862,531,8831,6653,912,2671,8905,1884,3868,4553,320,5397,3068,6869,4639,7155,4188,7297,7055,6188,8944,9034,7022,5731,255,5138,2000,666,2913,5262,6282,2937,4454,5865,4107,1067,9122,891,5750,4650,9220,9319,9419,6818,3371,4822,4691,9516,831,5453,9616,7681,645,9748,1490,5576,5174,1429,2652,9813,9872,2816,2267,5549,1319,6961,7336,5644,2726,9993
7869,7959,354,7070,1163,8065,6292,2765,8165,2373,8265,6055,4439,5233,2760,4008,154,5104,8366,1960,5985,8441,2513,2012,8536,8635,4110,5094,8734,4269,3910,5060,8832,4966,854,7564,8906,3618,1084,2489,757,5641,277,4521,4776,4824,2586,5339,6754,1023,7565,9035,1775,4123,4955,4680,809,3616,2167,4550,5675,4330,1018,5657,4646,1602,9123,3960,1838,67,9221,9320,9420,1660,5192,4246,1206,9517,847,6127,9617,9675,5039,9749,169,3880,6554,3259,2408,7805,9873,4011,2412,4272,3670,6365,7468,6328,2507,9994
7663,7960,5610,6840,2450,8066,6511,1713,8166,5247,8266,6526,7199,7307,4142,7175,237,7141,8367,4023,4876,8442,226,4520,8537,8636,7245,7210,8735,776,5226,5068,8833,2078,447,6028,8907,3956,7479,2269,85,5164,4114,7407,7126,1728,6995,6531,4733,7457,7777,9036,6805,6684,7631,2287,230,1279,2589,6858,6713,1453,3693,5620,2173,1299,9124,1707,3768,464,9222,9321,9421,4686,7242,6852,1244,9518,65,7167,9618,6959,36,7128,238,7276,1225,6467,5485,5356,9874,5548,1102,5638,2110,6525,5981,3426,3961,9995
7581,7961,1394,4262,4664,8067,5362,3460,8167,3267,8267,4688,5969,1614,1214,5669,551,5820,8368,2449,6957,8443,74,1747,8538,8637,626,2009,8736,3500,3388,3914,8834,4009,4811,6543,7672,5691,5881,1466,106,6056,4580,6322,7408,1495,5284,3217,7059,4670,7187,9037,4365,6296,381,4601,442,299,2351,3305,6890,3778,2051,5496,2929,2625,9125,5167,2737,2218,9223,9322,9422,5601,6156,6764,712,9519,2306,6989,9619,9676,2333,9750,187,5055,3674,7177,6983,9814,7618,3642,81,2700,3456,6439,7620,5663,5708,9996
7870,7962,1432,2916,3537,8068,6936,4610,8168,4284,8268,4611,5784,5797,4109,7120,4191,7333,8369,2902,6600,8444,104,2494,8539,8638,949,2971,8737,168,1205,1260,8835,1605,993,806,5401,5467,3630,4678,5106,2637,5616,7288,6795,5986,6569,938,7274,6506,7609,9038,2985,6178,4712,1136,334,451,563,874,7781,5895,4579,2464,2650,1019,9126,3492,3833,3067,9224,9323,9423,3278,7112,6020,6138,9520,3245,7183,9620,7486,233,9751,747,4290,6361,6291,6021,9815,7701,383,1493,7560,1548,6993,9926,6090,6708,9997
7871,7963,1150,6641,4012,8069,6032,1305,8169,4230,8269,3445,4893,6259,1165,5195,2608,4827,8370,5316,6039,8445,1501,4591,8540,8639,1604,5445,8738,3253,1628,5346,8836,6402,3220,5645,8908,4442,6003,1173,3936,6568,4940,7280,7047,4181,6034,7481,6939,1344,7550,9039,7145,5656,2076,3102,604,207,890,3113,7587,3507,1944,5871,498,248,9127,3275,4871,4259,9225,9324,9424,6846,5856,6532,3909,9521,1314,4947,9621,9677,482,9752,3162,3103,4072,5938,388,9816,1768,5427,112,7284,3242,1148,1751,405,1443,9998
7025,7964,249,7091,4854,8070,5606,5768,8170,905,8270,3333,5796,5889,804,7291,204,6827,8371,5413,4852,8446,3290,1923,8541,8640,1227,7050,8739,3164,4843,675,8837,7106,2263,5301,8909,5999,6808,1826,475,1524,3789,5626,7536,5726,4595,6920,5021,6504,7722,9040,7100,7060,493,3192,229,296,717,5987,7312,4933,587,3497,1958,373,9128,1085,4795,6116,9226,9325,9425,6580,6823,7225,2240,9522,143,5251,9622,6789,705,7737,3032,5684,6132,5939,6879,7806,9875,5695,3367,1010,3387,5025,7602,6596,5873,9999
7872,7965,756,7666,3882,8071,2833,2453,8171,4590,8271,4306,5558,4958,2690,839,1303,5297,8372,2701,1817,8447,1618,3323,8542,8641,5120,829,8740,6652,1421,2038,8838,1325,3924,7135,7713,1471,3187,2645,1559,2539,2746,4074,5791,3896,2392,1784,5091,4066,7679,9041,4197,1834,3063,3885,555,906,687,5317,4173,4459,2528,3687,3142,887,7540,2473,1118,2950,9227,9326,9426,1690,4770,3850,4026,9523,1698,6141,9623,7795,2302,9753,1389,2794,2964,6746,3544,9817,7579,1704,2007,6645,1143,1387,7114,1499,3609,6480
7873,7966,999,7977,3064,8072,4013,615,8172,3647,8272,5633,3624,2130,1282,3638,823,3784,8373,2285,4847,8448,1043,3655,8543,8642,4782,3835,8741,3801,2753,1465,8839,4327,875,6882,7442,2975,4030,5005,2672,4783,2172,2802,2873,3598,4629,1220,6253,1634,7206,9042,4917,4500,4315,3607,1617,3239,928,5190,6266,1428,2661,3235,4223,714,9129,4040,5311,595,9228,9327,9427,977,2963,2898,1625,9524,2385,3922,9624,9678,3658,9754,787,4162,3238,1536,1256,9818,7684,2382,1090,6619,1369,1907,7686,4318,2487,7571
7874,7967,462,7978,1393,8073,7413,2907,8173,2404,8273,6874,7119,6587,29,5718,760,4224,8374,792,7003,7670,3309,6915,8544,8643,7130,5929,8742,7148,4659,3479,8840,7197,5159,6856,8910,2941,5749,6420,2017,6703,1209,7535,7339,2118,4337,7162,7072,1006,8945,9043,5727,2810,2928,3490,632,2824,3915,743,6564,4482,471,1966,3520,192,9130,5200,2416,193,9229,9328,9428,6779,2266,3854,47,9525,2914,7275,9625,7734,1345,9755,159,2702,6951,6798,6255,7368,7396,4416,274,6898,6917,6751,9927,6117,4788,10000
5729,7968,282,4660,4919,8074,2242,3450,8174,4855,8274,4953,3364,5337,3733,5461,922,6285,8375,1450,2505,8449,1866,1702,8545,8644,1311,5236,8743,5700,4177,1867,8841,1879,739,3315,7766,4509,5742,5908,343,4995,2307,6706,4034,1655,3123,2628,6404,4941,7630,9044,5565,5474,1434,3327,917,1942,2448,4554,4075,2565,3521,4756,849,2575,9131,975,3528,5338,9230,9329,9429,6378,4448,3717,520,9526,2777,5443,9626,7735,1558,9756,220,5770,2381,4819,5792,9819,9876,2741,342,3134,3791,6528,3583,1943,1743,6955
7875,7969,578,6999,5577,8075,4084,2622,8175,1245,8275,5710,3298,6671,4627,3170,213,6828,8376,1555,3894,8450,135,6125,8546,8645,5146,5900,8744,5409,4362,819,8842,4526,1890,5764,8911,2688,2713,6289,2396,4203,5222,6749,6699,5940,6605,4524,6049,6931,7516,9045,2212,3790,2329,2414,647,350,667,5894,7727,1333,428,2542,1474,444,9132,1797,5945,3303,9231,9330,9430,7164,5926,5024,5683,9527,711,6059,9627,7462,27,7799,479,4364,6212,4488,4996,7738,7559,3599,1770,7214,6413,6677,4684,6191,2171,7745
7664,7970,1168,6914,3913,8076,4432,6929,8176,5847,8276,4946,6054,6994,2156,1896,4415,5862,8377,5248,6329,8451,992,883,8547,8646,1318,5111,8745,6321,2499,2441,8843,3125,3818,6370,8912,4763,550,5031,124,3798,1830,4597,5878,4031,3360,5766,6228,5188,8946,9046,6538,4311,272,2064,5534,242,270,5510,7526,5118,1608,6030,3466,44,7566,2300,3656,4965,9232,9331,9431,1093,4984,6203,4402,9528,742,7102,9628,9679,1525,9757,1110,3633,3379,5205,4527,9820,7685,5294,58,6854,1500,5077,6747,3024,3992,4957
