-1.50607024482007	1.75281017784616
-1.45569362394476	1.78933037554807
-1.12555819509927	1.31884295101028
-1.62746029084902	1.92668374199191
-0.558007167758542	0.663824955869133
-0.699417679741176	0.830470288508102
-0.0267885903576604	0.0276868626417365
-0.752804481774588	0.851188611848177
-0.0412413788555786	0.0450730300815775
-1.33176812236446	1.54183384122849
-0.358719318964407	0.475091788772998
-0.337313332393261	0.438843303826236
-1.72299575716103	2.01461157700488
-1.0286478029993	1.284549734715
-0.138315334404206	0.164059627623066
-0.139024748227648	0.128086082162603
-1.38804305261303	1.61775424639291
-1.58926844594472	1.81046847813483
-1.41935249565508	1.6464940725496
-1.4489309725013	1.69678533245106
-0.351172628105925	0.386005319875608
-1.44307514511369	1.72054050030349
-0.244665379534905	0.246729319185275
-1.3472252430445	1.61587882987209
-1.42787088529235	1.61351323434585
-1.52327245712114	1.86631224540112
-1.6913590555412	1.95796108551301
-0.481313315158376	0.509990725670949
-1.50975299482526	1.76778030438132
-0.486359144806292	0.580003544330428
-1.26299412563125	1.58351693294083
-0.163655574627038	0.139193782613793
-1.61545376342762	1.87956876595704
-0.499805818378108	0.651159912859069
-0.956736654777687	1.1335894581792
-1.20690631593081	1.47097013424007
-0.443812094346412	0.461670067884953
-1.60785301614191	1.85445598242381
-1.61667815668872	1.89721741939504
-1.45264044561136	1.65509865760596
-1.22699375591125	1.46261969294507
-0.0957037179608516	0.100266307068241
-0.23055778287354	0.247912552612777
-1.48497550338447	1.7877389215484
-1.55837195631855	1.83030393895878
-1.6596975830827	1.93874300138882
-1.65453071789854	1.95618669997528
-0.214262569237026	0.29535443108363
-0.442734980872947	0.445835352266964
-0.601937302995912	0.588285945659412
-1.54854229561803	1.83941965794937
-1.67031834009304	1.97673256461222
-1.70545464967051	1.9966438974246
-0.82911978177146	0.880183182694875
-1.67647615364757	1.97578036114693
-1.60813993315981	1.93385413148941
-0.434723934485492	0.481861887852615
-0.426082031842783	0.546545472843581
-1.03337229745004	1.20603256102445
-1.46079163939514	1.68546478585951
-0.927895145649339	1.09029495417863
-0.875281736972055	1.02705224563904
-0.0758761842358023	0.0787419016720329
-0.329639146534906	0.394962323784227
-0.910297798947016	1.12280153496373
-1.67529805799004	1.99843812306234
-0.352637851226723	0.404822825115404
-0.120506984667844	0.110846446589401
-1.29885881339	1.57332441549027
-1.20248782542129	1.56954562218342
-1.47819130196482	1.69692859427457
-0.187678740502354	0.26625134303019
-1.62664284274414	1.90956486182095
-0.34806269868432	0.374361494463269
-0.0867493051711451	0.0987180646867836
-1.02547295560463	1.19342185314185
-0.244458069583965	0.384721024468612
-1.6236398921027	1.90348053121758
-1.5294067506725	1.77741518039581
-1.59467245020773	1.83058680149826
-0.206053955278655	0.214133788379701
-0.912235886099205	0.989931347536551
-1.14840053363641	1.32013378816897
-0.360010043620416	0.45518264509348
-1.60010669426064	1.82335191008658
-1.56643148979655	1.77672376782754
-1.54560195867507	1.77525066398617
-1.51912176316522	1.76714704310964
-1.71798279380787	1.99575678552644
-0.050859637627072	0.0581506355350597
-0.133929002694927	0.141129830152319
-0.104062865151905	0.125324756815895
-1.33938790509414	1.57722293104807
-0.346664043626791	0.395492806194588
-0.531717094859868	0.767601679914237
-1.12251722845578	1.39338274282352
-1.68144124376879	1.98589259666196
-0.276174371844645	0.263759404415894
-0.372667187317102	0.346554532436455
-0.017399004614929	0.0229899855845199
