-0.96771280774382	1.26911099800956
-0.404813047447647	0.493576701279683
-0.277458263966209	0.34322687427206
-0.268954212090921	0.341266951230151
-0.679057983687294	0.909913130808493
-1.34275991648437	1.74298641586352
-0.745741973047603	1.02474242028758
-0.285486609631242	0.329701569672729
-0.96646611201307	1.2251389495389
-0.488346794775365	0.575222326283787
-1.01157032686555	1.3860706564076
-1.71532414386655	2.13963773402481
-0.833901347568069	1.09728369270432
-0.287931703865525	0.486406903746518
-1.30927303282322	1.65206085924742
-1.59970179742789	2.14389257909244
-0.376051369158199	0.448331273947562
-1.64599334262104	1.99125748829136
-0.980430607211466	1.27147343171749
-1.59487261233826	2.10512635900283
-0.277239418948819	0.3086081583247
-0.954950930316062	1.27786605910166
-0.322671365969776	0.492361751691877
-1.06362267527172	1.34525936725681
-0.70814912400619	0.901682268806761
-0.457579365338503	0.583125514142139
-0.965717199264829	1.25327002232598
-0.898568211873404	1.10942039409563
-0.756493598643731	1.06477110630847
-1.24916263464404	1.65410842508599
-0.689347597270055	1.00217507527892
-1.57036233622204	2.08618814041757
-0.934902046611566	1.27030350049088
-1.45044962096759	1.83886490129216
-1.77280372124634	2.19870993686309
-0.707744214384118	0.878722385474012
-0.981412823119471	1.40277756890641
-1.69106200029878	2.20436660895308
-0.877982879555851	1.20137951805073
-1.05901176236304	1.38997503071352
-0.483405504052088	0.798431486766881
-1.30856456738054	1.75841076917545
-1.08627529434154	1.45437838140897
-1.46773816340993	1.94749972009444
-1.46564578507204	1.83986947012835
-0.470626298144446	0.598129416405703
-0.876355097438507	1.1973287865554
-0.133038049189686	0.184799283431738
-1.67902764050876	2.19298422241245
-0.981012437154049	1.21073589859199
-1.62935455024469	2.14649680547408
-0.870698413535031	1.04438250058386
-0.335625655641375	0.453176122558909
-0.795647796410227	1.15600342344603
-0.908394769343211	1.08866000536835
-0.726571192115563	0.916171257774451
-0.881942442517826	1.08201095514149
0.0154668400939072	0.0601423927467785
-0.505008856230949	0.676850768863948
-0.204621911324761	0.345032651106371
-0.900429009642618	1.16498546146521
-1.30381751245419	1.66067148074157
-1.45891283618954	1.93793883846455
-1.28440908825155	1.75349148021097
-0.518222940776691	0.648697311009052
-1.59853088551871	2.05151721181335
-0.828397529454881	1.14346120434757
-1.32738973800028	1.64330974217189
-0.954929402117828	1.22711563332187
-0.7829851966598	1.06643420104552
-0.695587069562854	1.02412331451414
-0.629120395712845	0.880621975048051
-1.19152414703911	1.54632451890125
-0.205731553264236	0.272080967570827
-0.258689939773812	0.531190683464384
-1.46168398476747	1.90734918217403
-0.270748095432414	0.335661083317669
-0.898848634614347	1.12362870993644
-0.868696700093752	1.02398118700123
-1.70105757983177	2.24833348195912
-0.454393138469825	0.628472738750164
-0.838407382159074	1.12311496313014
-0.159449642786519	0.229305145724701
-0.779754148789979	0.979806727858662
-1.65748652559732	2.15427537064591
-1.67433484451069	2.14903685076413
-0.756969973009239	0.918474407070351
-0.462719957953145	0.778368272878612
-1.27828314554329	1.64886657825565
-0.199413644366104	0.259335915358397
-1.70725128136745	2.24334872093754
-1.74720939875017	2.24642094780683
-1.49947235255998	1.99601663052878
-1.70308403839849	2.18315467296277
-0.647294218841278	0.99113176458298
-1.66334655381466	2.17732218464138
-1.76954721921279	2.29597152111503
-0.217190897763982	0.312815641234738
-1.74109973775536	2.24126449274903
-1.71093001655255	2.22227216150524
