-0.980643450116876	1.06594903495435
-5.080919620077	5.30600894026498
-5.54670665383395	5.7464466100341
-1.32650671744459	1.31217198385152
-2.64445002749267	2.81595728078123
-1.16857619348115	1.17619249906253
-2.5699385350224	2.80639345561488
-4.28207478169231	4.43013549232763
-4.51224193808817	4.71070296904956
-2.18276770956401	2.37462032156636
-0.329905806130746	0.290302406713601
-3.30541294741511	3.56041413720882
-5.26904314451573	5.48345567228888
-4.81008672675782	5.00824787043732
-5.12903900627871	5.39092823472011
-0.334980007309301	0.374319637802271
-5.4010273837758	5.60501584447564
-0.182312781223623	0.205272497489593
-5.64054368093151	5.8169061535169
-3.94200146907062	4.05108749050847
-5.53952147460658	5.71676883819392
-0.190463477356753	0.201223221264428
-0.90454307846335	0.898540827986145
-2.93464707912638	3.06118083336178
-0.313164434466189	0.321986752617036
-5.33022649956572	5.54921128074249
-4.79416046425604	4.95774166122624
-0.769970878834675	0.708447587834009
-2.94684772353147	3.16253368698982
-4.43105380939832	4.66100337018785
-5.1599693459473	5.39536168716545
-0.259161038748844	0.267124564134328
-0.801389294185921	1.01360443773388
-1.89733898586167	2.11141271104239
-1.87621558371968	1.88359583241898
-3.91761223440458	4.22254764595179
-0.357359839692834	0.350893998539839
-3.36743604172433	3.5770043515819
-5.14263552838194	5.2717372843081
-4.33206869241702	4.58534698345072
-2.33396065497986	2.18714750301258
-5.42233668021493	5.6424639871286
-5.26203338850347	5.48451562628272
-1.36186858414627	1.30721543039902
-4.30491324415899	4.60077091943299
-4.77680902534116	5.08300183326588
-0.446110695204216	0.426371780401989
-3.07832320067634	3.37631883318983
-4.22535735923291	4.37132911020909
-3.48305123271416	3.78111673706096
-4.85660183239559	4.99297402640081
-1.90945601658272	2.1256794012554
-5.2021714550082	5.39462567957959
-4.92197052734328	5.09991955561639
-5.03481919414289	5.24941279985006
-4.5159041886512	4.67681620881205
-4.80090698674733	5.00078371362589
-1.81570262166476	1.77523909686017
-3.41294919859659	3.64265687934266
-5.04887213745774	5.15628312691715
-0.905832735953098	0.877974625838332
-2.10997826920801	2.18836191730122
-3.67155403197413	3.76192712407587
-0.152907347908491	0.172224464728905
-4.97494691718317	5.15084763817154
-4.60220955270944	4.79085341690031
-4.82320263217322	5.01343923488191
-0.218776484001143	0.209754962487496
-4.86599419906636	5.07639467336243
-0.720535653914099	0.726222770473613
-0.513025966599752	0.478538210707771
-4.75328362539096	4.99778002076995
-5.50589945820306	5.71047361863171
-0.849192664814937	0.827452725836434
-4.7091775243574	4.96413147537453
-3.69911577746428	3.61243756560764
-3.53121937656514	3.61156292126479
-3.36605787955791	3.44544559394778
-0.385704045760639	0.379737691921954
-3.07600708860303	2.91638354861672
-1.08427308105101	1.03793488648572
-1.80134607807689	1.78793926727631
-3.85939202639417	4.13302012809909
-4.69174434945048	4.89850835768261
-4.78901462555818	5.07105403487948
-2.04859202245684	2.16076856406643
-4.8206530384486	5.06312491119359
-0.878741716257255	0.96379369758811
-0.244053918301118	0.261872524451125
-0.235431790331343	0.222628608794431
-5.04999228436047	5.28410903850218
-4.66577836277038	4.66411292191234
-0.164124152793757	0.161813099206403
-2.19738546392924	2.3094144097812
-3.67773749217313	3.79793100820522
-5.03348776288919	5.15590149938302
-4.73925638695844	4.9191272145097
-5.53278161145671	5.71357914982934
-0.380202949280845	0.356739841829251
-2.77340235275472	2.82113575025601
