0.0130194647397277	0.0248167217712148
0.164965623992435	0.349038538448565
0.252707733521675	0.594349860905454
0.24834659176904	0.552563168732121
0.0130333446608638	0.0208292937695927
0.251290910319822	0.527151578886329
0.26054076475116	0.603937137064866
0.24045507068927	0.597597765315977
0.146684530378078	0.290319428721774
0.101472768035135	0.158578593084165
0.0278936363371979	0.0582211345428745
0.0192492306968136	0.0464362408832398
0.247263839600008	0.559249017143986
0.259605913894987	0.637773827483216
0.0328037488214409	0.0603830484200835
0.0331487935211576	0.0874620305015665
0.258652298790157	0.605844712223184
0.0255915321710959	0.0544755594476501
0.257517001400573	0.62989150420084
0.0120995552770331	0.0315189057791338
0.259551926661674	0.632573325349405
0.0455085505500398	0.107804907141168
0.00959917652028973	0.0161580423324928
0.25808240657301	0.645967186759616
0.261051744470638	0.582046338135403
0.262778449611477	0.623488033495542
0.0192137132215487	0.0504257807658549
0.255230190311802	0.624464849426926
0.229451594720153	0.598575266773704
0.0520312722462683	0.14980615739765
0.25619808610292	0.590609003685077
0.023855696710596	0.0324673009181449
0.256265287818378	0.567127805363105
0.252403359729677	0.636730552453048
0.0116939165605411	0.0147382436742568
0.235145084159188	0.57170283495675
0.254010674584143	0.592352923795217
0.154475700175487	0.375233695068544
0.222679589262989	0.457748977938342
0.256722269139154	0.576734919675896
0.0415024198430918	0.195142130269102
0.000769499920840901	0.00229176359621607
0.0416565408917246	0.102020733871691
0.228889148595374	0.508393594727622
0.256957874880405	0.634279033565759
0.248764652159314	0.581347543234371
0.254106120491989	0.593302743004802
0.251399467843999	0.578644382962623
0.259409921816097	0.589891029759448
0.249831357153457	0.56910683146667
0.250997377036993	0.49686278517819
0.0288495073515681	0.0515880186213136
0.219400068410408	0.52413510236627
0.251858185943484	0.594492854830305
0.143233616903352	0.38094688716301
0.247370092474605	0.615921952763324
0.00753616291596558	0.0134984190092596
0.251582984355706	0.542896528923552
0.257700937023496	0.643896294497885
0.0392498199670955	0.239203348104604
0.249815596165468	0.548682121557925
0.161682831141566	0.260294965382344
0.234942987875066	0.546835135757211
0.23988393455286	0.441862018222469
0.0118706635048749	0.0189499944225334
0.25770115158545	0.623636498506007
0.210190486060944	0.518568470364807
0.0057027533418556	0.00700854965924701
0.251897885459696	0.610498748058499
0.24338100049419	0.586490288215023
0.0147081560174326	0.0277810083568172
0.247746163534495	0.593570071615521
0.141319065496671	0.398644815973156
0.250602889358228	0.489580697332615
0.254006663645344	0.603646190404925
0.254966732924795	0.541308524463802
0.0239440544823704	0.0525287401513609
0.0331364934385686	0.0865537209331311
0.014049945145521	0.0490429174446127
0.254513751091067	0.576960262260378
0.24173598775678	0.378021941600416
0.222622553602872	0.43966348172386
0.250802966756133	0.520681655793081
0.0131499855272396	0.0544311789408786
0.088595771857236	0.163813903932868
0.250475082230163	0.608799268034783
0.255485243198341	0.590647516508973
0.0465176794441846	0.0802281705632109
0.25680793865815	0.631473907132045
0.0168819991375026	0.0386410038557477
0.0282356506900515	0.0421146502361214
0.256118109881959	0.63322603103692
0.00826437111768054	0.0178964384586278
0.0339849268169972	0.0652645459774005
0.0184368257904254	0.051239397898292
0.140887465421313	0.29473325817349
0.261763016081696	0.609380755797288
0.0122681272065142	0.0267605638084707
0.256865002402069	0.605793470553211
0.257466603670984	0.617672861387443
