0.267807732681978	0.148183716988456
0.0556463820312981	0.00973987428603942
0.632867484846175	0.236079071558392
0.304066273828584	0.122868962111711
0.21164295924102	0.0756093787978141
0.389396235895966	0.125959974560888
0.129116673563846	0.0528871745966737
0.315980089211811	0.0737445418212891
0.299569725807437	0.129638749043737
0.564694461936639	0.183608635281973
0.472734078737921	0.181327052744412
0.489761280606585	0.157553501041404
0.345612835225384	0.136765046360667
0.266565738166851	0.115950051012796
0.385719914661153	0.123560982537722
0.0614834911138827	0.0452234644377776
0.487084914440214	0.190002649866953
0.381641686146539	0.107475597103591
0.546763336400197	0.202317910523103
0.348223474260183	0.0826407204207913
0.531293315254491	0.207845897872704
0.463182593231342	0.218269395757954
0.458452900398433	0.203774517004625
0.350559535515397	0.168652028382412
0.348929759679767	0.130313502774766
0.397754159870951	0.119859374546986
0.382125480786769	0.129080824823925
0.664295973175425	0.213321531697703
0.3719139781894	0.202704063674267
0.364137301351295	0.133226978751747
0.283617712513362	0.0741568310202405
0.059268046040554	0.0377737695374115
0.157658845202957	0.0836673378337766
0.184886208045578	0.0568331021546423
0.00517999657758263	0.00404443145861586
0.39250033050116	0.072580085730868
0.109179271169864	0.080263646821708
0.148207829633253	0.0347579993592203
0.565765059142554	0.200132554922908
0.355734376544768	0.155609452121242
0.613016736883364	0.234251397873622
0.532758856627098	0.226622584516141
0.206486429806398	0.0918449871058317
0.0600304283451473	0.0242050111022231
0.351098546718959	0.120215682567914
0.560313871824427	0.178575670805427
0.564602924850414	0.231451431875629
0.0395004576200323	0.0210038694357434
0.190874506425082	0.0933117838754188
0.359288186174973	0.140132335461575
0.534968795887706	0.180535944866538
0.537522213128377	0.157783536095369
0.442817032171127	0.18873393817432
0.580690681028923	0.219072775496073
0.167797773188847	0.0599156399487826
0.592836075784313	0.185713862110988
0.469229650749971	0.190205056633811
0.530088276139083	0.20226986441947
0.418760533315637	0.129932971605827
0.129885843196347	0.0544197933077707
0.0731915174715666	0.0232032793582947
0.272444064536745	0.0790905889746368
0.639542767313573	0.226704050664262
0.0482966743057811	0.0332026274697573
0.59106722848697	0.224940328701353
0.472701406959604	0.175887896943342
0.67161413880921	0.220081277800982
0.649631070290329	0.187827806817973
0.521362677665401	0.222914411170407
0.642405023459695	0.232104553609125
0.0578456099781347	0.016559824711182
0.18461815994439	0.05350690386764
0.479094624611187	0.225888835302228
0.582532345236015	0.23003108782023
0.245913329346351	0.0545321435096021
0.637344697062534	0.229358075931265
0.58134513644735	0.221247338125267
0.011591366446028	0.00840535331458172
0.528584188213886	0.226417762894791
0.19835673947083	0.0943920202363955
0.636635159740076	0.218047315238983
0.0286031025900339	0.00662346971120205
0.32330472334285	0.150535906902279
0.614367623103031	0.233066592500718
0.0427115943918373	0.00870454047367647
0.175501812569846	0.0611411031667283
0.266593036768482	0.116453451439666
0.300505995329686	0.132265650211642
0.563981985548085	0.128476065839566
0.12716175417596	0.0332164996147754
0.418091780773235	0.175885185477202
0.514465700711307	0.224794976275739
0.0707822481952636	0.0192473405718332
0.0868578901270722	0.0158671445124741
0.118184984293164	0.0161037120397586
0.525504087307084	0.223530175351114
0.592802597706635	0.229477871851886
0.155600250166121	0.0368071378481537
0.603706926539659	0.213464440531896
0.154220688804937	0.0863689779436877
