-0.141862091952735	0.208308428688198
-0.936835640021593	1.30310363447787
-0.970799590650757	1.3071937502334
-0.0778796494405479	0.129937586781096
-0.494934248870996	0.769092590284491
-0.7303660544296	0.669996901097608
-0.846083899725389	1.05336012282064
-0.725331674617432	1.01852806317234
-0.937658697404892	1.3367418540757
-0.837478550191792	1.04467145877448
-0.00156642464768842	0.00213313452687164
-0.792006047115576	1.12369194411456
-0.99744306904957	1.39000572609907
-0.875089194088898	1.26849543683614
-0.890822239967669	1.3441761184254
-0.10207653019104	0.122854676709925
-0.977893359717692	1.4096229202404
-0.0581845344438383	0.0697953631612357
-0.989692124951832	1.41459195681325
-0.691207179036107	1.00704643276153
-0.978305695986829	1.4075341908048
-0.0619784035305634	0.075877002263065
-0.100776609905866	0.205024009516702
-0.53728960675034	0.81375765846978
-0.0662575594765193	0.0934889612203591
-0.945854001354376	1.37847047608646
-0.866073864464119	1.24363931161693
-0.180542172114147	0.172696123863055
-0.486493155649243	0.808912569514204
-0.966883098415917	1.31957512791183
-0.938833265465081	1.33212738179203
-0.0489373851779825	0.0612569551288652
-0.0949158774776458	0.320710533767771
-0.255117594886218	0.543221612351577
-0.343967205868682	0.492038202345888
-0.579471800132117	0.972913900959921
-0.0301529036313529	0.0725258610144772
-0.623234682053904	0.928043416580965
-0.926292281772499	1.28970483774403
-0.982695117394443	1.32414336447128
-0.373258636089624	0.448405134876111
-1.01176569616751	1.42094765500569
-0.967134647192995	1.39671917729772
-0.313646785242552	0.387624393030945
-0.876790440634027	1.24975857490479
-0.850974086911665	1.2780916918318
-0.0360335984776993	0.107023230763403
-0.742477634686288	1.12897474523978
-0.787852687052006	1.14335911971421
-0.781434103365815	1.07331487172267
-0.829625805904506	1.17492739884217
-0.411100854402015	0.644254755088746
-0.94971700703361	1.35950384014011
-0.952347788872603	1.29369916619039
-1.00560752941701	1.40559109677909
-0.78417445505791	1.16744356525722
-0.891908326901884	1.21110450974486
-0.110541344616413	0.298002172390792
-0.606446601511079	0.963466150255939
-0.8574345669316	1.20701707926594
0.0314538987675579	0.132832653743212
-0.354113483124624	0.531221160820571
-0.59876117880593	0.807869731272138
-0.0499998318605103	0.0595953673421216
-0.871167547275849	1.2658933660996
-0.804382752245258	1.18694645873431
-0.876144043719308	1.23693505947871
-0.0188514143987995	0.0627971276043667
-0.957038870956123	1.26991510195373
-0.20429274803932	0.243764374899101
-0.0257748811794915	0.0530800426963794
-0.976310365783012	1.37384336470767
-0.978174205185387	1.40700614627831
-0.133518524639776	0.227208968835785
-1.00147883091967	1.35703310484408
-0.572353793177334	0.753272411399525
-0.636604654005902	0.818700741065576
-0.481622992794049	0.801265978261568
-0.00657983261741779	0.0271784112068002
-0.363130149094013	0.500660529114509
-0.087379087926198	0.108096626795601
-0.688395415899772	0.588568460743107
-0.610883100561623	1.06168514269831
-0.880212953324865	1.28045002112387
-0.735823432647689	1.21558513001738
-0.353691013717203	0.522714443815524
-0.956954010502926	1.27012898780318
-0.241391888671842	0.306715825581243
-0.0634554061624045	0.0752002962972438
-0.0212886609972179	0.0196579933539647
-0.971470656314039	1.36848046857614
-1.31804383150118	1.25653274591438
-0.0389686890246365	0.0417732668668935
-0.47189208638426	0.622049401389419
-0.63355026082439	0.975913560893973
-0.966389533215957	1.2428168022214
-0.879691882626796	1.27144579708941
-0.998620516313649	1.4135216108686
-0.0319228835439656	0.0427358405103107
-0.474264565021604	0.629779502061681
