0.398538582910083	-0.11179175297514
0.116266934586093	-0.0102944698630157
0.0753306709104523	-0.0112657188319622
0.075948350565989	-0.035585223481805
0.283445816394944	0.0242113538347589
0.509568082177725	-0.0218010121995471
0.301139633099043	0.0318344304899523
0.0669787254464033	-0.0278694907223668
0.361687301480972	-0.0636084402193907
0.197523662130528	-0.00573299494255175
0.416593348107757	-0.0175101677650824
0.589674549100221	-0.0405821061485329
0.311956965276852	-0.0381705203544203
0.147036334246221	-0.0539383294610677
0.434351050632548	-0.00833169577571324
0.63126528135302	0.0369120159923935
0.129369974050466	-0.028982768991425
0.575531444834287	0.072862978399857
0.411004562411178	-0.0789843261769061
0.620943524334752	0.0450750120427389
0.160763321703096	-0.0790167840316454
0.377658068467982	-0.013927346346465
0.237519170589095	-0.0669881283287821
0.416478620496796	-0.073047539140747
0.298484365405284	-0.045495978860566
0.174892609257724	-0.0329864693323464
0.359616662456308	-0.0785624499900236
0.223259275885086	0.000141672148033186
0.337796313969087	-0.00987353582114483
0.468057302618793	-0.0291203462608483
0.270321943629923	-0.017155569325327
0.596884935309651	0.0472329317996168
0.461723990315613	-0.0351711828649692
0.579873480840617	-0.0181427309350448
0.615172446881937	-0.0279394524900899
0.265510913617268	-0.0760538274565286
0.442604103969478	-0.0123989611916427
0.598585549266365	-0.0366684358783415
0.347278512977775	0.0168737685126209
0.383379483496765	-0.00382094629465325
0.244039219464357	-0.00170350974981335
0.490233151652917	0.0530471812333569
0.418115523283024	0.00436134024017881
0.517279466893596	0.0390724705665321
0.503203742667006	-0.0216701739962447
0.190185961502696	-0.0984306442374136
0.349934958532875	0.0107341791649683
0.0873384407283365	-0.0158940638416184
0.600258619252062	-0.00216550322032552
0.321828171460158	-0.0604097752775227
0.608608333439323	0.0409913697113683
0.277648021049384	-0.036787169840849
0.158821577455408	-0.0633396022700483
0.314879821495212	0.0624686313614006
0.29804425044209	-0.0519413165849527
0.302901027918532	-0.0818950002708253
0.331961565659356	-0.0927090432903901
0.0419122478120267	-0.0163808032775504
0.184687495982366	0.0594203684960254
0.15756292072952	-0.0117437115871326
0.324512740269614	-0.0518902279875458
0.470598042915215	-0.0283111568307659
0.502057933803108	0.0213916140086698
0.485116896977252	-0.0115706514362106
0.176184778434861	-0.0275205379999323
0.579681161174121	-0.0103157410550323
0.319348758404448	0.0179576188701705
0.401843896044162	0.064376699241256
0.347184820437594	-0.0139162681732112
0.28695862778354	0.0108742878276535
0.287243841264164	-0.0499159888460796
0.259939178772972	-0.0152121616110044
0.516631282782076	0.0234109027100385
0.0699092003375217	0.000186147384612743
0.199977870301171	-0.0146642059572283
0.588943313038547	-0.0672479850887002
0.0589282532247727	-0.0148388922962053
0.297529202274581	0.039089156340629
0.242065245986734	0.0185644134672416
0.614783482876119	-0.0723388380636993
0.198230233026393	0.00474281244383259
0.343237009442165	0.0183275460170119
0.0586715795189122	-0.0142246604143413
0.207041841704475	0.0946896036105798
0.612546631562002	0.00493293390627806
0.635583334710629	-0.0313402266724778
0.29576338596003	-0.0293914933925517
0.221928879227978	0.0385051372501245
0.422290397886644	-0.0252338528247631
0.102491567077312	-0.00649544511367343
0.655234664349625	-0.0351815998317493
0.59256898041098	-0.0192549846978617
0.579272575511993	0.0445589978305234
0.654872333579873	0.0142949274422763
0.343961441840652	0.0551146049558071
0.642734054713904	-0.00474285761570885
0.647062452091591	-0.0497647531972736
0.100901521757578	0.00735188249186653
0.603874466170299	0.0724465943264616
0.636311983526332	-0.00481022836033563
