0.0376859143672524	-0.0330382703312232
0.00958477941581015	-0.00879267651873807
4.54302292556098	-4.3202381429726
0.121176312093375	-0.120463124104765
0.196707025767361	-0.182480234279533
3.78413689151551	-3.55131737926299
2.73169211319228	-2.5992890943534
1.80203660818335	-1.70334850239953
0.112338373911529	-0.114629284922357
4.09265221897892	-3.85647974687694
4.23081516360737	-3.98741893088426
0.00330441635502153	-0.00320355090715518
4.30098949853957	-4.04513454233156
3.76995408039182	-3.57949767903657
4.40465701870491	-4.13420510389029
3.83010097902253	-3.58711562537935
3.64657754363658	-3.43740876762866
4.38430903088443	-4.13771080460326
4.10782440815197	-3.86388446185554
3.0701058137574	-2.84093027683213
3.43133110039732	-3.20024462139089
4.2259098068723	-3.99118781061117
3.94254903711484	-3.71889230546655
0.346601577439239	-0.305196554163797
0.180759321222882	-0.179191946268841
1.08386640327815	-1.02696077854483
4.20956846109728	-3.95106942661716
1.89078294652435	-1.8174681169269
1.34026080898164	-1.2748053946441
3.96796013215711	-3.7749318721313
0.746275060030308	-0.719249268259634
3.56844790289685	-3.25557424985198
1.01225921034156	-0.944868488952604
4.11853741454433	-3.88397412599986
4.40644157368073	-4.16514079191903
4.04578303702454	-3.73954818261103
2.26025595444045	-2.1646331190612
3.60980038770276	-3.39373544487775
2.47025869263689	-2.30952912854116
0.29229818859815	-0.268126220844806
0.202892257869747	-0.206892902625151
4.35364623763684	-4.06414585983378
0.186403892330829	-0.176038005267577
0.955694263639769	-0.848572181632143
1.19545342469335	-1.12230440246941
2.62356113660714	-2.48456389638785
1.5053088309122	-1.41646959599496
0.0450316848200728	-0.044929935690009
3.85405073485731	-3.59767163209607
4.34385263117566	-4.11906221411562
2.35131575359037	-2.25369912982793
0.434164377351962	-0.408265640517231
4.29158965045462	-4.06290897968631
3.27895769454241	-3.18066949728685
3.30647888537723	-3.1064279653732
0.147907797657747	-0.137641034265822
4.20430766145132	-3.961703564174
4.26173042695571	-3.98915124983454
3.4616051573388	-3.3003821328812
4.28243623576171	-4.03767613932152
4.27232010127579	-3.99713026483756
3.25463102402446	-3.10087828575127
0.368334622194525	-0.389986757342464
1.61262683622881	-1.50941881189529
4.44683179022548	-4.20602625563364
3.67663881780784	-3.35729930732027
4.0516503794499	-3.83726027952914
4.4561342467619	-4.19582048413425
3.66771224420529	-3.31464769591291
2.29068424392824	-2.15727793302611
4.41841814579944	-4.17628660528399
0.351870131881868	-0.394079810600869
3.30803124260615	-3.10817886923314
3.27279349663172	-3.06930533656121
3.24680985546303	-3.07034175647747
0.580005354552175	-0.586493837986778
3.9548146932712	-3.73086682381598
0.369883023175351	-0.357642465776118
3.16479106300454	-2.98049113759709
1.9057943394995	-1.75359366289646
1.27067446839409	-1.15896959745103
3.26912457206415	-3.11618330048913
4.41642046160541	-4.17061851551456
1.06527066014401	-0.999316721106008
2.30041492703545	-2.24601768958114
0.965322969504831	-0.880456736798483
1.45363151157609	-1.3782569242601
1.8779361612172	-1.78531800905722
3.56758298495158	-3.3582799157479
1.39089289369652	-1.31106749395359
0.736441230089496	-0.682107781411565
2.32221557834975	-2.26638838827054
4.4935292508296	-4.25121949968897
2.13654928151783	-1.94886079590539
2.11961478881992	-2.04814410078945
4.33617316799681	-4.08514018007302
0.728476151499437	-0.69612643796174
0.888100171694475	-0.838596476091229
1.18570723820541	-1.12300338170284
1.73836143099984	-1.72892009303193
