-0.015229201602881	0.0169316348503071
-0.00279932206170234	0.00367909131631112
-1.42091179053345	1.74200374733641
-0.0420597926998414	0.0540181716085557
-0.155255184593634	0.210163150748057
-1.2735239995868	1.55527790094772
-0.884352236238922	1.09535151113955
-0.754788092829369	0.9297041070788
-0.0315899622314214	0.0347836792548308
-1.35615383972103	1.69008453538143
-1.37733849549635	1.67886635990407
-0.104443073403197	0.190527548657702
-1.22570767180175	1.48767489294323
-1.21303102999693	1.39815955566092
-1.39421547186738	1.70639936667887
-1.19340743885073	1.47949470627988
-0.99415590451657	1.2806992421705
-1.39988439392585	1.72777709893481
-1.33196388629988	1.55444200373031
-0.929109859711494	1.14347594814892
-1.28869666582114	1.52719414977039
-1.43795315374399	1.74977121939103
-1.32459999763034	1.5543080487239
-0.134630988420152	0.185005495201461
-0.0789333717950504	0.0920364963115431
-0.262634626109569	0.365335017464804
-1.37945219738224	1.72644507629228
-0.653589677013182	0.756464609297231
-0.418877174821866	0.517247112688841
-1.2899232212037	1.47360781539934
-0.162862135052261	0.189283620681707
-1.37023285432791	1.70978778018115
-0.452373445769433	0.541011329982525
-1.30056931693148	1.60719520221706
-1.44445846703836	1.77212574361057
-1.42959326257382	1.75096992640915
-0.851260063960363	0.960732689303365
-1.19599469512635	1.46796050123559
-0.867494716440632	1.08871696152479
-0.115011010636137	0.134189070853299
-0.0438014837559164	0.0491189335621506
-1.43290640099357	1.74041095062087
-0.0673059219641058	0.0927601507808356
-0.384528886308253	0.501077271307612
-0.288902661659289	0.374470431288193
-0.777485998683627	0.967454006828161
-0.625344671789909	0.818103589030397
-0.0142875504114238	0.0149800449182529
-1.14486111635872	1.4600696665438
-1.35482641212545	1.62709008879513
-0.656462240152839	0.874638348931262
-0.156756814768133	0.198069949271779
-1.40523656437187	1.708184555739
-1.38664238637042	1.64608037133122
-0.974906229784414	1.22438541279737
-0.099009568683963	0.11512814021184
-1.33001374231583	1.64556919136588
-1.41992421179857	1.74177235253197
-1.18605403227199	1.4743685526069
-1.37870113201748	1.67352132964047
-1.32650398151259	1.63097431470845
-1.03890326322957	1.31610363453755
-0.0249768416300755	0.0330353971958809
-0.570259562006631	0.711348816902424
-1.23044227801942	1.50329519441762
-1.32097388629544	1.67504082255752
-1.38182688462535	1.69455903695143
-1.27750744393671	1.63694095016451
-1.09868280306973	1.51747179722737
-0.912970162348997	1.03027202532492
-1.4685617133602	1.76997864249544
-0.0471031433690459	0.0358761937156122
-1.07847728696704	1.35815128106626
-1.132650878009	1.36255481694222
-1.0513452401651	1.28550889531651
-0.202454053077666	0.215599344575991
-1.36289993524146	1.65534657016266
-0.16500142637251	0.152913317495125
-0.927867445138734	1.11996022291881
-0.684397362072884	0.877436873817763
-0.293803953577886	0.418149384346714
-1.14311047229168	1.42370257550602
-1.45452190362858	1.76961415657262
-0.364730827017878	0.445349089217364
-0.499116667148753	0.65205686938947
-0.376536187678565	0.477103108633115
-0.496632957001292	0.588829738166321
-0.547771683486798	0.636365491353389
-1.21248384813088	1.52681365823189
-0.444667221906172	0.537755010539598
-0.220737398250285	0.28358831271363
-0.740236555362597	0.865263125333351
-1.41098093112558	1.74179400555161
-0.606128532020073	0.863351910367041
-0.818558627731574	0.867686204856327
-1.43215339229539	1.75438303880235
-0.143679369512874	0.184383847837735
-0.608679279435592	0.634851462368004
-0.377008446441777	0.408960461437812
-0.559146584926025	0.664271285952105
