-2.47314228468484	2.53536363859934
-0.633462097970263	0.651981911689717
-0.351787736992367	0.373094753469007
-0.388524819167423	0.343147598257385
-1.54720071736052	1.575371284065
-2.92015051797961	2.983494365617
-2.14100117148902	2.19739718672609
-0.863855261353499	0.832640677013484
-2.3366205973326	2.37811003063016
-1.07737863901914	1.10882414983507
-1.97217551547731	2.09065522249329
-3.12340436021951	3.29152094848496
-2.44342363691429	2.45677738465803
-1.49515412499845	1.45740866760732
-2.53831852291944	2.63331227445923
-3.8954101594738	4.07805927779943
-0.757797552119887	0.731104026359669
-2.80894674613749	3.04092462911232
-3.11262344842561	3.073406532906
-3.9047211261513	4.03063610716056
-0.589236853839967	0.552250966815453
-2.58987644558663	2.67756942027387
-1.55542060925385	1.62693688441112
-1.33047706731688	1.49525909312519
-1.0877484287349	1.24725899364529
-0.911108284962464	0.898919433534725
-2.51706659218945	2.55294758336707
-1.6669117031031	1.6874970251672
-2.38353631711943	2.37445008834858
-3.17376606813914	3.2338682041746
-2.01475337706953	2.06053833267903
-4.05216207007921	4.16602143328553
-1.79946391586124	1.93990522410852
-2.8093449975489	2.95217366453352
-3.87405123777378	4.0100130931458
-1.47286638841111	1.49085280476046
-3.08584167197615	3.1573431280931
-4.01095150498401	4.12731859434675
-2.23171455072459	2.32349322980259
-2.34512274386071	2.4825993564293
-1.97675380792079	1.9762157016334
-3.33673634755269	3.44256111161209
-2.68291018475492	2.77412774702675
-3.34277144306364	3.47167298113068
-2.90905682940845	3.0087644414017
-1.29277737939218	1.23794336858188
-2.32045459271014	2.3632655666707
-0.333947295666849	0.322822658003717
-3.27255191252122	3.41702225725966
-2.26754556666411	2.26620310107961
-3.61143993638946	3.80945712858409
-1.59433334697009	1.60181617733961
-0.699721121729373	0.673564953875128
-2.57402498064052	2.59882516988673
-0.939304892448641	1.0161404335632
-1.84654045154766	1.79446993528405
-1.25306903120635	1.32038611881642
-0.214287217732484	0.212360353509801
-1.54264321752786	1.60680673065418
-1.30550014100183	1.31674451447016
-2.21512282437505	2.23223052985983
-1.66518457285935	1.79230513054129
-3.34170038293307	3.48446489232273
-3.35885945040128	3.42484389325329
-0.766455827370455	0.835389467034819
-2.77870535711355	2.92606581080979
-2.1299706405826	2.23194547767735
-2.41875957023957	2.57245302175083
-2.63879113876912	2.62227719198094
-2.32626860723993	2.27889054095094
-2.54907358794734	2.52305174026969
-2.14697184894807	2.14054507940738
-2.78529614846798	2.95056501678509
-0.375188659403562	0.36966326892947
-1.31419369596479	1.32497830613138
-3.31537516335703	3.43771527016886
-0.540308910446817	0.509804533227147
-1.49813307807458	1.58404826944205
-1.92533690139301	1.87755963330941
-2.98090239506428	3.16310648327335
-1.11443545922248	1.13396026134019
-1.90749280185057	2.0069929868152
-0.406976898835124	0.387415532199448
-1.17478348769034	1.24165797047314
-3.55393190510728	3.7280337579526
-3.50977221132441	3.67576236045813
-1.48383694963328	1.51776046869407
-2.15119990371114	2.18874025849681
-3.35338157758197	3.30009491429572
-0.849525828179064	0.784453308155308
-3.79591591154912	3.95892574028672
-3.92868792112143	4.04940466703356
-3.51042801348453	3.62733068493004
-3.55597779216981	3.73054935053646
-2.19612896231222	2.24222217137532
-3.11551621222853	3.28596572119811
-4.0113642596362	4.14080552231942
-0.619326661258301	0.625670324156771
-3.92133892354506	4.07560097253258
-3.31161302909338	3.47253564861952
