0.701805423107764	-0.245417410493483
0.710590136654646	-0.0633371196814953
0.468405792909146	-0.0862035156061171
0.745149183740179	-0.0919985367777107
0.225340850088055	0.144928994589143
0.290231015265883	0.077521217166275
0.0135292114024232	-0.00653254218673861
0.332304085891126	-0.068566222804791
0.0174036924817512	-0.00720274859383876
0.594262413001502	-0.0930219974171474
0.0436155190833469	0.0821281931101848
0.154503945330936	0.115373225683807
0.771372258995487	-0.0957173033617813
0.500836070573442	-0.202611066996051
0.0655110133316656	-0.026220890841682
0.0379588830355708	0.0129129732393231
0.64436213569758	-0.195296809489605
0.755216194381748	-0.168723509014987
0.702707647552801	-0.180337633513454
0.767168752198447	-0.152033594587905
0.119677383876144	-0.0433133940640743
0.676969827892061	-0.0705668465700414
0.0684789392951613	-0.0180245951289038
0.660224108445174	-0.0708940193042226
0.729875883213118	-0.149143929818061
0.772712509415384	-0.118932883062566
0.752958637270221	-0.113733549005087
0.159708628450398	-0.0474571577026043
0.729426520365778	-0.200072955220903
0.153280456242458	0.0662778486597751
0.702082645399416	-0.101329479645011
0.0168531586735611	-0.00752833059656782
0.736439785567986	-0.1527069705484
0.25744482616499	-0.0120716156024198
0.436537253507174	-0.0254555629835438
0.560214403031579	-0.0171214175267753
0.186652899197175	-0.0472276099086645
0.765985093301203	-0.111102767499579
0.738051158482448	-0.106347128439284
0.746130786660018	-0.144864847554834
0.55055592374395	-0.15065350200214
0.0453667716043507	-0.0197624750256825
0.0968669734791554	-0.0247424213971467
0.745571128366855	-0.100476211417289
0.744372668461783	-0.157892389175135
0.704784668175634	-0.303328114248148
0.776015082342052	-0.126352363114107
0.0407489577275385	0.00556923900780036
0.0369933764794351	-0.0106387031345434
0.101973725364528	0.0259667605127789
0.689872945527026	-0.0531258426328789
0.766315073679195	-0.103564374180584
0.769164180420766	-0.0998758482427437
0.132535959329069	0.0315515731846431
0.747345434588777	-0.0752652422653273
0.743453644748599	-0.100953502406795
0.204761491388341	-0.0555730510347838
0.212276712105724	-0.0337040843200049
0.655301703895818	-0.11947697922244
0.671343627820559	-0.301849513629809
0.397918074718175	-0.0996624101078632
0.400293734840595	-0.0544161396891221
0.0387951792771748	-0.0171451935545064
0.116316058765777	-0.0318757813784699
0.351956219472567	0.0885746609727648
0.773493174468277	-0.11750391349439
0.177175808576151	-0.0275767818804015
0.0296182561375378	-0.0167750692930736
0.615683765888359	-0.0850276317423739
0.565331724394887	0.0668808661153299
0.739344107550895	-0.179056708760803
0.0221887587629245	0.0167954938261963
0.778733667108469	-0.148106359085595
0.134327090215752	-0.0368263187178428
0.046354309604427	-0.0213504461505067
0.461887337786639	-0.112488429302977
0.0662445816298098	0.149552784965382
0.710222249602582	-0.0521468225071366
0.716843753270529	-0.239053577233918
0.749715800385758	-0.196850179708948
0.0355198725951982	0.0286059617207013
0.312512745420845	-0.0324845164483591
0.557193425739169	-0.0657217103492739
0.112460017777414	0.0496551055227277
0.730528201808307	-0.181280052244459
0.655222840530044	-0.0564223574151432
0.721213286553215	-0.175119365128998
0.704789180811713	-0.280501941356219
0.773206015979387	-0.109724044899369
0.0302971482282638	-0.00978707138859699
0.0584731886970746	-0.0197709562303348
0.0588954182733259	0.0104042994147264
0.599728748304086	-0.0515293369283392
0.167529570056962	-0.0482021107953521
0.409620691398964	-0.0646054286141849
0.541114314555096	-0.0707708714356017
0.76791615951242	-0.12782935642457
0.0670214162478324	0.0465184164810586
0.102934367281057	-0.0181080190873029
0.0119077551534838	-0.00645395314498739
