8259,1012,1593,8516,2500,83,5592,2572,1728,5222,8596,3789,5324,6813,815,8699,1719,8782,3034,6411,7304,8885,7455,7720,8990,4073,8004,9090,5333,246,3986,9103,3450,4466,2728,3108,9199,973,8269,1539,396,6631,1511,8034,6823,2704,7747,316,6353,238,6337,6707,2194,4975,6037,1881,7739,1846,4065,6660,3656,7900,8372,9285,2847,8025,3735,6385,4004,7481,8177,6484,2531,2160,6191,5890,6738,862,9464,366,8357,873,3942,7697,1178,8040,6052,6544,9592,9691,7167,48,9791,2222,4442,3272,2828,7141,9895,8438
6576,1237,1842,8517,553,73,4464,1576,4345,5799,8597,5567,7399,6246,2453,8700,7454,8783,5700,7313,6256,8886,7781,7837,8991,1474,7497,9091,2387,2164,6897,9104,1831,7251,4898,1790,9200,2303,7376,1343,19,5006,6101,7189,6024,1622,4040,380,6972,2758,5027,797,6622,4517,6376,2322,7577,975,898,4865,6043,5755,6451,9286,5032,7268,2884,7646,2600,1307,8085,2025,7021,5409,2066,4341,6096,1295,5809,2067,9549,266,2668,6293,410,8041,4652,5578,9593,9692,4650,169,9792,6640,2915,6978,5162,5774,9896,8138
8499,512,1702,8518,6999,76,3013,2843,2867,4469,8598,6587,7627,6689,509,8701,7520,8784,7719,5663,7146,8887,7803,8056,8992,7298,7544,7238,1648,3594,4067,9105,5810,7332,3018,1701,9201,867,5944,3701,17,6953,6251,2749,6747,874,8466,217,7101,2955,7425,1560,5976,5153,4595,1064,7608,931,7659,6184,2046,7439,5860,9287,5927,3756,5520,9385,3257,8285,9404,5496,2474,8105,5167,52,5762,7449,9465,1993,9550,247,3307,7459,288,7014,4050,7353,9594,9693,5467,60,9793,5907,7841,2013,6334,7850,9897,6896
7857,4133,1045,8406,942,46,4175,1459,2744,3666,8599,5406,7540,3251,3348,8702,4759,8785,7699,8099,8089,8888,6135,8334,8993,7543,5694,8121,6009,4015,4028,9106,7078,4250,1458,4497,8231,2804,6469,5166,29,7773,7242,7129,7607,2191,4642,209,7950,2166,7532,4762,2851,3100,6102,1353,7961,589,1044,2535,6471,3494,7427,9288,6623,3437,1393,5395,4304,4513,8481,5728,2141,1668,1021,3544,7352,763,9466,391,8234,526,3829,4826,717,7562,4795,6403,9595,9694,5225,27,9794,7728,2963,7539,8280,7047,9898,8071
8381,2946,2122,8519,2244,163,4470,32,2616,1624,8600,4147,2730,7345,2734,8703,7206,8786,7484,2982,6874,8889,4816,8086,8994,5973,5817,6784,6248,4716,8007,9107,1050,6870,825,2110,9202,1288,2140,5922,49,5988,5673,2292,7114,6477,5350,938,4059,584,7202,504,2873,2439,5294,5889,5330,4972,4227,3783,3718,8273,7750,9289,7652,6815,4936,9386,2948,3017,9405,6423,3125,7670,3212,774,6447,2587,9467,3043,9551,382,3661,7631,338,3938,2012,5194,9596,9695,4367,239,9795,6968,7450,1628,7229,5390,9899,7397
7384,3131,3584,8326,1603,699,2041,7326,7705,8328,8601,8329,7370,3452,7098,8704,8781,8787,8332,2288,7738,8890,746,8057,8995,6113,4503,7147,8186,5987,8367,9108,8110,5080,7969,192,7507,1830,9269,1216,107,8347,7171,481,5188,7108,4340,1642,918,1005,7732,225,8419,3499,6966,8371,8103,2040,1950,1895,894,5859,2240,9290,8373,4447,8472,8145,2175,9397,9406,3461,9460,679,6852,799,2065,394,9468,868,7429,6181,3657,1023,3227,7102,3777,6369,9597,9696,5587,284,9796,5161,713,9893,7778,5429,9900,7894
8236,645,2901,8520,7048,2552,2638,1097,2333,1893,8602,7451,2926,5408,3318,8705,5430,8788,6818,7153,5874,8891,3833,7770,8996,5887,1809,7477,464,3528,5405,9109,794,5847,6093,267,9203,6271,5368,1800,305,5740,5472,1732,2512,5923,5763,4097,1792,1947,7877,1300,2683,3286,2198,3711,6330,5880,5532,1754,3534,7199,4549,9291,6639,3950,6391,9387,4279,3445,9407,3553,1394,1762,3194,3229,94,5359,6302,561,9552,1143,191,2509,311,5609,6724,6310,9598,9697,5468,2236,9797,6933,6545,6641,5620,2661,9901,7980
8180,371,4181,8521,7369,81,2429,1145,1640,2925,8603,3274,7614,7718,1371,8706,3903,8789,4316,7285,7186,8892,7674,8386,8997,7374,8005,8253,5623,758,2670,9110,5557,6642,729,3099,9204,495,8032,4428,64,6250,6658,3828,4491,3985,8084,231,4880,270,5822,715,2881,4875,6258,800,5821,3296,7711,7925,2917,7762,7587,9292,4998,6985,6717,8225,4814,9398,9408,6206,2689,6566,5092,994,6925,6964,9469,4019,8026,723,3616,7549,775,4124,7205,6183,9599,9698,3945,18,9798,2039,6849,3301,2416,6991,9902,7729
4445,1255,1882,8522,695,230,3120,5461,2060,1416,8604,6588,5679,1902,1589,8707,8000,8790,4176,7522,1759,8893,8155,6705,8998,6099,6616,9092,1234,2457,5739,9111,6072,6643,5260,3285,9205,1768,3106,675,84,7523,4704,7479,3733,4105,4029,1488,4736,1625,1832,1525,5644,4537,6229,1764,4285,2002,1594,6224,6291,7623,4881,9293,5591,6172,3140,8474,592,3483,7995,3751,6886,7046,2833,5103,2819,1803,5082,724,9553,932,3937,7736,510,7504,6187,3247,9600,9699,3643,220,9799,6479,2612,5349,1170,5396,9903,8164
8440,621,6133,8523,7801,2879,2386,5019,5246,4233,8605,6578,7628,3585,980,8708,2485,8791,8183,2565,5079,8894,4343,8002,8999,6945,5917,8073,7708,1003,7958,9112,4418,7051,5500,725,9206,705,4867,1630,89,4855,3554,377,2262,2896,7349,1015,939,386,5677,323,6708,5537,5818,2641,5960,6432,7377,1674,6605,1586,5302,9294,6741,7783,7767,8475,5220,7740,9409,3650,5961,6598,2702,401,6761,4242,9470,2020,8150,522,3722,3060,2346,2272,3054,5060,9601,9700,7639,58,9800,3369,2144,4309,2840,5521,9904,4138
8,5,3,1,2,4,6,71,818,4536,8606,6504,8251,7049,6993,8709,5510,8792,4543,8883,7983,8895,8985,8986,9000,6681,6879,9093,9100,8046,6425,9113,7566,7804,7921,2309,9207,8464,8415,8213,9270,7846,6882,9271,6290,7142,9272,4952,9274,7408,6414,6674,6272,5451,8390,7172,9278,9281,8035,8272,9282,9283,9284,9295,5924,6840,8320,9388,8012,9399,9410,7630,3506,9461,8149,9462,9463,8355,9471,9548,9554,7678,4038,6834,7511,9588,9590,9591,9602,9701,3983,6601,9801,9891,8494,9894,8257,7594,9905,9995
7917,3061,428,8524,3208,1454,2885,2284,2096,2157,8607,1872,5304,4797,732,8710,4626,8793,3615,5896,3727,8896,1692,7159,9001,2411,4317,6239,4874,2228,5443,8459,2282,2220,2938,2248,9208,4995,5752,4618,2518,2062,3705,4585,2473,4624,7994,2176,518,1983,2622,4195,3725,1308,374,3473,5123,2053,1413,5561,4055,5825,6434,9296,6126,3561,3743,7793,4005,8146,9411,4100,2274,5021,1822,2376,4810,2432,9472,2385,8358,610,2687,5112,1144,5565,2589,4687,9603,9702,2779,265,9802,1933,5765,2364,1929,3429,9906,1247
8153,1850,4328,8525,3988,450,1609,2305,1677,2320,8608,2698,2353,1956,6370,8711,4702,8794,3863,6197,4968,8897,4298,6448,9002,4679,7040,2409,6848,2459,5975,9114,1405,1705,2724,2173,9209,1028,6199,4375,814,4362,4785,6110,4576,2029,8143,916,5888,503,4905,1714,2019,3740,1757,1673,5008,2265,5776,5088,4782,6996,6737,9297,2517,6816,4976,8476,852,8286,8482,4026,2628,4939,3921,2650,4203,4251,9473,2380,7915,790,1683,4532,667,4010,5545,1771,9604,9703,4102,26,9803,1181,4478,3427,1767,3734,9907,6149
4523,1084,363,8526,4245,2491,3116,1070,1382,3994,8609,4866,1654,3377,1148,8712,3832,8795,6826,6150,3599,8898,6084,4150,9003,6770,6462,8336,3313,967,5045,9115,4128,5399,415,1583,9210,5466,5506,3825,579,5713,1601,5106,2717,2107,8058,200,4258,469,4269,4615,2389,1839,5369,1154,1626,5486,1920,4461,4452,7291,7535,9298,6013,4359,6131,8422,4831,3068,9412,3570,3877,5036,4815,4272,2047,4581,9474,3201,7997,2374,900,3345,4392,3016,3943,2298,9605,9704,5342,367,9804,2393,3542,875,5469,3744,9908,7518
8441,2578,1973,8181,2536,164,2679,1033,4621,3399,8610,4443,5218,1689,877,7512,3768,8796,4572,5832,3708,8899,6048,6170,9004,4201,5381,7231,3894,2849,4223,9116,2507,6657,3056,2801,9211,3956,5681,5316,1671,6319,5266,2906,5807,1060,6877,1912,2427,126,7289,871,5607,946,5784,3973,5572,3989,2365,5977,6136,7116,5212,9299,6748,2527,5947,8093,605,8478,8306,3982,5459,4524,4111,545,648,819,9475,2056,8376,174,999,6196,565,6154,4117,4366,9606,9705,4525,2255,9805,6315,6158,2014,4559,4924,9909,3273
8500,4605,5482,8527,1943,300,1985,642,3482,4806,8611,7935,6304,7569,6494,7506,4386,8797,2813,5285,6713,8900,2817,7315,9005,5791,6732,2104,3872,1653,7187,9117,5010,6881,2032,2358,9212,1820,7287,4682,66,6109,5055,1452,6528,857,8170,745,5210,1713,7080,307,4757,6165,6265,4115,7143,408,7638,5835,4665,8319,5389,9300,7588,5851,6833,8321,820,4953,9413,5299,4636,7165,397,213,3456,7466,9476,3259,8287,1047,1688,4764,167,4587,5155,4638,9607,9706,2808,314,9806,7822,2415,6668,3668,4510,9910,4738
7368,665,3691,8528,2192,1969,1431,559,1184,3776,8612,4494,515,5356,3354,8385,2249,8798,4593,3200,4623,8901,6428,7030,9006,3871,2796,6581,4066,1418,4410,9118,3879,5387,2595,1542,9213,2382,1243,1978,2105,3270,3864,5107,3489,3935,6755,1411,5689,2347,6017,1527,2681,3327,3823,1384,1966,3015,3861,336,2777,6439,5432,9301,2781,4278,4786,9389,3228,5271,8323,3351,3469,2050,2016,4092,4444,3353,9477,2221,9555,926,1404,5034,1491,3500,2836,3549,9608,9707,3713,970,9807,7282,1656,1746,4069,3080,9911,2870
8117,3502,3232,8529,4932,151,4741,2414,2712,6178,8613,6444,7344,7563,3870,8713,6858,8799,6056,7486,5315,8902,6429,7827,9007,6380,5398,4210,4779,1709,6802,9119,1866,2966,4062,996,9214,500,7463,2154,12,6080,1884,3815,6200,583,7692,214,6984,3242,3453,383,3769,1520,6613,1788,7211,1782,5761,7073,6383,7387,6719,9302,5178,8062,1965,9390,3923,8275,9414,1099,6924,5401,3513,289,1564,6402,9478,3408,8308,332,3355,5413,140,7322,4431,3518,9609,9708,6333,222,9808,6014,7367,7214,7688,7263,9912,6002
7779,1061,2707,8530,2225,399,2964,740,2560,5331,8614,4604,5417,5986,3255,5257,1726,8800,4072,4848,4240,8903,6348,7470,9008,2762,4163,5903,5100,581,1761,9120,3794,4708,963,1299,9215,1693,2479,1166,936,4660,4200,6081,4671,3997,7126,3419,1167,578,5586,961,5351,3281,4597,3340,4664,3167,4265,4030,2116,4421,1386,9303,1875,4676,3908,8423,3123,8064,9415,2003,3878,6618,4023,4535,1360,4603,9479,2889,9556,505,2026,2316,4248,4545,3929,5089,9610,9709,4923,77,9809,4721,6324,4373,1802,5047,9913,7184
8028,2210,3763,8531,5338,656,3764,940,3178,4154,8615,4911,5332,4715,3607,4668,5144,8801,4521,1127,3729,8904,6915,7010,9009,4958,2735,7984,3516,779,5363,9121,3540,2748,604,1122,9216,1937,2566,3158,1110,5516,4504,5435,4634,3907,5269,3865,1995,543,6240,3675,4305,2897,5526,3095,3543,279,4946,1554,5853,2759,6638,9304,2215,5932,4829,8063,3337,3400,9416,3510,3551,6485,614,738,1158,3323,9480,2471,9557,3476,1799,2657,135,4078,3606,5460,9611,9710,2820,1464,9810,1639,2874,5428,4906,4734,9914,5070
8382,1807,3282,8532,4811,451,3441,2098,2720,2815,8616,3792,5377,3138,4752,8714,5497,8802,4344,3808,1712,8905,5569,6070,9010,5633,5494,4236,6890,3135,4775,9122,5011,4674,1035,2091,9217,5114,4907,1493,407,5268,2951,2745,3826,1475,7889,4732,1769,2558,2676,1666,1715,1340,3900,1964,4657,4522,325,1091,3653,7181,7447,9305,3633,3164,4843,6742,2247,4419,8427,1778,4052,2655,4720,360,1425,3677,9481,1865,8359,1960,691,4391,2079,3346,2421,689,9612,9711,3565,1434,9811,4588,6416,1530,5195,5023,9915,6280
7800,2005,5930,8533,6534,849,2754,1347,3926,5124,8617,1345,3081,5710,1691,8715,5750,8803,5471,728,5693,8906,1120,5676,9011,5594,2674,8337,5083,308,6107,9123,5128,2530,4631,404,9218,5016,5682,2150,61,6470,4409,3582,2770,3834,8124,269,2792,822,6491,2169,5989,2434,5133,3253,4869,4289,2318,3394,2570,7861,5421,9306,6142,4001,6908,8477,997,8351,9417,5033,4637,6286,2597,2371,856,1538,9482,1046,8377,1335,2625,5746,2633,6502,6294,3222,9613,9712,4420,704,9812,3693,7028,4919,2124,2263,9916,2529
7219,580,3471,8534,2345,147,1604,6939,3746,3969,8618,6903,6910,7336,406,8716,5892,8804,7000,5090,7706,8907,2537,7088,9012,7564,7413,6904,2989,1400,3409,9124,2769,7259,2132,989,9219,1510,6355,5651,15,7682,7724,3944,6941,1168,8076,160,7394,3157,7988,772,6064,3817,7410,1210,7829,3749,6734,7976,4381,6736,2162,9307,7891,8078,7139,8350,3161,9400,9418,3073,1638,7548,5119,68,3438,6976,9483,1915,8161,362,3852,9587,185,7132,6624,5844,9614,9713,7965,142,9813,6895,3195,2296,7217,7150,9917,6857
7981,331,1910,8535,5796,2775,3682,964,2691,3720,8619,5925,4830,5661,1661,8717,5199,8805,4613,5898,2405,8908,2392,1864,9013,4288,5850,7948,3177,2649,5627,9125,1205,5267,1140,1928,9220,2183,5574,793,150,6222,2501,7790,3366,1765,7306,2671,3082,1337,6683,3402,3787,2919,4064,4306,1984,3105,5786,6094,4625,7117,1204,9308,6808,5131,6166,5358,1034,8201,9419,776,5028,2776,4858,3036,2513,1786,6464,1040,9558,3537,750,5608,2055,538,3079,3917,9615,9714,1439,764,9814,6667,3413,2532,5298,4398,9918,6835
7871,1071,2186,8536,3220,2308,2129,2927,3221,3755,8620,5616,5668,4083,4612,8449,4197,8806,6047,5185,2289,8909,4984,5731,9014,1549,6298,3684,3044,914,5688,9126,2204,1987,660,1104,9221,3165,3651,4263,1309,1598,3520,1959,3965,1426,4439,1221,5775,3845,4191,2872,2174,1779,2363,3753,4007,4264,677,3898,5877,1791,4433,9309,3574,460,6442,5201,2640,7768,9420,1479,4850,576,3596,3772,1856,3314,9484,3622,6519,2112,1305,4751,3754,2360,3118,4916,9616,9715,4839,1591,9815,6207,5029,1980,5416,673,9919,2337
8260,1100,930,8029,4970,1232,2838,3654,3892,5308,8621,4395,5345,6781,1275,8450,4592,8807,5093,5766,6827,8910,2988,3765,9015,2398,5453,8221,6089,1094,5637,9127,1319,1840,2086,2101,9222,4379,4937,4096,2108,5758,6075,4913,2700,599,3107,402,886,2905,5436,3488,1989,1364,4920,731,3187,608,5527,3866,4556,6472,7095,9310,3922,4313,2486,3308,3392,7881,9421,4980,4424,3576,4542,3614,2812,885,9485,2226,8218,756,2508,1389,1897,7262,2451,4082,9617,9716,2918,23,9816,3844,4792,5004,6762,3593,9920,7029
8237,3092,3454,7883,2573,501,4819,2136,1013,3007,8622,3411,5098,2161,3209,8044,2949,8808,5475,1667,1784,8911,7044,2928,9016,4079,3566,8209,4591,733,5802,9128,3623,6140,4546,1737,9223,3934,2277,3611,530,6151,2076,7201,4989,3310,4061,4438,2024,2727,2230,640,2330,1197,4319,3239,3714,1114,5157,2310,6278,7319,5946,9311,6076,1294,3562,7970,1961,8194,9422,4207,3736,6567,4954,3117,858,3875,8233,2721,9559,1370,2158,4844,334,6788,4538,1941,9618,9717,4230,935,9817,3126,3853,4416,872,1680,9921,1552
8501,5361,7444,8537,785,139,4887,8198,2603,2997,8623,8205,6209,6237,4388,8718,1623,8809,4979,8312,1678,8912,6510,2648,9017,3497,5426,8296,4192,2826,7959,9129,1381,693,7838,4437,8344,5967,8416,5300,644,7620,7815,2496,6892,1490,1535,1845,2462,6540,7878,6233,7960,3806,9276,7621,6560,3529,1999,3841,2632,7420,4085,9312,2680,476,4947,514,351,8013,5073,6749,4698,134,7482,4170,5685,324,9486,287,9560,1017,3390,6173,4130,7953,3637,2708,9619,9718,5674,122,9818,9892,913,7157,3025,7934,9922,7663
5048,3277,4886,8538,6033,106,2583,4978,2981,585,8624,4689,6911,1441,1402,8719,6523,8810,3432,6740,5530,8913,8055,5646,9018,2832,7070,7721,3655,3688,7576,9130,971,6073,4361,315,9224,2827,3795,4380,3339,6994,6164,4750,1435,5803,2555,1883,1707,3710,7629,5995,4840,4929,6495,3233,6509,5772,2418,1756,6830,6867,6440,9313,6760,321,3647,7661,672,7751,9423,3592,5353,1529,6157,727,7090,613,9487,252,8195,1072,3479,6226,588,8116,5498,5229,9620,9719,6746,41,9819,6208,1349,7215,5065,5667,9923,1373
8502,1861,1954,8539,7134,347,3672,4266,3014,6236,8625,4140,4554,6981,6287,8451,3984,8811,4632,3290,6768,8914,3868,6021,9019,1456,1147,7851,1450,434,6480,9131,1298,6249,4799,697,9225,6940,2275,945,1556,6527,5749,7464,2237,1331,7725,2115,2952,1235,7301,4533,1438,5670,7514,5163,3053,194,5601,5577,5085,6907,6745,9314,4529,5900,6177,9391,2782,6051,9424,5035,4169,7182,888,261,1483,4514,9488,2596,7245,4948,1974,2643,245,7402,6219,4746,9621,9720,2606,480,9820,2893,1383,1848,4733,1819,9924,8361
7064,1280,3527,8540,3031,1271,3396,1736,5249,1760,8626,5410,3893,4155,2258,8720,3927,8812,6329,5524,2802,8915,5366,6247,9020,2463,4188,7223,6405,1834,5208,9132,1451,3848,1261,1136,9226,4160,5811,4849,1199,4862,4670,5716,3215,1723,7648,974,6036,190,5383,2805,2505,1007,1647,3579,2786,2497,2929,3683,2009,7130,7075,9315,6764,6212,5145,6202,816,6332,8065,1132,3433,3009,1679,2023,3605,569,9489,2407,8431,801,2077,1378,2549,3418,2980,5360,9622,9721,4459,87,9821,6323,5929,4331,3524,3268,9925,5069
7082,2646,2490,8541,535,161,5452,294,4846,2647,8627,8096,2876,5357,1892,8721,6453,8813,6175,5551,7107,8916,7122,8987,9021,7026,6782,7844,1322,1631,5712,8075,6189,6665,3539,2375,9227,3889,7275,3380,13,3977,5559,4516,4711,6307,8023,75,6973,1592,8468,838,2809,4717,6866,2233,7033,5205,1863,7493,6500,5798,7267,9316,5631,7558,3526,8175,2100,1815,9425,2789,7067,7579,4149,1690,1146,1814,9490,987,8397,710,1772,5671,298,7998,2778,3298,9623,9722,6555,183,9822,4325,3168,2063,4296,6750,9926,7991
7325,1953,1919,8542,461,376,4639,5030,805,5962,8628,4659,3491,6466,1991,8722,2202,8814,6357,8313,3148,8917,6769,1911,9022,3498,8295,4220,272,1877,5015,9133,5952,6799,7155,1000,9228,7898,8033,6952,1037,5392,2090,2417,7243,7300,5783,4761,5270,3979,7775,844,4678,3280,6955,2705,6786,2639,2866,4833,1812,7163,4368,9317,2484,4396,1876,5086,5312,3275,9426,4534,6408,1256,3342,2667,5221,291,9491,159,9561,1324,5213,4189,3545,9589,1536,5628,9624,9723,4281,34,9823,4893,854,2214,2703,4357,9927,7810
6739,4987,5957,8543,416,2837,5742,5470,4518,3972,8629,7757,7780,3493,4667,8723,7385,8815,7918,8141,1851,8918,1982,2001,9023,6257,3267,3096,627,4221,7949,9134,7478,7530,766,221,9229,3525,8212,7024,85,4054,4006,1461,3995,6420,5998,4992,2450,4838,7911,381,7760,3591,8301,4655,8191,6273,5702,1270,615,7713,8036,9318,1616,2995,8473,7653,2738,8147,9427,7734,6473,1175,7012,1537,2395,182,9492,431,9562,1665,2242,4184,7269,7687,808,2659,9625,9724,4629,67,9824,8290,1664,7490,3422,1986,9928,6486
7403,354,2943,8291,558,2028,4219,4021,923,2829,8630,6127,6522,5921,2465,5699,3205,8816,6678,2825,4453,8919,2246,8166,9024,6956,4772,7208,5738,2207,6751,8411,2580,5232,1080,1257,9230,3563,4187,1776,2860,1826,1095,7276,6590,1672,4347,4705,506,1836,5282,846,1380,204,2359,5183,2771,5075,2446,5991,1777,4596,6861,9319,5678,4308,6245,7055,1092,8352,8014,4758,2614,3276,4744,2400,4566,3113,9493,1813,8162,2941,908,3812,2143,5488,6647,4432,9626,9725,6261,44,9825,5868,4020,1336,7104,4681,9929,7398
7310,2088,6465,8544,531,102,5966,7895,2357,2880,8631,6437,4784,3931,1321,8724,7069,8817,5142,7884,7337,8920,4473,2886,9025,7602,8120,8457,5751,3767,2753,9135,6352,3689,2341,477,7667,6753,5866,5062,7572,7552,6375,5492,7348,562,5108,352,1963,3595,6313,7637,2830,6942,7922,3367,8009,1412,2181,4009,1730,7862,2480,9320,3741,1498,3648,4474,1896,8128,8038,4280,3152,458,3331,4283,7458,193,9494,65,9563,658,5141,5971,226,8398,4286,5897,9627,9726,7892,219,9826,7475,1024,6575,6413,5955,9930,8439
8503,1889,956,8545,7495,136,4773,1262,4185,5982,8632,7906,7944,8098,5656,8725,7945,8818,7468,6427,6680,8921,3159,8242,9026,6793,5599,4084,6299,1505,8083,9136,4684,1357,295,891,7252,1429,7551,6406,24,4725,7852,2093,6119,1137,7710,111,7011,1200,8417,1798,1392,2151,6145,2618,7849,1844,2743,7831,7609,6948,8037,9321,8393,1931,3207,7903,5148,7307,9428,3202,8067,6000,6720,254,2368,5042,9495,4324,6180,340,2137,6309,211,3960,6652,7255,9628,9727,6938,100,9827,7027,6779,3925,8496,6493,9931,5985
8309,1885,6341,8546,335,227,1500,5915,7176,5589,8633,8407,8097,4274,6350,8726,6221,8819,6869,5362,7843,8922,2327,3999,9027,5203,7886,7232,7972,3786,8200,9137,5789,3002,1502,3136,6144,3115,4339,950,5420,7407,6821,6285,2351,7260,609,1242,700,1977,8418,6684,7338,1063,6193,8102,8061,1633,237,6773,4570,7426,1468,9322,3630,716,7660,754,487,5721,8094,3687,8129,586,5529,6062,5550,771,9496,694,8250,1979,2131,6943,3012,8492,5228,1397,9629,9728,3766,492,9828,3444,804,4700,7573,8070,9932,5994
6497,1350,4701,8547,3932,91,951,2629,4598,4363,8634,953,5931,6969,1297,8727,3067,8820,6508,6712,5281,8923,6721,7297,9028,5367,4590,7239,3379,2408,5647,9138,3393,2102,1268,1936,9231,3022,3075,3219,1356,4489,4016,7179,4599,3807,7658,1686,4956,1156,5643,2433,4608,4767,2343,897,7086,690,3426,2814,6606,3458,4672,9323,2092,2413,3225,5597,809,6675,8374,4350,4477,3621,4048,5549,3245,978,9497,643,9564,618,2377,2007,523,6230,4649,2594,9630,9729,3294,249,9829,6977,5659,1855,5723,6461,9933,6255
8504,276,3463,8548,5573,86,2798,1923,2538,5845,8635,5407,7873,7476,3512,8728,5283,8821,5519,6289,6589,8924,3896,6400,9029,6850,8031,6987,5234,4486,5160,9139,6100,4360,828,2539,9232,1403,8346,6244,35,6649,7178,1935,4299,829,7848,155,4743,1646,7499,714,3803,2331,4501,1272,5485,1179,7007,7516,3183,6787,7650,9324,4553,7914,3070,8127,2855,8479,9429,6308,1703,6694,2563,248,6776,7686,9498,3882,7835,378,3179,7254,329,2976,6363,7035,9631,9730,5164,39,9830,3446,7954,4749,3745,5873,9934,6203
8203,3010,7247,8444,133,203,6204,3632,3532,3902,8636,8182,6796,1751,1317,8729,5536,8822,7461,8054,4198,8925,2950,3920,9030,3256,5326,8185,7643,1374,7973,9140,4747,1212,7709,5291,8282,8188,3721,7066,6558,7362,8222,7487,7930,548,972,256,3522,3739,8059,2099,7546,678,7975,5614,5912,1135,414,7173,3980,8421,4755,9325,6366,3958,6359,2121,606,7962,6301,6687,5348,417,5445,5480,4014,650,9499,1214,9565,1151,1585,3191,364,8437,4318,2556,9632,9731,7756,345,9831,7527,1220,6530,7966,8137,9935,8400
3211,2445,934,8292,4139,556,1636,446,1082,2523,8637,1031,4349,5158,3021,7436,2557,8823,1901,5585,1908,8926,6085,6763,9031,3252,5483,8245,5404,2111,3586,9141,4202,4460,990,1905,9233,1471,3436,2664,1722,2168,2155,5187,3291,3087,8135,4193,1026,1808,1192,3897,5025,2447,3356,3371,4986,4914,3387,4335,5638,4071,5735,9326,3962,5808,3389,9392,3963,7489,9430,979,2794,5928,3143,3742,3472,2350,9500,1176,9566,1818,1348,4307,995,6634,3467,3552,9633,9732,2636,842,9832,6227,4943,5165,454,4802,9936,4835
8505,906,1681,8549,6577,255,3163,2834,4413,6399,8638,7094,7858,5180,1663,8730,3032,8824,3679,3038,5244,8927,2773,5053,9032,4495,7513,8338,7050,737,6611,9142,2998,6820,2469,719,9234,422,6965,1526,20,6389,3449,2267,1103,1088,8348,240,4235,666,4619,884,5007,2898,3940,2467,7806,6103,6988,6450,5684,6433,4143,9327,2502,7869,4455,8303,5237,7381,9431,6162,3112,7166,5992,1211,7022,7510,9501,3451,7625,811,3587,3974,1481,3279,5499,6648,9634,9733,7015,10,9833,1442,5415,5354,5343,6556,9937,7293
5705,2627,5757,8550,137,104,4225,2252,3423,2420,8639,8408,5125,1407,6864,8731,5087,8825,5879,8294,6264,8928,4271,4144,9033,2806,6859,7845,3697,3237,7731,9143,2977,649,6538,3731,5501,7361,6722,6475,5848,8112,7683,4451,4401,1086,664,587,4809,2203,5427,7266,7508,3627,7559,6709,7363,734,405,6947,3671,6584,3719,9328,5778,843,5245,1926,802,5313,7213,6354,7538,435,3680,5555,6163,224,9502,1163,9567,1203,2482,4713,711,7796,4422,3359,9635,9734,7856,372,9834,7366,1113,7626,6325,7657,9938,9996
5447,471,4794,8551,703,186,5692,5895,2134,5893,8640,5542,5439,5425,647,8732,4311,8826,5197,3086,7057,8929,7836,3146,9034,4255,7814,9094,7438,350,4622,9144,5870,5156,2018,2714,7327,7772,7084,6621,668,7041,519,5782,2991,1735,5894,175,6254,2235,4259,6141,2189,5630,3773,2261,7418,3341,1700,7622,3395,8274,4471,9329,6396,2084,3981,4183,3873,3842,9432,2686,7156,1797,5773,3049,4957,634,9503,299,8163,1075,3712,7302,983,6817,2520,5518,9636,9735,6853,304,9835,2965,2910,1369,3428,7331,9939,9997
7256,5078,1290,8445,984,1368,5191,654,1519,5831,8641,5800,7371,1408,2138,8733,3478,8827,7485,6626,2891,8930,911,6430,9035,7124,4606,9095,6656,4231,7375,9145,5732,7188,6358,993,9235,3111,6800,2968,1182,7347,1449,4468,6382,4832,7986,6169,1749,1827,5904,356,5996,3240,5490,7115,8092,1087,5310,3302,491,7776,1108,9330,7868,5854,4690,9393,5883,9401,9433,836,484,2731,4218,2022,2051,777,9504,119,8432,827,3933,2961,1363,4922,1330,3391,9637,9736,3519,720,9836,7893,4394,3597,6410,7092,9940,7519
7955,2784,365,8552,5588,110,2842,4861,4949,3269,8642,5230,8264,8698,7435,8734,7296,8828,8001,7745,7919,8931,3530,8988,9036,2666,8252,5508,2045,817,8315,9146,4817,1119,1342,757,9236,3238,8159,2054,28,7233,8270,6899,4577,2654,1651,138,4723,2165,7585,1958,6974,3130,5091,2571,8192,1074,1224,7951,7556,6384,7854,9331,6562,1785,2581,4137,2335,910,9434,4511,8095,6069,2810,2999,3375,1975,8130,5193,6097,889,749,7656,313,7309,6901,7698,9638,9737,5414,128,9837,8015,4405,7068,5464,6862,9941,4162
8442,3669,6138,8553,1504,105,5322,6655,6609,2334,8643,5272,3362,6159,2061,8735,7665,8829,6625,3141,7020,8932,5176,2621,9037,3266,1208,8142,3928,2709,8254,9147,1766,991,5857,3343,8111,6335,7031,2177,2551,7316,5241,6190,2871,1231,3336,1811,1053,3069,5376,6516,3558,1753,4616,7281,5771,348,1687,6936,2875,8114,6572,9332,4857,3406,7340,2148,79,8248,7675,5512,3496,285,6743,2930,2761,752,9505,1918,8489,429,1922,1480,909,7797,4777,3664,9639,9738,7118,114,9838,7717,5256,5812,4834,2117,9942,8179
8401,1201,3155,8554,992,162,4925,4589,1938,4796,8644,6731,6920,5983,1333,8736,7359,8830,7679,6311,4965,8933,7583,4427,9038,4766,6351,5219,7113,4121,7722,9148,4742,3144,4724,1733,9237,4011,7619,3185,97,6905,2791,1724,5582,998,7253,419,6058,1774,6327,1675,3546,5624,7060,1516,7465,2269,5576,5719,1518,7668,6059,9333,5296,7197,3912,8424,1041,7694,7971,5058,4087,5393,4068,146,2217,1617,9506,2746,9568,468,3501,1121,103,4243,1482,3199,9640,9739,6314,215,9839,3703,7647,3484,6673,2859,9943,7672
7673,2119,4499,8446,2690,45,2660,3312,3481,4136,8645,3610,7294,5980,837,8737,4859,8831,5916,7106,5805,8934,8333,8243,9039,6511,7908,7414,7415,1313,2916,9149,5181,4917,2823,1659,9238,607,6514,4760,11,6898,7032,4770,6232,860,7644,152,6438,3154,7409,546,6446,4492,6122,687,7006,2147,3717,7502,2624,7901,7624,9334,2921,6967,3707,8394,2205,5632,8396,6137,3101,5862,4166,320,4045,5341,9507,2912,7870,281,2271,6501,208,7990,5422,7342,9641,9740,4383,30,9840,3779,6507,6436,7434,7017,9944,7391
6919,1898,1857,8555,3649,1824,1637,2008,3601,1627,8646,4027,2787,4234,2755,8738,5491,8832,2592,6318,1111,8935,6797,6792,9040,1494,5869,6087,4476,3206,5288,9150,807,4641,2487,619,9239,3439,3992,2877,1988,4694,355,5129,1116,4440,1440,1838,5172,3186,2725,1650,4706,3295,2954,4930,5306,3709,4479,4300,3412,3176,5433,9335,1992,1077,3372,7819,3874,7042,9435,3814,1093,6083,4397,4228,5022,4338,8356,582,9569,1903,2620,1254,937,6645,516,2710,9642,9741,2547,925,9841,3403,4482,3047,4864,3299,9945,7025
7982,1804,6854,8556,1001,115,5278,6267,3818,3090,8647,7357,1879,2342,6537,8739,2944,8833,7221,6698,5697,8936,4828,2167,9041,5833,6525,8339,6312,5186,6071,9151,1517,575,6982,4284,6630,6035,5094,4080,2106,7888,7553,5843,7059,1806,4051,1940,1744,5292,6082,1725,1635,1914,8047,6884,7554,229,778,6277,2498,8283,2328,9336,4941,1469,7818,1499,520,7655,6809,5764,1858,149,6872,5514,5913,181,9508,1059,9570,1188,4260,3843,1057,7927,4902,2444,9643,9742,6790,392,9842,7640,2146,6378,1528,8152,9946,9998
6696,2180,3434,8557,2533,302,4348,2593,4157,686,8648,2185,5905,5515,1157,8740,4771,8834,6040,4126,3954,8937,6552,4966,9042,1267,3325,8156,1227,780,6629,9152,4374,7079,3093,2553,9240,2276,5382,4768,280,5743,3761,6401,4654,1051,3174,917,6390,1274,6934,2182,1437,2984,5701,5634,6541,2268,5541,2196,5134,3791,7164,9337,4643,3617,4480,6377,3421,1245,9436,3041,5052,1900,1854,2206,2883,5965,7755,2193,7590,463,2313,5704,390,6893,4270,4423,9644,9743,4352,113,9843,6346,3076,6111,1684,5687,9947,7093
7872,2878,3448,8558,2543,517,5814,4640,5583,1770,8649,6846,7575,6564,121,8741,6691,8835,7257,4186,4358,8938,7230,8072,9043,6028,6783,6088,7071,1387,7700,9153,4205,6922,6457,570,9241,2082,4333,4808,62,6706,7058,880,6636,6995,8388,232,5974,879,7480,1752,5051,839,6824,1105,6561,3104,2550,6194,5871,7977,6044,9338,3063,6077,8010,7932,544,7537,7863,6533,5259,6963,1567,403,1787,1952,9509,1078,9571,904,2718,7013,498,5948,6182,5117,9645,9744,5635,257,9844,6328,7662,4125,2693,3322,9948,1795
8107,2224,2733,8363,2297,337,1066,2568,3316,3876,8650,4095,2476,5305,3368,8020,2911,8836,7111,3778,4364,8939,6715,6819,9044,4884,5695,8082,3752,3129,1829,9154,3533,2584,4110,1191,7936,3600,3058,3040,1339,5118,3555,1880,770,2435,1096,952,5182,3293,5456,3573,5346,4541,2087,2800,4008,1218,2940,4607,5135,2839,2514,9339,5806,120,4369,3901,1462,7043,9437,3758,2324,941,5168,1233,4502,1076,9510,1948,9572,2656,2399,2403,3459,5264,5613,851,9646,9745,3909,1561,9845,7593,3320,1177,5566,4153,9949,6112
2626,1904,1344,8364,919,1515,3548,1306,2582,3332,8651,6838,7452,1557,3835,8139,6288,8837,7177,1436,2048,8940,798,7968,9045,5411,2366,9096,7125,4985,5076,9155,2608,1334,5669,1187,9242,1190,6356,2208,1406,1401,3230,6829,1944,6171,2736,4630,4098,3415,3706,3175,1432,361,5147,4226,5785,1573,601,2970,4935,7714,5457,9340,6115,4938,5328,5759,1213,8395,9438,5513,3583,2605,3678,3953,5116,1085,9511,855,9573,1056,4152,810,3830,6777,2962,3571,9647,9746,2128,1249,9846,3023,1251,6215,2478,6188,9950,7664
3598,1320,3029,8559,2273,144,4109,4365,1266,6174,8652,6317,7358,5289,2004,8742,2516,8838,5680,5391,6125,8941,4896,8030,9046,5418,3122,2253,5239,2064,4974,9156,3603,792,4024,870,9243,342,4148,5001,432,3813,3996,1202,3971,1129,8246,170,4628,1741,5683,3264,5970,5202,4161,4996,2747,2685,5777,3695,5318,8144,6805,9341,6441,6060,5297,4457,3924,7794,8483,6322,1619,6774,5190,353,4172,4801,8487,1293,7389,651,2554,6460,2031,4261,4710,4090,9648,9747,6148,262,9847,3511,4983,1507,3990,4057,9951,1509
8506,3262,445,8560,6843,212,3065,2317,4994,3011,8653,7248,6105,7249,5127,8743,7393,8839,7875,8119,4707,8942,536,8220,9047,6167,7616,9097,7635,4693,7887,9157,1934,2017,521,622,9244,2774,7937,2673,51,4871,6954,6644,5261,5374,2470,560,1328,2511,7244,3899,5612,1367,1489,6604,6153,145,6935,6930,4216,4776,5303,9342,7693,7807,5837,3559,4037,5722,9439,1587,6887,7996,7589,982,1512,7204,9512,1972,7942,617,1721,4472,244,6894,4963,4174,9649,9748,2256,328,9848,8131,6791,7390,4167,4310,9952,2969
7574,781,5014,8447,2290,620,4112,2696,3170,3244,8654,2372,3102,1022,3383,8744,5442,8840,6079,4414,1886,8943,6599,7437,9048,1531,4417,8340,6571,3088,6535,9158,290,3486,1395,676,9245,4312,4164,3948,453,5317,3904,1246,1068,5071,3784,5041,4569,1323,5340,4531,4691,4334,5115,4900,3640,5067,3694,3890,2835,5919,3641,9343,1325,4044,3283,3091,1359,2651,5226,2361,2780,1219,4321,4390,782,1816,9513,2336,9574,1869,2109,3249,4372,6932,6147,1694,9650,9749,5018,250,9849,4493,5820,4385,6091,1574,9953,4376
7633,3915,2401,8561,692,2541,4249,1153,3819,5493,8655,4232,6128,2301,474,8745,1828,8841,6268,550,1338,8944,4798,5476,9049,3556,3608,8045,4276,3477,7386,9159,1924,6192,4408,2078,9246,3258,3625,3504,1727,4825,4407,6252,3880,2972,4000,1032,661,1424,4726,4483,1228,1326,4247,5251,1711,5474,1595,1837,6608,7009,2672,9344,4571,1758,5081,4544,1215,6765,7599,3050,4804,595,5379,4370,4540,301,9514,2706,8490,899,3246,5049,2856,6789,1002,4267,9651,9750,1478,1365,9850,4575,6757,5979,4254,4827,9954,3914
8261,388,3838,8562,6767,171,1487,1276,1614,6417,8656,5216,7120,7689,5207,8746,2973,8842,5936,7423,4327,8945,6297,8989,9050,6283,7860,7920,701,3284,5204,9160,3998,6814,1998,2188,9247,4042,7224,5122,47,6671,7148,1793,4122,1138,7938,611,2953,2383,6463,507,4101,3782,1346,1868,6929,1223,6633,6989,1025,4323,7494,9345,5881,2270,5192,8322,4557,6766,9440,5827,1514,6568,5563,157,6841,6393,9515,3005,9575,346,3045,7785,70,7632,4863,5901,9652,9751,5265,636,9851,4852,8027,3035,5640,5747,9955,8230
8310,574,5610,8563,1265,36,4314,5279,3638,5364,8657,7119,7158,7758,1139,8747,6499,8843,6711,4647,7279,8946,6912,6211,9051,5159,6603,7258,6531,2149,8167,9161,915,528,928,1134,5247,7333,7209,5558,421,5477,6476,7985,6803,612,6336,241,7890,1415,7180,4727,3103,6228,1596,6152,7395,1534,2231,6532,5068,7749,3798,9346,7054,4329,3300,2528,3757,8217,9441,2588,5780,1226,6756,968,3074,786,9516,4977,8196,158,3726,5884,527,4196,6007,5293,9653,9752,8042,63,9852,4411,7580,4118,7091,6710,9956,6340
8507,600,1994,8564,4229,59,5175,5672,3887,5885,8658,6295,7581,8240,3857,8748,4673,8844,6602,5397,7314,8947,6927,6086,9052,7154,7222,4960,4252,1597,6526,9162,5539,2960,433,3631,9248,537,7723,5540,22,5253,5938,3939,5543,707,9273,177,5560,1447,8060,853,5596,1301,5211,1602,7830,2312,7378,7567,5101,5378,4661,9347,4620,4842,3072,8226,3941,8353,9442,3492,2577,3869,2123,330,7442,6529,9517,3667,7131,233,4002,8289,343,1946,6725,7787,9654,9753,6726,50,9853,5105,5636,4872,5730,7283,9957,6316
6878,2163,339,8565,590,685,3189,206,2902,1312,8659,5005,3224,7445,5066,8749,5325,8845,4912,3514,4873,8948,7601,7123,9053,5277,7603,7789,2579,840,5950,9163,5797,6456,1423,1781,9249,1763,5556,2234,1195,5867,4142,7417,4856,5375,7649,496,3166,448,5484,533,4156,4429,5174,1571,3846,4635,1329,3417,6156,5534,7401,9348,5899,2304,6422,6595,2369,847,8428,3364,4847,1833,3352,5149,6020,2340,9518,755,7963,1968,2352,6542,1209,4330,5275,6132,9655,9754,6067,413,9854,5953,2280,4291,4387,5215,9958,6979
3886,969,2785,8566,5876,976,2907,2719,4049,4399,8660,1825,4555,5855,2431,8750,2692,8846,6921,5126,5171,8949,6627,7003,9054,4813,7947,8157,7274,1052,7457,9164,5336,4945,4107,2495,9250,3809,2732,1016,1101,3851,2245,4669,6253,4123,7684,319,1955,344,6515,5495,1566,1543,1745,876,6701,3911,4253,5400,3234,8216,6185,9349,1470,6900,7441,8425,4993,7061,9443,6397,3407,7777,1286,1229,4337,1541,9519,848,8227,258,3388,2934,631,7323,2325,3723,9656,9755,3261,42,9855,5581,2477,2227,3964,2841,9959,9999
8325,5038,2510,8567,7491,540,4435,4824,2378,3214,8661,6550,5621,3171,3976,8751,5284,8847,5958,684,6404,8950,4780,8456,9055,2682,8244,1544,5768,5455,7565,9165,2542,1546,5715,555,6958,99,2544,6274,1285,1027,7045,1641,3190,6449,1029,5334,2861,623,3572,1575,7226,2440,5254,3344,7144,2846,1115,5918,5388,5788,6012,9350,6913,5437,6225,639,1067,4336,7203,6361,6597,368,2223,1860,3474,1062,9520,1112,7341,5564,2295,2049,3231,4462,6303,1523,9657,9756,3311,1217,9856,3180,1717,5645,3431,6339,9960,7916
7943,1492,4677,8568,5865,709,571,4950,4788,5139,8662,3077,6078,6944,349,8752,6490,8848,7083,2156,5655,8951,6798,5198,9056,5323,5990,8366,4897,277,6139,9166,4885,6198,5240,1843,9251,1521,6074,3306,40,3810,5648,4081,1743,2713,7791,795,1467,628,6547,3142,3363,3800,2799,1750,7109,2499,7501,3243,5562,6492,7832,9351,6371,7212,2737,9394,4895,8104,9444,3250,3384,7351,806,123,3801,6917,9521,1894,8433,130,2381,6695,1484,7964,6443,5214,9658,9757,4714,78,9857,7023,7383,3094,3967,6015,9961,2816
8508,2311,3055,8569,7169,223,3975,4179,5236,3001,8663,6557,8330,8293,6690,8753,5604,8849,7928,6238,6057,8952,3033,7813,9057,5286,7207,2923,6049,1361,8168,9167,6851,490,479,234,8368,5295,7328,7498,172,5339,7225,4113,4683,6120,4134,54,5473,573,8370,3030,7840,7500,5224,4600,2992,2089,1590,7555,7335,8115,7833,9352,8349,834,3420,742,671,2075,8429,7365,7547,2170,6362,1278,5666,1996,9522,4132,4415,1362,2239,6027,1599,1048,6676,7820,9659,9758,7432,188,9858,7183,6949,2306,7343,3360,9962,890
8509,2260,5942,8570,7505,93,5152,1997,5804,3626,8664,7220,7392,8052,966,8754,7874,8850,8184,2428,6714,8953,2114,7462,9058,6365,7305,4215,6744,2436,8134,9168,2663,3330,4012,603,9252,400,8021,3509,21,5370,7524,2071,4821,3019,7974,72,7195,423,6906,1250,4675,5964,5999,2348,6772,1428,3160,6804,7446,7912,7651,9353,7428,6061,4351,6868,706,6554,7610,6259,6038,4901,7741,375,5829,1981,9523,2283,7784,251,3503,6661,437,3114,7473,4778,9660,9759,7799,74,9859,3292,7823,4878,8497,7128,9963,2662
5878,1073,4389,8571,4548,441,494,712,988,1577,8665,6521,1740,4326,7992,8755,7250,8851,7192,4075,5787,8954,7038,8267,9059,2697,5622,4485,1859,6418,7077,9169,7170,513,2250,1545,9253,5273,4894,4614,6114,5590,7194,789,2287,7085,427,1841,2219,924,7853,3039,3949,4648,7733,5600,7923,1747,1038,7053,8125,7364,4763,9354,8302,196,5438,2882,499,3321,8484,5227,7676,869,594,5839,3382,1351,7443,2739,9576,3824,1284,7795,5169,4450,6543,7354,9661,9760,7228,767,9860,5056,1805,4036,7641,5481,9964,3831
8402,2120,6825,8572,4158,264,5611,3223,6845,2768,8666,8281,7185,8448,597,8756,8140,8852,7570,6129,4574,8955,5816,6951,9060,5617,8006,2863,3466,2449,8298,9170,2631,1117,3604,436,9254,787,8169,5235,176,8299,7525,4104,7334,2865,8224,53,8171,483,9275,902,7290,2613,8048,2300,7515,3204,882,7817,7419,7931,8391,9355,5311,2993,4961,4981,69,5347,5479,6961,6693,2442,7926,1169,6292,791,9524,2822,8106,674,4046,6997,444,2688,7474,7096,9662,9761,7821,195,9861,5709,8495,4853,6646,7218,9965,1704
2397,1376,2113,8573,3405,273,2458,3066,4378,2913,8667,7404,6445,1870,3836,8757,2422,8853,7634,5767,5276,8956,5423,8108,9061,7160,7360,7909,4836,2937,1472,9171,4035,7680,260,282,8316,3700,4988,3987,2006,4800,3690,5595,2857,5652,8317,864,5935,1951,7350,3550,5102,3575,2213,1332,7924,2994,1162,3376,4224,1718,5720,9356,6723,424,4505,9395,5548,7752,9445,430,6266,1355,4106,1142,4573,3642,9525,3319,9577,1780,741,3959,489,5037,3681,5579,9663,9762,5852,387,9862,7433,1853,6902,1311,4877,9966,5864
7284,3333,2793,8327,1238,132,2895,2070,3759,2362,8668,5024,4879,4141,5290,8758,5641,8854,2642,3278,5781,8957,3133,6971,9062,6004,5737,7766,6243,3847,6160,9172,920,5696,2569,2472,9255,1621,6054,1252,14,4969,2852,6090,5072,359,7939,1377,2864,1130,3855,1962,4931,3085,1916,5046,3881,3609,5823,3676,5665,2644,5262,9357,3121,5836,3547,8088,4091,5372,9446,4550,1734,6467,3715,2515,5906,3026,9526,954,8378,201,1289,5487,1042,7002,2701,4273,9664,9763,2037,109,9863,6214,5863,5043,2187,4047,9967,7788
8510,2492,3064,8574,5891,271,5384,5830,7105,2241,8669,8043,8331,8207,4508,8759,7541,8855,8409,6704,5856,8958,3837,7859,9063,7039,7828,1193,7617,3381,8410,9173,5111,1315,393,698,8412,824,8465,7138,312,4108,5077,2598,6754,1241,7839,88,8318,635,7586,1020,6559,7004,8091,3139,5945,1581,2939,7712,7339,7174,8126,9358,7913,456,4692,4371,1109,5449,8430,2200,6962,475,6975,659,7855,2869,9527,4791,5463,921,4910,6662,835,1149,6063,7798,9665,9764,7882,173,9864,7865,8016,7168,7303,6474,9968,646
7704,4003,1155,8575,4745,1273,3634,2430,2404,4611,8670,3856,5386,4765,57,8760,4820,8856,3523,6970,1588,8959,5462,3738,9064,5424,6231,6880,652,1970,3370,9174,1473,6752,1043,768,9256,4940,4467,3109,197,4103,1942,3508,3774,2750,6281,4651,5939,2524,5959,2945,4089,341,3003,3271,1398,6155,3620,3957,1055,7715,6759,9359,2586,6548,1421,9396,3696,4580,9447,4481,2059,6775,2933,1706,2412,5319,9528,2978,9578,3821,253,6409,2684,6386,2195,1611,9666,9765,5580,482,9865,4583,7097,5997,3480,5813,9969,3248
8383,2567,6654,8576,960,129,2030,5943,6586,3287,8671,8696,7956,5963,7121,8452,8365,8857,8882,5365,8884,8960,2757,7136,9065,5419,6205,9098,6388,3008,9101,9175,2356,439,8187,1873,7897,1874,7406,722,488,7746,8223,1277,4114,1698,525,6407,823,616,8172,5522,8300,3961,8087,9277,9279,412,765,5507,5274,4586,2722,9360,8160,1540,7834,1236,470,7905,8066,7695,8148,373,7421,3349,6455,389,9529,1582,9579,1054,5335,6032,3078,7742,3149,2996,9667,9766,6856,769,9866,3780,887,8360,7568,7809,9970,8050
8118,2184,3134,6837,1375,2286,907,1239,4739,4342,8672,6592,6216,3747,3052,7037,2052,8858,6296,2920,6670,8961,4753,7373,9066,5908,6946,497,6041,486,5525,9176,5937,6130,2967,2307,9257,5552,4703,4301,3024,3771,1107,6505,1039,1508,7526,1196,5606,466,4891,1699,3196,2338,4822,5725,6458,286,4151,5003,2899,6241,2197,9361,5690,1925,4507,8304,3365,3750,9448,1547,4719,6871,3051,669,1409,1501,9530,2559,8324,2153,1314,2726,1569,5509,6008,5242,9668,9767,4999,1634,9867,1605,5756,670,5625,6926,9971,1225
8219,1058,2475,8577,306,557,813,1486,3577,6123,8673,2979,6488,6143,4774,8761,4696,8859,7312,2669,3589,8962,6305,6003,9067,4909,3404,4568,6512,3557,4237,9177,2454,443,1327,143,3435,5760,6011,5146,493,3978,5553,6672,2751,2042,4043,2259,6421,2133,6489,4456,2522,4268,3083,3811,4487,2590,901,6686,2367,5017,1465,9362,1775,1579,7292,7654,1695,6045,9449,1081,2504,4165,3401,881,4239,1244,9531,1366,9580,3515,2211,6345,2388,6503,5978,5020,9669,9768,6098,1171,9868,5538,6220,4560,1513,5920,9972,6487
4567,440,216,8578,7422,124,3793,6372,1419,1645,8674,3839,8239,6669,6347,8762,7521,8860,6373,6579,2695,8963,5657,5711,9068,4627,7691,8458,893,2279,8343,9178,1379,6771,6016,3910,9258,1460,8090,449,31,6553,5792,7606,5858,2540,4017,2699,4116,4454,3686,1532,6019,1123,3181,2932,4728,2894,4018,6839,6614,1660,2394,9363,4086,6276,4430,8232,5458,457,9450,2118,4178,7941,3673,4748,6729,7677,1506,3297,8491,933,1550,7198,730,4393,7703,5173,9670,9769,1304,207,9869,6909,5933,4039,5675,2452,9973,7842
8511,5120,721,8579,1497,92,4146,1739,6263,4646,8675,6873,5593,8265,1562,8763,3913,8861,4484,7469,7076,8964,5626,7492,9069,4173,8335,8341,1522,447,8109,9179,1185,682,8210,1287,8413,4458,8022,4918,3564,7210,7100,7265,7001,743,2619,409,8467,1496,8136,7162,4403,6632,5309,3218,7879,831,1476,7761,6594,6831,8471,9364,1643,5104,1445,2818,2159,6349,7864,5337,5132,1128,3338,7754,5686,333,9532,210,8379,718,2575,8228,465,8151,5708,8049,9671,9770,7764,96,9870,4515,2858,6546,3781,7133,9974,7412
8403,3618,6703,8580,395,153,4805,3968,4870,3919,8676,8080,7271,4685,753,8764,4528,8862,7135,7826,2468,8965,7896,2232,9070,4199,4959,6387,7584,4967,9102,9180,2585,5000,6612,4088,8387,8369,7346,6716,3062,7899,8255,8123,4294,1391,5793,98,3145,1796,8247,4013,3127,4295,7533,1558,9280,485,949,6005,4382,7978,7087,9365,5064,1318,6990,3645,101,8256,6179,7578,2526,630,7696,1976,4053,274,9533,683,9581,292,4449,4769,309,8493,2790,3156,9672,9771,7062,218,9871,6635,4883,8197,4058,6950,9975,6918
6235,4793,7270,8581,398,955,5044,6364,2756,6342,8677,8206,3732,4666,6210,8765,4287,8863,7946,8154,1606,8966,2021,1572,9071,3860,6957,7782,2494,3147,7200,9181,4303,4617,7545,539,8268,3578,8189,6983,184,2716,5444,2652,6637,5570,4926,7052,1206,4520,6018,2010,3652,4740,8173,4754,8215,2947,1222,1849,948,8284,4238,9366,5726,965,6607,4320,1422,5727,8079,7503,8178,180,7685,2611,5263,296,9534,205,9582,1014,3213,2103,7430,8399,2653,2576,9673,9772,2645,9,9872,8229,784,6282,6520,3581,9976,8258
8404,2344,6663,8582,922,118,5355,7769,1385,2765,8678,8081,6615,3324,4888,8766,2677,8864,8454,7885,4275,8967,5842,985,9072,6610,7929,8133,3854,3802,7065,9182,3859,3132,5505,1899,5934,7299,7605,3820,641,7867,5546,3027,5575,1150,2903,2391,1600,4790,8469,2266,3304,6517,8214,5084,4145,2033,1697,3490,2853,6931,2831,9367,6321,318,6360,865,896,6960,7753,4404,5138,108,6569,5741,3849,154,9535,275,9583,1106,3386,4942,4034,5729,2922,6234,9674,9773,4384,179,9873,7140,688,4135,7324,7765,9977,8017
8262,1011,4818,8583,2635,370,1907,2545,2534,3588,8679,5790,4527,4297,981,8453,6454,8865,3084,2888,4436,8968,5231,5849,9073,3192,5504,8158,5909,655,2254,9183,866,2130,4526,812,9259,2321,2314,2908,1867,5301,2081,6822,4991,1180,7531,2034,773,1921,3858,2525,3797,2466,2080,598,5431,4282,2354,4601,6025,7702,7727,9368,3197,3936,5779,8193,4212,8305,9451,2083,4915,6651,1466,2139,1670,4434,9536,3350,7979,199,1568,2229,1230,6986,5949,4695,9675,9774,3658,326,9874,2971,7016,4244,5380,4731,9978,5151
8405,4353,2678,8584,826,56,5385,6844,6664,5718,8680,6055,8019,1755,944,8767,5314,8866,7152,6395,6801,8969,1152,6628,9074,6580,6022,8074,7280,5926,6284,9184,4022,3398,7571,830,8461,7416,7681,5233,2209,5511,7805,6916,7161,1009,5097,1282,1773,1260,5109,6666,6700,3748,5287,2464,8113,1006,1198,3048,524,7509,2729,9369,3430,3124,7763,7380,462,8276,8039,4737,4127,2142,7056,4882,6415,259,9537,327,9584,322,2936,1207,796,7786,1164,6066,9676,9775,7933,82,9875,7382,2127,8069,7967,4277,9979,7999
7600,3624,1649,8204,3169,43,4190,4292,5402,2956,8681,2212,8051,7743,762,8768,7582,8867,7237,8266,3760,8970,7690,6374,9075,2293,8100,4180,3635,278,7618,9185,2125,1172,4530,4426,8122,1906,5968,4899,112,5981,6699,7847,6785,1079,3071,310,7288,4490,7196,6042,5517,4803,7005,2145,7748,1248,1125,8174,7008,4602,8392,9370,6095,3193,4729,5650,4644,5861,9452,3702,6617,554,4290,1457,5707,358,8278,4131,7735,369,1189,5320,438,7103,6778,7671,9677,9776,5307,33,9876,7063,5714,6001,7149,3361,9980,4551
8263,3028,3639,8585,1565,125,5026,452,5603,5815,8682,7018,7595,7737,1133,8769,5238,8868,6847,7529,7424,8971,3335,8003,9076,6524,5454,5099,5618,2844,7471,9186,1448,1427,6876,748,9260,638,6306,6419,25,4837,6217,2546,4686,532,8271,156,7072,567,5619,1165,6379,5984,6600,3840,7400,3628,5154,7701,5824,8024,6806,9371,3328,6937,2216,7330,1263,9402,8375,6506,6368,2862,3425,1004,7261,3770,9538,3885,8279,379,1949,7612,131,6888,4982,3495,9678,9777,7036,90,9877,5170,6889,6812,5954,7175,9981,3698
8018,2332,4377,8586,4933,878,1629,1652,2562,841,8683,6498,2634,5403,3378,8770,5706,8869,7264,5465,632,8972,6865,6692,9077,3590,6168,6860,6891,3151,7666,9187,3358,863,2623,663,9261,3385,5834,4903,317,5770,2238,263,3119,5910,6539,1141,3685,1632,6121,426,5664,751,5502,2339,4356,2868,6275,4506,4070,7488,4129,9372,3309,6832,5544,7989,2302,5344,9453,4031,2251,6807,2068,2767,5446,5914,9539,1414,7611,202,2481,6573,957,4032,1495,2456,9679,9778,3347,563,9878,6279,5941,3046,2615,6262,9982,7866
7824,1443,3414,8587,198,591,883,2390,568,1716,8684,6108,7453,7372,3037,8771,3424,8870,6034,5568,4860,8973,5724,7456,9078,3097,6570,4921,1417,4552,7405,9188,5096,1913,3289,2658,9262,5136,1608,4633,2329,3796,2488,5733,1310,4302,4256,542,1253,3487,3799,1302,5489,1662,2319,5826,6733,3946,268,5658,1696,6728,2373,9373,5206,3568,4063,5703,859,3891,8277,1669,2443,1036,3455,3674,4441,1131,9540,3659,7716,2892,3951,3216,1258,6718,5753,3470,6478,9779,2152,1160,9879,6730,3042,7460,7528,4222,9983,3918
8311,4783,7151,8588,1030,80,3762,6914,7483,1748,8685,6496,6124,2135,2958,8772,7272,8871,7825,5886,8455,8974,4584,7542,9079,8132,1835,6344,4209,7193,7598,9189,2264,2000,7993,761,8211,5605,8101,5531,2243,8190,8008,596,4718,2637,681,7472,1455,4355,5327,3020,8389,5649,7726,5819,8420,1396,2178,2291,2807,3775,6186,9374,2764,986,6795,1098,508,8176,7940,7321,5736,236,7034,2323,3517,178,8488,629,8288,534,5394,6242,1862,3410,1847,6104,9680,9780,7191,117,9880,7110,929,7355,3644,3265,9984,10000
8512,1174,2772,8589,1939,141,2057,602,2095,1620,8686,7802,6677,7236,3952,8773,2521,8872,2172,4558,3128,8975,7907,5110,9080,5598,7604,8342,7099,418,7240,9190,3150,6565,2974,3374,9263,3567,6758,3805,189,7241,7636,3442,6218,3288,7987,357,7816,235,7759,541,2257,5838,7277,3098,5547,5002,3203,1708,3317,8077,6030,9375,788,7669,7448,7234,1644,7388,8307,6596,1463,2199,6424,2489,6392,4582,9541,1801,8235,547,4425,7591,821,5872,2887,6435,9681,9781,6452,55,9881,3188,3236,3665,4168,5660,9985,8165
7311,2675,4845,8590,1269,1352,3505,1657,1430,4488,8687,8697,6980,6992,1789,8774,8199,8873,8053,7957,3888,8976,3670,2094,9081,7642,7112,7876,702,1183,7550,9191,5373,6426,6582,912,8345,6010,6583,6068,148,5440,5040,1259,7317,3464,4890,4712,759,4498,8470,2326,2126,4892,6223,6300,7792,6050,2599,947,1990,7190,3580,9376,7379,958,7880,6026,2179,8480,8485,7235,6518,384,2419,3716,3475,297,9542,127,9585,2285,1871,2983,3198,7592,3182,4688,9682,9782,6842,7,9882,7467,1018,4512,6326,2073,9986,8498
6536,2987,5434,8384,3991,2355,3006,1049,4561,3737,8688,4246,6863,3569,5113,8775,3699,8874,4971,6679,3724,8977,1444,7730,9082,5846,4539,7771,5031,3955,5951,9192,3235,4206,4400,783,8414,3646,4908,3970,708,4868,3531,3241,1316,696,4579,3457,845,3629,4841,1008,5754,473,1089,5734,3465,2036,3004,2043,6331,7278,2072,9377,5200,411,4547,3137,1878,5691,9454,2617,5795,1159,2607,3867,760,1891,9543,657,9586,1580,1296,6146,2278,7431,5993,1957,9683,9783,1126,962,9883,3468,4213,4610,4076,6780,9987,2975
8513,1065,1676,8591,3788,116,4120,3315,1729,4446,8689,2601,6116,5061,4194,8776,5662,8875,7744,7812,4332,8978,3884,7615,9083,6682,6928,2503,3895,3790,6513,9193,3538,6161,4709,2015,9264,735,6381,2904,16,1083,5554,5717,1794,1388,5911,593,4680,3663,4402,1341,6201,2942,7318,4564,5653,455,1720,3326,2058,4973,7560,9378,5352,7411,7808,8426,3373,1917,9455,4990,6459,7081,1810,442,4787,5059,7308,2931,7952,187,680,7246,166,6260,6574,4033,9684,9784,3804,1612,9884,3357,4927,4475,4412,6688,9988,5956
8514,2384,1124,8592,2935,228,2370,5748,4519,4722,8690,7019,3993,6134,3704,8777,5972,8876,7811,3613,4789,8979,7286,7496,9084,4293,1240,7137,5054,293,5412,9194,3485,1102,1559,1615,8462,1682,5039,6023,37,2957,4257,6794,2426,3260,3172,744,5137,4182,5571,1655,4889,2845,6117,6659,7534,4997,1453,5745,2763,4056,6006,9379,6195,1446,2914,5140,4876,2190,9456,6065,4730,6810,5828,1890,833,6031,9544,2740,5179,385,467,7517,425,6046,5840,5371,9685,9785,6727,637,9885,6811,1303,1291,6591,3883,9989,7356
6697,2299,1485,8593,3728,2074,4735,2795,303,572,8691,2811,3602,4934,1194,8208,1610,8877,6269,4812,5074,8980,6343,7596,9085,2850,2281,9099,4854,2460,5177,9195,1658,4074,736,577,9265,2437,4406,4346,2410,4099,2548,4094,3827,5057,5969,5189,1433,2986,5250,977,5329,2097,3460,1390,4565,4041,2044,5503,6735,7074,7396,9380,6483,1888,4171,8011,2854,6367,8354,3226,2574,1090,1173,4756,6563,2909,8068,2519,8434,2027,905,5150,1563,6619,6394,927,9686,9786,4663,242,9886,4217,5875,892,5013,1358,9990,4463
8443,2038,1010,8238,2609,478,662,502,2379,3816,8692,5280,6118,7295,2561,8778,5196,8878,6270,4807,6593,8981,6875,6092,9086,4509,3217,8314,6053,1372,6468,9196,861,2461,4962,3057,9266,1570,6029,1551,95,5209,5441,6481,4177,2493,7645,529,2602,1264,6959,903,3173,2665,3210,1731,6685,5009,3905,5448,5528,7089,7329,9381,1710,7320,1887,7904,1817,9403,8486,3305,5450,7145,5143,1823,2011,1533,9545,2742,8435,168,2803,6338,959,5321,4658,5602,9687,9787,5639,38,9887,4699,6702,5654,5184,6039,9991,8362
3862,2294,3000,8594,511,1118,3660,1410,2438,2441,8693,4951,3535,4315,1742,8241,4955,8879,2890,3507,3153,8982,3334,4944,9087,4928,1477,7707,4562,726,1420,9197,4496,1354,3560,551,9267,1932,5223,2218,803,3692,2711,4904,2797,4448,7910,1553,2455,1069,3730,2406,4211,3059,2821,3966,3440,4697,5794,3906,1607,7440,3521,9382,1945,3850,1967,7227,3089,7561,9457,4208,2425,7127,2990,4060,2448,1524,8249,1279,8380,1618,2035,4241,3462,1503,4645,3662,9688,9788,2900,1283,9888,5615,5012,2085,2985,2396,9992,1555
6549,2741,2723,8595,243,832,3619,3397,1821,564,8694,5801,1909,4964,2564,8779,7273,8880,5584,6551,2788,8983,3110,7597,9088,6828,5050,8297,5769,1971,3263,9198,4594,5258,1548,1738,8463,4823,3636,4025,2630,3303,4653,7774,4500,1399,2315,552,5629,3416,5698,626,5063,2483,5130,2424,6923,2760,2591,4322,6320,7902,5248,9383,4077,2610,5940,3612,2783,8202,9458,459,3916,566,2349,2715,4119,1578,9546,1584,8436,624,2959,6213,420,6998,4262,4851,9689,9789,3443,549,9889,4204,625,7216,2924,5243,9993,6836
8515,739,5252,7613,633,2201,2824,4214,3785,850,8695,5217,3329,1613,4465,8780,4093,8881,6620,6855,3822,8984,1927,5902,9089,4354,6106,2506,2766,5121,6431,8460,3947,4159,2604,472,9268,165,5642,4563,747,2069,6412,1281,1161,4578,5744,4781,2752,283,6482,5478,6650,3541,6883,3930,5523,943,5533,1852,6176,6885,7536,9384,7557,5095,2848,5882,2694,1186,9459,6398,4656,3254,5535,1685,2402,4662,9547,3536,6585,4609,3162,1292,3447,895,1783,653,9690,9790,5255,1019,9890,5841,3184,2171,6653,1930,9994,2423
