-0.900791793126129	0.96604748515107
-1.21074487037017	1.48731517666815
-2.41192848757729	2.8313065089794
-1.87197341385082	2.04648146113152
-2.93333663784456	3.28060555944557
-0.39443067146892	0.417531839283357
-2.75816013325995	3.23345329841827
-1.98485017239131	2.24183923064331
-0.117032133504155	0.146634817100243
-1.97188665242654	2.28722251062923
-0.159077834925023	0.178352575749675
-1.7998704389507	2.03316680643268
-0.309340289693854	0.320420810486677
-0.271592306911356	0.300330453370897
-0.256217834361715	0.27415649229631
-0.549747971087255	0.65260402361181
-1.81441568622447	2.14122164318114
-2.31925708651102	2.68306550432774
-0.388557319621066	0.418333744468695
-0.101732633938137	0.105862976264733
-0.574405733643026	0.751212403391783
-0.955864018589132	1.17602039512079
-0.986359121086571	1.04636115057454
-1.280896624249	1.35799835884306
-0.841070046232654	0.917411246568664
-2.95789419503215	3.307358032219
-1.90668370434835	2.26467285511974
-1.65800251478501	1.83636433904745
-1.07842724812334	1.17072621222593
-1.98073559227517	2.338240815484
-0.889302451455117	1.08396677462743
-0.168406756296076	0.181119174029445
-1.09945723963011	1.23879990373368
-0.685641422409941	0.779264524869623
-2.95753356954741	3.42487163185558
-2.90451283031425	3.22869466143068
-2.54408038582482	2.97038259436081
-0.500098114331071	0.550530216761078
-0.328303250573399	0.392467508497923
-2.86149686595197	3.22997679992721
-0.246093023581105	0.332782352556197
-2.9880958606453	3.38615092917382
-2.97849863763007	3.40261933376861
-2.23147523682834	2.64405737864428
-2.95542791427348	3.37778341475862
-2.86477567124926	3.1073390106012
-2.51608565344741	2.93688446084274
-2.30927043457348	2.71022835779296
-1.99563007080254	2.22188653116244
-0.894603372633922	1.09697496845795
-2.50418536162463	2.86305395758416
-2.80340189381935	3.23923569136519
-1.43527312793293	1.63649325825741
-1.16460116330403	1.26319209609234
-2.44899308055303	2.86333298712696
-1.68763393766256	2.00829300681835
-1.56748045101183	1.88943912099791
-1.1572012849151	1.40474862385791
-0.483710060167787	0.545935260716489
-1.13036809127879	1.28603227626421
-0.131776793233637	0.133927408729282
-1.55510946611847	1.69599754179082
-2.90102882016091	3.36561566705809
-2.08268839751338	2.40773902137949
-2.04045600451082	2.41512524749467
-1.80871553244799	1.93941574373126
-1.72559729538884	2.02637128446511
-2.07609084615385	2.37232832140775
-1.98407330530726	2.34711848005859
-0.242303391504672	0.240221223092233
-1.06569835948857	1.1359054247158
-0.46970086876722	0.465866046541101
-0.464356269986892	0.46693259452338
-0.866696816155456	0.889043613996089
-1.88599218164486	2.15036028205539
-2.36174475535803	2.79078420632079
-0.501525845195677	0.526263600835371
-0.448607796950863	0.501063444411076
-0.737531095416028	0.797160263170988
-0.137123452826367	0.147071962180083
-1.64432623081353	1.88554416665003
-0.684038426448743	0.796260535016315
-2.95200597063061	3.26822030768858
-0.871121140059613	1.0645615399487
-2.46320543852312	2.85352943265811
-0.79427437693442	0.872857781740736
-0.702397179981641	0.760813695869639
-0.46121333612439	0.593546255981972
-0.662670821053758	0.665283234496616
-2.88148854063237	3.25473125852753
-2.85970548263639	3.26504310489104
-1.92128479661189	2.23092801686168
-2.75474840883283	3.10886314567523
-1.78038408076117	2.05088624896182
-2.05051651341415	2.42539902775091
-2.9281139565746	3.23142519970903
-1.29559655155744	1.42006256807393
-2.99940517737777	3.31132957806795
-2.36099635746771	2.7665341430117
-2.83892607336348	3.19266825985855
