0.0171958165644148	0.0372461522821452
0.0196563373574601	0.0757429258820447
0.135916927797804	0.370023727091989
0.0546225081442959	0.152635965970706
0.213790681605141	0.599282818040416
0.0772639981395459	0.179776951238492
0.194371216717097	0.627171849951374
0.0362617060510975	0.100427131753734
0.0108030637240761	0.0664404680984378
0.144032975184562	0.340417458097257
0.000728311719191698	0.00226430508035519
0.0441932263822154	0.12268569337496
0.0615390462277536	0.138752330313114
0.0637627138646135	0.216418299727387
0.0707767824251412	0.189977982265744
0.167234545564434	0.447303869036022
0.189812846355245	0.4975759124225
0.204263792369392	0.551145239039098
0.100658741549573	0.327372484567913
0.0513940586628722	0.140758863683883
0.0243176936960719	0.131944602202447
0.0352028492525665	0.0985721283659841
0.0508027289413125	0.0872793830711541
0.0213018866230778	0.0543740060273496
0.101872584211475	0.222075791879545
0.210368994340772	0.582621973440484
0.176562016515343	0.558151485431069
0.0218560778345134	0.0389602693117756
0.163401801613332	0.438373314249769
0.217621717544271	0.619083337288272
0.092263411024067	0.250707667062885
0.0945535860429814	0.255603410519058
0.0195168143503579	0.0487066616425471
0.0655408013078457	0.187521332370867
0.191354236378404	0.54072213708995
0.202438168878503	0.576039920947426
0.15886241108905	0.493870056447333
0.0154609931456439	0.0460240370505572
0.0547182863527038	0.116271934181316
0.213277354389207	0.617836957856332
0.0431959611725228	0.0739044117322597
0.208046912469984	0.594865989842617
0.201489352331693	0.592602017046697
0.0717826473930175	0.164354870888604
0.14757951856446	0.519050839710117
0.19668938812454	0.489661261931702
0.16813208288149	0.558866167582742
0.215463662506886	0.602251255422911
0.140491381300985	0.423691883267276
0.18767459576435	0.481627854193976
0.157713334538907	0.473919047061697
0.169710672633361	0.501541020643548
0.164997393476483	0.49876197763063
0.126517344360385	0.382621704982857
0.0943409493241728	0.266044042323632
0.00420415985102759	0.00766385911192486
0.0437626232963807	0.0980361346164998
0.0543853483698888	0.127584947414413
0.2079108826416	0.606974437693646
0.100742310036385	0.331674368657368
0.122616500911625	0.357463292278571
0.0284474202568695	0.0348162062985051
0.0649274619437968	0.143979890965596
0.00995274242575397	0.00409313729813867
0.0221756735438431	0.0240481746128254
0.182048153794301	0.545216127501685
0.17802886862506	0.574352669277395
0.090570795568986	0.275356786171523
0.187976823101808	0.555265471887331
0.0223620195340056	0.0418024220796553
0.173438088475611	0.464607637095959
0.088441164272628	0.17633029066273
0.0177160650890286	0.0396014052413506
0.0497323086230001	0.109228049160554
0.0551493517578049	0.128226993520266
0.147949775914065	0.43848591714913
0.032336572251105	0.0514774833516446
0.160381544413816	0.526757539667438
0.00862634821656919	0.0198680776942502
0.161538779020784	0.579676155572862
0.0948348925848436	0.306710196534177
0.0268476850368808	0.0741239125146685
0.213610441911271	0.619536758659639
0.12700863034654	0.383243380358764
0.186519591551026	0.581053221245664
0.0701834289869089	0.164413269877992
0.0889965208599775	0.229657425388203
0.175133515202796	0.5487603533015
0.0232721241140684	0.112197428524292
0.213401267406117	0.576840928236891
0.207247631228761	0.521933946990367
0.148174122356137	0.464900626698052
0.201858236670388	0.541633142073808
0.161458728832379	0.503594997791767
0.044118121916772	0.119086085535099
0.197450000841128	0.511385243178467
0.0624786970708432	0.137938797462929
0.208463635282954	0.589559766214754
0.209641494660412	0.657295383049722
0.198768121347602	0.500894849504274
