0.369242099922682	0.096063492304597
0.0516332819123793	0.00634473063282141
0.720217373293858	0.149710636897824
0.379000524187141	0.0823477661694631
0.170786606063485	0.0391501417951972
0.376701519733575	0.0829628645954918
0.157550841894165	0.0350123586783318
0.26856980369222	0.0457605144710116
0.344091662049448	0.0764483283270061
0.56881107416509	0.119915675012746
0.623314129889174	0.112351937371606
0.554414679046563	0.105240566206718
0.473068316087502	0.0960877897167678
0.428036368489692	0.0823812305830985
0.368223071934909	0.0771368132784282
0.0947534742097889	0.0232637080846505
0.582378089991115	0.113098081195916
0.385802984832242	0.0750555705288123
0.610288900277403	0.146367876069165
0.305244979610046	0.049951041167599
0.555409342442417	0.128562401226849
0.679101723370978	0.153677171665288
0.568291960293087	0.13770726258458
0.418906162333095	0.0967930191983028
0.392549692260641	0.0797284695796538
0.406567475668228	0.0871994491187824
0.4206369123507	0.0730432823076946
0.699067108189376	0.140855347652572
0.662477393796771	0.144919256878893
0.415559201090021	0.0800518556339804
0.257608821777159	0.0507104022113592
0.0387675779746814	0.0109051494030255
0.16040482567854	0.0349230008812272
0.141530786447928	0.0221295843173563
0.00563557440094463	0.00256672021750805
0.353752461737002	0.0664540732394559
0.200963822161394	0.0384202835296917
0.0759849900139196	0.0154139516756001
0.616461768389825	0.1291650273108
0.321415366219598	0.0965767959190112
0.648621816365115	0.139975659218774
0.655651077945916	0.15294905992703
0.234507244837106	0.060515546951529
0.0551576686409206	0.0119185465033076
0.381882777421351	0.0782970391341097
0.712830855540465	0.114807652927676
0.730565741983615	0.147662983075306
0.0351700088098103	0.0108123932897044
0.319221897321978	0.0589216411199988
0.378894412353882	0.076426210482015
0.624878892912836	0.127258394340917
0.468945295814558	0.0994017955740888
0.627135849257003	0.140747315221977
0.59545412904309	0.146312752761888
0.16538231968779	0.0236056669223135
0.622837317541526	0.134730799465855
0.586036740646278	0.127562051909954
0.595173214685371	0.12672490033961
0.439777293516515	0.0829161010660428
0.181769311641719	0.0346048960435854
0.0533862082174751	0.0164289612388553
0.280140859924645	0.0489500841363715
0.663115632762995	0.146705178205892
0.0613481795190086	0.0191123599941062
0.667375963118527	0.1416760857225
0.588937997884041	0.113471565559477
0.728099421048932	0.141404927081875
0.701963267039934	0.134040092614048
0.66524831806587	0.14650690368477
0.706471836893032	0.15005572415542
0.0334089481991276	0.0101175841041052
0.177797233126037	0.0333055359615068
0.661042957868073	0.149436355121427
0.650324289258742	0.143446174657474
0.182890934745555	0.0330942863671483
0.67341032674929	0.148342058826233
0.69519393276367	0.13738649109551
0.0295104437427336	0.00820132469864251
0.595272748046441	0.144041467156145
0.282806540654262	0.0575060357983122
0.693136470041329	0.14745076880159
0.0611140913941111	0.00551944961339373
0.422603497826995	0.0957487699509288
0.736475521540711	0.150791508113948
0.148399370498261	0.0157825805251597
0.205205705692858	0.0386200030811474
0.367625771951332	0.0743574339889047
0.320828148581796	0.0767499352688965
0.46148222084435	0.0851756990343522
0.112907723182987	0.0164761951046126
0.5560619693501	0.124241501524315
0.679002138128642	0.148350062884222
0.125689307915296	0.0204451269839674
0.110970967534626	0.0164355426965249
0.0812926465405158	0.00944146680436636
0.707264535876468	0.146175317371055
0.731399167754099	0.148468322426114
0.214813587130039	0.0308555458451103
0.663042793088092	0.139795513102385
0.236107697693775	0.0532248608644185
