1.73863614996702	-1.79237892353389
0.220659772598708	-0.213552793463997
6.73389958002778	-6.62643561761739
2.567325312573	-2.58663389728503
7.04062723431755	-6.78386160058917
1.37028452947818	-1.45533257315165
9.41729450884919	-9.24235486025237
9.49653181226202	-9.32647451750434
1.03592812118321	-1.09068989879089
8.54208521666882	-8.26841055781128
1.088587307926	-1.14040535067521
7.5871873128097	-7.38516234145407
8.87915128604894	-8.66269644228747
7.75803955712343	-7.4789150192533
0.762649940374499	-0.768266558728734
8.19647331939762	-8.02371343515447
8.42312550785025	-8.22057435341496
9.39619093969447	-9.2245057043198
0.317264711987934	-0.304331346358489
9.39875887354384	-9.20122881481465
8.33025296210016	-8.12499052085609
0.799693556452929	-0.77994572903916
8.5521421967809	-8.37380682258651
9.38413717887415	-9.22128164634997
0.488640295141251	-0.477493872175427
0.129153713725941	-0.124126930087459
6.65175719110543	-6.52230466887941
9.26698716187424	-9.07214808195281
0.406151945340135	-0.39658498507117
1.5289117854709	-1.57967633954735
9.27641837107239	-9.08918222284083
8.95792906039088	-8.82064567922629
0.652888867072115	-0.62992920345689
8.97770299204269	-8.76661162654713
9.2690233752707	-9.07669310981951
0.828648622688904	-0.803155445134027
0.760070977747654	-0.768187113773938
7.16165800298899	-6.9391312956815
8.29176293293021	-8.07005968928178
8.85213131455877	-8.63742455445767
8.92810577172422	-8.71786664305755
9.31605803025001	-9.11062820090971
8.96107736178823	-8.78541816341368
6.10929888002065	-6.02710863008093
9.28308486500954	-9.09625128037415
8.31842019559104	-8.05990373465284
6.45569432248702	-6.18735619704675
7.79898840352182	-7.51476193426058
7.76255615350528	-7.4973424368832
7.38144028623529	-7.07805864516389
2.4514230817717	-2.50944054192016
0.780864054593045	-0.810479988188796
8.71871482862341	-8.48830824816424
8.3551250165526	-8.07987612299053
2.32754747963003	-2.36290716959903
2.62874958715771	-2.65900722255631
3.42823191690431	-3.31134555108545
5.3235241942154	-5.23184495551283
4.07305776561836	-3.99587268146553
3.04531784006263	-3.05225961254307
0.912358441548353	-0.834483958703891
6.47057185213057	-6.53248160341017
4.67483897960763	-4.39839673956843
8.77327444747548	-8.6767531387221
5.95356483038721	-6.00620649134243
5.74863012419661	-5.88023590620551
0.812827998872635	-0.783947233794288
3.28651512499263	-3.06634737548529
9.29089018882239	-9.1004547237094
8.12419531418293	-8.04165425802668
0.232679044948657	-0.224310479220567
0.389714627074204	-0.386123077170096
0.396052281770744	-0.387537674424991
9.34121296174898	-9.14316959405167
9.48974536553875	-9.30476629963245
9.46894332403273	-9.3057730653545
2.45349949223747	-2.43066629945868
0.461878976213899	-0.446629416460112
7.40102111803115	-7.20103513725558
8.12976699347276	-7.85954798891643
1.00406016436629	-1.06773900830398
1.64143152986975	-1.69889617915386
6.77593369526345	-6.49905321123041
1.69674699468438	-1.77874087308412
8.3686798379026	-8.17130671249945
5.81787630908598	-5.60004599613157
7.43664787825933	-7.18295363849019
7.06616343057399	-6.82943399988565
5.11025320673758	-4.84841142382852
1.27204850360989	-1.34716026338053
1.71090452813433	-1.73061299478933
7.3331706529585	-7.17211144834623
6.08737507084208	-5.83726413895682
3.24283344533152	-3.21400202894697
9.29061307528323	-9.05608989421332
8.62964731815165	-8.41535010956178
2.82247341310345	-2.94342257843396
7.53554607160565	-7.2473427919989
8.73852109627154	-8.55812219037269
0.89150170667077	-0.846321367431815
