0.541982330428112	-0.443390576446463
0.701350988391875	-0.403101179132146
1.54476954652684	-1.06706113998642
1.1596530845462	-0.834897336526487
1.85803426354999	-1.42853215590725
0.203313129182453	-0.15807007749391
1.83402762688845	-1.35360877247419
1.27353581453962	-0.920096193407308
0.0614516343726723	0.0328274782516402
1.28257301875997	-1.06074490144814
0.128466477147146	-0.0859183299709542
1.14050826376827	-0.980981028734613
0.2009338712917	-0.167193347562494
0.119111928639704	-0.0369426193757309
0.138987292277922	-0.0920400728153045
0.368029748555282	-0.171592017934005
1.12775405730631	-0.709357011536916
1.49154967487885	-1.00048538437361
0.236408143243704	-0.20913593548568
0.0530895523521002	-0.0405231636104967
0.210777070137779	0.0915171030189945
0.529497155551559	-0.311612995622715
0.548343511088524	-0.464519771167257
0.627952722612406	-0.515942562122995
0.45514705154494	-0.389614439079561
1.91029314062274	-1.38002136106969
1.3612636374632	-0.933476118212103
1.12896501477465	-0.824453863714687
0.654452621554538	-0.489939723463335
1.35801468651975	-0.913231096719349
0.504174870111437	-0.33037250401768
0.0613927218677378	-0.0490588999923271
0.617807233082758	-0.46319980084217
0.351875234413446	-0.259030970827563
1.89145313496768	-1.3221359166506
1.91260426183557	-1.47958907434463
1.74172670352733	-1.24692495057579
0.360807227654104	-0.272555017606851
0.228956003068045	-0.0941567740970262
1.89932900235181	-1.34974779248317
0.139965218810593	0.0458575879288871
1.96473972692116	-1.45926673543921
1.92107646246072	-1.4816087998101
1.38912670063762	-0.961397551250059
1.78016968947033	-1.24131481852263
1.90429364147207	-1.45078786636938
1.72296070991416	-1.2129091969909
1.62521768853386	-1.10231012672921
1.26852947486866	-0.927970394491377
0.489370233230511	-0.269494208680032
1.83283376089113	-1.43643994410737
1.86189306447718	-1.31699197795825
1.18058933835674	-0.753261211442436
0.692561009645158	-0.479391838495755
1.4897966025084	-1.01487084149613
1.04706223267602	-0.776148349221177
0.833964931111143	-0.588742643773091
0.686225448998975	-0.404862454192617
0.294669607499945	-0.198489553751185
0.781252754224318	-0.54261226311872
0.0868114496036351	-0.0508538633431747
0.886674360638816	-0.643494743506713
1.87920276736528	-1.34184919380308
1.24037999708402	-0.864284658738242
1.43626219582458	-0.997414914995427
1.05559040285153	-0.81156522692833
1.06750138496506	-0.799996497734542
1.33985608461748	-0.990114407682582
1.25299352993316	-0.787385431936929
0.0702477444794015	-0.063339423318986
0.652196650736246	-0.522741340577338
0.173472961140452	-0.151237508911836
0.193011983025292	-0.175192021480854
0.442469439004164	-0.376040217016199
1.2138833327343	-0.867819834787501
1.74447748040399	-1.31806445295749
0.192963194155249	0.0272116175151159
0.303094621303538	-0.239019978177694
0.4857334984855	-0.355912544948007
0.0871444922853129	-0.0773196953869701
1.08326617499803	-0.708371449028269
0.370149753581756	-0.304312667923505
1.88974586984962	-1.5351889024764
0.560045664952809	-0.293865853771113
1.62726226317586	-1.20376939411377
0.518582709932645	-0.406246993135537
0.508830645338611	-0.370939200645015
0.297904391577293	-0.14044242503359
0.228608896812433	-0.104298558619169
1.93306891634602	-1.43065393168679
1.9091584826166	-1.48674280809741
1.22662289666664	-0.851158919707566
1.885508051306	-1.46054011626426
1.17248528150601	-0.818441948577398
1.3103472253352	-0.873298723956622
1.86784603709686	-1.46828918839738
0.845216622743305	-0.635607883005269
1.94125291668396	-1.46313056286748
1.66466632105952	-1.16775683366975
1.91622214441033	-1.3850176307451
