0.0138763915160846	-0.00922752247845988
0.014160162714841	-0.010107055906019
1.6924210231557	-1.15853907453964
0.153479562434578	-0.114983526070293
0.199503031145627	-0.149898648341609
1.22918152681641	-0.82072250075081
1.20093806338623	-0.840427034436946
0.862700156628111	-0.587074152039723
0.0601154956799367	-0.0429629509413031
1.55185622892148	-1.0534216973824
1.53515683971228	-1.04535787724504
0.150692978656457	-0.115252230622405
1.42791400883053	-0.957993207183573
1.21914554229779	-0.804540145815569
1.62252046041424	-1.10626454222263
1.10894817961734	-0.720447871738551
1.22123284182563	-0.821851671350568
1.65583347353146	-1.13243139180812
1.30202012123498	-0.860545554271877
1.10937343636675	-0.75425651290216
1.34564140447466	-0.922483818804994
1.42823801530708	-0.95588374315257
0.70962773749933	-0.405002111576303
0.267869447774718	-0.201251269106615
0.0861291648018482	-0.0626100630882965
0.306038896078789	-0.196297967484493
1.61468045492858	-1.10243869277446
0.959753510577396	-0.655266067196862
0.390769267000946	-0.262584605222675
1.14190793176345	-0.739215898025506
0.16437413793406	-0.100645631130513
1.66596998511638	-1.13732996664335
0.685046426816015	-0.489975274207401
1.494879537289	-1.02050383128415
1.69479565599049	-1.16084441628462
1.71969450850937	-1.18022509212482
1.10970229369983	-0.7841037175175
1.39075021986458	-0.953025464566746
1.25930313156935	-0.883847493550414
0.117358111489752	-0.0820926726202511
0.0727765797601528	-0.0510278830487602
1.52377158091908	-1.03089188686484
0.263125196060916	-0.198941389033124
0.385954756378005	-0.251766843478558
0.376231097142535	-0.276976250447434
0.928315715835542	-0.637573409376394
0.589600062211309	-0.404488927993088
0.118360653191332	-0.088520988336628
1.38430838651453	-0.942081054605581
1.31066192486589	-0.868000339612521
1.10146271148409	-0.805456140042766
0.516609238224741	-0.387829657138701
1.34140844174638	-0.889149671858898
1.40783047807099	-0.939451868615361
1.2433529818392	-0.859244471825743
0.0303110050393926	-0.0229862658624501
1.59797892209728	-1.09599897291896
1.50803398513749	-1.02054379929242
1.34893232149331	-0.923034997906078
1.52751513385489	-1.03721365599471
1.46218609948054	-0.990076690035434
1.3392229009554	-0.932553079043228
0.0372286701251057	-0.024940571094835
0.70286357030463	-0.485232109799935
0.872220769733504	-0.534121254638996
1.68222326424324	-1.14989925274128
1.53032340931013	-1.03912480773401
1.39696313159018	-0.934523095932608
1.52531760547512	-1.03456507574622
0.845838002195044	-0.571356689046824
1.71337635867466	-1.17420305976006
0.00679517158988423	-0.00438748264951117
1.16548688863009	-0.791257023369825
1.24585939515532	-0.850825186949136
1.13356804810082	-0.766886982490369
0.0687786008378722	-0.0400653591862707
1.37332279412817	-0.915902333924144
0.219352559417993	-0.159734907185561
1.12346452976	-0.772457681855605
0.841037829941202	-0.573094507168902
0.555597843211832	-0.410371629800738
1.45427086224466	-1.01299129792906
1.67640207216394	-1.14593469908517
0.565021844888888	-0.398832099616577
0.717221410514764	-0.477825694976637
0.467894408635178	-0.314197493614939
0.653157985320126	-0.44915491122534
0.649094383870002	-0.439695050821675
1.49109443044026	-1.02562886573902
0.305645158927927	-0.194956800674987
0.32987774933877	-0.235479375953186
1.01972383352674	-0.722738714914161
1.74263421002983	-1.1979304715605
0.899671530554854	-0.614139371555203
0.864518798468303	-0.605761268630686
1.67855713585104	-1.15084389524755
0.283545177976075	-0.20888337539243
0.872053804794319	-0.635093288973974
0.31236810138222	-0.209807601313528
0.699961275410479	-0.480701672141287
