-0.147711028960386	0.279252161755656
-1.21161896267775	1.74232038875017
-1.23696292902842	1.76011216564169
-0.250892347403658	0.306837734254893
-0.732516507997677	1.05417594973469
-0.366704599493583	0.514449136621406
-0.772742108421665	1.16873322389801
-0.880499852256643	1.4111561320031
-1.41151547300636	1.97028005128318
-0.859356550227845	1.22076904775211
-0.00160497673874057	0.00232042661757008
-1.05528161298531	1.51048402363241
-1.5604755067688	2.04444236775524
-1.30657248556041	1.83195286533294
-1.37619571243296	1.97568730716415
-0.125406683382196	0.168211943900987
-1.29670231373868	1.8962075274453
-0.0770049428863907	0.121775576818515
-1.52296507953114	2.06691181797623
-1.05607980542982	1.43660512465666
-1.44290505393832	1.99907860748389
-0.145612200563729	0.145101589363558
-0.544754692045846	0.581367617111581
-0.701957337626156	1.00197085850822
-0.030597236850277	0.0688758110708182
-1.40377040891603	1.99760565859208
-1.40666647781232	1.84038430833644
-0.227761082971633	0.23680000689516
-1.03986965872074	1.37991831788432
-1.05735155227059	1.58958223770222
-1.44499274698417	1.91316889461918
-0.061742880870586	0.0984717895652997
-0.363323331214324	0.573639841386458
-0.54982763679405	0.873401418374221
-0.648992653133138	0.774255973165525
-0.977102739679475	1.5328832724519
-0.132867512228329	0.144604649699768
-0.902868261503962	1.31551287072557
-1.42561799943883	1.86925983090831
-1.44168008415519	1.92540227300788
-1.04486893677854	1.06376067649975
-1.52592841226804	2.01730364151476
-1.4652376323049	1.97837084270882
-0.795336056251947	0.829009711919358
-1.06977308145578	1.58444936954495
-1.22326401597537	1.76216877825613
-0.0224769495792012	0.0316980741522426
-1.11707009124758	1.61072051788978
-1.12825354220718	1.55948706979132
-0.790942751468688	1.28383442711612
-1.33338776677962	1.78760858958662
-0.678014806594409	1.00762431691954
-1.49590983308404	2.01566128555134
-1.1140422206187	1.61504407770404
-1.38137302911134	1.83395681760786
-1.11736460187111	1.65962016157175
-1.36032221504171	1.79234709423194
-0.41283182933512	0.532027431130632
-1.06794101956433	1.43154508791013
-1.39409877105698	1.80211601535913
-0.14838602861233	0.175259095850822
-0.683686897128391	0.931706909760996
-1.20339355762298	1.50808062199455
-0.122666194067057	0.142780340388741
-1.31526439280126	1.75436118697035
-1.23190790244563	1.70115622776239
-1.3452948638247	1.77024771443194
-0.111218770448324	0.11155097717745
-1.12294970262995	1.68822269991468
-0.235199705902639	0.305111019389231
-0.118271770594899	0.109971154999154
-1.3123867662257	1.8692997141371
-1.44683276168647	2.00072818567043
-0.226068955291657	0.267348809017668
-1.2133107193537	1.74742677029127
-0.858938064346922	1.01817550803975
-0.720440614594183	1.1331484238979
-1.03563031588149	1.30611118009586
-0.0748808479490862	0.076227575572734
-0.907092472541679	0.880888732436162
-0.154293884563957	0.164540296953157
-0.567730573799319	0.651145395443483
-0.908914375248905	1.53360022436861
-1.26375743854587	1.7565692538439
-1.18460021913686	1.76438882193723
-0.544082828897022	0.813529157637167
-1.22434213106453	1.79491999389663
-0.222719910842202	0.420793653622161
-0.0485990464530203	0.0802198236676855
-0.150188834547116	0.151246205093932
-1.55160497776058	2.07831120692938
-1.40012797904547	1.62675156321822
-0.0450432843774333	0.0532150170204111
-0.54865320372688	0.800647910269693
-1.1136186946743	1.44957808517672
-0.950429320394855	1.50764686797993
-1.26981330032014	1.76193891331944
-1.40240614880384	2.0145396897888
-0.0405868968896595	0.0598483827830524
-0.637839954811281	0.863782897503928
