0.0788482898847663	0.168289158012971
0.115790150325761	0.266879391821676
0.230716659710624	0.544314229752331
0.167906046363916	0.327222902604395
0.280359614832995	0.601679814530361
0.0182246334707071	0.0289237307319317
0.259547543927501	0.629904854187501
0.179645873504934	0.374710239130307
0.015958818747054	0.0836056832797213
0.196675178442456	0.389043050916319
0.00793092970136407	0.0170077308007102
0.145018263737838	0.250941034903752
0.0132975900578997	0.0267191034173318
0.00942253228325151	0.0216135337776006
0.0050541711837939	0.0084880520088435
0.0596672941790474	0.273718844110677
0.161105968742145	0.405641219905637
0.220737626463661	0.594629841395407
0.0260989493819026	0.054012328638523
0.00211738552257628	0.00714540360875366
0.0589388657606065	0.223258414911788
0.0988557515682659	0.29258532795779
0.0634351047525315	0.13937830172671
0.0739143050055064	0.139959313381114
0.0561844930713066	0.0831612951107991
0.281329636478437	0.654354256294049
0.208495322072353	0.5359390250214
0.151819369641088	0.265545468145658
0.0886312581603698	0.228488748098604
0.206491197996094	0.478840896249429
0.0852028949339745	0.239408557827265
0.00785507465043443	0.0151471112631591
0.0835784288499938	0.154295734974686
0.04994896938756	0.0980524931681954
0.279486185857823	0.67281438014668
0.270062348024144	0.519966483718007
0.267522590717975	0.617257809326783
0.0414155679810734	0.0621342382923829
0.0435933496817846	0.226740647711937
0.275784636425294	0.599608583867338
0.0365262299951943	0.18817277156943
0.262555709126802	0.546775654179921
0.273003018105842	0.55501155686856
0.214246085145569	0.500704623057208
0.271140896617659	0.61927230350429
0.255286317864901	0.394998676276803
0.248355884005496	0.605837278441558
0.233739907822795	0.53854179428296
0.170707753454613	0.349384209936962
0.0842783970238791	0.243558382391917
0.249121454397866	0.530685857497636
0.26810760233489	0.623726259891054
0.158527358187726	0.388007343469648
0.101182569625165	0.192841435906687
0.234077569305448	0.603698332827793
0.161979415973586	0.390443617853822
0.137939848330931	0.359483240526348
0.118052719186609	0.289662743977052
0.0390127072569705	0.0971198298174857
0.0991968927320371	0.233359181015085
0.0155479300367573	0.081031545548898
0.121553254842673	0.238150950695353
0.272576403915559	0.64745394933053
0.18917391484758	0.499082230792762
0.184294679367748	0.441510020739692
0.170341573960429	0.275414535984369
0.154453406388074	0.338204478036623
0.19064213637087	0.41583240823436
0.2057975966499	0.519367345613998
0.00823277354068147	0.0132906868596784
0.0789738242360025	0.130402093481188
0.0154335740659433	0.0113439940396838
0.0222050194649071	0.0413714278362526
0.0454049187263861	0.0592242569152428
0.173803888522189	0.395967405278525
0.270066867986291	0.644180075829624
0.0277828799760769	0.0959180793063422
0.0433627809601733	0.0948266969021093
0.0670621839230746	0.129732499603169
0.0118574261977438	0.0207064771606387
0.17150466452325	0.460708516955124
0.0551423209731568	0.126718877770871
0.269873108723282	0.545039824832254
0.0894240862945685	0.258458953430138
0.244117387377605	0.583834539489356
0.0831680071565329	0.204749440597116
0.0584710491547445	0.0956716707658722
0.0518847656021645	0.219918106705365
0.0453704786580727	0.161046138748805
0.268406877037821	0.546898166057679
0.266309049197661	0.513291922594313
0.184905130348913	0.446657544766675
0.266198221655902	0.517178001790555
0.176568855712893	0.438065528987963
0.197863031671428	0.502456906242676
0.252557584886488	0.391602266440254
0.120632422735729	0.269010794598261
0.267759397159878	0.491896170298089
0.23261353553578	0.536511845809396
0.280575717902443	0.645461576001887
