-0.106123495949263	0.111495013129148
-0.0313265035963375	0.0319127038349339
-14.1383353241702	14.2966740503721
-0.434940978825166	0.428662614096383
-0.83667009086285	0.831215134823508
-11.6244959619469	11.8224556795675
-8.57351346663777	8.66130599542803
-4.75253895504524	4.89360407030059
-0.310411304569329	0.308380130218872
-12.1497667800815	12.3782920181216
-13.0693053496464	13.2651705471948
-0.0117865977476062	0.0117170950534847
-12.7159713032603	12.9685378550673
-10.5770611071471	10.8037709063543
-13.5795752801733	13.805257380267
-11.494181957665	11.72366990724
-11.3059876220602	11.4710686648705
-13.6126275552308	13.8039353027085
-12.0870396415219	12.3322373950398
-9.69283758203023	9.87902105243916
-10.5846270943612	10.7830829439707
-12.6203129628136	12.8399281407414
-11.5390627478984	11.767814732804
-1.70017306498965	1.69195792930012
-0.580874478058946	0.577359172474077
-3.0030682916891	3.07363549176455
-12.9948512502493	13.2093769143963
-4.48491231234543	4.63672049268734
-4.36979524399709	4.40084353169395
-11.7809976636044	11.9612394095064
-2.06023346946499	2.0954504743159
-10.295045376684	10.6403937136994
-3.19814547771895	3.2499542965872
-12.6848639432098	12.8753505790796
-13.492080302137	13.6913801617902
-12.6801185682384	12.9379438035616
-7.03519158338929	7.09631271831962
-11.0355772074324	11.2211354822991
-7.45034845501743	7.6000952681633
-0.97278357358783	0.989344612871713
-0.56912507408665	0.564960964658315
-13.4594005497133	13.7044879056974
-0.714766472924355	0.712199928063469
-2.5866887470129	2.71924359600417
-5.15782015810833	5.10507676709708
-8.36965228895367	8.45683228598711
-4.76459786745977	4.82817456540265
-0.126032021567409	0.126272726771479
-11.9189591829463	12.1359263987184
-13.1727830676726	13.3641560982283
-8.70448696378035	8.659049740776
-1.66930006090202	1.66515992161676
-12.7131315698017	12.932881605445
-7.48640089585537	7.73869367885817
-10.6640493088538	10.7937652824022
-0.721616046806057	0.710083641239106
-13.0326445603	13.2245654249542
-13.2579134965857	13.4797140095548
-10.5412267237243	10.669836430732
-13.3227643330377	13.5121013616063
-13.1352326322687	13.3712675014295
-10.3563746723623	10.4454563924406
-1.23260030736909	1.19300156450367
-4.75547202175088	4.85948556521128
-13.9193224129919	14.0942978090406
-11.4273599445638	11.7169574015898
-12.1092060493511	12.3071112553435
-13.7007693759226	13.9165107571445
-11.471001323403	11.7931093979996
-6.735832082427	6.86975606349913
-13.6855616929508	13.8737214811233
-0.905409554861268	0.863759258529485
-10.366644358931	10.5194316117443
-10.1027444575238	10.2723367372184
-9.86524354856829	10.0164077045839
-1.86249515240439	1.83791948206305
-11.4264158389903	11.6667203990748
-1.33586807418896	1.32756403682201
-10.1755511875883	10.2936444221694
-5.44883132369653	5.61985943294879
-5.43034564014647	5.41679530323878
-9.89991270339459	10.0268126770882
-13.5285838931385	13.7322275164672
-3.15921040843933	3.22401109701109
-6.8204245367461	6.85961543565969
-2.40200577838353	2.52514225145579
-4.1295585644378	4.21532300293992
-5.78004007082069	5.85096907482325
-10.714176450364	10.9079753459582
-4.48354007857253	4.53320122654751
-2.64309820919671	2.66255823817424
-7.22118978351653	7.23600849151968
-13.83554613661	14.0286326823309
-6.7404873138053	6.90313553973914
-6.47963036574971	6.52495133175342
-13.424565293365	13.6248085741989
-2.99354366353439	2.95880324732879
-3.08243903686913	3.09563714126669
-3.92920182079567	3.95704852870249
-5.59734294124252	5.55702446558162
