0.00369274269814735	0.00184998670355905
0.00278136862961247	-0.00103979239648852
0.348948244840522	0.457137204534497
0.0127949826579997	0.0325937446026784
0.0130724355393687	0.0606388119625507
0.293988825058674	0.342240130229362
0.204173438586537	0.367186502238793
0.187894336300662	0.212568978937009
0.0104315157361267	0.00442288546240403
0.341432191291961	0.395805191252442
0.326684137684432	0.422245325241672
0.00336293754555427	0.0622333567920813
0.338348243719305	0.355704152022552
0.317212903883228	0.295919377189336
0.347827004923253	0.408250727675564
0.309906540940929	0.280742446726967
0.280941475856333	0.326542209118776
0.342678308809406	0.453108067893886
0.338254884267601	0.30111296593193
0.233198583251329	0.340973020674746
0.275694346921762	0.357106175988247
0.344245084233202	0.348228631149291
0.329200214337321	0.0624868576080687
0.0222724037562648	0.049202092412034
0.00995409755912441	0.0258688291458003
0.0891235158751964	0.0883146641356768
0.338904998918468	0.434751910018859
0.20286345115832	0.248782157596801
0.092391350959597	0.0929602885306448
0.336990819461096	0.20375965093653
0.0620477836344246	0.0168001477292122
0.349188405029534	0.453714068511233
0.101496864257753	0.164772679249334
0.31027208271255	0.428441797927074
0.349306252554808	0.449256011108886
0.34742591639854	0.471104189978904
0.178636398835965	0.303089973836503
0.284370412647057	0.378433266237645
0.207545693179148	0.393727238892531
0.0201573143117188	0.0349066830806918
0.012875671499067	0.0174413651877001
0.342322652629015	0.388305323230087
0.0125384733380069	0.0950475771217555
0.10649500988373	0.0928677054013735
0.0332711292205581	0.134729067888636
0.185477359332218	0.262089602355372
0.119044901956043	0.164179502617252
0.0111053410144906	0.0188744898080277
0.292084489146508	0.405661939583149
0.337489586220094	0.299437360679942
0.110874471881155	0.377653713654552
0.0283822046418302	0.199287643004136
0.345734404604722	0.293326255336874
0.348990218261708	0.315892178975033
0.240398321682976	0.331805283769839
0.0013574171311188	0.0105681172306731
0.322880672424365	0.447447875981949
0.331408161363623	0.430366704512504
0.280274004150775	0.354616938524498
0.333171772753272	0.405290123119532
0.318558124584848	0.429046806417938
0.241385130999088	0.379905490245402
0.00896078197638158	0.00882147483040106
0.132850425787273	0.215554833943916
0.321300748821248	0.142284499376815
0.353182021528648	0.43443070502326
0.332050803442149	0.417575385246903
0.332608567257793	0.374433410212037
0.329174696506085	0.444848530223516
0.193779946719202	0.202367223210241
0.350510429517821	0.463442141099416
0.00200899615430796	0.00132669808959267
0.253114173979701	0.318465728510688
0.263856957645453	0.316732012218258
0.255690395317838	0.282081822526837
0.0317787765109227	-0.00438679739117502
0.340721730395952	0.313062513855448
0.0306081041814357	0.0260885627780697
0.223753605504606	0.310136089918522
0.178488374371821	0.228864710339521
0.0509375910953523	0.1678121702653
0.263791427608625	0.395993532925638
0.348963842192363	0.453063705038812
0.089497119980675	0.169855603132718
0.173337498931987	0.202359411546893
0.107713194938734	0.134469472432732
0.130258377353053	0.17823184276649
0.145504803561547	0.159861343318282
0.298377389075826	0.39611885932353
0.0945242002205772	0.0652976867101117
0.0489645844489596	0.0853073481423553
0.162461878727668	0.258819656899336
0.347695541872029	0.480081822785079
0.184740852385224	0.272574644046122
0.15469904319789	0.200450569478705
0.342162384657215	0.455347872036746
0.0281827439761981	0.0785068893781786
0.106316646879467	0.206862527002431
0.0780366259449326	0.0465672589178983
0.143221095675559	0.17543024085521
