-11.6034126572011	11.8978429067184
-2.07192541042443	2.09585847369122
-8.70713595653143	8.8790008301111
-6.97464037933743	7.10544049646722
-5.04354585880858	5.09087069652952
-9.60650401431689	9.812527950859
-9.4069847141884	9.63437161573508
-2.67864493983744	2.68973565907919
-10.4324787099614	10.6875057285288
-5.67963359759097	5.70802235239276
-11.4867997666436	11.7386265377943
-9.13384217468347	9.30755708953292
-9.47393284235864	9.66758738788305
-6.56170398527864	6.72680628654353
-12.4823243473359	12.7665430299095
-3.70541218401466	3.76450754825519
-6.62656154695281	6.73650223497528
-7.96058603861501	8.16343954496254
-4.41450019061118	4.55558405488404
-13.0317050064481	13.3554351404654
-4.54370250730009	4.55806244514459
-2.45027026180607	2.56516858304452
-13.1212547006746	13.399034688678
-7.84312174849312	8.03885106224387
-2.24438772560793	2.36329798928622
-1.39814610629984	1.40740691826386
-2.84642952398509	2.85984388893782
-12.1722577687366	12.4558344689086
-10.3830095047154	10.6336882709045
-12.4784596397997	12.7229638344981
-9.03833904749769	9.24376862088557
-12.3150206241587	12.5558713320867
-1.95586536722429	1.98959656365607
-12.2773565022305	12.546795940825
-9.62237017908634	9.84093489931225
-6.49896711715999	6.68459959666614
-9.25286990693309	9.45184789502157
-9.8086377425479	10.0249795690522
-7.87199703020793	8.03827097400489
-5.98023298321283	6.08973353783669
-1.81031164628067	1.88877503777914
-5.53254386173417	5.61203959665451
-6.27007855160359	6.38641329525004
-13.2067028531878	13.4877096016268
-13.178945317752	13.4683098441164
-0.224316261235291	0.227388721733776
-2.73288793148732	2.77312644892584
-9.7800209051195	9.96377468424891
-7.77881346228381	7.93988895259643
-8.46035504466618	8.62408775497366
-4.95322925307702	5.05664259605557
-12.8474229504498	13.1227726566232
-3.26752952523545	3.28454333844213
-7.62989160974559	7.84234695496545
-11.1901397547473	11.4121926580211
-3.04286274040998	3.09687997283587
-7.78394575675065	7.9421063952646
-10.0869964661631	10.3239795308898
-12.3478791409894	12.6251210238773
-11.2288966476473	11.4856038322563
-11.1396511492804	11.3732518225457
-13.2591842054856	13.5432985129597
-7.31449882090153	7.46725966669842
-5.12219758922991	5.23832259472598
-5.94632133319134	6.06778147884653
-10.663010327753	10.9362022402495
-4.92442622277545	5.10257523956765
-4.189064750869	4.26760747728134
-13.0308050324771	13.3358210284739
-3.61060789786533	3.67951601431563
-3.75808039464818	3.8244063079911
-3.40185098109894	3.42247712824057
-3.10761943697733	3.13487140843332
-6.34160055902863	6.48146672188121
-6.98580689969507	7.11314568815809
-3.70758809266998	3.77668942174754
-1.16393722412894	1.241225746343
-10.3375523936561	10.5325156606235
-8.78620465208143	8.95688822647797
-6.29778940620986	6.31923265911629
-6.7029633322036	6.86912417281284
-6.35646160138948	6.46866984190385
-10.1916165986447	10.4215541087852
-3.24208461785247	3.3910904557065
-5.2090621929414	5.31156139010213
-11.3551780856713	11.6386890212266
-4.41266424502874	4.48223960022162
-9.0002123364685	9.24416878877502
-6.13346901362676	6.39036548907801
-9.00043261758012	9.1886843390205
-9.15097965209459	9.28029301934218
-9.67803362227906	9.89587988339269
-9.62735289835485	9.85778628716181
-11.4734087770019	11.6946699166303
-12.9279504530299	13.2137301382302
-12.3770350465159	12.627865060632
-6.67160788208262	6.84607813184723
-12.7959271328871	13.0354466648108
-13.1055880601985	13.3851179633071
-10.7218114181155	10.9076316045218
