63,41,18,7,23,47,69,126,1253,7960,8669,8673,6141,5664,6871,5699,5328,5072,7060,8781,8788,4981,7413,8798,8808,8908,7990,8286,8925,7640,8935,5139,8958,2997,5991,2993,8966,7798,7546,8980,9040,8119,9142,9242,9251,9260,9267,9277,6036,7727,9381,9386,6850,8247,9394,9402,4642,6802,9504,8095,6981,8300,9518,9618,5735,7857,6621,7015,4244,9634,7197,9643,7153,7841,9749,9755,6357,9807,8230,9823,9834,9844,5497,9851,7562,9866,9876,9891,7874,9907,9923,9949,7742,9957,9965,6972,9971,9979,9985,8021
189,754,1978,4657,7101,6116,4844,8086,8582,7366,3706,8674,3684,6540,6862,4118,7285,7259,170,4173,6893,4812,2486,6023,8809,8213,3294,1463,7972,651,7471,6534,368,1384,7361,6996,6656,6148,172,8981,9041,7018,9143,3527,3124,1366,2930,9278,2710,5486,152,175,1917,501,2073,9403,659,7005,7110,4133,6662,6247,9519,7099,1983,6047,4283,6785,5612,1070,5167,9644,3720,7616,6920,9756,5199,5864,6809,7994,7322,6339,7046,7911,5477,5413,9877,9892,7392,7509,7481,4711,7365,6596,2785,4680,150,85,2247,1047
8401,8456,1907,8484,8508,5793,2090,6652,8583,2637,6484,8675,2145,536,3245,1745,5373,2364,1118,3370,996,2777,2017,6431,8810,3793,4184,2807,6136,2803,8243,6101,1020,1498,4555,1221,1584,3617,324,8982,9042,5291,9144,2328,6073,3815,4062,9279,6051,3757,695,1088,1555,1108,5745,9404,794,3134,5683,5680,5634,4088,9520,3002,1653,2683,3236,687,2282,1052,5128,9645,4236,6600,3853,7204,2568,3746,4534,7271,4130,3794,4001,6639,3489,5753,3201,6928,5668,7510,7403,580,2174,5259,2512,5252,2449,5277,5524,379
275,769,1226,2886,5770,5319,684,5764,8584,1762,1601,8676,3451,5004,2905,2546,747,1034,2967,7315,525,3679,4349,3780,8811,6819,6330,5021,6442,488,8936,5466,528,494,7352,2246,7422,6058,4727,8983,9043,6824,9145,1867,3774,3832,3888,9280,4153,6505,3464,3599,2120,3903,6274,9405,1449,5642,7116,7358,7479,6374,9521,6725,982,3886,2940,7175,827,2457,6010,9646,1525,2964,7678,9757,983,5702,6408,6729,7809,4042,4801,6948,3715,4960,8112,7899,7199,9908,8073,145,5270,4863,414,3297,5654,5438,257,3075
96,66,42,16,3,19,45,67,104,1168,8143,8677,6866,7202,7269,8022,8153,7638,7713,8782,8789,7607,7864,8799,8812,8909,8144,8920,8926,7492,8937,7689,8959,6588,7915,6486,8967,8974,7721,8984,9044,8042,9146,9243,9252,9261,9268,9281,7916,7736,9382,9387,7478,7711,8368,9406,7145,6206,9505,7895,7829,9515,9522,9619,7568,7728,8001,7886,7454,9635,7801,9647,7955,9745,9750,9758,7644,9808,9817,9824,9835,9845,7691,9852,9862,9867,9878,9893,9904,9909,9924,9950,8200,9958,9966,7848,9972,9980,9986,9995
6340,6745,4225,8258,8509,4548,3302,4139,8585,4207,3768,8678,2325,5012,3400,2254,5552,2420,1448,389,1634,4795,2231,6185,8813,7388,1604,2036,2936,1161,7615,3946,2206,960,2619,2899,3485,3653,1028,7682,9045,4766,9147,3614,5992,4186,3311,9282,5399,4650,1764,1017,2035,1831,6122,9407,1715,4800,2478,5968,4956,4597,9523,6791,1095,4192,3523,4702,1595,3779,3724,9648,3309,5512,6134,8273,3146,7356,1758,4381,6362,2128,3647,7135,186,5037,7792,6445,4459,2402,6806,88,5344,3412,903,1426,4113,3182,2016,1182
8402,6610,714,8485,8510,6552,4578,7710,8586,6530,6712,8679,3750,1813,4324,6475,6683,2945,185,6390,6301,6864,3484,3364,8814,6040,946,2475,6973,248,6100,6050,2454,1186,5114,4259,5834,6456,115,8985,9046,6626,9148,2788,2624,1975,6778,9283,6504,4772,967,316,294,335,3747,9408,4716,5062,7423,6763,6781,1464,9524,2682,699,2479,1420,5578,3985,1007,5268,9649,4408,7400,7160,7729,3528,6828,4195,7888,8148,1629,4583,6208,3740,3874,8392,6682,7302,8315,8252,3296,6514,5079,4197,4563,103,179,5230,1228
8403,8457,5414,8486,8511,6849,5878,5757,8587,4327,5208,8680,3053,1774,4096,3142,6169,842,2069,1887,1193,5212,3410,8014,8815,2116,4189,4852,6194,3073,8938,3285,278,3120,2766,259,4339,1010,1074,8986,9047,4061,9149,3595,5548,820,2362,9284,1292,2620,704,1814,1827,1823,4140,9409,1865,3144,4825,6901,5777,4868,9525,5715,1528,4869,542,895,2837,1232,4294,9650,5583,6381,4873,8057,1709,7078,4029,7494,7088,2802,1105,6904,3479,6222,7053,8092,6038,7631,8163,1022,2005,6234,2796,3967,4172,717,7533,252
65,43,22,10,24,46,68,102,854,6099,8129,8681,6035,6783,7902,7870,7245,6885,7688,8783,7434,6909,8103,8800,8816,8285,8215,8287,8927,7337,8939,7928,2243,1910,7620,4320,8968,8024,5721,8987,9048,9138,9150,9244,9253,8297,9269,9285,7962,9379,8225,8246,7230,6212,9395,9410,5567,7953,9506,7490,8007,8090,9526,8302,7480,8033,7553,9631,4572,9636,6394,9651,6700,8306,8376,9759,7978,9809,8018,9825,9836,9846,6602,9853,5857,9868,9879,9894,8151,9910,9925,7541,8242,7863,4069,8098,9973,8321,9987,7010
8404,8458,1458,8139,8512,4626,1769,3303,8588,2857,4698,8682,1956,4110,2813,3091,1799,2388,787,5693,4199,5094,1833,3548,8817,7075,2762,3494,5423,2034,8053,2861,1215,2006,5974,1222,4243,3061,446,8218,9049,4701,9151,1791,3645,3164,2332,9286,4925,3688,2249,2265,1191,1312,2776,9411,3262,3586,4090,3326,4456,1135,9527,5063,516,2973,2484,4603,2386,1024,2956,9652,3605,1624,6160,7921,1602,4828,3113,4767,7575,3453,2700,5613,1505,2697,5011,7768,4598,5019,7907,2782,1967,3481,2226,2033,2658,5042,3050,961
8405,8175,6027,8281,8513,1927,832,6730,8589,991,4947,8683,3344,6295,5076,5189,1939,6267,1957,2761,942,4922,2628,7883,8818,6991,1429,2911,6345,461,7545,3411,633,415,2491,4743,6491,2301,703,8290,9050,3169,9152,1792,5246,1935,6488,9287,6480,4865,2739,2862,2266,1514,6427,9412,5873,1430,6919,4737,6518,2812,9528,4616,1581,1408,5281,5932,1587,2869,3513,9653,3200,6675,5805,7846,2602,7466,4402,7036,6906,2572,3542,6575,2108,6833,8034,7579,2042,7278,7925,785,6294,2156,669,1882,1269,155,839,980
283,76,54,29,1,2,30,55,77,284,8670,8684,8773,8774,8775,8776,8777,8779,8780,8784,8790,8794,8797,8801,8819,8910,8919,8921,8928,8934,8940,8957,8960,8962,8964,8965,8969,8975,8977,8988,9051,9139,9153,9245,9254,9262,9270,9288,9377,9380,9383,9388,9392,9393,9396,9413,9502,9503,9507,9513,9514,9516,9529,9620,9628,9629,9630,9632,9633,9637,9642,9654,9743,9746,9751,9760,9806,9810,9818,9826,9837,9847,9850,9854,9863,9869,9880,9895,9905,9911,9926,9951,9956,9959,9967,9970,9974,9981,9988,9996
8406,8459,4834,8332,8514,4726,1392,7341,8590,2549,6285,8685,1963,784,5254,5550,690,4570,2048,5179,143,1298,893,7743,8820,7449,3862,4357,7042,1090,7600,5938,255,1627,6816,725,5689,2446,2719,8989,9052,6910,9154,5105,4174,2995,4015,9289,3533,2421,3117,1680,2724,856,7043,9414,2891,4990,6646,6739,5765,3482,9530,3787,1405,2197,4072,5080,622,2896,4560,9655,2065,4127,4055,8158,4315,5602,4520,7134,5568,5622,3867,7198,3944,5733,6310,6752,7225,8196,7889,204,6146,6305,464,5686,1794,268,293,3315
8407,8460,4633,7667,8515,6167,1107,6605,8591,861,2306,8686,3579,4681,4249,5391,1679,670,1531,7349,522,4157,1995,7855,8821,7581,4693,6260,6117,208,7779,5988,365,448,6714,569,5674,4757,533,8990,9053,6239,9155,3394,2717,2258,5545,9290,3925,1304,3449,2668,2104,538,7651,9415,5242,5288,4953,6537,6293,2348,9531,2968,2018,2933,6482,5178,1857,5561,3339,9656,944,6962,6303,9761,2264,7508,2863,5846,7699,2355,4452,5263,5028,7583,7221,6765,7336,7842,9927,340,3972,6994,952,4132,1178,1270,518,1357
7753,8152,4935,8205,8516,1410,1355,3214,8592,1676,5879,8687,2564,2256,1848,2387,1326,3592,1324,3806,568,449,2805,6470,8822,7241,3514,3681,5119,2433,7159,1335,2394,3152,584,2604,5587,1501,4589,8991,9054,1979,9156,5130,3821,3275,3011,9291,4891,1336,2680,748,1711,1903,3278,9416,625,3031,2398,5621,4854,4351,9532,6361,631,4848,1944,781,2570,2349,3265,9657,5648,4987,6115,7472,2126,7321,3243,6367,5961,3087,2734,6251,3966,4546,6063,8072,3712,5589,9928,526,6687,6203,3010,2616,3802,4203,7186,1960
8408,6500,1073,8487,8517,5556,840,4269,8593,5050,2149,8688,2234,5398,1974,2982,2195,3520,1671,4460,3537,5164,1104,5356,8823,7095,4769,5315,3848,1015,7505,329,917,1717,2948,5904,3123,1372,1497,8992,9055,3492,9157,3140,2527,1816,3833,9292,2778,2305,2178,1846,1418,679,3883,9417,1551,2846,5034,6550,2609,5400,9533,5643,1409,1318,4038,5596,475,1004,6004,9658,2422,6044,5331,8227,2571,5636,951,6946,5603,3937,3331,6132,3361,6166,7334,7767,6847,6805,7934,686,4821,2941,1863,4527,2686,5339,1797,3090
8409,8461,5274,8030,8518,6938,701,7438,8594,3079,6776,8689,3881,3764,5537,6139,4864,4521,353,5934,1727,5743,815,6678,8824,6941,1619,2056,6954,845,6882,7223,1933,1386,5678,4089,4333,6535,141,8993,9056,5041,9158,889,2673,2625,5522,9293,4683,3232,994,817,1491,409,6631,9418,6030,5917,6558,5883,6363,1632,9534,753,1703,3639,5396,6890,4034,2904,4511,9659,1295,5513,4734,9762,2526,5842,6021,6846,7461,674,4963,6290,3729,7289,7986,8314,6429,7968,9929,3157,6328,6319,1552,6825,519,90,908,222
8322,8462,3745,8488,8519,2595,4697,2158,8595,3143,3369,8690,3122,2377,2004,4788,2558,1777,1006,1195,1444,2461,1731,6619,8825,6722,4383,1702,5501,2818,8354,6174,458,2720,6323,2094,3598,4784,1399,8088,8295,5910,9159,2952,4276,4124,4311,9294,6074,2251,666,462,1252,2392,3330,9419,4033,2280,6428,7090,5059,3975,9535,4908,888,5045,554,4204,1327,191,5098,9660,4142,3659,5588,7698,2315,3801,4002,5312,6425,4449,4292,3931,3508,2078,8027,7912,3457,7393,7311,593,2372,4833,2103,1800,1230,4707,4632,1976
8410,4024,4780,7559,8520,4964,426,7254,8596,6789,4198,8691,4319,2832,6614,3496,2317,4492,320,1360,2410,2267,3250,7387,8826,7695,1158,1844,7865,549,8941,7079,357,852,4689,3565,3472,5305,2482,7837,9057,6974,9160,2988,6889,3835,3167,9295,2681,4312,2677,2827,939,770,5027,9420,1021,3642,6807,7137,4664,5995,9536,6736,2260,2787,5095,7425,1129,5272,6925,9661,439,6332,7170,9763,1362,7231,2528,6830,6189,1481,3072,5584,4112,2458,8234,7879,2793,8197,6150,110,3431,1271,985,6395,1524,4211,571,4060
8048,5590,1377,8489,8521,4048,2343,3543,8597,4662,1730,8692,2656,3367,5402,3675,788,2163,623,4416,2769,5257,2353,5446,8827,7571,3709,2176,6899,1471,8288,3233,656,1115,1035,4350,5233,3982,1134,7085,9058,5047,9161,2651,4131,2518,3682,9296,2530,3078,1066,589,1936,700,1929,9421,3923,5944,2138,5803,4314,2147,9537,5507,978,4424,2980,4679,2003,3443,6375,9662,1779,2180,6242,9764,3541,5316,884,4091,6016,4056,2740,6135,2780,1695,7495,7706,6421,5549,5797,1650,4938,3824,1227,2835,3027,2667,3351,2447
8411,8463,5908,8166,8522,6995,901,6201,8598,5870,4970,8693,3215,3272,4836,4685,5761,4731,1069,3596,868,4516,1487,6147,8828,7564,4041,4663,6655,171,6852,6272,604,1307,3522,692,6584,3219,403,8994,9059,4708,9162,4678,1117,4646,5425,9297,6013,2576,1183,419,2172,239,4655,9422,5070,3058,6198,7203,6119,1250,9538,1310,2281,1331,5984,6782,1608,6555,4791,9663,1440,5716,6668,9765,1345,6145,5943,7595,7106,3873,4500,3150,1843,5313,6804,7050,4755,6843,9930,1615,1950,7328,2346,5216,1026,641,356,3168
7927,7518,2928,7853,8523,6642,1290,6566,8599,3894,3736,8694,1373,2593,5615,3046,4747,2391,360,6384,1236,3786,1490,7382,8829,7647,4575,2618,5973,617,8075,2157,1391,588,4817,2399,2319,2367,514,8089,9060,3354,9163,3671,4390,4014,5649,9298,2931,311,1815,1686,1683,1344,5941,9423,5461,4261,1262,4615,5408,3667,9539,1851,1413,1625,4028,5203,1103,4288,2336,9664,325,1853,5712,8377,3782,5443,4385,6947,5869,4671,2633,2764,3524,3893,7551,7731,5684,6674,7823,2287,4150,2498,2492,5369,1741,3857,5141,2082
8412,8326,4668,8490,8524,6665,916,5238,8600,4539,5739,8695,1332,1641,3841,3080,393,5244,4202,5565,898,4610,829,8211,8830,6177,6365,4944,6801,267,7414,4874,334,969,4649,1778,6492,4533,2749,8168,9061,5759,9164,4952,7307,1509,977,9299,3260,2583,2665,3641,2600,2594,5386,9424,1905,4942,6542,6924,6087,5359,9540,4220,323,6278,5967,1224,2292,6838,350,9665,4374,4451,5856,9766,4457,5811,2666,7604,4213,5555,5103,7240,1969,7184,6759,7613,4900,8079,9931,249,3716,4860,317,3957,2320,321,374,3742
8413,7666,4328,7318,8525,4765,282,7701,8601,2801,4835,8696,4756,6812,3825,4776,1605,4798,1013,4704,443,2327,4441,6446,8831,7529,4054,6898,4858,291,8289,3121,394,654,7378,2221,4600,6607,364,8995,9062,6704,9165,3388,1419,3978,4301,9300,4522,3869,4255,3362,902,247,6003,9425,572,6123,7390,7377,6519,4744,9541,4504,1996,3126,5177,7063,217,8303,6467,9666,592,8111,7297,8248,716,8077,3927,7939,7674,1431,6018,6754,3231,7467,7924,7031,6698,8238,9932,190,6515,2540,1169,6151,1483,3661,487,2927
82,60,38,14,5,27,49,71,163,1801,8671,8697,6007,6163,7375,6979,8102,7950,5333,8264,8791,7999,5798,8802,8832,8911,7739,8922,8929,7660,8942,8039,8360,8041,7975,7565,8970,8362,7188,8996,9063,7520,9166,9246,9255,9263,9271,9301,8298,7458,8067,7885,6650,6302,9397,9426,7918,7919,8068,8016,8000,8372,9542,9621,7453,7790,6391,8045,7677,9638,7554,9667,9744,8121,9752,9767,7270,9811,9819,9827,9838,9848,7642,9855,9864,9870,9881,9896,8237,9912,9933,8165,7816,9960,7890,7656,9975,9982,9989,9997
7913,8029,5106,6985,8526,5296,657,7168,8602,2376,1334,8698,2920,3281,3135,4285,1549,2684,2439,7627,168,4890,1904,6312,8833,6723,3526,4445,7262,473,8355,4271,330,697,2359,1046,6709,3795,3198,7991,9064,7497,9167,2293,3047,2972,4654,9302,1139,6217,3199,2626,1922,2596,4392,9427,5393,2535,7174,7463,6088,6369,9543,5645,1011,2743,1275,7573,1257,3452,4187,9668,2689,6821,6382,9768,1056,6308,3221,7176,7107,3726,5902,5956,3444,4405,7192,6353,3914,8115,8240,159,6741,3705,198,1465,3547,4538,310,2389
8414,7720,5200,8491,8527,4739,1780,5163,8603,1301,970,8699,3270,5871,3608,3896,742,790,3054,5541,882,5657,2474,6873,8834,7634,3372,5060,4463,362,8190,4894,211,597,2942,1163,5437,4585,4321,8055,9065,5802,9168,5616,3247,2339,5631,9303,6197,5008,2962,1875,2883,1991,3728,9428,1480,4617,7424,6961,4879,5394,9544,4839,1520,4087,6037,559,495,4759,1116,9669,957,2248,6498,9769,3603,3936,5091,7645,6506,5464,4336,5708,3469,1138,7723,7709,2870,7167,8004,132,4210,4514,527,3503,5116,4623,1947,2465
8415,6227,3448,8206,8528,7249,216,6245,8604,3735,5325,8700,4573,6344,2826,4386,534,4806,3582,5152,644,6485,2786,7657,8835,6196,5694,1390,6448,243,7550,5172,469,371,6963,5142,3387,5419,539,8997,9066,6061,9169,3609,5468,1437,1642,9304,2050,3081,3470,2225,755,825,3956,9429,1992,5993,7301,6158,4602,3171,9545,3049,1687,5190,5433,6472,1375,5829,6863,9670,715,7455,3390,7740,2151,7932,6957,6758,7922,2010,4368,6635,2118,7220,9882,7811,5237,7941,9934,881,6870,4234,573,4934,355,4779,705,472
3269,4973,3567,7200,7762,1971,708,7194,8605,2329,2859,8701,2938,4940,5767,1934,6721,4493,2168,5740,1093,1329,1747,2058,8836,7295,5341,4513,1866,1190,7903,2765,207,3691,6423,6292,6072,2494,1086,8998,9067,3620,9170,2384,2659,3776,1109,9305,5894,6231,1433,3184,887,212,5826,9430,3860,3913,5679,5182,4491,4438,9546,4137,843,2598,5707,5546,238,7117,2864,9671,680,6449,4193,7612,1973,7416,3343,7630,7056,1306,5029,7268,1733,6264,2107,3990,6238,7517,6977,3042,4735,2089,1495,6688,3291,1207,4077,2678
8416,8010,5250,8282,8529,6263,332,6800,8606,3846,677,8702,1751,2581,5458,3376,761,3357,3101,7222,147,5920,1234,7489,8837,8032,5909,4621,6858,241,8943,3477,382,418,6679,493,7282,5337,2671,8999,9068,4280,9171,3165,6975,3909,4733,9306,3176,3093,2100,737,3487,2742,4360,9431,6387,2915,3546,6860,6009,5306,9547,7093,531,3139,2217,6315,789,5658,4827,9672,1574,7284,5751,9770,3826,5496,5207,8231,7242,3619,4228,7347,2996,3166,7411,7715,5937,7693,7832,128,5986,2523,203,3381,2623,5253,1343,3375
7273,7542,5915,7959,8530,5977,720,7330,8607,5300,6978,8703,3271,6032,3253,3638,896,2729,2464,6777,192,6606,4046,8212,8838,7617,5663,4017,7436,161,6556,7331,425,227,5321,2395,5899,3438,515,9000,9069,6418,9172,4749,1868,2140,808,9307,3434,2361,3066,2031,1737,457,5482,9432,924,4928,7247,7308,4786,2752,9548,1914,2272,3145,4171,6931,590,4620,4986,9673,803,6869,6219,9771,1297,7148,6669,7590,7057,5667,6648,6751,4382,7440,7898,6417,6760,7707,9935,800,6287,5434,318,5383,611,1842,910,2382
8417,8464,4183,8492,8531,6354,5093,6195,8608,4845,3656,8704,1611,4235,3663,3346,1759,6891,682,5516,273,4064,2026,5935,8839,7659,4425,1002,5480,4606,7787,3092,746,2561,3379,1564,5432,5628,614,9001,9070,6649,9173,6522,5927,3319,5646,9308,6360,6380,575,309,1417,1536,2275,9433,5159,2400,7370,7684,7218,2584,9549,6944,244,3190,1259,2440,1398,366,5647,9674,5223,7379,5959,8171,2985,4179,5783,7556,7810,5676,2779,7791,3000,1598,8019,7002,6603,7997,8074,95,6162,6002,363,484,1282,4588,2483,4720
8418,6511,5340,7444,8532,6065,696,7028,8609,6364,7211,8705,3420,6474,6708,5355,5669,2015,502,6986,2994,6376,2567,7633,8840,7291,2670,5925,7717,125,7376,6645,1678,234,7624,5347,3765,6463,221,9002,9071,6041,9174,1580,2179,1651,4818,9309,3687,4306,1276,1285,1054,468,6841,9434,1818,6661,7283,7362,6855,2307,9550,3556,2490,4141,6927,6956,1783,6616,3552,9675,1427,7672,6992,9772,1244,7979,2842,8232,8160,900,5692,6434,3063,7741,8393,6983,6401,9913,9936,1489,6590,7172,523,5792,205,118,421,381
8419,5949,4331,7680,8533,6670,1546,7274,8610,6576,5107,8706,2902,3348,5698,4982,6689,6066,816,3415,2270,5962,1802,7061,8841,7083,2504,1596,8130,137,5720,7368,3658,771,6694,5673,5758,6487,298,8291,9072,6126,9175,929,1690,858,2236,9310,6157,6175,727,603,1913,594,7069,9435,904,3699,7236,6780,7048,1315,9551,4340,2638,4484,4647,6580,2698,3129,4773,9676,3976,7118,6718,9773,1225,7821,4567,7750,7957,2295,5417,7744,1718,7258,9883,7193,6702,7570,8317,4793,7162,6707,1162,6288,162,97,489,188
8420,8465,4205,8493,8534,5747,1406,7534,8611,430,5823,8707,2331,3751,6082,5487,1766,6170,1492,4512,109,2365,1796,7658,8842,7187,2487,5449,5633,2418,8265,4777,471,4426,3519,600,5494,2406,3968,9003,9073,1620,9176,5831,6955,4417,6334,9311,4604,5880,1200,1238,1267,2037,5554,9436,640,4146,5090,5827,6199,6458,9552,5457,237,5349,722,377,2497,5073,3941,9677,5081,6168,5855,8249,5064,6638,5404,7527,6348,4298,1214,6400,1614,2511,6989,7685,4176,8020,7253,482,5304,4063,591,5500,5025,436,773,4591
8421,8466,3851,7724,8535,5390,564,6659,8612,4078,3704,8708,3476,1124,1342,2547,1987,5576,1636,6329,120,1368,2555,7796,8843,7281,5718,4813,5958,3277,7477,5531,99,3255,4524,786,4442,4414,2542,9004,8296,1434,9177,3804,3181,4695,5181,9312,4233,1980,2444,1663,1041,1218,3428,9437,6585,4287,4867,7014,5819,4223,9553,3038,1859,4659,941,5782,1175,2468,5511,9678,2070,5810,6326,9774,2121,5912,4045,4237,5147,3088,1453,6059,3613,2356,7129,5813,6265,7969,7171,138,6155,2781,945,3065,4415,2759,1633,3440
8422,8467,3005,8494,8536,5611,3039,7511,8613,6705,3910,8709,4065,1029,7121,3828,2582,6052,2024,7131,5898,2008,3564,5485,8844,6516,6567,566,5174,2403,7367,5032,113,3515,6521,3759,5999,5023,292,9005,9074,6273,9178,4317,6457,4051,3847,9313,3095,6211,683,169,2324,2912,5776,9438,6697,5435,6559,7346,1943,5009,9554,3430,706,6527,596,2106,369,579,7526,9679,4073,3900,6647,9775,2055,2321,2773,7840,5796,5849,3192,7316,1428,1071,6563,8124,7243,8028,6049,114,3419,2553,499,6618,814,3732,5779,1798
7908,8202,1164,8495,8537,6165,5774,6660,8614,5540,7429,8710,3026,2971,5586,2699,2768,3266,925,7013,6283,4082,2330,6643,8845,7324,4919,2277,4123,4185,7661,4807,180,1473,3563,1206,4923,3994,512,8363,9075,4364,9179,4936,6127,5126,745,9314,5193,1739,709,346,809,2522,2550,9439,5248,4837,6790,3006,4745,4763,9555,5521,618,1673,1861,2944,376,4344,4820,9680,5462,6473,4418,7977,4622,3132,3147,6513,5036,4764,6107,7189,1180,1822,7143,8114,4528,7847,7770,92,5598,2114,167,4277,1661,5137,5454,3678
8423,8186,1993,7469,8538,5886,476,7017,8615,2286,2556,8711,3633,4811,4887,3877,413,3115,2643,4995,256,5085,2201,7373,8846,7519,5002,6028,6280,338,8356,4629,397,530,6735,626,5352,5542,984,9006,9076,6547,9180,4384,2562,2312,4478,9315,2876,2310,3020,3060,3130,729,5504,9440,2404,5301,5772,7609,5573,4465,9556,4180,1662,3493,3538,6159,305,4912,5187,9681,718,7045,5659,9776,1562,6243,5092,7154,6902,3363,5453,7401,2910,4961,7995,7206,7310,8181,9937,139,4885,3332,610,4043,3694,3399,470,2227
79,134,339,1173,3048,4996,876,5630,8345,2868,3932,8712,1964,6713,5385,1051,2606,5950,2218,5309,280,3954,5891,7764,8847,8214,4966,6496,8156,1032,8944,6479,1394,797,4098,2414,5135,5553,660,5209,9077,6296,9181,2436,6240,6964,6228,9316,6182,6868,2143,4541,6313,1313,7459,9441,1724,7217,4796,6471,6861,6104,9557,7319,1820,4808,3012,5711,2340,7196,6945,9682,2076,5388,2949,9777,2965,7933,4356,7812,8390,2976,2794,7923,1886,7248,8394,8235,7906,9914,9938,135,5592,3995,262,3336,6775,3386,400,1811
56,34,21,26,44,64,83,392,2371,4020,6761,8713,7732,7430,7632,6878,8036,4700,2481,7854,6404,8352,6430,8117,8848,8912,6455,8037,7696,4341,8945,7524,6350,2155,7506,7866,6916,7662,2148,9007,9078,7952,9182,6716,7819,7608,9272,9317,7537,6845,4967,6176,2285,5921,7296,9442,7944,7450,8178,8096,8370,7452,9558,9622,5342,7626,7909,7621,7034,6839,7081,9683,5018,8133,8069,9778,7161,7839,7363,9828,8312,7092,7108,9856,6005,7766,9884,9897,7522,9915,9939,7552,7852,4861,7359,7599,3784,9983,9990,3177
8424,8006,2322,8333,8539,2871,3797,4035,8616,1339,1550,8714,3043,3529,2925,3427,1170,5641,855,1001,4738,4275,1350,7891,8849,7163,4103,4337,3905,1378,8065,4338,2662,2467,1694,2502,3104,3744,1965,9008,9079,3086,9183,4158,6056,5153,5186,9318,5089,4752,2820,2160,1570,824,5629,9443,4047,4884,5447,5289,1122,1387,9559,6913,723,1082,3505,136,744,6439,2448,9684,3417,5469,5945,8378,1113,7266,3467,7210,6389,3114,1248,6797,1713,2193,5638,3205,2848,5954,7756,1033,4577,3525,1726,4068,4164,1698,2532,2987
61,39,17,9,28,51,72,144,1376,6671,8347,8715,3333,5071,7549,7275,7208,8263,7157,8785,8792,5889,4308,8803,8850,8913,7476,5890,8930,4266,8946,8108,2219,2676,8244,7144,8971,8157,7566,9009,9080,7404,9184,8132,9256,6216,7943,9319,8299,7683,7850,9389,5690,4079,9398,9444,7808,6999,9508,8043,8044,9517,9560,9623,4819,8110,6220,8226,6411,7877,7652,9685,8170,9747,8307,9779,8071,9812,9820,9829,9839,7985,6269,9857,7814,9871,9885,9898,9906,9916,9940,9952,8047,9961,9968,6069,6452,7817,9991,9998
8425,8468,4794,7700,8540,6742,1353,6392,8617,647,609,8716,2123,4121,5515,1393,383,1643,1860,3808,520,4965,2311,6230,8851,7560,4031,3703,5605,508,8947,5875,378,505,5748,635,6373,2529,1439,8025,9081,5108,9185,2032,6685,4410,1488,9320,5744,4581,1808,2601,3473,2537,5722,9445,4814,2926,4853,6309,5213,5161,9561,2878,671,2021,6114,7087,2718,6026,4247,9686,2946,6744,4138,9780,3600,7224,5535,6933,6993,2642,5121,6181,3917,3162,8091,8174,4609,7234,7970,183,3561,5351,386,3138,2913,2554,509,3475
8426,7578,3099,7398,8541,5040,429,7794,8618,2413,4692,8717,4721,5498,2177,5256,940,2951,4165,6462,232,3585,3308,6186,8852,7584,4974,7305,5365,433,8948,3771,451,455,6943,1053,4607,6599,2880,9010,9082,6837,9186,2096,1014,2409,5044,9321,4518,4490,3284,4544,1942,619,4690,9446,613,4902,7507,7547,7219,5785,9562,5644,1723,4200,3531,6221,166,5773,5066,9687,780,7158,7673,9781,739,7555,2192,7758,7561,2784,4750,7417,2825,5360,8313,7665,6936,8316,8198,156,6164,1893,387,6093,3713,4302,271,2557
8427,5122,5836,8099,8542,4639,500,7120,8619,5324,3637,8718,2521,3458,3204,5607,1208,1414,2352,4166,511,3293,2849,7062,8853,7648,4803,4951,7195,154,7876,5297,148,546,6715,3711,6386,5905,4543,9011,9083,6867,9187,3074,4391,667,1585,9322,1734,2840,595,2060,1137,2009,6536,9447,1588,5353,7146,7122,6832,4586,9563,5594,1403,4240,5571,7091,1106,5601,4495,9688,3022,7179,5841,9782,1322,5372,1930,7381,3305,4366,4530,6098,4282,2427,7539,5814,6840,7635,8035,347,6300,6896,194,4394,930,2262,1110,2425
8428,6508,3901,8011,8543,6108,681,2095,8620,3811,4939,8719,1948,4092,847,4101,2725,2838,2707,4842,3796,5625,1890,5364,8854,6033,4008,2713,4489,503,7735,6097,938,359,3224,6053,5818,4674,3218,9012,9084,3755,9188,3455,3622,1143,1320,9323,3618,3889,3062,2563,2175,1837,7086,9448,851,1305,6923,6103,4537,4160,9564,4000,877,2288,4637,6192,1254,1395,6105,9689,865,5327,6106,8250,478,6829,1828,6095,6737,4434,5514,5183,396,4010,8395,8195,6226,4135,8005,1757,6629,5987,1036,3630,1499,5742,1753,404
81,58,36,13,6,31,52,74,206,2496,8261,8720,7643,7825,8349,7671,8350,8093,6253,8351,8793,8795,7623,8804,8855,8914,7512,8087,8931,6090,8949,8040,5566,7807,8267,8268,8361,8192,4246,9013,9085,9140,9189,9247,9257,7597,9273,9324,7917,7789,7484,5728,6773,4329,8369,9449,7844,8271,9509,8193,8371,7963,9565,9624,7030,7964,7966,8002,7845,6842,8272,9690,8097,8374,8308,9783,7737,9813,8311,9830,9840,8391,8149,9858,8135,9872,9886,9899,8275,9917,9941,9953,7784,9962,7983,7124,8061,7447,9992,8279
8185,7761,3970,8259,8544,4433,1908,4855,8621,3052,3384,8721,1265,2276,4580,3624,4251,1567,1835,4648,2198,3814,1517,6372,8856,7227,3660,2515,5049,1213,6987,2890,399,688,5442,4119,3491,2893,3324,8364,9086,4576,9190,3631,3778,1738,4911,9325,3304,3389,1583,1623,2054,1986,6525,9450,543,3454,6620,7407,5650,4455,9566,3997,1240,4479,3607,535,583,367,2053,9691,2182,5332,4106,8134,885,5129,2696,6433,6767,5317,3677,4565,3870,4636,2230,7605,2851,7073,7783,358,5786,4761,2208,5074,3358,3951,2300,1411
8323,8256,2895,8334,8545,5800,4810,5822,8622,2824,5816,8722,1682,3576,4941,4473,777,1300,1961,4407,2405,4083,906,7290,8857,7313,2959,4467,6270,1952,8357,3478,1977,2196,2102,1496,2746,2190,2685,9014,9087,5322,9191,5215,5292,2903,5526,9326,5110,1049,2579,1231,1597,2650,5109,9451,1954,2963,5859,3425,5035,2701,9567,3237,976,1874,2855,1775,756,483,4053,9692,1370,4375,5942,9784,3380,5214,3879,7755,6578,3015,1869,7058,2212,874,7412,7557,6112,6719,8318,712,5750,5227,1059,2914,4487,398,1455,801
8429,8469,4797,7773,8546,6539,460,5471,8623,5218,6259,8723,3085,3249,3819,2599,1351,5700,1087,6732,209,3593,2079,8023,8858,8105,4332,6756,6545,1296,7961,7306,385,1669,4631,764,3263,5762,736,8269,9088,6917,9192,2979,1609,2969,5460,9327,5527,4016,1019,3626,4032,452,7369,9452,3108,6152,6258,7431,5670,4927,9568,5024,1424,5828,1452,6459,685,6241,6460,9693,883,7396,6857,9785,1114,6499,3783,8078,6370,4095,1404,7059,2299,5778,7905,7252,6865,9918,8253,112,3973,2897,306,4896,2560,728,342,2028
8430,8327,2477,8335,8547,5697,837,7502,8624,3502,2970,8724,2775,2702,5006,5299,417,1593,2435,5251,263,5265,2245,7797,8859,7892,6012,7140,5407,612,7641,6497,630,395,6888,1677,3510,5481,919,9015,9089,6922,9193,5180,2000,2525,6043,9328,5146,958,1652,899,2428,812,4286,9453,1989,4558,7128,7488,6695,2144,9569,3268,3465,2722,5809,7064,297,1898,6347,9694,541,7082,7105,9786,2223,5087,5243,7456,7333,5551,4725,7357,4181,7037,8123,7054,6967,7843,7861,226,5685,3089,601,4371,2669,3082,337,1672
8431,8257,5710,8167,8548,4376,844,7465,8625,2450,3490,8725,3840,2088,3435,5185,2318,3554,1055,7419,299,734,2062,7482,8860,6541,4482,3240,5329,1089,8950,6853,130,1445,5376,661,6432,2654,3685,9016,9090,6554,9194,4436,3499,4571,4641,9329,5202,2961,2071,1566,1072,504,6481,9454,2937,3495,5582,7799,3866,6001,9570,5409,1166,2445,905,1784,802,5606,3295,9695,2019,7569,6207,8309,804,6279,3911,7397,6111,3283,2771,3584,5264,4019,6337,7443,6959,7981,7433,116,6125,5084,721,5662,2981,3347,1220,3239
8432,6064,3993,8496,8549,5881,496,7226,8626,3942,2917,8726,3575,3521,4021,3803,758,5519,2044,5225,648,1245,3690,5768,8861,7948,3680,3128,4713,909,8358,1891,272,998,6451,1503,5279,4785,3971,9017,9091,7114,9195,5863,5286,5474,4022,9330,6128,4945,1058,1560,1871,290,3356,9455,767,2692,7749,7718,6153,6951,9571,6727,995,2345,2841,4949,219,3854,7019,9696,1482,4717,5713,9787,1068,6388,1803,7076,6161,1804,6494,6209,2856,6416,6286,6701,7022,8080,7442,111,2636,3327,1176,5148,3133,3766,1328,2834
8324,7152,4950,8497,8550,6081,932,6235,8627,5440,5585,8727,3558,1235,3738,5375,3509,4729,587,5245,997,3516,3316,8154,8862,7884,2506,4881,5424,331,6144,4916,445,1644,4706,3842,3798,5559,286,8146,9092,5061,9196,4009,5506,4086,7293,9331,4687,4144,2397,304,1459,807,6091,9456,313,5456,6549,6068,5290,1809,9572,4071,2674,1821,5781,3013,2442,1932,2921,9697,1547,6690,6766,7938,954,6915,2798,6818,7531,1924,2539,7544,2516,7385,6426,6768,5368,7374,7751,2284,6551,2167,1548,6657,693,245,662,3106
75,53,32,12,15,37,59,78,351,3511,8672,8728,8013,7778,7702,7875,6597,8210,7543,8786,7173,7676,8189,8805,8863,8915,7951,8923,8216,7127,8951,8145,6110,4218,8191,6142,7867,8015,5763,9018,9093,9141,9197,9248,7929,9264,9274,9332,8120,7930,7250,6355,7353,4190,9399,9457,7525,7603,9510,8109,7851,7992,9573,9625,7265,7965,7896,8194,5198,9639,7820,9698,6137,8375,9753,9788,7719,9814,9821,9831,9841,7675,7183,9859,7548,9873,9887,9900,8276,9919,9942,6795,7655,8400,5847,7760,9976,7987,8083,6060
8433,8470,4215,8187,8551,5639,5719,4932,8628,1080,6402,8729,3421,3202,5655,5314,5853,4515,405,4550,791,6298,992,6067,8864,7628,3235,2290,2644,1151,7255,5428,2795,1279,2892,1233,5348,4502,485,8066,9094,5145,9198,2613,783,2573,1612,9333,3989,2767,1994,1094,2489,971,1719,9458,4494,3276,5696,6191,3636,4120,9574,2338,1075,4660,1535,4888,3349,1720,2577,9699,2059,4161,6740,9789,2789,5420,4289,6958,5579,3587,3788,4889,2289,6124,8126,7940,4805,5928,6699,4168,3734,1807,1664,1202,1603,87,3871,2375
8434,8471,5593,8498,8552,3908,2038,5361,8629,2505,5532,8730,3187,3912,920,1599,2043,4295,2302,6306,94,5484,2488,8094,8865,3669,3928,5632,7279,2242,7513,5392,124,2232,5124,664,4395,2828,2543,9019,9095,4232,9199,3325,3722,4067,4305,9334,2347,4840,1363,2627,2002,1146,6757,9459,3030,1277,5111,5994,2459,2597,9575,2737,1573,173,2733,6322,2084,6076,3418,9700,1880,6289,6327,8379,731,4962,4955,6628,4913,4432,870,6244,3480,6435,6271,7335,6316,7100,8164,1003,5067,6624,557,4147,2381,1397,3329,2544
8325,8472,4248,8207,8553,5884,2224,6666,8630,1568,6453,8731,1171,3298,4481,2672,2112,2830,1883,6872,1229,1319,1756,7826,8866,7164,3261,2541,2939,1454,7483,6140,1432,3016,4217,649,3760,2453,3773,9020,9096,5120,9200,4194,3961,4556,3194,9335,1523,3517,1744,2119,507,1888,2374,9460,5930,1951,3643,1388,1460,4191,9576,3137,1016,730,4076,5323,2455,3191,1911,9701,4260,5980,5821,8251,3300,4613,4846,7304,5463,846,3748,6233,3413,4651,5705,7391,6113,6507,6256,300,4998,3827,3789,3461,3322,240,1283,2393
2675,3934,3070,7487,8141,5188,3767,2533,8631,2412,2843,8732,1038,3763,4226,3209,3920,2703,1385,2611,3335,3371,1781,7503,8867,7500,862,3612,3918,828,6813,4523,2255,2093,4742,3594,3673,2508,2426,8365,9097,805,9201,3094,4971,4151,3568,9336,6000,3404,1210,1607,2480,1700,5387,9461,1649,1684,3172,4661,2129,3843,9577,1237,850,1889,3102,4152,3334,431,4393,9702,4297,3721,4582,8380,3206,4774,4108,6594,5508,4342,2283,5053,2503,5005,6595,6799,3629,5833,7862,1985,3163,1937,251,4476,1876,3118,4428,2645
8435,8473,4206,8499,8554,5470,1205,4241,8632,4477,4435,8733,1367,3445,3837,3831,4362,5978,2297,5952,129,2136,1078,8104,8868,5731,4526,2732,6762,1590,7415,4044,642,3196,698,1506,3179,4370,3340,9021,9098,1309,9202,5990,6792,3180,3383,9337,3822,2099,1586,562,2741,1099,2216,9462,5520,1527,2881,4159,3899,4396,9578,5832,567,5086,550,3723,1083,327,4462,9703,2753,5134,5877,7670,3733,7380,4458,6601,7052,4299,4196,7287,1696,3306,6413,7759,6469,7772,8398,391,4946,3890,465,4822,4677,3926,6409,2438
8436,8474,3980,8208,8555,6109,968,6921,8633,1084,2799,8734,1921,1872,5255,6039,759,2955,2875,6422,195,2693,1346,7757,8869,7051,5096,5558,6564,345,7619,6672,454,517,6634,258,5083,4273,1788,9022,9099,6054,9203,3739,2797,2309,2866,9338,3799,1841,2046,2205,3406,1579,6779,9463,5620,5236,3664,6980,4554,1712,9579,2792,1278,2998,6014,6331,1885,4665,3360,9704,1915,6895,2819,8228,3650,6686,6383,7602,6711,3616,4988,7610,4422,5336,7705,6971,7111,7901,7946,266,6262,5382,390,5104,2415,646,438,1618
62,40,20,8,25,48,70,133,1288,5784,7984,8735,7409,7795,8262,7169,7457,6476,3160,7704,6478,8796,5627,8806,8870,8916,6644,7649,8932,2370,8952,8266,8118,7593,7594,7332,8972,5610,8978,9023,9100,7856,9204,9249,9258,9265,9275,9339,7650,5175,9384,9390,4074,3940,9400,9464,7530,3560,9511,7399,7629,8301,9580,9626,4815,5030,7405,7538,7910,9640,7954,9705,8304,7993,8056,9790,6031,9815,7574,9832,9842,9849,6998,9860,8136,9874,9888,9901,7427,9920,9943,9954,8116,9963,8254,7703,9977,5020,9993,9999
7238,7679,1640,8336,8556,4926,4684,6746,8634,1750,2679,8736,2545,2977,4999,2954,303,5171,2185,5741,775,5267,3382,6823,8871,7971,5123,4397,7263,2424,8953,5595,914,2534,3385,1380,5016,2083,2298,9024,9101,1721,9205,935,7410,4310,5101,9340,5840,4474,947,1665,1902,1789,2575,9465,1379,3468,3037,2068,5206,4335,9581,965,2229,3625,3056,6894,287,707,2738,9706,1834,5495,4656,7931,3570,6154,1895,6538,7077,2747,6232,2585,2087,5918,7515,4547,5609,7156,8319,1065,3368,5273,3328,4906,3574,1061,796,427
8437,8475,4886,8140,8557,3652,315,6284,8635,5051,3922,8737,2608,4862,5525,3365,5284,3359,1152,5724,1009,5562,1557,4599,8872,7835,5113,5695,3459,215,8954,3829,1666,372,7133,4770,6085,4771,621,8292,9102,6281,9206,4006,1493,1892,2587,9341,6443,779,2634,3623,915,570,6393,9466,5911,4387,3992,6464,3770,3158,9582,4929,1179,4154,5946,5380,108,6914,6275,9707,288,7320,5766,8381,2233,7653,1945,7596,7142,1422,4162,6798,2316,7205,7592,7967,6640,7587,8399,1062,3749,2211,1045,6897,1785,1909,3103,373
8201,8084,1008,8283,8558,4728,3632,3977,8636,3259,2200,8738,2731,2632,4871,3938,4007,2934,931,1516,2800,5427,1938,7139,8873,6612,2202,1999,3498,2854,7572,2811,2081,2131,3534,3437,4653,2063,1184,8245,9103,1931,9207,1836,4227,1806,1728,9342,3809,3640,678,1097,1997,2263,2127,9467,4290,3424,7136,5931,4252,2164,9583,5860,1128,1697,2239,4431,2879,1657,2101,9708,3953,4856,4399,8382,1864,4841,2716,6966,6317,3450,1847,5830,1852,937,6990,7021,2924,6343,8199,689,6565,2709,2363,3280,1825,577,6593,2241
8438,8328,3001,8500,8559,5858,1467,7094,8637,4406,1064,8739,2538,1817,5706,4673,636,890,1894,4221,1461,3807,2303,7803,8874,7872,5015,1940,6772,1030,8106,4703,624,1096,2607,6257,2663,6156,1325,7936,9104,5544,9208,3952,4857,2358,4372,9343,2259,1067,1773,1538,632,1361,5412,9468,4454,3861,6965,5077,5939,3577,9584,3962,1839,1450,1533,1120,1810,1628,5701,9709,246,3216,5204,8310,3483,5901,1736,6045,7155,4878,5896,7342,4499,5623,7540,7026,6907,6877,8320,1824,4427,5791,176,3098,1317,6096,3258,1356
7947,8203,864,8337,8560,3183,3488,4893,8638,1389,1988,8740,1371,2712,2839,2351,6693,1212,810,1740,4748,3820,2041,7708,8875,7804,3178,5150,6900,2873,7836,1266,2378,2929,2695,3155,4419,5125,1563,8219,9105,4254,9209,2235,6886,2730,1421,9344,5951,1648,1293,1941,2360,1900,6129,9469,4984,1647,1273,6749,5600,2943,9585,5969,1699,1688,4619,1101,2052,1569,4149,9710,1321,5746,4085,9791,2115,5637,3930,6358,6143,926,2111,6333,2460,2551,4134,7681,5276,7323,7881,1749,4284,694,2889,3398,3127,301,7329,1795
8439,8329,4265,8338,8561,5618,479,6572,8639,2872,5260,8741,3096,4699,5014,3109,5530,6190,224,2531,2271,6503,2091,6368,8876,7725,5144,1031,5082,1311,7215,4540,966,3077,5727,3446,5415,4901,586,8220,9106,6024,9210,5117,506,3549,5509,9345,5154,3282,1926,955,1962,98,6356,9470,213,4876,2341,6338,4838,2605,9586,4413,480,2501,3810,4670,1251,6042,3998,9711,912,6180,7119,9792,463,7166,4775,6304,6750,2407,2723,6976,1316,3999,7486,8274,5574,6461,8182,1545,2885,5048,3566,5001,2380,1341,2565,3858
8440,7745,1714,8209,8562,6282,841,6968,8640,1919,1468,8742,2661,5852,6523,5604,1000,2244,3695,4278,880,6321,2137,8031,8877,7360,5377,4781,7389,277,7109,2865,927,233,5370,6997,3197,5732,447,9025,9107,6055,9211,5371,4715,2125,1484,9346,768,1081,2591,838,836,1242,5131,9471,1333,5310,7104,3441,5534,5283,9587,1897,2001,1401,3775,6728,1542,4532,5789,9712,645,6561,3646,8383,2142,7035,5389,4318,8026,3408,6571,6609,3693,7298,8161,7692,6623,7858,9944,1155,6949,3817,1092,3758,741,2470,949,2653
8441,8476,4480,8100,8563,1881,3045,6653,8641,4866,6246,8743,2146,1347,3621,1204,6070,4824,1330,6579,1787,2592,2845,7871,8878,7499,4258,4354,6210,380,7582,1755,993,3217,2304,778,3338,956,3610,8221,9108,5222,9212,4464,2664,5155,4561,9347,4872,3725,2051,1873,2222,872,6613,9472,726,1949,6131,6856,5851,4471,9588,2401,1856,5280,4519,1284,1130,3887,3032,9713,2726,5591,6859,9793,1111,6399,1776,7084,7690,3148,2514,6415,1805,6490,2614,3084,5709,7338,7563,307,2894,5981,1743,3226,2495,276,860,2823
73,50,33,4,11,35,57,80,420,5775,6509,8744,7386,8348,6193,7473,8778,7032,7611,8787,8176,6598,7228,8807,8879,8917,6447,8924,8933,7973,8955,7775,8961,8963,5378,5055,8973,8976,8979,9026,9109,7115,9213,9250,9259,9266,9276,9348,9378,7625,9385,9391,5374,6346,9401,9473,7894,5599,9512,7006,6734,8373,9589,9627,8017,6335,6851,5502,7887,9641,7096,9714,8305,9748,9754,9794,7147,9816,9822,9833,9843,8173,5405,9861,9865,9875,9889,9902,7815,9921,9945,9955,7339,9964,9969,7235,9978,9984,9994,10000
8442,5308,6204,8501,8564,7068,4245,4914,8642,2097,6403,8745,4992,6501,6769,2809,6630,2860,467,5026,5850,3634,3313,3991,8880,7827,1425,4628,6615,964,2451,5278,2344,760,2027,6020,5725,5403,384,8222,9110,5097,9214,4989,4508,4596,406,9349,3939,2829,1735,225,532,537,5194,9474,289,4169,4094,7264,5266,6560,9590,4658,1042,4468,4826,2463,556,740,4921,9715,3791,6094,6078,9795,1656,3456,3057,6378,5357,6336,2423,5963,3754,585,8059,8236,5614,7869,8183,2030,4587,4850,859,6984,343,2150,7824,2473
8443,8477,3402,8101,8565,5626,1025,5730,8643,1474,5228,8746,2342,2369,2067,5418,675,3916,1543,643,160,1710,2124,7474,8881,7618,2617,2574,7029,1812,7788,5467,407,1185,3777,3535,3393,5926,1765,7904,9111,1716,9215,5749,3696,2754,1494,9350,2411,4018,928,1400,2022,2308,4976,9475,1638,6118,3289,6410,5681,5874,9591,3405,891,1415,4352,7070,4688,5052,4472,9716,616,4373,6396,8384,3719,6440,4529,6188,6017,5536,3844,7016,4143,3185,7532,7880,5799,7654,7687,344,5381,4052,1133,1981,3392,867,1998,3743
8138,8478,4691,8339,8566,6939,2745,3935,8644,5472,2161,8747,1541,1571,5569,2430,738,5326,1500,6477,497,2074,1544,7394,8882,7314,5976,3251,5533,711,6796,4782,375,1223,6424,1268,5056,2132,1479,7535,9112,5989,9216,4980,3373,4212,3550,9351,4895,3188,2476,2416,2462,444,5528,9476,3707,4730,5293,5617,4348,4847,9592,3689,750,1984,1188,3314,1125,5367,4634,9717,4877,4635,1575,8385,551,5936,4316,2750,5303,3792,3880,6726,3447,6905,7299,4672,6876,7738,7926,598,5682,5318,1359,4279,1701,650,563,3307
6637,7588,3674,8062,8342,5933,765,5169,8645,2922,879,8748,2630,1462,4353,1423,1485,3876,2135,7343,182,1707,1145,6520,8883,6531,5862,3083,5088,2092,8956,7132,151,1209,4611,410,5887,2711,4304,9027,9113,5906,9217,5338,4918,4640,5672,9352,5865,1592,2452,1521,2113,2691,4898,9477,6724,4568,6237,7976,4608,4612,9593,3439,974,3396,1899,3017,540,1150,6532,9718,2057,6077,7364,8179,2806,4496,5597,8147,5652,5499,2204,4163,4026,2590,7830,7213,7012,7859,7496,105,4994,3391,634,3963,4736,5075,830,3401
8444,7833,3426,7614,8567,4401,388,6224,8646,1281,5806,8749,3919,3697,2215,2906,5043,3530,752,5737,1060,933,1507,4369,8884,4574,4145,5996,7325,149,8359,4584,440,560,4300,4686,4517,2469,4267,7937,9114,5916,9218,1136,3943,3067,4675,9353,2882,6202,3125,2085,1338,2783,6314,9478,333,3964,3234,6710,4170,6407,9594,7033,1196,5031,5861,4758,1878,6249,4882,9719,3254,7348,5675,9796,582,7776,5350,6493,7782,5465,822,7441,2441,6935,7025,7151,4115,7636,4644,279,6450,1476,434,4201,4566,3902,907,1689
8445,8479,1526,8502,8568,4892,1374,6583,8647,4594,2958,8750,2165,2646,4443,4732,354,3174,3068,3210,510,6291,628,8155,8885,7774,4389,6465,7126,1515,7726,7047,408,959,4552,1870,3906,4924,1260,9028,9115,6608,9219,6817,5825,2170,4682,9354,4125,1402,972,1201,4470,772,4875,9479,4231,4230,7180,6803,5955,4899,9595,2760,1732,2552,4439,4705,352,2485,4792,9720,853,5756,7008,9797,2757,2220,5410,6942,3627,5970,6468,7591,2154,6318,8046,6022,7277,8397,9946,174,2566,1352,441,5112,5539,1039,565,3301
4829,6371,665,7622,7989,5346,4466,3959,8648,1518,1594,8751,2214,3580,1705,3785,3604,1668,663,2181,2770,3727,2821,7639,8886,5285,4270,831,4070,2117,7949,3028,1850,1925,3377,2736,3772,792,719,7781,9116,3878,9220,1263,5893,3849,5907,9355,3823,2909,819,1658,1539,2109,4696,9480,3004,4553,4107,4126,5817,3737,9596,3512,799,3551,3762,2257,2471,3731,2867,9721,3290,5820,5162,9798,2694,6352,918,5143,4347,2727,2947,5660,1674,5421,6582,3884,1199,7294,7577,2960,3856,1826,2916,2586,3189,2989,7067,2159
4182,5971,3581,7882,8343,5038,3161,3668,8649,1691,5624,8752,1754,1077,3071,2314,4444,3312,1896,3590,1635,3019,1830,7041,8887,7276,4222,4488,3717,3151,7805,4303,762,710,4789,3597,3882,4313,607,9029,9117,5619,9221,3868,3545,2721,2887,9356,4676,4256,1407,1272,1197,1302,5013,9481,3960,3790,6814,5483,3007,4177,9597,3805,1141,4296,4355,1832,2252,442,3891,9722,2908,4219,3136,9799,1920,5295,3025,6543,3591,1959,1840,6528,2012,2978,7663,3863,3414,1576,7406,871,3845,2250,975,4128,2907,2648,2660,2141
7637,8085,3409,8049,8569,7340,2007,6953,8650,2950,6311,8753,3014,1447,5957,1012,1348,6835,2186,7491,308,3698,655,7914,8888,7748,5972,4909,6254,3761,7754,6706,269,3286,3403,328,4897,2510,2774,9030,9118,6062,9222,6171,5100,2023,5489,9357,4579,4367,1154,2983,3615,1147,5845,9482,5102,5160,5294,7567,4753,5298,9598,4959,1475,4398,1416,973,668,1772,3229,9723,1645,6627,6573,8070,2814,2888,5269,7233,2261,6250,1845,6764,1504,6988,5661,7769,4667,7606,8128,86,1556,2772,423,3895,5848,1121,795,2379
8446,8480,3274,8503,8570,6887,2253,5924,8651,4156,886,8754,2466,1063,4790,5320,892,5493,724,3119,1767,4005,1510,4851,8889,7475,2075,1838,1287,2735,8107,5854,214,2524,4011,3116,3246,3644,529,8366,9119,3051,9223,2705,5570,1659,5158,9358,5769,5247,100,1858,1126,1354,6187,9483,5714,5895,6414,6632,5835,4625,9599,5156,498,4421,1681,5876,702,4291,1829,9724,3948,6633,6589,8122,3442,3220,2975,3374,5397,1912,6213,6663,4013,3812,3865,8180,3353,7802,7177,1436,6641,5345,3310,4569,1131,3606,7272,432
8447,8481,4409,8340,8571,7191,1165,6731,8652,3557,4505,8755,3227,2390,4102,3686,1630,3507,2139,5656,202,3665,1247,8051,8890,7470,3885,1511,7229,3055,8131,3023,639,2714,3539,558,5240,4601,3107,8223,9120,3701,9224,4669,3752,4365,4762,9359,1704,4525,1918,2134,1793,1308,6172,9484,3097,1966,5867,6673,2188,2919,9600,5211,599,1144,2419,1477,3211,821,5794,9725,3892,5426,4378,8386,2935,5843,3033,6034,6970,4264,1613,5343,3700,5054,3321,7207,2569,8277,7793,608,2166,5411,492,1264,4972,833,1559,2209
106,326,813,2333,4403,5771,4188,3154,8346,4823,7040,8756,3433,5118,6441,2900,5608,4242,1782,6908,1522,7004,1849,7786,8891,7942,3540,3657,5220,2763,8038,2213,2808,2228,6261,3341,3532,1600,818,8177,9121,574,9225,2368,6879,2932,1381,9360,4293,1877,481,2690,296,2184,4993,9485,3267,3228,4590,7181,5804,4497,9601,1742,1565,2833,5491,1748,3024,3141,6229,9726,4224,6932,897,9800,3350,7730,4109,7460,6570,2072,3850,2061,3035,6786,6138,7326,5947,7185,7982,4719,6937,4040,1396,922,1578,4903,6960,1241
8448,8204,6089,8341,8572,6437,2622,7372,8653,6438,6926,8757,4740,5929,5760,5157,4799,5441,178,4345,637,6625,2077,6747,8892,7232,5473,2744,7112,236,5982,5801,3463,1616,5903,5892,3572,6299,122,8270,9122,6883,9226,5226,751,1177,615,9361,3257,3264,312,264,1667,424,6691,9486,943,6075,7451,7498,7001,1291,9602,1286,2189,7023,4638,6366,3407,5505,6255,9727,766,4272,7350,9801,1722,6680,6587,8003,8233,4754,7089,4058,4535,7371,7945,8396,6079,8081,7998,5046,7066,6703,3021,6266,229,157,863,348
8449,8330,4509,8012,8573,3986,416,7408,8654,4430,3036,8758,3252,4440,5127,3536,3800,2612,763,6454,672,4148,2323,6684,8893,8918,5459,6084,5824,913,7806,1365,629,989,4309,1216,3974,4420,121,8169,9123,6950,9227,4722,4503,5241,5416,9362,5475,1255,1048,2273,894,411,5866,9487,4093,3708,5529,7286,6406,3947,9603,4122,1760,848,3559,6681,231,7878,6149,9728,866,7182,6351,8058,2014,4447,4809,6788,5229,2513,5363,6815,3683,6019,8150,6875,7317,9922,9947,250,2559,2237,2629,3672,1289,4359,1018,1968
5138,6811,2029,8050,8344,5736,2456,5815,8655,3981,4787,8759,1364,2183,3422,1142,1023,3105,1854,5406,341,5232,2417,6692,8894,7300,3569,3555,6820,2191,8054,3003,314,1537,4917,713,4377,3337,3076,9031,9124,5577,9228,4167,6854,4624,5510,9363,5560,3839,1884,953,2655,2385,5165,9488,5017,4379,4937,6218,4307,4778,9604,4968,1442,6092,5132,1369,1486,1157,5651,9729,265,6770,6510,9802,3355,5401,3159,3578,7009,3583,1470,6592,653,5191,7097,7716,5224,6604,6529,201,2278,3460,230,4559,4037,3223,1532,2603
101,349,999,2758,5099,5575,4004,7580,8656,5201,555,8760,3100,4507,4506,3714,6320,7125,302,7344,4050,5358,2210,7818,8895,6969,1610,2990,6512,295,7514,2013,658,1685,5007,2207,5271,4423,1519,9032,9125,4250,9229,7445,7292,2844,7345,9364,6696,5311,142,1358,3969,3518,6398,9489,5234,2152,7080,4012,5166,6179,9605,5953,422,5395,5837,6557,3299,6569,4412,9730,5249,6225,6276,7485,4281,7686,4870,3497,6952,5140,2986,5914,3573,4114,7664,7432,6080,7860,7712,4768,6359,3501,793,1102,1149,119,6184,490
6755,7468,4361,8063,8260,5231,4081,1340,8657,3836,2500,8761,1079,2852,2923,987,5966,4274,1972,4049,4536,1513,1098,6057,8896,7102,3040,3345,3059,1194,8076,199,1456,3153,5665,3018,5334,3208,1763,8293,9126,5379,9230,4905,4209,1558,3818,9365,5115,4129,1606,990,1692,1457,4036,9490,2064,2011,3429,2755,5780,5366,9606,5478,798,1246,1469,2194,1862,3029,5000,9731,2984,5666,5868,9803,2621,6324,3203,6489,7020,4023,1167,5812,2429,1761,7038,7003,2047,7428,6483,3186,4080,4760,1725,1819,1153,1100,6658,1466
1591,2706,3212,7055,7763,5923,2751,5919,8658,4238,5261,8762,2279,3193,5518,3436,3769,3984,1675,1192,4239,676,1561,5807,8897,7435,3838,3859,4831,605,7216,4645,2171,322,6307,5205,3852,4253,2687,9033,9127,5581,9231,5488,4483,835,2999,9366,823,3813,606,962,2373,1646,6130,9491,187,4380,3979,3395,4326,5068,9607,3949,1274,4104,1946,5985,3273,857,4724,9732,1443,4564,7024,8387,1243,4718,5235,6774,6617,3692,4832,6636,2898,5445,2350,7900,1027,5151,8278,2790,5580,3244,1203,5844,1451,3662,2431,3544
4880,5439,4907,7834,8188,5726,1050,6738,8659,5640,7201,8763,3915,3648,5557,4751,1127,5839,486,1412,459,2884,2647,8052,8898,7893,3366,6215,6236,1261,8217,5450,735,981,5192,1771,1043,5543,1446,9034,9128,5429,9232,4263,3486,3676,6930,9367,5430,4498,2130,1472,2588,602,3288,9492,4977,5979,5176,7000,2610,4843,9608,5302,1670,5691,3112,6248,620,5523,4557,9733,1076,7439,7237,9804,3816,7426,3009,7384,6591,3156,2652,7351,2472,3875,8060,7558,6252,7831,7777,131,6810,1239,196,3741,2366,437,474,875
8450,8482,5922,7668,8574,7785,1198,7312,8660,4904,6544,8764,4030,6720,6502,4883,6121,4453,91,6771,1123,4948,1091,7448,8899,7849,2877,4097,6568,336,7141,6546,2434,2291,6934,950,2443,5900,228,9035,9129,6548,9233,4066,1438,4099,6102,9368,4709,934,242,402,1746,220,7044,9493,2580,6178,6526,7007,6268,2589,9609,1187,2086,3651,6717,7309,450,7585,6651,9734,2066,7493,7355,7838,2493,4849,6581,8159,6011,4804,3553,3213,4605,6831,8113,8127,7462,7446,8241,1217,4991,6120,4257,5149,578,545,274,412
4003,5913,1299,7746,8142,6223,3500,6654,8661,4549,5436,8765,2039,4830,5262,2901,2040,2578,1879,5754,435,4618,2817,4461,8900,7098,5196,4178,3988,2025,7256,3287,261,774,1901,3718,4208,4469,3207,8367,9130,1156,9234,5872,4723,5197,1572,9369,1303,3342,428,1057,547,1639,2396,9494,4027,4084,6466,5563,6586,4075,9610,5452,948,4978,1530,4358,1622,2153,3064,9735,3279,4630,4997,8172,4214,4485,1435,2640,6676,1181,806,7418,2791,3149,7190,7996,5790,7501,7752,1582,1693,2635,1119,5517,5729,2847,3432,2122
8255,7958,4969,8064,8575,6677,4816,6397,8662,5275,5572,8766,1768,6046,4802,3929,4363,2966,513,6553,6083,5538,1577,5787,8901,7420,3872,5362,4531,1249,7421,1037,2357,776,4136,5687,1256,5221,361,7714,9131,3670,9235,4501,2098,3069,6874,9370,3907,2162,1160,197,627,370,4983,9495,127,6015,6405,5788,5330,5451,9611,3041,581,986,2858,2269,1529,7123,3423,9736,4057,4105,3781,7956,4025,2240,3230,5717,6200,4551,1706,5940,3008,988,7402,7327,4741,7437,7646,3955,5492,4323,743,3352,923,5282,2728,3655
8451,7988,4979,7267,8576,7251,1637,7747,8663,6982,6611,8767,3834,5723,6787,3242,7214,5455,223,6822,2836,6940,1189,7383,8902,5195,3466,2641,7697,177,5069,6205,3175,2335,6341,2199,4694,6929,164,8224,9132,6884,9236,2507,1790,2337,4593,9371,3666,4562,158,200,1044,1085,7257,9496,911,5738,7598,3320,7212,1219,9612,2756,2519,4595,4985,6793,1631,5448,5058,9737,2274,7354,7303,8008,1654,5431,6048,7873,7065,3397,6385,4039,4322,7072,9890,7521,7027,8009,8184,1729,4859,6214,3950,5003,123,140,193,638
8452,8125,3904,8504,8577,3589,4437,5671,8664,2020,6008,8768,2631,3323,3649,4627,3110,2383,1337,2509,1349,5422,1508,5219,8903,7733,4933,3241,6517,1478,7601,3462,2169,3170,3318,4542,5885,4404,466,8294,9133,2715,9237,5882,6748,4411,6903,9372,5065,1660,184,548,2831,1159,1534,9497,3933,1708,3248,5490,4592,936,9613,3131,1382,3635,4100,5133,2688,3222,3611,9738,4746,5010,2354,8229,2639,4448,3855,2953,6379,1132,3628,5168,1005,733,7150,6622,5258,4714,8137,691,3225,2437,453,1540,2408,2296,6880,2313
8453,5217,4930,8505,8578,5838,491,7589,8665,3562,2991,8769,2874,3173,3996,3292,456,2657,1294,4116,552,2432,2334,7765,8904,7734,4117,3897,7523,253,7974,6784,235,553,6524,1258,6029,2704,1982,9036,9134,6420,9238,4920,7209,3921,1441,9373,5057,4710,1958,2649,1553,732,5688,9498,1174,4446,6436,7800,6667,4262,9614,3654,826,1621,5335,6753,878,3238,4666,9739,869,7280,5960,8388,1906,6808,4643,7722,6574,4175,5444,5479,4943,5677,7576,6495,6664,8239,7395,117,3958,5354,477,5503,811,5795,979,4712
8454,4330,1211,8506,8579,5184,2080,3571,8666,4450,4931,8770,3195,3924,4343,2049,260,4915,2804,2238,5703,2918,1323,8353,8905,7669,3317,4229,3471,1554,7165,1626,561,153,2105,2203,5022,3830,1955,9037,9135,4388,9239,4614,7246,1148,3601,9374,3588,5287,782,1953,873,1655,1512,9499,921,2110,1140,4975,4346,3983,9615,5564,1112,1923,4334,3416,1752,5975,2974,9740,3864,4155,4910,7868,2822,7049,4957,5173,6297,3987,2708,7771,2045,5964,6533,6419,4059,7694,9948,3378,1770,3965,1280,5653,4400,1172,3504,1786
8280,8331,6834,8284,8580,7464,6325,7074,8667,2810,4216,8771,3898,2992,6881,6577,2816,6892,93,7528,5307,5734,218,6071,8906,7260,6349,1314,7504,834,7780,6377,2268,2187,7130,1855,7113,5547,270,9038,9136,6911,9240,1928,521,2853,5033,9375,5704,2294,281,165,1990,285,1916,9500,5476,6342,2517,6912,5078,524,9616,3111,3044,4783,6827,7011,4954,1970,6794,9741,3753,5997,7071,9805,849,6277,5136,7897,7822,3710,4545,7288,3945,6562,8162,9903,7980,6848,7935,4652,4486,5965,749,7178,254,84,6006,673
8455,8483,2815,8507,8581,5384,1589,7039,8668,2957,3602,8772,2748,2326,5888,6844,319,4510,1040,7138,544,2173,3756,6133,8907,7261,5998,3034,5239,3256,7828,4958,89,2536,6836,1502,7103,5808,652,9039,9137,7536,9241,6733,5983,5210,4325,9376,6826,5755,146,181,2548,2615,2133,9501,3730,6086,6743,7920,2520,5039,9617,6025,401,5635,576,4111,757,963,6183,9742,6412,6444,7239,8389,4475,3506,5752,7813,4268,6173,3474,7149,2850,1383,7516,7586,6918,8082,5948,107,7244,5897,210,1617,2499,3702,5170,4429
