0.099617933374548	0.053350940334159
0.492794056498182	0.28869345571374
0.424151317084368	0.288599297267851
0.0920111203567046	0.0289663415372352
0.385140884693188	0.175168109580146
0.0140824084771386	0.162952926311748
0.292873356271888	0.241489653729402
0.293081156488867	0.229418133344238
0.577069442174535	0.307637876490255
0.2498605462454	0.227687003626141
0.000579184261970779	0.000441052535045525
0.416141354968966	0.242527803490229
0.545426697829529	0.293054476073718
0.543641514271415	0.268315544551696
0.580025963727994	0.305792255155271
0.0268590257022453	0.0288842675912397
0.58810678214028	0.304173713205352
0.0192201682335148	0.0156359121479593
0.556242989527397	0.308359315517129
0.422782067773883	0.216616847414375
0.554699918226349	0.306617260022929
0.0250943707931373	0.0174340157978523
0.055487171228516	0.0262427382775599
0.319183669225409	0.174721309424833
0.0194547535627409	0.0201505827396985
0.539643483053967	0.29582761166627
0.486292365803483	0.26266541702009
0.0738914271049097	0.0455140480605153
0.376278949882595	0.163711583112853
0.422805362767318	0.288365157968048
0.55045886746562	0.286894076212994
0.0161021116525644	0.0165119214732477
0.14153284620719	0.0558838718439619
0.272482657611222	0.0885525732573748
0.202531625954691	0.12826659740725
0.45619756902827	0.201054980476693
0.024217707904096	0.00835795702003648
0.419574380541673	0.224963091313056
0.544234361086451	0.284310391750461
0.364201525331821	0.276416174508456
0.180183511048386	0.0612114530137033
0.58332454719449	0.300308823822669
0.583485028727313	0.305768253415527
0.145439939142146	0.057810051603236
0.502085770362331	0.281853075909003
0.458643478725627	0.296226630460591
0.0455170670387417	0.00691910079245387
0.477338550489155	0.248087468560151
0.470926571519399	0.234248602270698
0.451977334939731	0.26946351594955
0.481569534366044	0.251476202790467
0.244402238728846	0.128837960474974
0.518283984979089	0.300208381609009
0.409364068075683	0.287590424825214
0.527317282285059	0.299540968574141
0.499759724347212	0.254513286195819
0.50722348126365	0.262723309751117
0.207822515619682	0.0509070459255419
0.478598734846546	0.189412989416252
0.546522117778833	0.255890175832955
0.0901929455593208	0.0146339118048878
0.274321304748974	0.147562579915931
0.279083248400682	0.18860715386177
0.0213784628226792	0.0150346440657026
0.527196373328938	0.275549173442225
0.52703782402265	0.248679415424716
0.526046550366527	0.274032731190235
0.0330350876466804	0.00421489896228535
0.490603519460614	0.294126563319859
0.0708080177840733	0.0495081571222888
0.0160765081207464	0.0170755815972962
0.453816778961018	0.28834557264723
0.570705810701117	0.304511423827181
0.0950110481194757	0.0530238130635805
0.450038041810988	0.29510237189048
0.283180056585755	0.145267739645313
0.283488392601365	0.171988302916009
0.399052418468483	0.156580709920571
0.125017809926546	0.0131964259776262
0.222619523210036	0.0833601156288899
0.0973634994756875	0.0233463414594346
0.0978829582928832	0.142710646059346
0.357283230812069	0.220100067488376
0.495110771999313	0.262110781241727
0.592183312713395	0.282423659926475
0.304842275930979	0.125448455560546
0.564099158491844	0.29603663476218
0.0243843623690809	0.0759735734376058
0.0176720317701657	0.017774754579875
-0.000520107371974911	0.00775577132724001
0.580859700637715	0.305620829982228
0.213754215838414	0.287103150685161
0.00833272580408421	0.00768284295073532
0.136615967805509	0.13338743073657
0.454972991607992	0.207473007361616
0.452777401962737	0.261735224540601
0.517178848903569	0.266413906682037
0.533067588507567	0.309029959320131
-0.00221732321257307	0.0164237390016827
0.240694361624739	0.131668527543299
