0.265700250097196	0.341500808178384
0.0325253193822087	0.0713201533844979
0.181792011382283	0.259040383700184
0.20969995595249	0.0911206223951405
0.137589130614597	0.0648471875453107
0.159821004961763	0.365007028129014
0.15717958589184	0.370770783112916
0.0212666241031982	0.115966893416579
0.231853330219968	0.313101960817317
0.0959950155732285	0.160855699663169
0.20952397853584	0.407063921329627
0.246850950879534	0.169805975217593
0.201510010004485	0.278638269345472
0.115875467379482	0.252106123874772
0.234333526584586	0.438144581906389
0.0708573800537702	0.113708394161545
0.147381883154162	0.169562043050151
0.149813230177362	0.290852803993783
0.0527175068309878	0.230180406749395
0.2372610175763	0.485448168196731
0.128623811163199	0.0338069872652323
-0.0396301779392791	0.267923663735576
0.258890330312838	0.42639316336224
0.126121104535476	0.321615240738961
-0.0443927940426675	0.267032595263782
0.00415908289368365	0.0746810917005684
0.0649839758493617	0.0509695272470611
0.262963614304498	0.370954448091056
0.179903079156564	0.3980218663779
0.286339948145731	0.325266582260737
0.159734379626869	0.334470370151127
0.27711450002091	0.330071776304049
0.0418376788024719	0.0540051208598216
0.268145341200067	0.359244876253306
0.208867236232363	0.288916378692673
0.108340085660829	0.27313619585543
0.146866847034602	0.363475927272571
0.170287952665669	0.363817016944645
0.190866798165883	0.193721845277098
0.133095033364351	0.158689486002601
-0.0276463337933751	0.191364919236806
0.0762771866596206	0.215931630984513
0.105017893713362	0.226714239386469
0.251057809683915	0.446297923382437
0.242022889397968	0.465680998626225
0.00260042052322349	0.00949319518030957
0.0488097534873072	0.0877944901806007
0.169905957860354	0.344339087615008
0.176988239433004	0.209857287518775
0.217443645165435	0.179110054281051
0.0838314835575706	0.183567039395171
0.231027044357448	0.458044163512114
0.024935156146132	0.145243841670342
0.183732569279091	0.21962169523486
0.233860123076822	0.332152498959556
0.0343004336017382	0.137579077441827
0.159032417821886	0.239664866305918
0.200629342207819	0.339206794591596
0.252116026200943	0.395980887622617
0.188134017000287	0.433894838168488
0.206622665034981	0.383658436480215
0.245955364507669	0.460059213039524
0.131736363373218	0.258026613751503
0.0782232342396212	0.210078621642346
0.0786746997288724	0.257585300060252
0.171006640927068	0.441693474083724
0.0884274261330899	0.217129790624448
0.0944074515760948	0.11025736038313
0.248898698892825	0.454582848325691
0.0718016725837161	0.112285858048102
0.0581222051002817	0.143014405833851
0.0780074089282777	0.0630720177422989
0.0689078230221973	0.0663788545990033
0.173786251279005	0.125341210641288
0.151360582230297	0.19227972372686
0.0413837717252183	0.170525284060645
-0.0350463840548683	0.168210284280729
0.167703925128834	0.385479223193719
0.213229005762074	0.207840132129205
0.0897806087462866	0.20070015222261
0.109769597083251	0.271355368655641
0.0962036893310441	0.244922811127462
0.194240159955614	0.351171644652366
0.0194032260136826	0.228070324326429
0.145526896405563	0.0907154654075405
0.254294525801316	0.341629593499301
0.0913258651818277	0.122205892377702
0.18419659349424	0.311883137267506
0.140330243436723	0.238141076890069
0.238722986243232	0.185931576988636
0.167406582468426	0.283192213669448
0.117255739018898	0.44930274884767
0.190124529881796	0.326683183117831
0.282358657957431	0.263877109679152
0.24029319588706	0.452538332530163
0.264372305404883	0.361695872541798
0.0755911254245025	0.332888489926879
0.267635832705667	0.371321386280857
0.246724616218305	0.447772054162928
0.309319724588952	0.156029209672061
