-0.19459403737821	0.195061459620236
-0.0437894494607904	0.044272782384678
-21.1534648686392	21.2778696545161
-0.850376739206388	0.846961803575588
-3.45014925213891	3.4379193458486
-18.7552351051378	18.8680265821813
-13.6700431362274	13.7389877867089
-11.1701964259139	11.24517947739
-0.429166432702126	0.428522536501067
-20.089853292803	20.25021027795
-20.3191977642552	20.4351386042678
-3.2738072253468	3.28783747309958
-16.7257215985623	16.8833593362921
-15.3835341700721	15.4931735755958
-20.4688993509614	20.6003703269317
-17.1868943172579	17.3405687920735
-14.8080763280083	14.9789114864662
-20.9980744597458	21.1288493829924
-17.7869087058539	17.891782482871
-13.4128221700391	13.5194119792854
-19.1549700141532	19.1974671004516
-21.2098684112578	21.3269596566037
-17.8400831124759	17.9490910896663
-3.17522683831897	3.15954786671825
-1.26923704206683	1.26521477518017
-3.96916712550869	4.04813205050626
-20.7465588022405	20.9053055898816
-7.59903962314792	7.69430998697824
-6.57087386070552	6.59697984524193
-16.7018602046247	16.784887031722
-1.64911107977807	1.68542020852741
-20.4682983307665	20.6254176274371
-7.27262483135155	7.26862966435845
-19.4685004825985	19.594567601385
-21.5130781040346	21.6408295565408
-21.2383013664643	21.3631432546448
-12.1423867990215	12.1289206770596
-17.9487630243328	18.048985872759
-13.4449721240885	13.5304429981625
-1.7697585768812	1.76788151625087
-0.532956954427613	0.536099248713649
-21.1683833780767	21.2793358772086
-1.45821983208868	1.45680124646016
-5.72299772511422	5.79700536354004
-5.77617824466724	5.7603871057318
-11.7086128671229	11.7897277329448
-11.0383202863796	11.0824702665917
-0.189160970098403	0.188073312851539
-17.3457360485815	17.5085348611261
-19.1583338785594	19.2779194339387
-12.3304217294022	12.3633533144812
-2.92792866194329	2.92209064257666
-20.422214250916	20.5484484675837
-19.263364673162	19.3757053071509
-15.1513759350234	15.2467039592549
-1.95368942379249	1.93149463047727
-19.8892552639564	20.0218435307117
-21.0820298830915	21.2102122881582
-18.1682834801048	18.2757186826808
-20.1927005043394	20.3061560812708
-19.5263922105594	19.6591757515603
-16.6945208443466	16.7857776389741
-0.31371920113399	0.321860159098408
-8.77209983743696	8.82542923975666
-16.8895496789569	17.0562312377055
-19.9624462205661	20.1396614674147
-20.5242537636671	20.6479688777343
-19.1173635382101	19.3204819716061
-17.4435540250074	17.7206446458678
-12.750011501879	12.7480090520441
-21.540530202843	21.6427778402102
-0.477011165343635	0.461823265232748
-16.6404710898847	16.7563482907919
-16.8087022789902	16.8750310795263
-15.6193871549332	15.7083810431739
-2.93315979967181	2.91031969598906
-19.4587712690928	19.5955394379828
-2.15669112988334	2.11801355988494
-13.5566018606123	13.6259285178038
-10.3402103580669	10.4450237053258
-6.27788212597751	6.29368245304348
-17.4223424345864	17.5336594482499
-21.4761358990139	21.5931600492534
-5.3823463867761	5.41395958406736
-7.14958327557972	7.26106380823546
-5.28215594370775	5.35109619632599
-6.80343457791005	6.84711753782615
-7.16938096025555	7.21531194228669
-18.6737256273179	18.8055043240189
-6.70417755396127	6.72910605297911
-3.78845761800856	3.80201165251104
-10.698855740318	10.7211569772126
-20.9616957979147	21.1031841235367
-10.143446518485	10.3076053282788
-10.9703569711733	10.9138366453109
-21.3510712167224	21.4730839275579
-2.70568620710743	2.70322128402833
-8.76292457543005	8.67920275567867
-4.96108711180332	4.95205184382903
-8.70007923287954	8.70321939134539
