0.153899827306402	0.668389517805552
0.0170676207359546	0.0756239732911224
0.103273921264549	0.459759203650411
0.102989394864008	0.506600873720445
0.0601539564690642	0.255462855580517
0.103669544477882	0.461561040376759
0.108114008600567	0.546849855972242
0.0240761382426014	0.127419447162602
0.127700932080567	0.599669795058752
0.0472265178074366	0.267881319512663
0.124660694638798	0.525174574428033
0.120284944020531	0.547822341049799
0.115500807779076	0.554926547341323
0.0699045448597434	0.341345490030847
0.14486531006259	0.665512425746037
0.0403532952788172	0.165514037168273
0.0723482741008628	0.345843917385113
0.0962599349464584	0.455945194901756
0.053919248857487	0.284163064863216
0.150899708766131	0.757986748416669
0.049756449067061	0.231422326349148
0.00629148565286387	0.0353010590996732
0.15067312936138	0.663732295698087
0.0903283722412659	0.395277303365949
0.0121850984123385	0.083897551427539
0.0100262592504819	0.0571781701660455
0.0303005615278159	0.135496801427044
0.149258448022017	0.677336140052985
0.121554789362329	0.586133091152941
0.146933664591729	0.609145744997119
0.10608152394377	0.469949292812816
0.145858289079516	0.650144041697084
0.023597876618564	0.0795335812877964
0.151450762907302	0.668799092903942
0.117380441435794	0.5674317428696
0.0785202009886536	0.374017299785905
0.107892585164423	0.450293595803985
0.109138192599685	0.511716232654285
0.103977025500333	0.445760223880623
0.0698323162008388	0.337914403940258
0.00910872056239085	0.0735571373486105
0.0459395577531095	0.280580623672499
0.0742591310809994	0.248766267473019
0.152140945268194	0.674612600513392
0.15656426645936	0.706603074672006
0.00544227411852135	0.031410507737947
0.0291858394572448	0.155072014099278
0.104465301416302	0.503528424383103
0.0958106158837057	0.452993503579354
0.117398712495214	0.474001311412075
0.0569380985543041	0.251934090273634
0.137989268505016	0.652441136649783
0.0210528846968731	0.0735785402101029
0.0941110685493064	0.44283489274959
0.133233386855786	0.571145805686195
0.029179644551012	0.154568477088745
0.0917717185943395	0.392569886254332
0.119296382325438	0.578615121063808
0.152237555070954	0.607973160032654
0.1247748557507	0.646091921039316
0.126465889105818	0.59707086334942
0.153646204670617	0.718739168312884
0.0861726660875211	0.435011119000211
0.0575062535981792	0.23214072010706
0.0623657906633445	0.288954807486465
0.121524217578478	0.566054510030227
0.0589161350417194	0.296540348092739
0.048328168538923	0.207864573013913
0.151590391517313	0.728421241361869
0.0376434045600546	0.163108833194367
0.0386885104841874	0.190199471009581
0.0318777760226779	0.148145420386877
0.0292558341342896	0.132062538896857
0.0817960218966925	0.401565958649428
0.0890902091563547	0.369491731093115
0.0343476816486518	0.187861869491798
0.00680471155226601	0.0515845754074239
0.116776315372514	0.559345955250346
0.100841067197342	0.522276910145651
0.0690820407832868	0.210456934590086
0.0781658459838563	0.359069050948047
0.0699800934253617	0.258216481496304
0.12264747575215	0.546982265217335
0.0323364333627073	0.160198202633056
0.0650730979479594	0.355366930328727
0.138706140346797	0.673916828677355
0.046161684952234	0.216075667879814
0.112633795432639	0.58385183832662
0.0757686642735597	0.512087350625706
0.113093025521668	0.612881779505433
0.102045417440937	0.377538153645105
0.0949745844505761	0.427048743992283
0.120310612862716	0.548689577154839
0.148214289876568	0.71145492562507
0.148680043779843	0.645061962540496
0.150033042829736	0.675181085016749
0.0686789787050179	0.318390857195496
0.142507634473766	0.609596108373364
0.15236873185576	0.636067138819447
0.143690663310634	0.625686925705876
