-0.138014142198313	0.22464130416625
-0.759201832545033	1.25468418824045
-0.834966942190587	1.28260815514758
-0.0224717777403047	0.106010882544565
-0.320407063288415	0.729883733805315
-0.733027035711078	0.836798157808755
-0.771166982779189	1.10467142350607
-0.749104237618562	1.04153588348796
-0.711266410907145	1.31338654992237
-0.768697148010568	1.05063116012236
-0.00124413437461182	0.0019129678214178
-0.619326218344698	1.04859790087831
-0.67678156793437	1.2516205474049
-0.570780465694772	1.13266935177358
-0.699212151140328	1.30371367425414
-0.106292480850585	0.134830280202499
-0.679448651912151	1.29193529108207
-0.0548592099129785	0.0713583408440943
-0.740898242287495	1.32781430344231
-0.468332967416211	0.916408381401552
-0.734137985734264	1.31771123786991
-0.0505637219656328	0.0784785071771456
-0.0512434356735532	0.109878644057781
-0.420147934579366	0.75170284372212
-0.0751666887161537	0.0936856819688356
-0.711163278906967	1.26565767731982
-0.604714830018811	1.12227334806028
-0.101132704552227	0.209474225271157
-0.312099121622707	0.66638363737207
-0.84526873993494	1.28180354350365
-0.654186708842286	1.22053079205737
-0.0578034379914075	0.077820555918299
-0.102142506149327	0.216555633134671
-0.0914433081784053	0.320744414567607
-0.343902831817633	0.573608476605402
-0.388655360915612	0.793836859644762
-0.00574886669703107	0.0315517273420808
-0.523158205169697	0.960885456031931
-0.645059078036197	1.21560589774516
-0.882974270833502	1.24846789712993
-0.0279072725957834	0.236913635520283
-0.67365804173981	1.27303125482795
-0.70228322310024	1.30257387848973
-0.0633846177554596	0.23357748483026
-0.69143309672088	1.21269377778459
-0.808256623358697	1.30358277412316
0.0304385949280282	0.0166191010406457
-0.576848967111311	1.04731015330725
-0.499215658165909	0.986888491116268
-0.710964250332242	1.17790443951347
-0.563127340554242	1.06945201986763
-0.322317612770023	0.537620881848825
-0.765203726419265	1.30205090114912
-0.854937113336146	1.2840485626357
-0.74792469593034	1.2951726889074
-0.575195987975137	1.07692396189987
-0.594551303490541	1.1147265672633
0.0397741534811881	0.171189308794453
-0.272874817171777	0.743528123546125
-0.500994598500638	1.07080542123965
0.0528673502133736	0.0379656703404511
-0.320837840288054	0.631483771165486
-0.535768000754949	0.837866737915142
-0.0440470118456153	0.0670449955552181
-0.634125369935043	1.1743653654958
-0.513158061237158	1.03314994148833
-0.621453926302023	1.16576495427552
0.0279557220768145	0.00728117635542181
-0.768639854212894	1.28214981304259
-0.143944440312814	0.223666582285326
-0.0419756470441801	0.083493269594321
-0.800428443524429	1.26822653398239
-0.707756056836642	1.30064004353619
-0.121131534783466	0.237816339429625
-0.835618434278458	1.30520442996361
-0.30310143089924	0.627863594460634
-0.46956541060982	0.748458373825191
-0.233881160576246	0.627546552810537
0.113265359997203	0.0130878107837187
-0.072212861146099	0.345083898282976
0.0311929206094699	0.0790379956373399
-0.517667282709688	0.684974209473522
-0.621701601951347	0.953628187036425
-0.612957401521052	1.11602909602063
-0.581264342232111	1.17500385831621
-0.199121478256497	0.501308468704949
-0.681813081873063	1.25711643732357
-0.310206145736443	0.368669945559483
-0.064871877284376	0.0822976931231218
-0.034860337507964	0.0421582731831841
-0.693715600076939	1.30272858238487
-1.03947245276997	1.35790641418223
-0.0266077947722622	0.0353374034199031
-0.482298882104288	0.6210001902252
-0.379356932957774	0.861819990397855
-0.663477136342015	1.13382832711248
-0.60521954980247	1.13034828596877
-0.773308098159456	1.33860226162535
-0.0833290765207879	0.0875436809447543
-0.314302631306848	0.564139963871996
