0.69263785539108	-0.0419657264137931
0.0755388164370898	-0.00314311782555322
0.448864908409228	-0.0116571731898127
0.469115434986107	0.0237977677824202
0.262908429364199	-0.0184745499406026
0.470979548813891	-0.0240267056090984
0.495042883090104	0.0384206322005726
0.135524534556694	-0.00288584905715167
0.558187685460778	0.0213949219181339
0.203621147215069	0.0483624236234266
0.546421565190151	-0.0436087401107361
0.498978207271269	0.0101617993742285
0.502106838920207	0.0270491372636392
0.290544178670535	0.0281767848964054
0.637185688756828	0.00139232203895611
0.179470530391661	-0.0192449190772002
0.304537470768711	0.0204482889418988
0.441888259183999	0.00753610889480132
0.263628967135065	0.0235354315600611
0.679127034705626	0.0570311551125816
0.207525777475427	0.00984816102398999
0.028889997252532	0.00581266696323593
0.676416550436489	-0.0358372456337036
0.413874230617325	-0.024508930575659
0.0779477572533492	0.0153032451230769
0.0536793171047257	0.00243539335681842
0.133268142332916	-0.00365269890083848
0.665334987400021	-0.00738524224429084
0.556224989947906	0.0183089012175166
0.641927150607453	-0.0617333893632521
0.484740693368702	-0.0264967970655351
0.633110605065049	-0.0127841354373756
0.109528722426866	-0.0330665608001074
0.665793525262535	-0.0269994458729427
0.514230725683482	0.0305501196678741
0.372102982817881	-0.0011931894822526
0.500966037990334	-0.0557846601163313
0.493178877604557	0.00165496907031021
0.473910338493118	-0.0393279863077143
0.302428415054629	0.020329033640702
0.0556551999243523	0.023823147122225
0.204352512030772	0.0683258458801102
0.335201983143618	-0.0928883382943895
0.694642910325799	-0.0334846658746144
0.710690406304137	-0.0205363165002787
0.0333735763888363	0.000350624066715268
0.142587563879264	0.0128777003885754
0.476935362599732	0.0170339978784414
0.418836376407834	0.0159542602257915
0.526437399750584	-0.0651456992570455
0.277201981181233	-0.0261138895823331
0.597447184542405	0.0242338907495684
0.103255690593842	-0.0282290090702439
0.405659168351576	0.0200574725182386
0.5957787034995	-0.0403142164335824
0.133395896599142	0.0175811126754636
0.421292213945304	-0.0358036055642543
0.544348157026883	0.0149149289145406
0.696836861944565	-0.0988431459301591
0.570288571307821	0.0552391237497472
0.571763232780069	0.00841531805739978
0.701457792951374	-0.00729622052878951
0.40109768948628	0.0257269201760155
0.259874867699245	-0.0318040855504107
0.296908136150139	-0.00844928511185464
0.557389166490611	-0.00615347510604348
0.268831009752905	0.0241090490471451
0.208397069672819	-0.0108613374460757
0.679571949224131	0.0258900509368833
0.153626617838617	-0.00207682846337754
0.178642316992171	0.00727444356466238
0.134301805906685	0.00724827589783539
0.125816762690388	0.00154447027227037
0.346311746809381	0.0362054866271709
0.403607065038276	-0.0431707643059016
0.171791603576079	0.01859586217702
0.0509923874864471	0.00945201301997558
0.553465361450201	-0.00268876172129554
0.419704342415364	0.0722688314386225
0.346401843286935	-0.139458041582702
0.372076599361441	-0.0165507806298681
0.326489896418153	-0.0741160354566056
0.562461133409232	-0.0297149218808884
0.156924731053366	0.00476354315283114
0.278663493691711	0.0628261378132194
0.609100452282335	0.04017502861308
0.196894783160691	0.00645631722954543
0.510467760105971	0.0621229091290993
0.32615625698739	0.172594783264456
0.495656662587233	0.0947621954255329
0.461258218888659	-0.0961105920695111
0.44525377194563	-0.0279321867549713
0.548483863969102	-0.00974643097930308
0.650972421770896	0.0321069534216128
0.661422755083317	-0.0349364633398259
0.667386979060281	-0.0176525278682485
0.32764888806198	-0.0083049630144427
0.617405998984249	-0.0335825694495423
0.693278446017885	-0.0726540091110669
0.621623642878434	-0.0261862263909215
