2.4705692098827	-2.43580392250987
0.176977117592325	-0.164873691108843
4.11008743035321	-3.86637647321588
2.09526110506497	-2.04564865342547
1.40683628780686	-1.32825990168207
2.26953546764264	-2.01031406432323
0.699725571492915	-0.645812165870014
1.29393249294192	-1.15112710750992
1.96841958754348	-1.90827004928931
3.50138868356822	-3.28842290950464
2.84383579494732	-2.63926482280026
2.74258469040411	-2.52987678649902
2.87884858483737	-2.67913911593827
2.21928479619423	-2.08244459246141
2.05651144050171	-1.92946567117807
0.323543592666374	-0.329554446822274
3.11190812077437	-2.93254756410637
1.69892374113108	-1.37433795428409
3.99651918809976	-3.7599800040253
1.39290157944547	-1.17732730052377
3.6883196541582	-3.44845132369442
3.48573998877977	-3.32090879934273
2.79397538057245	-2.54070571402538
2.86198623346761	-2.70318234725123
2.47657715172923	-2.34239396769081
2.33211032388462	-2.16748617054055
1.54702020099956	-1.38706822044556
4.05395722047275	-3.7646833415794
3.69665410611263	-3.42897502283398
2.14864214719155	-2.00667139485093
1.6550260549528	-1.53867641068702
0.245515455915914	-0.23615077767445
1.4670156830288	-1.43747197810797
0.401915631133787	-0.394396900189889
0.0473889882928055	-0.0514996773792164
1.24924720694909	-0.975301585631038
1.37978869310471	-1.41890203737746
1.00193818584942	-0.951952671355106
3.02625948465316	-2.69986920288544
3.20556049697706	-3.17836418490721
3.18830477702443	-2.98963669648382
3.50927944085671	-3.31873514591745
1.47077500868316	-1.40663944298691
0.484607105493527	-0.478565588051411
2.3376850901056	-2.19477683500014
2.61390566254445	-2.2661130878904
4.02578258330109	-3.75731433734886
0.534085804214846	-0.53252793075035
1.86603866175149	-1.72842248919324
2.197568398346	-2.12875717536412
3.17194815921055	-2.89474424071527
2.5547803727127	-2.34420533356735
3.46309609461348	-3.21481597118979
3.66977086865118	-3.43776823548536
0.28222338133282	-0.273393604330814
3.38621270647488	-3.19784838354774
2.77125675567601	-2.52656217861208
3.54331661438482	-3.28528078194328
2.44032102242896	-2.33032279357755
1.1667746698719	-1.09029369393109
0.52262682692533	-0.517706954832575
0.71633148344662	-0.609937679858262
4.00417223101088	-3.72754715517803
0.481143379560894	-0.487756172623332
3.84157000744241	-3.57374360777847
3.1980763125879	-2.97406926783127
3.91483980578202	-3.63785193269916
3.54764124207586	-3.26134454752317
4.09093543189537	-3.80333373544305
4.16222813582032	-3.91350515685255
0.266897492484504	-0.244694717853544
1.04032432854189	-0.925882997929833
3.94585512883447	-3.72764111177849
3.72736661589581	-3.50774987842097
1.24645476324504	-1.16095875137982
3.68820629862864	-3.37629148352287
3.72575883731626	-3.44557519066406
0.129028680628766	-0.129924407511411
4.06077218389015	-3.81944291383558
1.92547822830565	-1.90629467368762
3.31910100460556	-2.96180071741032
0.584241286009989	-0.609371703943988
2.59093066953968	-2.47877815787952
4.02713551461889	-3.7625626835489
0.475410435871382	-0.41732278880356
1.17830453551417	-1.12456839847791
2.24279762420668	-2.12361353169081
1.96092838210875	-1.93039242827316
2.56269742946715	-2.17451273973552
0.90448481019543	-0.903153542652679
2.46594937091548	-2.10212180753703
3.24208753842737	-3.12228812550086
0.688604935659949	-0.645543526069959
0.210028277350266	-0.193670683793736
0.424592374732454	-0.375011336116176
3.96416627428728	-3.72203254542669
3.97525380497148	-3.75697244305336
0.692082060707057	-0.650987048110415
3.58450481130715	-3.29637907852536
1.67545693482918	-1.6307855460135
