1095,95,863,5041,9014,3949,3758,7645,4211,9257,7437,9468,3510,3719,4199,3081,3587,4296,4057,6876,7405,6677,7372,6064,4191,6723,1834,6161,4128,8766,5392,9580,6472,7866,9682,6118,1670,6952,7329,1255,7923,9221,6312,3606,5814,4132,5044,69,3136,4359,156,9801,5499,2885,2300,2379,2022,782,5322,7132,5454,7133,3400,845,5557,5534,5326,7059,7750,303,1407,2338,5373,3001,6807,155,4665,5880,4792,487,445,8961,2297,1541,6869,4802,2761,6699,6495,3138,9943,8059,8793,4640,8471,2977,4598,2006,6850,4871
3855,373,3148,2407,9412,4524,6268,5145,4958,8498,8134,9469,3489,4116,8779,8334,1135,7937,1249,1228,8339,5085,8335,7321,5441,8213,5375,858,3891,8947,7045,9581,2599,7215,9683,7907,4141,3253,7711,3301,8490,8877,5166,2834,7054,1411,3592,325,417,6344,2987,9303,3912,4651,6179,5012,7857,567,7644,1680,2757,8097,3116,717,4231,2019,2361,8280,4501,86,2113,3326,4027,2131,5339,509,603,4300,7737,1322,5708,5623,3539,173,7607,6090,3296,1472,5144,6227,9135,8239,8494,7874,8986,226,7277,6585,6255,1211
5054,4411,591,3411,9413,3220,7185,7164,5011,9456,7081,9470,278,4488,7895,8029,1028,2862,2443,2334,7795,4072,3792,4302,4769,3141,3099,3283,3018,8934,2455,9582,4718,6289,9684,8210,4965,8607,7639,7074,8491,3185,5813,1058,7856,6627,4584,329,7061,608,3049,8821,5957,1674,4806,1708,8313,815,5815,6427,669,5273,6215,1529,1962,7763,2697,9884,8423,416,1801,2129,2348,3037,6766,4400,5398,8755,8047,3675,1217,5977,2855,114,7967,2248,1061,993,1675,3673,9067,6784,8867,2820,8508,203,6492,5892,6497,4845
4553,1209,6389,3286,9291,3190,6625,5839,7209,8946,8752,9471,210,3314,8526,7498,979,5024,4629,2634,8579,4761,7648,2728,5974,6607,7033,579,1849,9119,8323,9583,5691,6219,9685,7638,7767,1494,7899,4573,9025,8754,5051,2966,7867,332,4200,597,517,2337,4816,9802,7473,5239,6282,6602,8145,1618,6400,3423,584,3020,3302,905,3834,7485,2733,8690,6290,256,610,4960,6630,6370,8420,318,638,6167,6683,730,6103,8636,390,965,3456,3557,4327,4616,4121,4495,9280,8072,8995,2270,9978,228,5435,2609,3209,2641
11,13,23,31,105,609,2402,6435,7636,9207,9078,9472,3659,8541,9540,9245,2376,8464,7409,1251,8384,7472,9297,6416,7811,7940,8438,2088,7597,9558,8261,9584,7360,6964,9686,8443,8248,3586,7646,7900,9787,8212,6884,3902,8259,4329,4646,4017,2935,6553,5220,9803,2750,6582,3392,5922,7847,4824,8907,3137,2511,6230,5110,405,6380,8577,6854,8768,9023,1169,899,6658,7562,4227,8345,1378,3395,8515,6618,8185,8063,9066,887,7249,2116,3428,2307,8487,6991,4143,9203,7566,9954,7887,9979,3928,6092,5508,6684,1799
1450,5644,4624,3328,9414,47,7805,6032,522,8234,2298,8715,92,4203,1523,956,248,2445,3038,7417,7167,570,3149,2201,1683,5543,1809,3937,1062,8967,6872,9585,4898,6878,9687,5031,2074,7685,8852,6182,2764,8303,4226,6085,4240,7055,5703,958,6751,1084,4669,9804,6404,6593,3285,5803,9346,2365,3767,2062,4555,7301,5760,1663,8774,6954,2003,9885,8336,217,1454,5447,5817,1806,4592,5473,6698,8976,6692,1852,7577,8131,4388,328,6376,7416,1716,3380,6491,7563,8950,6353,8781,6960,9124,822,5201,3849,5029,3439
6904,2086,1289,2497,9415,2623,4602,5749,5320,8921,2706,9230,3631,5720,5751,3436,5002,5836,957,255,7595,326,4234,6511,1956,2464,2036,1239,2786,7656,6106,9586,7150,7223,9688,6390,4206,2544,8870,7196,4612,8853,2882,1219,6399,5022,4859,1745,1944,5918,5087,9805,1524,6629,6053,1511,5190,3230,5627,6795,4444,2982,3960,1744,2095,3698,6925,8078,7546,647,2304,5055,7158,1948,7700,3679,1974,2875,4700,2274,4848,8179,2795,2033,4989,5122,1293,1034,2586,425,8772,7025,9955,3651,8980,331,7797,2897,5838,1767
3810,216,4540,2460,9321,1364,4102,3650,2188,8696,6836,9473,3127,4525,8315,5112,4024,6639,2557,4982,6531,2305,7019,5660,5739,7402,349,3852,2473,9016,7986,9587,6334,6938,9689,2316,2339,2439,3482,4036,5872,9343,3848,1659,7987,1647,5378,648,2026,508,3052,9806,1958,6518,4115,4969,8642,2550,3909,6923,3055,5356,3169,1060,7030,1093,5455,9886,6612,142,889,3779,2686,3051,6365,2435,945,3672,5824,900,2790,8734,3213,5842,8165,5551,3927,1880,7230,504,9168,6247,8956,4643,8110,1719,6734,3408,5834,2868
5698,2185,2603,2218,9322,2152,6377,7557,2243,8832,2602,8966,1830,6037,3678,646,5116,5985,4030,6292,6736,3292,5078,4487,3836,4979,100,5965,1470,6302,7000,9588,7072,7633,9690,4855,5995,6500,3320,2722,3468,8742,5081,3537,5476,606,1333,1589,5626,464,1265,9807,6977,3168,2211,2988,1969,2244,4690,4396,1922,6265,5770,1825,2892,4818,6505,9887,8514,266,3100,3085,4489,2627,6044,2992,1426,8493,8040,1899,2258,7742,2639,2974,2632,4228,1374,3235,6155,5806,9092,2674,9028,8289,9356,2092,5056,690,5475,4457
25,35,85,207,2312,2838,5960,6867,6858,8669,4220,9261,1527,2574,4157,2106,1724,800,3617,4058,7768,1840,6402,6889,2521,6999,1828,1399,3766,9559,8574,9589,7840,8676,9691,6883,6421,4103,8450,7046,1751,9302,5486,6204,2793,6150,5967,1504,7383,2457,2508,9808,7989,6297,7836,2840,6611,2648,3939,6428,5067,3747,2624,2825,2877,6674,6792,8854,7017,3622,2800,5674,5365,3244,6984,3483,5439,3369,6933,3764,3196,8544,2360,3077,7822,7112,1023,1162,7113,1921,9351,6457,9283,7548,9980,1662,5794,3247,5638,4244
1164,1367,3267,3571,9142,361,7928,6299,5391,8905,2976,8604,780,4081,1686,1287,2263,1631,3460,6321,7044,2938,4803,4510,1003,5631,1122,2736,808,9560,6662,9590,5695,6971,9692,6323,3680,8187,8689,6741,4472,9791,3808,3828,6012,6656,5651,119,5676,1549,1327,9809,5619,5292,7163,4600,8903,2585,4380,408,5282,8600,5879,952,6341,7640,2886,9225,3480,244,1221,2410,3218,1985,4186,2596,807,7259,7116,3769,5330,9400,1317,1389,3841,6330,776,5591,5266,5882,7534,4926,8914,8888,8945,1722,5516,5343,4413,2768
24,32,38,148,748,139,2850,5761,3867,8794,2502,8382,876,6195,1323,1098,5019,5672,920,6285,3531,578,893,5572,1382,5608,2927,8635,518,9561,5328,9591,8629,7128,9693,8558,4041,3745,8815,5228,6293,9792,5798,7130,8622,3544,8483,4660,6942,8079,6099,9810,7570,2726,8178,7941,9869,1791,2159,4037,6176,9349,1769,5897,9879,7707,7613,9888,8549,1437,7946,2096,8697,1697,4502,5252,6080,9922,9278,8694,7397,9279,7926,480,1379,2969,5347,7670,4795,5912,9123,6959,9956,8435,9981,2237,8981,7012,3170,3520
2531,5893,1244,1232,9416,116,6615,4256,3005,7282,1167,9058,543,2753,3713,1225,5159,6621,3103,7043,5384,661,2695,4005,1771,3996,1980,6787,1496,9231,7020,9592,6201,7844,9694,7658,972,1204,8476,5811,2093,9271,6238,4874,7893,2500,6072,973,4800,2173,5986,9811,8160,2667,7258,2273,9391,2257,2525,1207,382,8513,2425,704,8204,6765,7035,9889,8691,296,6102,4537,4264,1119,5371,4548,7090,9090,8797,7814,5590,6036,1835,137,4423,3346,1813,3702,4604,1403,9111,6624,9315,8655,8857,1516,7311,4144,5169,2767
2111,2383,2598,1747,9417,381,4198,1918,3256,8889,5370,9374,3703,4513,5223,3444,4253,5467,3086,7532,7830,1153,5332,5715,2183,6661,1357,6843,1612,8362,7222,9593,1202,4324,9695,4564,2427,1717,5868,6229,5894,9156,4126,3905,1935,7582,3952,327,6422,437,4765,9812,4585,3382,7064,6014,7363,3465,5097,3378,261,5559,2748,1065,7292,586,7202,9236,8463,2357,3309,2107,3615,1583,7304,1109,6001,1871,8221,6125,1369,8672,2485,720,6351,4033,3197,3610,5797,3208,9238,8441,8761,8533,7665,551,4746,5400,1030,3717
1466,2835,1890,4442,9418,82,7918,6905,2049,7862,1316,8166,291,3310,2207,753,3572,6320,1858,7628,2772,541,2259,3464,996,6914,2123,6820,749,9562,6643,9594,6690,7199,9696,7593,703,5136,8605,5119,5173,9222,3437,2739,8426,1968,5935,664,4515,3607,6250,9813,5753,3548,7933,4504,9197,1805,1811,1090,3056,8718,874,2308,8960,4475,3417,9890,8931,143,5850,2341,5415,696,5291,6424,6342,8985,8993,6145,6744,9931,6536,299,2266,3619,2269,7009,5270,4352,9136,6458,9957,8687,9204,1352,7389,2836,3290,3442
6273,3513,3324,2079,9095,294,5610,5789,1804,7620,1199,8580,1125,3364,2136,902,4318,5152,1461,1836,2907,167,2041,4938,1831,2597,1645,7287,355,8937,4995,9595,8100,6203,9697,7177,2459,1596,8043,5982,1459,9019,4281,4239,7142,7103,6059,2523,6649,4365,1844,9814,6776,1418,6448,4407,7705,1587,2130,5281,4626,6953,1788,4173,6481,3427,7930,9327,6926,3671,6769,4835,6067,877,6054,3006,1945,9399,8397,3517,6826,8149,1725,490,1193,5214,1826,2101,3416,622,8474,6693,9958,8174,9242,2205,7572,2878,5218,3772
1816,6010,1229,1821,9419,75,6339,4968,3554,8277,1315,8839,177,3368,4728,1071,4164,6993,3248,7443,6579,1593,2913,6153,1649,2515,1930,5947,1216,9563,7574,9596,4752,7871,9698,7569,640,2343,8575,5666,2428,9113,4653,5553,7545,1512,5728,376,6788,998,5846,9815,8189,3315,7347,4500,9347,2255,3339,1182,334,8298,1896,498,8749,7680,4518,9891,8975,272,5581,5514,6713,797,5535,4719,7704,9189,8932,7801,4633,8226,3638,199,6134,7109,1794,5554,6561,1139,9198,7492,8643,8290,9243,713,6866,3485,3211,3323
626,4086,2990,2784,9420,61,7756,4846,3157,6680,1340,8851,154,2928,4978,918,561,5366,4009,7060,5972,980,3277,3639,1893,5563,1648,5147,1548,9263,7379,9597,4053,7159,9699,6403,549,7432,8773,5196,3743,8709,4120,5329,7394,2483,4064,330,4305,2446,5109,9816,7517,6078,4082,3738,9870,2415,4325,2364,2778,7384,1837,1313,8827,7421,798,9892,8726,311,6124,5466,3534,1757,4363,4386,5526,8850,8370,2401,5474,8757,4844,532,7436,6783,1758,4243,4039,2388,9352,7169,8805,8737,9183,760,7011,3985,3512,4452
3242,5449,1040,2436,9421,180,4627,7003,4233,8700,3827,8645,253,668,3080,1695,3329,6570,2367,6371,4929,1358,2636,3490,1292,5910,1410,7637,281,9564,6436,9598,7453,7157,9700,7845,5065,3815,8203,6187,5080,9793,5137,4532,8181,2955,4833,1405,4790,4794,3645,9817,4632,4171,2051,2281,7761,2710,1797,7084,1188,8984,4049,5131,8389,7444,572,9392,8711,602,4582,1338,3336,2381,4655,4683,2217,9060,8379,3562,3915,9046,3011,269,2672,2895,1939,6162,5127,6598,8639,8243,9316,6638,8332,304,4575,3191,989,2898
6808,2841,3433,3188,9292,345,1196,6274,5742,8551,2558,8953,435,2929,7013,3093,1971,6138,2212,1476,5542,3282,4751,4184,1710,1671,2991,6111,1497,9264,7382,9599,2179,7629,9701,8211,6408,3162,9074,3663,3681,9157,3333,725,7131,6946,6409,911,4661,5106,5376,9223,2537,7536,4614,880,2737,1838,6114,7057,2700,4438,4448,1514,4985,3013,5653,9893,9237,1094,1682,3091,5931,1883,6560,4023,915,6631,8421,6384,5725,8109,621,528,6666,4146,1149,5757,5451,548,8913,8380,9077,5821,9049,258,6220,2221,1492,4727
1440,5323,951,1965,9360,241,6510,2562,4074,6528,3503,9474,613,3530,8005,6208,770,4777,3299,7105,7261,1238,3856,2903,3434,2652,929,5195,3297,8730,7559,9600,3475,7040,9702,6270,932,6393,5278,2637,2491,8296,3946,5372,7279,5069,5975,580,6701,319,6279,9818,5211,5663,1886,5604,9306,1651,4943,5256,1999,7954,5161,1444,8623,5480,4536,9393,7859,1608,6094,3970,5686,4339,1798,6425,4511,8917,8685,5233,4967,5377,2315,101,2369,7950,1347,2812,657,3724,9353,5452,8021,7816,8738,159,7251,5158,1077,4754
7096,136,2462,1137,9422,4483,2030,6068,5659,8095,2577,8869,3904,6484,6756,1359,5084,4879,3114,2569,5549,824,6431,4951,4486,4459,3990,2552,1615,7919,6678,9601,3892,6128,9703,8530,7083,3583,7972,5941,6438,8364,4395,629,7395,4695,2169,2249,4069,2411,5996,9131,3234,3335,6717,239,8229,523,6000,6226,728,8396,2821,2177,6165,2621,7052,9894,5650,214,3070,3002,4497,2854,2229,1321,2787,6272,4341,4043,3601,6786,1408,2816,3858,6414,1510,2783,7255,2195,9229,7080,9055,5614,8901,339,5310,4529,4607,1860
5984,2889,1658,1839,9361,1734,5484,7730,5177,8505,3817,8682,2442,6908,2633,2124,3217,709,2509,3352,5481,2543,1091,4863,2692,4838,908,5612,867,8385,7288,9602,6216,5117,9704,7137,5735,3759,8938,2699,3407,4560,1814,1016,4291,7355,7172,2796,7235,2478,1689,9819,7271,3164,5670,966,9275,1471,2876,4421,2864,984,6184,3287,6978,5427,2601,9251,8405,566,268,6280,1353,976,1075,3831,7388,7284,5891,7213,5609,7892,4188,1815,4807,7696,883,409,6331,2171,8933,5909,9959,3455,8117,3063,8054,7331,2240,2187
1882,4083,2912,3757,9116,393,7848,4891,2520,7037,2047,8305,227,2647,4178,773,1415,6578,1656,5327,4831,149,3167,1106,1876,2287,1117,7410,466,9265,5568,9603,4908,5955,9705,5151,7129,7981,8780,5498,836,9211,4812,4886,6910,6340,7211,2309,7104,5243,3187,9820,5130,5076,1721,4834,9115,2499,3500,5816,4021,7351,4907,3200,8440,6035,2526,9350,5294,2372,3096,3652,5121,1268,3701,927,3516,8846,5013,8237,3748,8634,4980,1001,3379,2070,1150,4467,2514,3853,8924,7214,8829,5132,9255,769,5028,1452,2660,3725
743,5202,2066,914,9362,317,7121,3391,4541,7530,2656,9475,1617,2716,7313,2629,755,6294,3822,7589,6003,961,2980,2286,2818,3225,921,4562,871,9565,5810,9604,2414,7507,9706,5352,974,5661,8477,4559,1134,8459,5358,3788,7403,7835,6896,451,4060,652,4328,9821,6526,4647,6799,3750,8927,1257,3746,2593,2145,7188,3279,358,5704,5157,3238,9895,7686,1402,5518,4956,3466,4248,907,4387,4850,9217,8067,6397,6245,6357,3241,978,1392,6830,936,3457,2140,3110,9146,5792,9284,8002,9082,1892,6451,4931,3755,3830
1601,1042,2505,691,8141,510,5567,6048,2694,4853,894,9476,1676,189,7962,1372,1572,3669,5552,4638,6633,491,4819,3566,2729,2330,1258,5849,4192,8915,6558,9605,2744,6718,9707,3697,831,7516,8677,4261,735,8973,6193,3969,5021,7263,3829,2655,5729,2242,712,9822,6825,4581,2997,855,8671,1477,3035,6827,1473,6101,1731,3637,8105,6967,7496,9896,7872,1272,5964,6465,3514,4861,4551,2200,7082,8909,8406,5197,5317,8164,1017,1534,8282,5123,1551,1685,5905,1987,8978,5502,9960,8291,9234,3354,5303,3327,3376,1616
2971,3878,2937,2165,9423,293,6398,4453,4309,9031,4662,9219,2160,4767,4971,3685,3803,6333,2972,7621,6244,1312,5714,2687,633,3142,830,5086,928,9266,5625,9606,1259,7776,9708,2899,1981,4741,4603,1942,7748,9020,3135,2919,5942,5764,6544,323,6859,860,4688,9823,987,4139,4075,2335,8818,2829,4586,2707,1766,1127,5433,1394,8564,479,4715,9897,8215,3623,4129,4350,777,1867,5606,5165,3564,7018,7718,5496,5971,8834,3101,250,6705,6146,3041,3317,6281,2715,9239,6912,8835,8244,7552,659,5951,7071,2406,2058
2989,5331,2157,1365,9424,77,4237,4649,2501,7512,3718,9323,320,1929,5491,1864,1027,6813,2685,6241,4724,1298,5324,4932,1308,3454,1522,4976,1706,9566,8107,9607,2953,7703,9709,5555,1907,3458,7932,4015,4193,9063,4707,2347,7885,6785,6737,803,7015,1383,4463,9824,2915,5901,5071,1241,5596,2794,4939,1824,2811,7712,5093,547,7412,1370,6444,9898,8712,3229,4801,3805,5687,1986,3993,5860,1933,8727,8871,7560,6679,8044,1021,264,7842,7541,1518,7651,4786,913,8706,5709,8865,8293,8801,463,4473,2831,1588,3377
1081,3219,2832,3655,9425,169,5209,7681,4796,8965,3189,8646,186,4280,3936,856,693,3846,2605,7515,7714,941,4282,1638,1998,5091,2934,6665,470,8820,6541,9608,7894,6542,9710,6157,4579,6360,8349,7160,3711,8826,4613,5745,3999,8525,6821,456,7257,4154,3634,9304,5027,6382,6364,1331,8837,785,3579,2010,5072,5418,4293,1124,3224,4218,786,8632,8268,1664,468,5785,988,2012,7217,1690,3875,5265,2533,7022,5174,8200,2973,587,5296,5429,2777,1525,6180,7724,8804,7619,8566,5585,9071,1158,4852,3117,4916,4404
26,39,150,283,3749,3782,5887,7028,3221,8733,4181,9477,4730,5046,8285,5840,1246,3686,2863,2421,7428,3273,4610,7791,3474,6929,3204,5321,2000,8791,6004,9609,5217,8137,9711,7688,6459,5482,8875,7529,5026,8684,5108,5949,7495,7675,3054,270,6093,2125,347,9825,7733,5312,7625,4408,2611,1421,4544,7479,4552,7669,3923,2861,6681,7891,8121,9899,8808,4056,5018,471,2879,3288,4000,2042,3668,8357,8705,7882,2233,8858,2099,1992,1881,5101,1558,2920,6860,4570,9147,6496,8847,7702,9982,91,7744,1274,5527,2970
1262,789,1136,1467,9002,3017,4637,6243,2839,8988,3180,9478,2105,4986,6919,4596,447,7757,5442,7089,6286,3765,3943,3916,2712,4631,4384,5522,3624,8802,4780,9610,806,5290,9712,7034,5092,2276,6034,184,6417,6623,4726,2607,4336,6798,5869,236,2228,1639,4042,9826,7147,2060,5388,2590,8457,2271,3692,5077,792,8139,960,193,2215,6743,3501,9276,3813,3695,4013,2883,5410,2408,3951,421,5361,8658,8698,7171,2299,8516,1284,1366,8000,4851,2858,4619,3481,6366,8504,7076,9254,6721,8987,2866,4561,3845,4684,1770
30,14,7,4,2,6,10,21,44,1598,9466,9479,7232,9208,9541,9543,6386,9545,7947,9547,9549,9377,9336,9553,9099,8892,9556,8664,8890,9567,9101,9611,9680,8663,9713,9247,9325,9783,9785,9342,9788,9794,9384,9326,8714,8446,8297,8788,8879,9121,9005,9827,9007,9173,9867,8657,9871,8954,9348,9875,9214,9877,8592,8587,9880,9174,9882,9900,9311,5677,9917,8350,9312,8744,9122,8771,9920,9923,9927,8977,9929,9932,8775,9934,9936,8899,8735,9938,8900,9941,9944,9404,9961,9976,9983,8741,8806,9998,9290,8769
5615,1741,2890,1498,9363,4362,3790,6198,3440,8881,5253,9480,6493,6687,8170,8343,4424,4205,6213,224,4760,3470,6235,3818,4731,2852,624,6084,1765,9378,6642,9612,4415,4059,9714,7503,3493,2584,6724,5732,8125,9096,4527,2893,7997,5298,5311,614,2210,615,5129,9828,6171,3987,6196,5477,7858,3573,5408,5788,2011,8586,5652,1413,6025,1395,1749,9901,7524,56,506,2951,500,2154,4224,3929,2232,5597,8610,204,2547,8390,287,5079,2034,950,2132,1643,6514,2817,9169,7510,9962,7975,9184,1488,7581,7179,4928,1604
477,857,1290,840,9126,1083,6620,7806,6686,9107,4484,9481,2626,7181,5529,6137,275,1796,3418,903,8466,2668,5694,7227,1718,5999,2225,2449,2563,9209,7316,9613,6576,5679,9715,7361,2566,7966,7773,6071,6009,8227,3487,6278,2754,6532,3874,699,7614,2275,3014,8893,4054,6188,7723,6006,8032,3228,6419,589,912,246,4837,1692,949,5754,716,8828,8049,1049,1377,5073,3050,1898,6026,2350,1500,4038,5926,6466,4634,8150,3266,1732,8838,5861,1234,943,7036,4557,9313,3083,9070,8003,9172,2378,1855,4729,5419,3773
37,19,9,5,1,3,8,16,33,455,9467,9482,8925,9376,9542,9544,8670,9546,9118,9548,9550,9551,9552,9554,9555,9015,9557,9051,9324,9568,9210,9614,9681,8926,9716,9380,9782,9784,9786,9381,9789,9795,9800,9385,8882,9248,9249,8576,9386,8874,8823,9829,9866,9132,9868,9250,9872,8528,9874,9876,8619,9878,8710,8299,9881,9215,9883,9902,9916,8908,9918,8862,9919,8480,9328,8948,9921,9924,9928,8565,9930,9933,8638,9935,9937,9401,8195,9939,9940,9942,9945,9953,9963,9977,9984,7924,9125,9999,9320,10000
20,29,36,171,1205,1966,3373,7303,5819,9457,4195,9483,6595,3293,7528,5998,4885,5025,4577,5445,8535,3555,7139,2084,7418,6127,5769,3212,5409,9298,2016,9615,8096,7203,9717,3775,3528,6758,9087,7393,6567,9344,5344,5176,5637,7778,6975,3294,8361,4117,4222,9273,5299,7781,4748,3918,7342,1348,7864,4545,4889,7356,1301,1051,6546,5068,6205,9027,9202,2340,1458,650,457,2572,8015,3798,3959,7771,4516,8613,3246,6846,2880,362,7903,6298,3207,7592,6055,2419,4202,7802,9964,2490,9193,3473,5453,4720,4123,3053
639,4232,1812,4576,9426,2510,6819,6936,3184,9032,5362,9484,402,7332,1218,3260,787,2769,1781,7126,7938,4254,7414,2925,3144,5805,1540,4409,2071,9299,6604,9616,2583,5396,9718,7101,3605,7219,5752,2775,3499,8660,6140,1047,2053,8262,6316,1226,6151,4230,2373,9830,1505,4738,4942,2673,7206,2094,2959,7677,5432,736,4999,1564,2565,774,4114,8304,8265,495,1329,5172,1110,4241,7774,1878,290,7007,2362,5506,4940,8918,4635,2046,8595,2540,1620,1105,5607,5369,9137,7886,9285,3527,8776,4897,592,3349,6586,6537
2426,1080,6498,3847,9331,946,6837,5927,4371,8321,5993,9162,141,2943,5635,1595,930,5787,4519,5289,8202,4238,5678,820,3889,6757,4137,1911,859,9267,7307,9617,6566,6432,9719,7073,7606,1483,8546,7197,7102,8327,4382,5235,6913,895,6164,2848,3857,3608,5229,9831,7200,6214,6253,5919,9201,1320,4257,1479,3280,3252,3307,333,4046,5865,611,9022,7584,378,128,6770,6396,5124,7751,670,1175,2646,2302,1565,8087,8618,935,1203,6190,4209,4287,2747,6391,4255,9946,8540,9094,1753,9057,1955,5383,818,5656,3262
104,190,995,454,8009,1165,5576,6554,4759,8561,4892,9485,5154,7004,5979,7385,3812,5047,2486,6401,6441,3158,4107,1174,4131,7243,507,1691,660,9163,7667,9618,5640,7971,9720,6940,2696,5932,7679,3298,8537,9053,3237,2085,1520,2789,2813,1186,4337,2355,3628,9110,6356,3893,6183,655,9059,2115,4784,6988,2256,6862,5164,1438,7706,7058,4945,9903,8765,1927,2871,3451,218,2527,4735,612,2167,9098,6088,7063,5536,8651,968,3754,7194,5277,3259,5758,6343,4034,9402,5862,9965,2108,8904,1046,4353,1116,5351,3604
1490,1877,757,861,9364,1069,6870,5212,1901,8416,4973,9486,2404,6550,6152,6269,308,3910,2059,711,6070,3251,5007,6287,6052,3353,884,4732,3840,9268,7775,9619,6359,5049,9721,6257,1337,5867,8401,4461,4972,8194,4450,3362,3641,7151,4454,654,2397,5832,4247,9832,3626,5300,6460,6369,7736,2075,6260,5120,3897,6902,3284,2102,7824,5530,1087,7274,8199,162,350,3696,5015,1339,5628,2413,3104,5448,1464,368,4155,8949,3741,2810,8037,8098,2620,715,6944,7477,9170,7755,9286,8368,5874,211,6563,4691,5711,1592
88,163,351,223,2453,134,4332,5042,3791,6077,1115,9487,301,3033,8252,1517,1341,5939,4991,6685,8192,1291,5070,5665,3479,632,865,5790,5636,9569,8073,9620,7657,4743,9722,3194,4797,8372,8584,4180,307,9345,7717,5126,2234,7210,7693,3030,8138,5632,2600,9833,8461,6702,940,4093,9873,1715,4410,7788,1720,2001,7241,6885,8807,6231,4704,9904,3823,809,3042,6440,4439,4019,2676,5800,4644,9925,7415,6653,6535,8152,7066,695,8506,8140,531,1057,4652,4639,8679,7913,9405,6018,9985,4435,6326,1375,6515,3994
18,27,43,183,1768,2004,5182,6857,5767,9258,7827,9488,5337,7888,8562,8119,5231,6688,3484,4917,4517,4880,6236,2301,6928,7513,672,3922,2615,9570,7514,9621,6005,7407,9723,2763,7550,5471,8264,7518,8266,7889,5483,607,8188,6021,5765,3223,6024,2669,4330,9036,5595,7901,6418,1959,7281,2352,6781,8163,4455,1563,4080,1443,3900,4084,6086,9277,7662,1005,1439,4289,7396,3787,7002,3955,1068,7375,2441,8191,7650,8427,1628,2837,8856,1934,2366,1380,3763,1996,8963,7604,9966,2709,9986,5032,5875,4279,3832,1990
3833,1423,5234,2792,9427,827,7144,6848,4628,8996,7087,9375,503,6707,5460,5134,406,4314,4290,2164,7032,5248,6838,1385,2227,6890,2653,1622,1354,9120,8157,9622,2518,5831,9724,8387,8193,4270,8214,7470,7618,7465,3125,3491,7270,2028,2717,1319,3171,5279,6002,9274,5873,6845,7048,5148,8704,2650,4791,3390,1208,6650,6015,1197,3736,7466,1698,9394,8432,94,469,3824,5200,1833,3653,2589,553,8039,1156,2032,7461,8962,917,759,5309,4434,1954,1967,6076,4808,9947,7431,8811,3734,8894,90,6415,3124,4112,1163
6887,1424,2628,2216,8951,1553,7643,6251,4512,8782,7627,9489,357,7353,5185,6200,1576,3664,4477,6058,7586,4315,5387,1764,4150,6478,1101,1414,3398,9571,2072,9623,1627,4437,9725,7456,2403,1972,1735,3249,7911,7777,4676,2978,5566,2824,3446,737,2804,80,5934,9834,7349,5406,5603,3643,8928,1114,4285,569,1401,8481,6177,84,8198,885,5622,9905,8601,3024,2450,3394,2417,3762,3732,1693,4065,9926,8692,7701,3374,7358,766,1279,2496,3682,1640,5501,6073,5430,7961,6039,8736,7851,9040,2797,2471,5422,2954,5520
196,363,901,2064,8219,2743,6212,8061,5946,9458,7242,9490,2209,7401,8942,7564,1324,6814,7156,4514,8354,3536,7659,6186,4130,4531,99,5014,3731,8844,2947,9624,3917,8186,9726,7813,6259,5313,8173,697,5780,8796,5855,4092,3007,6628,3997,2354,6791,71,5183,9835,7544,4416,3733,4166,8591,4420,923,5038,847,2470,3961,107,3358,6990,7247,9081,8326,3076,3058,2344,458,4493,7310,3028,5374,7590,8433,130,4988,7364,297,3543,338,2782,2625,8071,1432,5319,8939,6218,9056,8620,9042,1586,6248,5307,6587,5489
7335,636,1979,242,9332,5523,7709,1085,7964,9368,8381,9295,6805,6485,1086,4706,5353,309,2721,8116,8180,7190,8536,7716,7041,8286,4558,7735,5249,8786,6779,9625,1538,8317,9727,7792,3181,164,6324,790,8470,9026,4016,5598,369,1063,5167,738,1779,1870,6853,9836,7239,7191,385,4299,8033,2702,8077,7480,267,6782,5075,644,1626,4294,5908,9906,8539,2698,526,3944,4071,5571,8205,2830,1761,7049,6173,1646,991,8594,324,513,3233,6462,3367,1180,7873,2040,9190,6955,8885,5237,9357,1227,5114,7497,2313,7099
5066,2979,4373,4994,9365,1409,4872,6239,3699,9108,6126,9491,1248,7527,7977,7422,1303,4066,722,3067,7759,5562,8270,7123,739,7297,4491,1679,4052,8895,8012,9626,1326,5641,9728,8430,5458,8388,7983,7001,8086,8959,3216,849,4753,4708,1240,1528,5198,3991,6061,9387,4298,5743,4464,4783,2718,3182,5916,6962,3533,4011,5479,1288,1330,1489,3712,9008,8479,197,2612,872,5856,1868,3648,4895,775,8824,3908,386,5668,8898,2939,596,6453,3147,392,747,2134,3940,9038,7980,7968,1925,9987,96,7086,4703,3160,2727
583,1386,1507,2285,9428,2144,8413,7365,5133,9259,7547,9492,2013,6937,5099,8348,413,1350,2580,563,8247,4147,6920,6980,5262,6752,1546,2909,2657,9379,6703,9627,6117,6452,9729,4884,1148,8183,7673,6818,8840,8273,4138,2689,7508,4429,6844,53,2014,3948,1455,9837,5179,4605,7551,3365,8279,1485,6442,1019,2870,7984,4843,1020,5403,6470,1419,6519,6049,67,364,3552,3409,2251,7031,944,1145,3112,4974,1267,4219,8652,1894,701,8955,6823,3384,3311,7601,7931,9171,4158,9160,8640,8442,590,6842,5697,5222,5784
3008,992,5340,1009,9150,4159,3115,3131,5681,9143,1611,9493,5540,5883,6349,5204,4534,1189,7369,5457,8529,3471,8197,5524,7406,4430,6549,2142,6234,9269,3582,9628,1579,1177,9730,3931,8084,379,5043,282,8585,9796,4073,5178,6513,7689,4924,1845,5878,4001,5969,9838,7668,5404,3933,2819,8819,5579,3257,5906,990,6261,2143,577,6759,5227,7741,9907,8611,79,793,1130,4322,3239,8091,461,2291,1688,1133,794,1346,7860,302,1910,2567,7719,4915,2555,5009,352,8318,6865,9330,5511,7883,3198,6008,6900,6614,5592
3521,4758,1275,2788,9429,4094,7525,5537,3971,9459,6233,9494,472,5611,7254,8647,1950,2063,6033,1884,7897,4659,4297,2081,1642,5617,2447,2371,3453,8351,5940,9629,4022,7204,9731,8069,4045,6831,5363,7819,8156,4996,4733,1026,7943,1550,5594,1089,7630,240,5828,8678,6657,2127,4347,2900,8767,1242,5268,7120,429,4422,7264,1861,2553,7088,810,9308,8502,132,414,5456,2250,4402,4214,3506,6589,9145,7779,3632,3337,8417,1652,1097,5035,2405,1613,955,3092,3540,8940,6581,9233,718,9988,492,5188,3192,4468,2760
643,1502,890,3752,9430,3706,7122,6894,6881,9333,7451,9495,1157,8154,7596,8581,750,4927,2606,2029,7671,5928,4520,4148,7252,6641,4713,1991,3435,8628,4436,9630,8209,7721,9732,3226,2320,6748,8556,6368,9075,8625,4197,2884,3821,8013,6050,146,1964,3877,986,9839,2828,4936,6897,415,922,401,6504,2799,5580,5360,2137,805,1264,6973,1874,3804,5221,552,1261,5052,3992,3156,8365,243,791,2268,4028,3958,1995,8703,1960,842,8465,7207,2529,4701,4301,4496,9948,8038,9241,6046,8964,1160,3837,6060,5390,6710
12,15,17,28,62,127,1103,4361,3102,9050,7745,9496,5470,8753,8760,6209,6222,5629,7154,6575,7996,2498,8020,7698,6097,6608,6223,4909,3386,9337,6728,9631,8997,8896,9733,8814,8972,9155,8468,9024,9033,8609,7289,3640,7611,7346,3176,5005,8716,1777,6130,7152,8066,6325,8748,1252,9307,3913,4947,6136,514,7825,5538,3618,7699,8849,1304,9908,8739,3272,7826,6738,2714,4118,7275,7380,6345,9159,8300,3043,1390,7713,1701,3793,8411,6454,683,1704,6922,3854,9949,8448,9967,7927,9989,6605,8245,4601,7345,6147
685,1879,1574,5795,9083,4712,3498,5777,4937,9260,8603,9497,1932,1539,8656,8224,404,7746,1128,5531,8006,6185,7051,7488,3576,5809,1774,1817,4714,9338,2156,9632,4964,8253,9734,6129,1173,6672,7635,2859,9144,8363,6516,4221,4025,4099,3426,72,388,5547,348,9840,5569,1299,5250,2916,8112,1887,5699,2479,1412,7820,3714,581,7016,4167,2321,6420,8094,1475,3609,1873,2044,4306,6725,174,5654,4503,4441,3322,2139,7684,2995,249,8665,3558,1515,8251,7042,3348,9253,8060,9039,8673,8216,1233,1417,6263,4757,6789
582,78,229,1469,8123,2541,7302,8263,6468,9072,8118,9498,6632,7433,8627,6600,2368,8207,3785,4004,5462,6986,6110,6774,2390,6296,1532,6011,3004,9043,8386,9633,2288,5424,9735,1832,2067,8093,8460,1428,8721,9382,6646,3118,4375,8128,4378,113,1108,962,449,9841,6042,948,1633,3206,8062,1594,8132,5799,5301,7849,1936,1168,4813,3739,2645,4481,7863,834,2284,1035,4539,3173,7934,124,6963,2807,5461,1396,574,9133,1100,1132,7578,4902,4933,8485,7326,7753,9354,8347,9968,9029,7585,1914,2896,4721,6930,4050
1943,1543,2847,3334,8402,2303,4890,6740,2254,8570,4878,9499,1644,1888,8666,2856,5058,6378,4268,5141,6711,3770,6374,1850,2345,5915,2872,4277,4962,9003,8031,9634,1635,7450,9736,7308,5876,3075,8051,4876,3227,8445,3203,2150,7390,446,3359,3243,4750,1714,897,9842,7475,3360,3953,4417,8723,983,6194,4887,742,2504,3177,453,7661,7357,3340,9395,8488,185,926,3522,5633,5140,6329,1795,4549,5040,1573,1131,3214,9180,365,2100,2766,3375,1371,3511,4351,6610,9061,7935,9317,3199,7250,3084,1655,1859,6123,3541
1560,2078,1729,1318,9431,5871,6945,8534,4866,9369,8231,9500,428,7602,8583,8246,931,3760,1179,359,7978,4836,6689,7939,2635,7726,2448,2208,2946,9339,5255,9635,7917,7340,9737,5853,2732,7053,8830,5156,8518,8547,5662,1285,5845,6956,5425,158,545,2936,719,9165,1067,2524,7075,3371,4869,934,7098,7143,729,6317,4899,2192,1029,5646,2638,5420,7624,585,1441,3129,4589,2069,6534,344,1609,4847,5463,2196,1501,8557,2328,598,8910,3962,1614,2723,6569,5488,9068,8412,9199,7642,8952,1381,6772,6115,6463,2888
605,109,1915,1142,8836,3811,3074,7463,2798,9370,6888,9501,6851,3034,8449,8683,1537,4258,2551,5241,6540,3625,8455,3567,7100,6083,7069,4260,4667,9018,7359,9636,7272,4526,9738,7521,7399,7237,8554,6750,8841,9272,6806,5588,6941,2017,3153,1625,6572,1556,3061,9843,6892,5513,6461,2422,4097,4471,7754,6107,1448,2057,2214,625,7523,3614,771,9909,6652,58,2054,1802,675,1270,5988,2197,1159,5283,2222,3868,4061,7752,1146,4208,8789,4225,1669,3281,3269,1819,6017,7789,9969,444,6559,206,6434,2587,3596,3726
556,1743,2568,4156,9432,497,6943,7078,5505,7846,3873,9502,460,6817,7445,4772,534,3044,3880,5128,7732,1600,4630,3715,4959,5354,1760,4568,3064,8916,7114,9637,6306,7244,9739,2038,954,8517,8816,7948,3163,7423,4873,3935,1983,8090,5827,212,4355,1940,3568,9388,4722,5226,6074,3677,2592,525,6501,6568,3907,2027,1977,1018,3347,5685,407,6729,8484,427,673,6410,3254,3057,5016,2170,2351,6206,4047,3313,4826,8831,4615,604,8352,7591,1619,853,2507,7146,9403,6332,8588,6262,9030,2318,5925,5521,5115,6800
1544,1941,2742,4571,9433,521,7027,5657,5203,5469,2604,9503,462,5386,5812,1946,1730,6499,4216,4374,6877,2713,2110,5135,4062,4858,1043,5380,3981,9270,7725,9638,5731,2133,9740,6170,419,8787,7253,4987,2149,7929,5443,3694,3584,5446,4394,397,3657,1823,4621,9844,6668,4067,6696,5426,6812,263,4860,7296,2492,1746,285,882,5987,7404,1653,7829,7945,1297,1140,4569,1636,3341,2349,2814,6637,7985,7008,6613,3472,8531,5945,981,6760,2735,1430,1070,2392,6654,9181,7691,8759,5336,9205,3420,5194,1984,4465,5003
1037,2468,679,2289,8597,3559,3977,8301,6778,8941,5804,9504,4267,7666,2682,5247,3986,5118,529,6868,6810,5385,6730,7168,5724,6143,3318,5716,1776,8784,8026,9639,7262,4310,9741,7269,3060,3547,8469,844,7079,9079,2945,1961,6517,7587,1810,188,3357,3126,600,9845,5213,2844,3797,4213,6119,2806,7571,5642,4447,7094,3438,904,6874,3151,4913,7387,5539,565,1599,873,1602,2957,7229,74,1857,7376,5903,573,2664,8398,2451,681,8608,3982,1909,6120,4827,5168,8041,7344,9355,6040,8732,2901,665,4229,1800,3756
4686,1045,1429,2770,9434,6739,6694,7790,5023,9293,7876,9505,1314,8024,8167,8172,953,2155,4135,371,8103,5600,7868,7542,1947,7493,1755,2905,4911,8989,6644,9640,5258,7994,9742,8778,7839,7193,8353,6225,8599,7478,4770,538,7925,653,4104,726,6906,3048,5647,9158,6716,4079,4839,3045,8462,1190,7374,6673,411,2535,5199,1975,1738,4338,1726,9054,8338,66,356,2278,4440,2720,6974,4699,838,6829,5500,1024,6062,8740,2731,1938,8249,1709,804,260,3654,1924,9329,7992,9148,1610,9990,273,6483,3090,6023,2430
5825,6283,2109,3113,9366,3956,3546,1949,4342,8598,4311,9506,854,5978,8991,5738,3121,5778,2128,2921,7278,2437,4764,7097,3331,3819,2186,3753,3660,8825,7740,9641,8590,7880,9743,6811,1280,6775,7920,7246,3542,7912,6647,754,6965,8010,2662,1785,1447,1976,3737,8983,3095,6375,7367,1161,1309,366,3644,6520,335,5645,2651,796,4664,4385,5342,8356,7248,337,3478,4357,3786,2493,4716,2198,3021,8756,7195,6815,2649,5368,2881,252,8408,3295,87,2571,2420,4594,7370,7783,9139,3620,9175,1465,5175,3751,3794,1144
2432,667,2724,3550,9084,3850,3515,7963,4788,9371,8499,9507,5033,7487,5639,6057,4196,7579,5541,2661,8064,6082,8143,7452,6727,7093,5762,1865,4642,8708,4983,9642,7890,7838,9744,3399,765,4480,7914,2241,8833,8606,7186,1772,4113,7511,6372,394,213,4162,277,9846,1866,4175,4689,3265,620,195,5187,3195,2659,6664,1953,179,3771,2960,4697,5142,8113,1015,2853,2294,1074,2126,5397,474,2158,5718,6949,6609,2098,6855,6027,238,6998,2264,1577,8731,3899,6352,8319,8596,8728,4975,8342,2035,4606,2740,4787,3201
2908,2245,6735,4048,9435,2433,6096,4383,6284,9460,8142,9508,300,4204,8055,7568,1195,6992,6327,2370,7877,5517,6852,4717,5205,8241,4323,1166,4793,9052,6915,9643,5008,6719,9745,7522,3710,2618,8302,5844,9232,7807,5074,707,8133,1295,5464,441,1853,1121,4900,9847,6456,5570,7906,7138,2374,493,7420,2213,1503,2845,1495,295,2581,6314,705,8548,7348,110,714,4608,5717,2090,7459,1041,744,4445,6794,511,6709,8503,1681,1147,3851,2808,1862,3839,3447,2389,9281,8034,8668,3972,9408,826,7861,5394,4546,5593
3781,343,618,4865,9176,4089,6319,5900,5755,8958,7852,9262,1567,8025,8615,8083,3202,7446,3445,1848,7772,4478,7605,7315,2181,4773,4474,5707,4832,9572,8242,9644,4840,7224,9746,7429,4398,6983,7489,5037,8076,7785,5895,898,1044,841,3600,784,2930,2940,3647,9213,7161,4805,1912,5958,8693,1335,7441,4817,131,8431,555,276,6796,7808,6031,9009,7085,45,3863,515,2220,1278,6166,2809,2751,8713,8436,1431,4142,5245,783,942,6007,5302,387,3742,6733,6676,9191,6861,9140,7481,9409,593,1048,3469,5582,2398
222,501,485,1310,7955,3553,6232,6816,6199,9127,7118,9509,3405,6626,3413,7499,1603,6305,1578,6871,6105,2412,6133,6802,4745,6174,5263,3325,3777,9340,3882,9645,7026,6601,9747,2331,3727,5981,2477,4694,7439,9212,5544,5219,7949,1842,3495,1373,7474,2773,1235,9848,5267,2431,5138,3704,5407,1952,2994,2998,2631,3143,628,1129,7265,2917,5288,9252,8702,2684,2630,2548,4014,3729,389,3000,1112,6771,7663,5393,4925,5870,969,1780,1462,5950,641,6254,5847,4685,6381,6430,9970,4934,8920,1900,372,3040,4111,4035
5671,1493,5701,3066,9367,1254,5737,3345,6508,9334,7976,9510,1007,7038,8707,8371,4313,6051,6524,4680,7672,4599,8258,5616,6995,6824,1790,1775,4303,8763,8236,9646,2594,6411,9748,7881,3106,1294,7010,2644,8722,7598,5503,997,5493,3068,4841,205,1453,1282,5186,9179,6464,4856,8027,3372,2161,321,8294,694,1702,4920,2018,48,4763,6022,2265,9064,6142,336,1526,2887,5589,2481,6968,1096,1328,7898,8512,3599,2678,7334,1566,247,2452,3140,1623,4412,2986,6899,9011,7850,7398,6168,9358,623,6903,5000,3343,6063
22,34,55,436,2395,1740,1742,8472,1210,9461,8790,9511,5620,8688,8403,7386,6028,4090,7225,8322,8467,8240,8616,8312,7869,5710,7127,3636,7023,9246,3978,9647,7843,6790,9749,8377,1311,8042,8725,557,9301,9797,7655,3448,7014,8582,5747,539,975,7979,120,9849,5379,2730,6158,6669,4168,821,6135,6267,7184,4068,5382,1198,7958,7212,6494,8930,8845,265,2148,3363,4201,3003,7537,191,4397,7178,2968,1994,519,8637,4358,440,8891,4523,3705,6521,6573,3412,9069,8256,9406,3570,5793,4849,7720,3381,7798,6276
49,170,380,756,7285,2975,5431,6547,4040,8196,6487,9512,2087,7413,8056,8080,5240,7371,4095,4136,7854,3330,7501,5896,3385,391,1684,5550,5437,9164,1509,9648,4443,7268,9750,8521,2325,3688,5314,2564,6635,8324,6249,4687,8228,8378,3795,512,5556,937,1151,9850,8085,3894,8190,6636,734,3422,7343,7694,3914,5961,2333,251,6313,2755,6793,9396,7509,1416,3674,3968,6659,370,4698,314,4433,8745,8130,6754,5184,7916,5082,671,8686,1672,1700,6447,315,6104,6969,7391,9001,5515,8383,2752,4822,2384,3079,4692
1667,3930,2665,4678,9436,4572,5719,1906,6019,9462,8295,9513,7615,8337,3911,7460,3291,4165,5808,2189,8542,6264,8567,6192,5621,8235,6564,1650,5929,9573,4119,9649,1756,8014,9751,6476,544,3551,8392,3128,8617,9200,5171,3796,5287,6691,6976,59,209,6202,835,9851,663,4906,2843,3627,530,1220,7173,2474,298,7576,3975,166,6924,5944,6315,6502,6880,442,4286,1723,1243,617,7352,1253,3108,7743,8367,5970,2290,7626,5726,160,4857,3976,764,8400,7908,5634,8990,8415,8552,5548,9017,259,5822,3799,3866,5688
1630,2741,3344,4190,8230,4595,7526,8681,2822,9463,8813,9514,2375,8162,8050,8115,2277,7678,5304,3222,8482,5601,7952,3406,5573,6835,4910,1404,2534,8923,7424,9650,3232,4460,9752,5485,2487,3046,7490,1306,8906,6663,3676,2310,5877,3505,5355,89,692,2967,656,9852,1422,3895,2440,3073,3862,353,7787,1634,481,8081,3898,383,5111,7486,7325,7368,8281,2616,1973,3693,5920,1508,8644,118,6116,7990,5495,3556,959,7221,1231,384,1053,4149,1120,8101,4921,8048,9950,8102,8569,8868,8453,430,3026,4948,4521,3274
5357,601,4317,3523,9437,3430,3145,3425,4737,9177,7531,9515,6746,7333,5705,8220,5775,5059,3602,4391,8278,3486,4499,5954,4087,7558,6277,2056,5885,9574,8369,9651,3270,4096,9753,7884,2613,5744,8232,4470,8373,9196,5948,1632,6439,1607,6113,280,662,6957,2391,9853,1178,7205,8447,6373,868,1456,5465,1889,433,6898,3388,133,3778,2805,4829,9910,6471,57,3152,2380,546,230,2319,4101,1300,8254,8414,2226,5829,7381,4882,237,8667,4088,1442,7951,5664,6121,8391,8331,9012,3989,9991,431,7770,2472,888,5512
6131,6599,816,4482,9438,3105,5436,7236,4152,8257,4182,9516,375,6240,7828,5733,3071,5669,1668,4755,7314,3565,4340,5574,2666,5254,1064,4210,1171,9178,7294,9652,8376,6156,9754,5854,3300,8410,6704,7722,4446,8328,5381,465,4304,7411,2280,3594,5889,947,4774,8747,7362,6141,6038,2024,724,1054,3861,5741,1665,6318,2039,1230,3700,6221,4110,8624,8106,172,4063,896,3720,3130,3789,3865,2530,7841,6207,4864,2409,8559,1807,122,8255,3123,125,2336,2489,5759,8161,8238,8800,1154,9288,634,5818,4346,2933,3800
3429,1014,5680,4711,9439,2394,6486,5952,3721,8872,6985,9517,284,7687,6309,3355,837,6301,5599,2429,8500,3312,7715,7322,3059,8344,4008,2002,2475,9154,8475,9653,5155,7323,9755,8272,1908,8171,8764,5966,7170,8419,4597,1398,7505,3967,4591,83,6275,3689,2488,9854,3887,6841,7400,3629,1245,1050,7065,1923,1072,4172,3924,288,5696,4696,1536,9103,7821,65,1111,2025,3925,286,6474,3825,377,8330,5584,886,6075,8182,5411,702,7905,2322,1223,2622,6181,4896,8746,7491,8553,6228,9149,399,7833,5730,3649,5335
5774,2416,3410,3577,9440,5230,4679,3563,4174,9372,7535,9518,5888,5866,8473,8099,5689,6310,864,1055,5675,2918,5884,5702,5546,7448,1010,486,5153,9186,7494,9654,6761,7454,9756,8288,682,8175,7373,5630,7769,9798,5238,1641,6045,823,2103,651,924,2932,4419,8527,5943,6328,7583,5859,2191,3441,4100,1123,802,5783,3303,505,4151,3667,5098,9166,7804,225,3016,1276,257,432,4998,4376,1569,8451,8798,1088,6603,7921,3462,1362,8884,1397,1895,3730,4029,4776,6864,6346,9971,5833,9410,168,7647,4109,4414,1484
1302,1200,1332,2239,9441,5412,6715,6347,7165,9235,8589,9519,422,5721,8520,8316,499,4259,2097,2469,8543,4334,7649,2282,7502,7449,5980,2112,2230,8935,6565,9655,6840,6224,9757,4010,5772,2545,8538,5933,8571,7519,5345,4654,6571,5163,4554,418,1843,3350,2517,9855,2424,4622,4894,1384,7782,637,7728,964,3258,2719,1970,700,1499,3658,575,6682,6509,1152,426,4785,3630,4963,7875,138,2247,1107,2005,5904,4272,8314,1445,1728,6467,5507,4953,2579,6522,4284,9240,8555,9013,6338,8333,1963,4498,3370,7245,1446
5899,839,6047,3966,9442,4744,3707,1875,4077,9151,7180,9520,4292,7218,7306,8135,5146,5953,3236,3009,7616,3525,6479,4393,1155,7817,7106,2052,4854,9575,8395,9656,4563,6939,9758,8104,1066,7273,8393,5305,8568,9383,5692,1138,5017,1854,5561,175,595,5089,1273,9856,2456,7021,7280,7660,1345,3245,4881,2758,231,6533,3069,202,4710,3023,5438,9911,7458,63,3146,2147,476,129,5308,4250,1585,9010,9228,1481,7476,6777,6475,305,8971,1661,1789,7208,5348,5959,8082,7664,9047,4739,9992,520,7312,3934,1820,3065
666,1286,68,3524,8729,3509,2172,8011,4620,8812,3859,9521,5852,7110,8359,7500,5189,7554,3591,1031,4003,2454,7468,6839,5779,5525,4656,4269,1387,8992,2219,9657,4762,6803,9759,4578,4798,3089,8176,599,8631,9187,5103,3097,5746,1283,4356,524,60,3205,781,9857,4217,2238,1400,2008,7832,2952,7594,2231,4235,6828,3988,1349,7201,4295,5244,5667,7330,2061,1420,627,3806,3032,4265,54,5962,6303,6337,3926,2279,8434,2931,1678,7794,5771,3078,8052,6308,6804,8720,8524,9182,7231,8724,3529,3231,4506,7318,2924
424,527,182,3574,8276,2324,4666,9006,3876,9373,8454,9522,4641,7608,9153,8404,2055,7965,3844,5843,6379,6455,7024,4903,6098,5057,3814,2999,939,9576,7727,9658,6154,8111,9760,4179,1988,3728,8177,1571,9034,9129,2314,5472,4771,6592,4547,126,494,2802,516,9858,2114,1920,1192,3621,7749,2120,8307,740,2690,7070,3683,1099,7062,4263,3662,5823,6087,1260,1521,2184,3884,1271,8439,46,7695,5306,3998,2617,674,8659,2781,795,8018,6246,2311,6907,7561,5693,8053,8428,9972,7067,8088,2679,2642,5010,7092,4990
1076,732,788,1212,9206,3656,6148,7482,7293,9062,8127,9523,2996,6548,3807,8089,221,7267,1427,7111,8004,6671,5577,6951,2463,5756,4212,4617,5210,9100,4392,9659,558,2045,9761,2516,7469,4354,8394,5658,8649,9114,6588,4574,2423,741,4161,1713,5349,4867,761,9859,5180,977,4271,5160,8267,2356,8218,4997,208,8572,1989,192,6697,2942,2377,8968,8122,2253,3393,1841,1916,2387,4249,1013,502,7220,5276,3010,2749,6847,763,2461,8626,4950,2292,6095,6597,5053,9000,8147,9318,8019,8028,1184,594,2640,5835,5215
2073,4389,1082,1033,9443,2236,4469,6252,4276,5045,4893,9524,2681,6539,8360,5586,2725,2358,194,5683,7904,4031,5107,2178,2780,2833,1092,5864,562,8022,5100,9660,7760,3585,9762,6512,7430,8074,8817,6742,2963,8998,5414,5088,2359,6947,1902,1102,6395,2260,1584,9305,7291,5841,5216,3477,8260,1696,5766,3613,1705,4905,5034,878,3107,4671,5193,7425,5510,2466,2295,3780,354,1356,6016,1786,4505,7982,2738,2091,2082,8269,3289,1487,6934,6675,220,2495,1011,5416,9093,8545,8578,2135,8320,875,6506,4236,5851,3403
395,306,768,2037,8045,4736,4266,4782,5712,9185,7853,9525,1307,6109,7588,8458,6041,6488,6210,3504,7233,2965,7155,7483,4364,4343,5837,2513,5224,8911,5367,9661,7812,6489,9763,6311,5094,2654,8444,6700,8519,9035,5359,970,6363,7183,3387,814,1778,2922,2484,9088,3896,7240,7029,2009,825,1762,7533,3463,999,4176,2560,459,6159,1904,4326,9045,5434,73,1214,3635,2121,1561,6753,2701,1435,4085,8633,1727,4509,4645,2771,245,6197,2791,2089,2774,4307,4194,8507,7765,9048,4923,9993,2021,4273,1917,4134,3549
6801,2480,3843,4458,9444,881,5405,8114,5341,8621,6256,9526,452,5490,7338,4507,489,5020,3670,3560,7682,3942,6834,2194,2272,6525,2857,1224,1360,9128,7837,9662,2914,7134,9764,8422,7988,4580,8036,7162,7234,7504,3920,4462,7290,423,2827,1078,5096,2950,5773,9389,6763,4781,2671,7056,8974,1581,5936,4709,1474,6989,6972,1342,5350,6849,3768,9309,8424,135,938,2680,5575,2801,6543,1748,1126,8206,4550,635,6557,8799,412,439,4032,2776,2151,1637,6450,5139,9951,7117,8654,3611,9289,103,4403,1073,2393,1905
1215,1256,1792,2703,9445,687,7731,7956,4333,7823,2759,8936,93,5750,2948,1012,568,5170,971,7936,7969,1554,5150,1897,2842,4127,1736,5722,420,9300,7339,9663,7299,6437,9765,1305,5618,7182,8873,7324,2826,9076,5242,6832,1957,7683,7580,745,4543,5858,2675,9860,4242,4379,6030,3431,8999,1433,4842,4432,5991,2465,1296,2538,2608,5364,1187,7006,8612,2104,706,5902,1919,3984,7915,1557,1597,3526,2570,6482,3964,8750,4098,537,6584,7175,3210,1891,6056,7462,9138,8201,9287,5208,8308,4702,2867,819,6670,3467
76,108,360,410,6606,891,2329,8035,6574,7879,2610,6970,2958,4583,3783,3784,3342,2595,762,6132,7652,5973,5423,5690,341,4567,3716,7136,2756,9109,7298,9664,7870,5333,9766,6020,7484,6749,8486,4399,6139,8897,4451,5956,1555,7809,4026,3974,3178,4105,4185,9390,7944,6961,289,5782,9089,4169,6175,3906,5259,4779,5260,1222,6708,5528,1002,9397,8719,1449,176,4542,4535,2306,6271,6108,5736,4821,4977,2235,723,9134,2467,3965,7729,4992,2494,4877,6530,2317,8008,7077,9973,7153,8358,1869,1176,4538,5062,767
7734,2168,3497,2556,8124,1928,4949,8497,6722,8674,6477,9527,2559,6590,7896,7125,4406,6355,2815,4918,3519,6503,7653,3087,1460,5271,6617,1025,396,9577,8120,9665,398,7654,9767,7145,6387,1281,5509,3494,8861,8878,3150,3963,4904,140,1247,3396,1143,812,5417,9861,6921,5293,4533,689,7226,3954,5937,2353,450,8126,6383,181,7266,6948,6732,9912,8593,1660,1997,3740,2894,2983,6909,631,7426,8855,7991,5143,4747,8614,147,1783,550,2923,1733,8437,5149,5820,8310,4810,8399,8222,9994,571,1141,4316,4055,1118
7567,6594,1113,4740,9446,1759,5090,6354,4530,8602,5786,9528,933,7039,9335,7198,892,3879,2573,2906,7710,4681,6616,6480,2224,5274,3709,2399,5497,8795,6288,9666,4657,7176,9768,8418,5492,8563,7953,8070,3661,8144,3691,746,6780,4734,3459,4153,6901,850,5487,8919,6473,6768,2941,1263,3666,772,5468,7108,1250,1355,3890,1703,1463,6336,2785,9188,8169,187,2023,2261,2174,2326,6797,5280,2554,8146,3264,3569,4485,8007,3183,232,6307,1699,161,475,1872,4183,8346,8695,8886,588,9995,279,7738,5257,3593,2118
6755,4245,443,3450,9447,1993,5863,2542,4381,8068,3538,9529,342,4401,9117,5401,2658,5713,1624,6591,6295,2482,4160,5768,2910,2182,3319,5613,1711,8675,7438,9667,6882,7766,9769,7300,3532,7115,7831,7341,1334,7793,5802,851,6413,3383,2956,4587,4508,630,4492,8325,7612,7228,4670,2119,8341,799,4283,6350,292,6529,5039,2846,7005,7973,4278,9226,7690,367,4348,4749,963,3263,5162,5334,7878,9227,7276,5989,2418,5104,1022,111,5796,4723,50,1486,1803,4366,8001,7623,8863,1926,9996,1008,6773,2993,2117,2926
6538,4675,576,473,9448,2705,3735,6655,4961,9218,4823,9530,322,5914,8168,3575,5113,6596,5706,6069,4145,2080,4809,8159,3088,4426,3983,5533,4177,8810,6645,9668,8287,7758,9770,7378,535,6762,8701,7617,3039,8509,4091,274,7320,7600,4820,909,3578,649,5225,8770,6100,7260,6189,2506,1793,483,3690,6822,403,4618,4528,151,3888,4742,3321,9310,8523,198,2849,1468,3062,2223,5968,3835,3646,8803,7974,7238,1568,6178,3776,106,8662,3165,178,2962,3864,6091,8573,7050,8762,4875,8777,3919,7553,4002,4479,3496
7305,4140,866,5048,9449,4106,3801,3015,5913,9152,7166,9531,1059,7573,9195,7942,1325,6291,1425,2204,8375,4609,5684,7957,848,4051,4919,3820,5923,8648,5325,9669,3278,7855,9771,7818,4658,8075,6895,8158,6029,3947,5286,346,7366,4815,2546,3047,1657,1277,5791,9097,5921,6958,6764,3588,1666,862,7540,7603,340,3580,5261,619,2693,2708,5494,9065,7999,271,4566,2342,2873,2166,4466,4331,3616,8864,8407,6449,3443,6863,1885,145,5061,2688,81,1773,684,5440,6304,8283,8680,4766,9359,482,6935,3921,3518,910
51,115,554,434,5649,2323,1575,3029,6555,9073,4693,9532,2031,6348,8311,4522,5727,4981,6191,4425,6622,870,6163,7784,4946,5285,5532,5395,5578,9578,8023,9670,8495,8136,9772,6266,533,7354,8501,7565,1822,9130,6767,564,6891,8650,3019,3120,2199,2283,5346,9862,3449,8456,7796,5402,1079,721,7149,7457,1343,6545,1847,219,6833,1562,5504,8912,7995,3275,1434,2444,1931,1737,1388,3885,1763,9037,8994,6089,4275,7865,3723,2175,7764,6745,751,4215,4476,1673,7327,5105,9407,3684,9997,2591,5898,1036,4320,3826
7556,5624,1185,3389,9450,2588,5001,2396,3215,7909,4935,9533,1694,5938,7609,5478,3665,5583,1784,5030,6931,4044,4804,6660,2015,3415,3305,5297,4369,8492,7800,9671,7419,5272,9773,6996,1478,7140,6552,6917,3175,8340,5781,1032,6720,5602,2765,3595,2683,778,5723,8883,3883,7676,3306,2961,1039,727,4377,3155,560,4556,2068,1707,6144,5930,5389,9216,8374,215,4312,3397,2578,2146,5983,3903,5207,8969,8496,4825,2576,8016,1559,152,4705,4673,123,1506,1677,5519,6122,7599,8887,2704,9194,731,6634,3502,1531,1183
52,157,1170,1406,7697,829,6726,6875,3802,8783,6300,9296,1172,7539,5125,4883,813,2332,3308,1863,7447,5560,5807,4768,1787,8017,3774,2007,2050,9579,7549,9672,6322,6981,9774,6982,2083,8859,8860,8489,9112,9102,4668,4888,4427,7803,3338,200,3094,4984,3687,9863,7047,6893,8184,6079,3179,3250,5924,3744,3419,5192,536,2267,733,6443,752,6423,8550,235,1750,4456,5316,1846,6406,2677,1191,4870,5881,1236,6714,8944,3401,1582,8452,2141,2077,3871,3036,6523,9282,7107,8751,4830,9256,616,5421,6856,4993,4370
6706,5083,1393,3119,9451,3488,3404,4367,5004,9464,7337,9534,3869,7408,6149,5284,6551,5990,5064,2874,7434,3642,7555,7622,2869,7192,6648,4814,4952,8429,6987,9673,6407,8092,9775,6712,2549,5050,4108,7119,8822,8250,5763,112,3938,7187,3761,3545,677,985,3809,8717,4677,7309,8225,4756,448,925,4930,5682,313,6405,3424,310,3461,5181,3603,9167,8511,153,2206,811,1368,2293,1818,4163,2911,8970,8842,5545,2803,8274,1436,98,6580,2964,144,4674,3402,5444,6507,7328,8979,4625,9041,828,5801,2203,1535,2643
40,70,41,869,3174,2902,4252,7336,5063,9244,8785,9535,2670,6918,6385,7902,2065,6994,478,3957,7739,5338,6367,8057,5587,7256,3082,1951,2382,9341,6916,9674,5564,8630,9776,2528,5095,8046,8478,3932,9790,9799,6873,5886,2860,7440,6394,165,686,4428,879,9864,3027,1213,3261,1391,4076,2614,8129,4565,4944,8329,2536,1782,6066,5269,3597,4449,6445,2162,1752,2746,5251,3476,8366,121,7174,5295,4187,4319,680,9091,3535,801,8560,7091,3590,8532,5318,7780,9952,8758,9974,8809,7286,3452,1621,4957,7834,4941
5459,1513,3508,1519,9452,1580,2851,6169,3612,8922,7135,9536,3870,7377,7799,8876,438,2438,3134,678,7910,4636,6747,7634,2522,4349,1552,1851,5911,9220,6731,9675,3332,5740,9777,8792,4246,8355,8153,6361,8108,8522,3186,919,6065,2202,1629,542,2663,4828,5315,9224,7631,4007,3098,2190,8743,1376,6043,5191,2346,7674,2745,2711,7189,4372,3722,9913,7641,42,1937,1004,3950,1913,6527,5700,2503,6429,5748,201,5428,8275,3432,779,8982,2985,1605,540,4593,4133,9105,5399,8880,4862,9319,97,7520,6950,5643,1237
2762,312,1181,1482,6927,3492,4288,8223,5450,9465,8284,9537,688,5246,7993,8148,3995,7506,2582,6640,7747,2122,8641,1104,8155,1491,7610,1829,3361,8902,5826,9676,3973,5206,9778,8217,6412,1687,4207,4611,8943,9004,4360,3356,3240,698,1206,3022,6258,3025,3031,9865,4431,3172,400,4868,7148,4321,7124,710,1344,5907,4012,262,2532,3122,6562,9914,8151,1000,467,4274,4124,3598,7538,645,4970,7959,5655,2262,3109,8653,254,5236,1038,1808,2865,7815,6667,6979,9314,3166,9975,8843,9106,1570,1654,994,5776,6392
3838,1545,843,2176,9453,2043,5992,3421,3945,9085,2476,9538,1827,7442,3633,2193,233,2512,2891,5857,7970,3132,6237,4811,3886,3414,4368,5102,3193,8866,8208,9677,7543,7216,9779,4390,5565,6426,1201,6997,5558,9044,4789,1052,4590,7295,3159,676,6469,1982,2385,9080,6242,4648,5060,3139,1712,2048,6490,1606,1739,6651,1457,1006,5605,6886,5264,9104,8233,1363,967,1269,3979,1856,4623,496,4901,7317,5648,6081,3255,8661,1451,2020,2984,3012,642,4251,4344,4345,6358,7692,9192,2691,8425,2944,3842,1542,5006,4922
6619,4405,1194,758,9454,708,3901,5997,3708,9294,3316,9086,4125,6809,3111,2539,846,3304,2904,4954,4078,2779,5734,6160,3881,2363,3268,4122,2575,8292,7319,9678,6211,7455,9780,6695,3860,8306,6577,6362,4799,7786,2434,316,6879,4650,3154,1754,5976,1903,2246,9021,6335,7350,7435,3351,1351,1591,4588,852,906,4955,4018,1056,5232,3589,4914,9398,6172,833,1336,4262,2386,2076,4672,4775,2327,8058,8699,1533,2734,7922,2619,2949,7960,6217,102,3980,3271,5830,3276,4170,9161,5917,9411,832,7427,2519,4494,3507
7708,3581,982,4490,9455,1547,5413,1590,4020,8309,4335,9539,817,5036,8409,5848,1361,5963,234,5994,7068,4778,3133,6013,1480,3072,2823,6112,2400,8271,7575,9679,3161,3561,9781,7464,4912,7392,4725,6932,2180,8065,4682,2981,6556,4006,2153,3872,2252,488,4966,8848,7471,4223,3816,4663,8929,2138,5890,5673,484,7810,6966,4070,7095,7998,5275,9915,6446,1266,7283,3366,1530,2458,6433,4418,7141,8030,8510,6583,2296,7467,559,117,916,6911,64,2561,658,4189,7762,7632,8957,3941,9141,374,6388,4308,2163,1978
