-0.137288136479224	0.267799821995153
-0.155935422077497	0.380730354428186
-0.282175175053196	0.751367353358258
-0.264004448086877	0.541417269811913
-0.36880817466905	0.895008876987874
-0.0245497389680643	0.0536214533995605
-0.163556575361542	0.787679588173625
-0.233707165331054	0.569000083735447
-0.0103500984694546	0.069462588813986
-0.256263536079465	0.610787225498212
-0.0119214018609407	0.0258889107231592
-0.18546284255856	0.433223626146098
-0.0106992520574924	0.0388910958435574
-0.00891360008318492	0.0294028908546068
-0.00936290062532521	0.0162476363072304
0.00175919571411982	0.224399639305891
-0.170156440080415	0.524823251900768
-0.179668928043415	0.713504736277799
-0.0358883600704132	0.0834569244170673
-0.00171295358033325	0.00764556297446931
-0.154262809367492	0.267005198410683
-0.17447007171865	0.372597560074675
-0.10235479072027	0.212864592917746
-0.152820200984727	0.252686849509983
-0.1000534318682	0.173208145813748
-0.321163514324601	0.901109237253972
-0.218694563924139	0.682833382810037
-0.229842147604774	0.470605037003601
-0.10325374722611	0.296341019841554
-0.240094091446248	0.662338346527663
-0.0664906960279351	0.277832816602949
-0.0113269344226491	0.0245976480980444
-0.109388882532354	0.255279281498689
-0.0695158663583411	0.157202596308158
-0.287172103782734	0.893278358191399
-0.370420630739296	0.840732487002801
-0.256720160684106	0.832942298990263
-0.0691746490710316	0.125774390851154
-0.00939694702789627	0.180775833538297
-0.333720554667612	0.87159242681267
-0.0214953604868753	0.156226535143443
-0.293786412587138	0.809039766434662
-0.344193228662418	0.850931446858838
-0.209013996197261	0.670667488831873
-0.317018622948016	0.865724319124815
-0.359646168937941	0.754507497630718
-0.227525615321198	0.784330681092503
-0.215916468647134	0.724436322619163
-0.194585367997349	0.524235903928599
-0.106724954747588	0.296810549375237
-0.248851882328614	0.759452326719441
-0.255770896921	0.83760365399801
-0.0873952528069251	0.475897930280886
-0.132998162003939	0.311577924583689
-0.272202225396879	0.780069612788049
-0.244494374291112	0.550201532718976
-0.222571148013581	0.488087554174924
-0.177902407118695	0.403435290047542
-0.0412807007795603	0.126630301434233
-0.0716545800354995	0.301329663410569
-0.00670402429409109	0.066160478379879
-0.159194961398844	0.37906752205983
-0.298350706469878	0.873782805812992
-0.142329877806846	0.601665483075812
-0.186416114766736	0.586495240668611
-0.291913023847324	0.530946538331331
-0.195703306246455	0.493065716633914
-0.243536815910792	0.609141897130106
-0.22884025342839	0.674326786006676
-0.0105610666999442	0.024253829274313
-0.130159830864782	0.246346683172191
-0.0529890312506438	0.053889207858583
-0.0393224166516204	0.0728637126961606
-0.119651382724903	0.154972606706537
-0.226256711046228	0.564736813214519
-0.260964993773141	0.852368091503948
-0.055983794781218	0.115050401375517
-0.045621669207663	0.134977992141341
-0.0892511042088723	0.208838600213066
-0.0185000126466958	0.0369543612097192
-0.144997623720133	0.556799985763591
-0.07895885699973	0.18316973638068
-0.33691649502294	0.837965893058554
-0.104048900613991	0.311029292832783
-0.250113555203888	0.777421627832771
-0.0888278048023379	0.269438215628059
-0.0859804899779138	0.176862876506681
-0.0436451746661711	0.205973232544001
-0.0874026404028082	0.187807471743289
-0.32111666434796	0.830220597725811
-0.334534658604609	0.815690727067783
-0.167864015740688	0.580777416975422
-0.331716519216823	0.817677158420488
-0.158343129526093	0.559373430545378
-0.174646977711408	0.631100964160151
-0.362613681113616	0.748679082427911
-0.171391015131069	0.396272302922205
-0.372821120489313	0.825456288289706
-0.222688695896886	0.723933902084617
-0.325386818801775	0.897912361938701
