-0.704182849185706	0.901046224064035
-0.929122573278922	0.987094028138561
-1.51866785990933	1.80661954027355
-1.28697048351652	1.41653041293961
-0.314403532971325	0.373254619917987
-1.50810806043313	1.83711172469729
-1.1400191062975	1.40614447045668
-0.782807771070679	0.962879873786059
-1.7159801890594	1.93907344065797
-0.645618702317208	0.696351835752991
-0.972450300130712	1.09592871266087
-0.725718484099037	0.781240555046978
-1.0421589474087	1.13998935674935
-1.05402188755825	1.21290558054686
-0.66428066256897	0.700359034962157
-0.782793370975199	0.864344952484726
-1.62402120354518	1.8663019396675
-0.747313763892685	0.861236492292751
-0.447981668387071	0.745360991928787
-1.20686979066795	1.30694648932266
-0.906601188901757	1.01969550923024
-1.13736912659159	1.28341777115488
-0.961481428884983	1.146186038356
-1.15528444440887	1.27798294443976
-1.72283153878241	1.96766867662203
-1.61188419249745	1.88981588024942
-0.887556551444045	1.01646769110494
-1.29861212630501	1.51723095597722
-0.505065426074043	0.548997892764483
-0.326698803068605	0.419184656416308
-0.997557655518489	1.07516295735
-1.09597551173847	1.22089741586958
-1.84420075269093	2.11593712268646
-0.928590312650332	1.08612535501984
-0.772403744334279	0.839833277665676
-1.2138155676498	1.26351320111789
-1.50933582469042	1.79804149832952
-0.0578468769261261	0.0632026407242472
-1.75715501642586	2.05760691061587
-0.629499337472944	0.701207336788106
-1.56467958182661	1.69747844708193
-0.514508471480718	0.533950202185331
-1.20764461795067	1.38681642713816
-0.103213355681556	0.117594164591538
-0.602723918900842	0.698827309784015
-1.30430095879238	1.50445294058289
-0.432956717221818	0.675601129821538
-0.398715756754511	0.497945409039971
-0.956214718101863	1.26330682038531
-1.04436040883598	1.29518152731434
-0.943155643924955	0.979640875857808
-1.19724687160383	1.46370342145564
-0.955089156932139	1.22314816853459
-0.851897885381112	1.20893213823636
-1.19382495423479	1.47748023285897
-1.91233613200167	1.94551958633268
-0.726446138992204	0.681627775232617
-0.27659315943413	0.296462064200249
-0.109779054289371	0.127834109963493
-1.41813482905746	1.61420905315588
-0.28035066290847	0.265939287822454
-0.456039309996959	0.591622326994817
-0.851485884091189	1.01095813053395
-1.30805378989517	1.49331884071411
-0.85962412400713	1.02266987873905
-1.11525302563845	1.36435918434959
-0.620990872298929	0.689499883656802
-0.145235266304243	0.157658952973144
-0.93000420384342	1.04880314111216
-0.461079451199499	0.479399339885984
-1.78548643676371	2.08703582937767
-1.0262110359392	1.20309393643997
-0.661565263624565	0.789735146804076
-0.101536770769059	0.110505233888818
-1.11923110742963	1.25948597307944
-0.384903685230536	0.501902807535384
-1.4503666607874	1.72889310858446
-1.2225810315837	1.47573625925086
-0.656004524686067	0.715441314142995
-1.32602691308627	1.37582295375457
-1.20861539153035	1.38317811952712
-0.790900455170005	0.910778199201176
-1.80617487005292	2.04602886152055
-0.301185168838666	0.35575626960052
-0.781377340920216	1.05108301753497
-0.574724051255804	0.941525180124848
-0.0934634924945245	0.0767163967984416
-1.06661148860355	1.30938201924817
-0.169213282685409	0.197611584615835
-1.31585503559696	1.72167563712679
-1.74744929159465	1.99726999045661
-1.82813433987553	2.08353092433697
-0.129102982845975	0.15218580731067
-1.46112497132593	1.66300792811054
-0.197111865839884	0.230665983448015
-1.49444390899833	1.71453685049644
-1.36223496738545	1.60254095987906
-1.68298803034994	1.94109592392406
-0.0510576975935649	0.0572509427194609
-1.60381255251019	1.87137385783903
