-0.944991033297476	1.22357169461668
-0.205040970329778	0.211085583990489
-1.60308884944027	2.12443519957341
-0.902059315270063	1.17051554073531
-0.418022546852805	0.540117280663157
-0.934517925698366	1.19222416131587
-0.310443018287016	0.439500011588644
-0.690183930817003	0.841133882145332
-0.707577079230997	0.981605400613957
-1.36879593072465	1.75846486612229
-0.973591347850087	1.49129224963292
-1.21795155199347	1.6010158615128
-0.907858490865524	1.28144792401415
-0.893545013244785	1.2044777957184
-0.765743353528777	1.04697970159468
-0.557469523779692	0.552102882787768
-1.10193929361613	1.55463224138636
-0.713625104934019	1.01798719384846
-1.65286457602264	2.06222892297179
-0.737678037234256	0.916233372984182
-1.47797252652536	1.84845220406415
-1.60535238224825	2.10078121528731
-1.15354879885643	1.63326084319967
-0.885427211854019	1.21960376955717
-0.956979595283666	1.21557373656735
-0.999240384436357	1.27797643634624
-0.7850968710921	1.09671915748123
-1.47221715054084	1.98819788032606
-1.44920530809012	1.94937385495923
-0.961868462623929	1.2411987349599
-0.285741806988215	0.533976492741646
-0.164356860016487	0.180092730821388
-0.507841251757664	0.591898408889133
-0.626466247391238	0.639647295874807
-0.054442345212255	0.0516801402282506
-0.417291916231371	0.746931217959696
-0.786313254246849	0.843419164531416
-0.286554903386067	0.313068093002974
-1.26721063616614	1.73842180855376
-1.14917625106977	1.34026668760718
-1.16584918996041	1.71274719323332
-1.73780832476808	2.17864773300842
-0.544620959574355	0.733103126568615
-0.096091819316771	0.143730211795732
-0.742864654083155	1.04316893927026
-1.05790575989242	1.63069415856795
-1.55016358795608	2.08892812817552
-0.14662477755591	0.163197747686891
-0.630696471152499	0.86576040470911
-0.794405781937624	1.07676378754521
-1.47907257565254	1.90459216588914
-1.00512936127172	1.35698068706163
-1.26417237581738	1.77160485497042
-1.39353669862565	1.8535251859265
-0.808104736075695	0.800813193655547
-1.16417796969137	1.67732449158184
-1.00164188473454	1.51064025418879
-1.4185786882221	1.83234524038622
-0.938144072582733	1.25064776331884
-0.34851417610737	0.486904005632971
-0.198376124411843	0.229606567450721
-0.509186542667331	0.719862303971988
-1.6217676206864	2.08426730105602
-0.141001861025301	0.197542105337857
-1.27880934209871	1.81845910776511
-1.3675420026543	1.75972335108505
-1.36457473043877	1.93121700897279
-1.21711135673991	1.78337463408177
-1.52075666673818	2.00838027505852
-1.60155518658497	2.11311202064284
-0.0948131630575128	0.12016311552547
-0.284003082848455	0.432173065195046
-1.51371158249534	2.00681059381401
-1.42335984599252	1.91792985218615
-0.447021159239797	0.559039542582013
-1.54238935828558	2.03595947454252
-1.38170769302061	1.90917509992015
-0.18793591369751	0.1847676551671
-1.35000147323785	1.81624587023479
-0.83771880804077	0.992344345794177
-1.52528055653039	2.03724938464205
-0.249188264080976	0.250958156080649
-0.883719965881724	1.22247039437831
-1.59855707787684	2.13742163039981
-0.629447911148969	0.632676359654823
-0.526768923667006	0.650974648766086
-0.949531161633189	1.17980507032858
-0.648744715233682	0.919534364715554
-1.04545479823775	1.35087351279723
-0.460373050021771	0.477548224374827
-0.963139675818005	1.44856307281663
-1.49112914260361	2.00370554032876
-0.539611343249586	0.557099466858227
-0.512678007187312	0.51501633579728
-0.304367694207714	0.317989993967139
-1.44181635138529	1.98490660398173
-1.60275140848885	2.13215765007236
-0.793977174892966	0.843407936662308
-1.49099847362583	1.9700627451992
-0.61144114307698	0.771642222196826
