0.0349339823151985	-0.0359631777734406
0.022431073390161	-0.0260998621485772
3.68535109882151	-3.4632070424603
0.258491235697505	-0.290259099380316
0.341124104429281	-0.362998257281398
2.84418498976091	-2.58997985365166
2.54247563653439	-2.43343531528201
1.89697954467986	-1.79289195564302
0.101733415724891	-0.109547884830385
3.50309520436262	-3.32256480861773
3.47925816487561	-3.29180701747007
0.249784195222381	-0.256007095151267
3.30695504488433	-3.10601265451326
2.87923922750277	-2.64220442991812
3.56298120501204	-3.36990249959255
2.64968539121997	-2.34428143479253
2.72446650603781	-2.48985029587619
3.59983374872475	-3.36291744485631
3.02961105477123	-2.78453977170122
2.4669925690523	-2.25026104859132
2.97423502228537	-2.83842923330441
3.27274840666999	-3.04702677567728
2.06260214357599	-1.77333049580452
0.44413271743105	-0.510430036229743
0.145393797547805	-0.137963426321819
0.77620701157478	-0.680583578890616
3.50922280971095	-3.27197788319406
2.02633601261054	-1.86924683375515
0.906316319950478	-0.861260212520318
2.83058898981746	-2.66314665619118
0.44567905864544	-0.412850457906086
3.61559288225942	-3.360634236246
1.3663218961059	-1.40548719079525
3.25858492432155	-3.00777187537874
3.73492187965318	-3.55112609506031
3.69500447646732	-3.45831252483729
2.27175476738724	-2.24040518732647
3.07721250596026	-2.92314931719399
2.62910258000143	-2.50385773090728
0.237855603175622	-0.222860056398717
0.158291764854985	-0.161077805829524
3.37942064980911	-3.14616965229122
0.463532550754181	-0.488676805173175
0.929727627120747	-0.841829175168001
0.694814395912682	-0.689501392596019
2.03424825940438	-1.91914083471816
1.26143757805515	-1.17293447452365
0.217095133185619	-0.25817622260373
3.10576991917119	-2.88309180511924
3.02861498587754	-2.78986235859184
2.07343783036752	-2.0579450989975
0.930752498017737	-0.951349624621881
3.12271076671638	-2.91388584004867
3.29239722751495	-3.11931629159587
2.62219022057413	-2.48401194134963
0.0510785812561172	-0.0538357387831116
3.50283054182486	-3.2991161677521
3.3511919042813	-3.06206913960956
2.91562244212483	-2.73817740880772
3.41320377575652	-3.20023541694115
3.27959140939285	-3.00423010228192
2.84091963683818	-2.72548114121762
0.0843977853065822	-0.0786092490273551
1.49600614693084	-1.38319596585669
2.2997573493743	-2.02102705010109
3.77610695841086	-3.62608172664408
3.37221404126335	-3.11912959590618
3.16918372251752	-2.88204131024757
3.43258747618329	-3.16779165271437
1.92531733397424	-1.83208726726216
3.77037003881263	-3.57404409228822
0.0160669709652857	-0.0143863369202019
2.60848744819124	-2.43390218455257
2.73894047263013	-2.59921846539872
2.54030500504322	-2.38885166374531
0.196153786077233	-0.186798135576884
3.15686545961497	-2.94923334797463
0.409868685941533	-0.467202226553513
2.45062168328233	-2.32209165482895
1.83075405254407	-1.69703198469962
0.989515826971597	-1.01690831022991
3.02581894761075	-2.89475356257848
3.72607437119349	-3.53031590269516
1.14376169490129	-1.0968382233996
1.63049415673757	-1.45662272821704
1.07328571156015	-0.981128907221525
1.41133552370315	-1.33346685978602
1.44520662996168	-1.36071550916004
3.20266036907724	-3.0309497858893
0.765935405005611	-0.687982584714932
0.678551482705984	-0.696372212239458
2.07577676980036	-2.08362187559854
3.77336513151477	-3.55904886153406
2.01929015281994	-1.87806547135399
1.78791565534316	-1.78081386138309
3.67183379557855	-3.47083781798479
0.536987022934292	-0.572850054768578
1.51663220777408	-1.54489581741813
0.678119726531851	-0.655377994555408
1.55161745908417	-1.50469324067579
