2701,6078,1909,3274,1575,4517,567,8217,5632,5990,5660,2390,1506,1090,7013,5508,6301,8824,5943,3538,905,4910,6071,1367,8301,8330,8743,2356,760,3361,5075,3951,1836,8323,2264,1314,1369,9259,2128,6846,2035,9163,6384,9347,1599,532,5851,8691,639,6307,3390,4906,1860,2520,2142,1101,589,1778,9460,6062,7121,1523,3508,2225,8441,4074,2039,9573,5309,7295,6580,7282,7447,9599,1891,9180,3986,5452,6295,6345,7130,6114,3360,4601,4308,1454,2211,539,3235,5291,3212,3952,9715,7649,8995,6362,2324,1305,9902,8683
3871,6526,4219,6205,6192,6851,3588,6935,3747,7417,5063,3573,2757,4547,3607,7160,5542,6965,3227,1790,1664,5170,5425,2336,2329,4835,7790,7775,734,1044,835,4739,7202,8417,6674,5370,4502,9260,816,6847,5226,1268,1344,9348,3042,243,5783,8239,2826,3895,2599,73,7405,3299,1036,345,1084,3410,9461,5092,7618,2322,4015,4917,4117,2479,5401,9574,5138,4244,3342,2339,6571,9600,7482,9172,7098,2512,5284,3618,2471,3709,1038,7787,2166,2198,2866,3476,2848,2796,1841,2256,9716,7428,9807,4936,1603,4513,9903,4215
3934,7661,4155,6283,3677,5539,4444,6699,2220,7684,5768,1949,1889,2715,8573,3933,5723,5900,4445,3979,1675,4712,5647,5655,7040,7492,4794,7357,5553,147,402,5175,2442,8050,423,4242,5604,9261,5393,5589,823,3378,5411,9349,1738,630,4220,8555,4842,2199,378,2943,5099,2263,2169,1815,2065,783,9462,2760,9222,2246,3050,6020,4587,1616,1550,7693,4788,6493,4966,5283,5039,9601,7319,6029,7820,4386,4594,3373,6323,1586,198,5086,3547,3836,1582,4335,8659,1465,3956,5203,9717,6698,9808,5801,1810,3940,9904,1908
6147,8814,6726,4662,6346,2999,62,6373,2885,2829,2988,3399,6160,6516,2560,7547,7402,7490,2438,287,7026,1867,3469,302,7929,1900,7193,7008,7507,1093,4012,6900,6325,7597,7575,3706,2860,9262,339,3347,1214,8919,2917,9350,7280,3575,686,8962,173,5644,5049,1542,69,3335,2090,1519,2427,2298,9463,5084,8778,3521,5052,8364,7223,1424,4472,8466,5135,8447,4741,5866,5710,9602,6047,8130,6334,6660,8585,1070,2893,711,1792,5994,3524,2675,2798,5014,9014,4047,2822,4930,9718,6903,9809,4450,3115,1421,9905,5823
1315,9035,4779,6271,3477,387,983,7410,1570,3995,1017,2980,7457,5778,490,7845,7624,6912,3094,262,8668,2125,6740,137,7164,8148,4733,9043,7493,618,2587,6503,6388,3672,7852,5648,5912,9263,2382,3996,1213,9094,3964,9351,7753,1340,391,7859,167,3326,5013,4550,98,2275,2374,1261,2622,3643,9464,6275,8782,4334,7307,6443,5451,1536,5487,8762,6113,8194,6371,7920,3872,9603,5918,8584,8400,7544,7580,499,5001,700,1019,6613,3562,614,6952,7056,9701,5708,4239,2873,9719,8320,9810,4724,6863,4151,9906,7146
6647,7438,6067,6265,2522,3165,3497,4156,7019,8035,1221,3242,1725,1734,8161,4862,4673,5009,4658,5540,1759,2981,2786,2550,7836,7103,5967,8579,3302,609,1334,4561,7272,1354,1295,6104,2850,9264,3196,4164,4956,4481,5459,9352,1947,349,5395,8591,4459,5198,568,1333,3919,2751,593,3075,1663,1085,9465,4771,6093,922,7206,7454,3754,1793,7200,9575,3255,7901,5805,6294,7318,9604,6361,8931,7456,3394,4237,4668,4025,4655,3035,2912,1551,4367,933,911,6232,3595,4368,4713,9720,1548,9811,7338,732,1097,9907,3928
792,9145,8423,7025,4115,456,6242,8179,2218,8702,413,494,1529,3790,4824,8529,8476,6707,7910,340,2564,1975,8545,7258,8730,8703,4293,9062,2886,227,1782,8711,6829,4174,1103,7494,4321,9265,7155,1930,2667,8985,5098,9353,4703,264,6570,9217,4034,2196,1761,3608,8158,2012,4180,3886,5297,279,9466,5120,9196,379,913,3482,2032,1769,7665,7893,8310,8455,6421,6961,7303,9605,9070,7174,4518,7806,2042,11,8603,1483,2380,8297,7778,2951,1154,3584,3114,6355,5090,4026,9721,8609,9812,7464,2527,1708,9908,8504
1428,8892,4443,5654,5812,293,1842,8401,2576,6762,1056,778,1211,7789,1617,7640,8823,7131,4837,124,2816,380,7373,1247,8654,9107,5406,9016,4851,412,1763,8339,7440,6218,2698,7823,4000,9266,2241,3098,3059,8380,6855,9354,7612,245,4364,9194,1920,681,2247,2010,2840,1301,5196,4023,4678,429,9467,6432,9223,619,6024,7711,2170,4542,8316,4412,8768,8895,3708,6392,6837,9606,4904,8448,6819,5468,5639,37,8269,1171,4961,9097,7844,178,3187,6549,7436,5193,6684,4809,9722,8822,9813,8365,2023,7437,9909,8415
3142,8470,6216,5250,5201,3110,785,8327,2542,3675,1796,5314,4753,2462,953,7703,6946,6826,1000,201,4169,1374,7403,502,8344,4952,8721,7993,7127,5879,6468,5381,8150,4041,7664,6644,6358,9267,3472,615,1974,2627,2709,9355,3564,3784,780,9079,89,2272,2584,3965,647,5322,541,4798,1342,4988,9468,868,7576,1488,6399,7881,6716,6028,5298,7540,5624,8420,6533,5567,5627,9607,1503,8197,8531,6703,6765,197,7654,3470,1337,8772,6506,755,656,1720,6386,4902,3065,3569,9723,7877,9814,7370,3254,5316,9910,8152
2466,7683,3597,6794,1661,897,5414,7917,2013,8015,5225,1556,3690,1010,8764,2813,8471,7743,5986,5158,1382,6635,4533,1442,7086,8145,3917,8663,250,1108,3096,6254,7983,7452,837,6633,3972,9268,4606,1721,549,4754,4377,9356,912,601,6228,9153,5079,1329,3586,3878,7644,404,3981,4405,4366,1458,9469,3214,9109,857,6802,7342,2673,4224,6461,4913,5498,5355,5709,6402,7534,9608,3461,8813,6332,8335,3824,199,7277,4356,414,8042,6395,2004,2690,2386,9006,4207,5630,3258,9724,1981,9815,5873,139,4568,9911,6059
2717,7099,4373,6840,3253,5909,143,8155,6109,7177,2467,3577,5251,4768,2949,7270,6311,6349,3145,602,3520,5664,4007,81,6196,5704,7803,5375,3713,2117,4296,5731,3809,8030,5803,4899,4391,9269,59,8781,3656,1332,2216,9357,2208,3698,438,8978,126,2400,3697,459,205,4514,1678,3273,664,5400,9470,3670,5638,3892,7016,5595,6083,3550,8089,9054,3426,8701,2756,6385,6336,9609,2975,5424,7773,6260,8292,2184,6074,2434,3412,4487,1985,1089,5488,5894,9235,3107,2983,1016,9725,8281,9816,6745,6199,4379,9912,8488
1809,8495,6562,8087,6284,1832,483,8074,926,4878,764,1644,5955,6835,713,8028,7856,7163,2164,58,7774,804,8192,191,7072,7314,7981,6916,7596,3348,5209,7817,5742,3329,7062,6560,7065,9270,935,2763,2433,4281,2770,9358,4575,975,1100,9164,90,2868,4891,1992,171,3338,1292,5974,661,4499,9471,6106,6894,973,8024,7914,5190,4593,7687,8891,6401,8740,6760,7961,8353,9610,2556,7842,8542,3968,5618,183,7023,1917,3027,8368,6614,450,3568,4294,9134,5441,5008,3033,9726,8436,9817,5758,3596,6595,9913,7955
2060,8863,4893,8693,8378,555,476,8525,1652,5058,475,1666,2713,8719,1724,8370,8578,6330,1534,78,8623,370,7459,718,8329,8720,7615,8825,6993,1682,4359,8817,8568,3678,5450,8051,7324,9271,3485,1199,4349,4197,2314,9359,7216,394,1187,9446,158,3112,4522,1385,1023,2046,2781,6291,2724,1495,9472,6408,8012,308,8491,6856,3018,6045,7392,7828,6891,8956,6559,7938,8723,9611,4348,6604,7175,4790,3523,101,8514,1491,3193,8718,8231,163,7070,2636,9029,5035,5285,4283,9727,8186,9818,4942,2212,7187,9914,8650
1048,8326,5288,7162,4408,672,361,8402,1043,2971,1129,742,4756,6954,3201,8271,8405,7078,5233,503,6457,2238,7958,1730,8218,8465,3614,9162,6171,658,813,8350,7729,5040,3955,7097,4932,9272,4871,1618,469,8872,4508,9360,8000,741,1111,9447,2115,1857,4202,3267,697,1780,5080,2068,3600,684,9473,6340,8472,1765,6907,8031,2706,2193,8317,3671,7294,8913,2153,8569,6085,9612,6138,8973,8268,7506,7017,172,6394,629,3311,9050,7387,350,964,5583,8487,5935,5673,2939,9728,8774,9819,7246,1970,5275,9915,8422
4642,8855,7702,7559,1604,7312,6975,8428,3921,6573,717,855,2841,1227,7519,6733,4980,7625,3710,1397,571,1033,6672,4077,5753,7148,3570,8114,4744,540,1487,7271,6405,3529,341,1347,5263,9273,1343,1326,4477,5230,5968,9361,1713,1634,5594,7792,7189,8221,1260,1514,4633,2003,4080,1822,557,1680,9474,5650,9559,1768,6725,9122,8750,1351,7420,9576,7960,7236,7620,4748,8754,9613,8245,8779,6797,6292,9142,2534,8355,8256,797,1753,727,1938,93,1537,7945,2776,548,6277,9729,8070,9820,8903,3424,2617,9916,8651
1034,8828,4154,5434,6755,238,3632,8610,3288,3997,507,799,1772,7465,1764,6904,7998,2492,6039,1758,4800,505,7651,706,8669,5436,1706,8016,6296,556,1156,7759,7213,7959,5607,3911,6060,9274,1831,2187,2183,7172,5195,9362,6498,1719,3432,9049,4116,1394,1235,1231,8172,3037,4585,68,1207,2600,9475,6880,8894,1215,7190,8080,1705,517,7207,3179,7894,9203,3137,8068,6783,9614,6073,7383,8354,4226,5609,184,7595,1932,4324,7219,4309,1060,7581,2071,9030,5503,5046,6770,9730,7109,9821,5482,6364,5656,9917,8620
7311,7371,5276,3388,4340,5387,2664,7393,3343,7422,4643,708,836,6592,4063,7742,3532,8482,842,5769,714,3072,2148,3292,5109,7784,6286,3963,1237,1826,2862,5782,3765,8203,2785,3164,4411,9193,2879,3646,1302,7846,5217,9363,2126,1481,5042,8979,2930,2714,1687,3385,4880,3450,4127,4290,2808,1701,9476,3636,8681,2379,4190,8184,5916,3421,7156,8980,4256,7700,4764,731,4149,9615,2413,7348,2158,3904,8468,1242,3451,4531,2405,7989,2759,1251,20,5191,3048,1055,1473,3226,9731,7176,9822,5658,2962,1532,9918,7449
6389,7221,5898,5292,6193,5474,5598,5600,4328,5773,2411,221,4020,3116,4374,3491,5212,5509,4455,5513,5962,3852,5552,3746,6458,4039,5676,7340,3513,2697,820,4506,4376,5182,5137,4314,1677,9275,2122,6779,3908,5682,4031,9364,1717,2161,1468,6599,4001,2754,1521,1955,200,2554,3170,1388,5134,2728,9477,4056,8272,2591,5576,2641,5748,318,7267,8987,5457,5417,3268,1539,4392,9616,5050,5884,4957,6669,2745,1749,5231,3879,1561,7046,2928,1376,588,3252,9173,573,4470,1657,9243,6713,9823,4759,1739,1392,9919,4352
994,8841,7057,8175,5479,1082,1098,7345,2304,6936,260,373,3528,8064,1027,8808,8349,5331,5724,136,5188,432,8516,1583,8388,7884,4584,8842,7051,800,1820,8004,8201,3120,2792,7562,7905,9276,2878,3022,3567,7653,5161,9365,8136,529,3349,8986,298,1461,1875,902,1787,2496,5796,4396,4243,1409,9478,8052,9073,1185,8767,6331,1830,635,9075,7694,8061,9141,6792,6892,7157,9617,7144,5128,7979,3427,4246,21,8658,986,2875,8821,6938,484,7613,2959,9702,6006,3769,6744,9732,8048,9824,5680,3129,5476,9920,7896
7879,7600,5675,7117,4051,196,662,8027,6737,6655,4797,652,1643,844,5432,6030,5663,8893,1508,2127,1007,6302,5059,2224,6244,5754,6522,7825,2362,3369,934,7871,8375,7617,2650,1707,4054,9277,2069,6057,5307,3345,4331,9366,2080,311,195,9099,612,6051,1919,3966,39,5317,2055,327,1615,4268,9479,7204,8006,3355,6949,8826,5620,2818,1804,9577,5301,8833,7041,7135,6433,9618,5877,9232,5617,7545,6973,6040,6605,6525,2107,1600,1948,1009,3089,1744,9208,5139,2175,6168,9733,6233,9825,8071,4122,2243,9921,7354
1559,8943,3749,6704,8273,1118,883,8358,889,3438,335,809,3239,8143,1166,8587,8307,7458,2271,50,7626,1691,8277,704,7543,8815,3947,8816,6200,2222,5383,8484,8519,4490,6087,6009,6893,9278,3126,1629,2610,5439,1071,9367,7719,796,701,9186,181,3038,5302,2585,155,4515,3493,6014,1901,2803,9480,6710,8432,743,7217,7073,4782,5036,8557,7381,4461,9041,6084,7630,7634,9619,4801,6593,8325,6643,4040,66,8140,1624,1868,7530,7310,467,3849,4028,9114,3923,5569,3827,9734,8861,9826,5315,2185,5378,9922,8780
2309,8133,6839,8652,7650,1393,1694,8991,2753,6026,660,2491,2197,8596,999,8241,8054,7230,2279,265,5174,76,8106,1132,8262,8363,5241,8219,5208,947,2644,8739,5171,6789,3041,6075,4106,9279,2997,653,4541,7698,3365,9368,8151,818,3631,9218,971,748,3839,1311,3699,1814,5665,1881,2221,1718,9481,2227,8993,807,7946,7996,1430,3719,8521,3985,8209,9112,3363,5557,7997,9620,4262,8131,7798,5404,2783,102,7336,2242,5296,8902,5998,19,3216,2810,6974,7031,6712,2791,9735,9051,9827,8169,2568,7448,9923,8886
7524,9077,5015,6068,7004,663,4897,8729,3473,8846,981,2672,924,8360,1813,8036,8622,8314,2407,123,5483,1387,7472,3807,6657,8709,5529,8744,3801,1541,5635,7950,7791,5739,4132,7460,1140,9280,5514,585,5002,5987,2330,9369,6753,457,2149,9135,354,1597,4632,2448,2357,2752,5114,3230,4429,881,9221,2234,9155,242,2679,2354,2441,4900,7892,7602,6807,9170,4354,6742,8789,9621,6610,7886,4715,6198,1934,18,8141,2020,2972,8357,4982,187,821,2669,2495,6261,5410,6697,9736,7389,9828,7326,1896,6764,9924,7247
7210,7147,2473,7197,3011,3423,5574,7582,4610,7685,3534,5427,5950,801,6663,4178,6528,5752,6383,969,6567,1263,468,1068,5282,6001,7638,6889,5455,1364,923,5025,7214,4707,3844,6107,3207,8984,3703,5561,3240,313,4597,9370,3106,987,3980,9101,367,5253,3074,1989,674,1803,1500,3834,791,1535,9482,3541,4751,4689,4507,6668,5691,4736,4033,8988,5625,7796,4479,1144,1209,9622,5121,6849,5785,6964,5938,733,5949,3452,2485,5409,3748,1518,1271,1257,5422,2802,4002,3101,9737,7518,9829,6830,4393,4795,9925,5323
5200,3628,5662,6048,3172,3873,4118,6511,4253,7118,1879,3062,4829,4849,3371,7645,4821,6027,3897,1437,2494,565,1258,3290,2833,2986,4540,4968,3884,1555,2581,4360,5229,5547,2993,2525,4670,9213,1312,2372,1165,2619,3561,9371,3634,1953,2552,5947,4721,4872,2101,2611,5223,3208,2152,3475,2910,3149,9483,3061,8507,4705,2748,1169,4934,2393,5367,9578,806,7695,4128,3221,6532,9623,5562,4873,2063,5717,5214,2236,1802,3795,1512,6861,4263,1770,1952,4564,4390,2615,2934,2998,9738,3711,9830,6463,3158,1449,9926,4166
7047,1436,6101,6329,4572,6791,871,5747,1690,7793,4488,3914,4416,6367,8082,2586,7521,6947,2096,4651,5454,5220,4495,1648,3407,1545,4898,2657,1029,4044,3780,6884,3786,8250,5160,5020,5104,7918,4297,7627,562,9108,5850,9372,5629,1270,4582,4883,2138,3157,2582,2597,1226,3323,2453,3327,3680,3443,9484,4775,7860,6197,597,3085,4843,2047,2964,9202,6353,8692,4236,3796,4807,9624,5346,5807,8026,4378,6902,5163,1800,3436,759,5989,3682,333,145,3159,306,1605,4571,3298,9739,3764,9831,518,4008,3108,9927,7558
4037,7614,2877,8014,5299,616,458,8359,1477,3387,850,3962,3232,6639,1280,7350,8056,5506,2108,161,5382,1322,6281,153,7560,8108,7042,8115,2444,1925,2908,7704,4476,5280,6142,6980,4421,9281,1164,2909,6124,1855,1474,9373,4216,3151,2531,9448,47,3336,3173,1531,2456,3260,2670,2094,776,3848,9485,5843,6991,901,7730,7943,2821,4867,7262,7900,7423,8981,6678,7268,6598,9625,4653,8513,7308,4941,7022,991,4799,1795,3418,7269,5563,577,3231,2795,9703,3090,4357,1870,9740,4097,9832,6234,5431,5631,9928,8147
5521,6212,1567,5478,1525,3935,1405,5602,5787,6867,4618,4313,3121,5932,7726,6430,5124,8045,3761,4338,4032,1134,3319,1961,6240,5963,6241,5262,5133,3225,1102,7473,5462,7441,7601,4446,3756,9018,787,7335,779,8748,4084,9374,4362,3320,5838,8520,2277,5795,2050,1372,1735,622,1609,320,3367,4471,9486,2778,8783,3195,3284,6032,1846,2761,2141,7152,6225,8896,3103,5759,3222,9626,5806,7320,7178,1126,4536,3251,2364,3609,1601,6963,3514,3857,203,1684,1186,817,3446,2696,9741,3316,8969,4947,3551,1899,9929,7415
668,9161,7668,8337,7355,2074,1817,8261,2994,4030,442,744,4803,8234,1281,9023,8809,7514,4922,148,8445,2634,8565,963,7102,8944,2551,7212,4998,978,3113,8167,8553,4187,5634,7705,6368,9282,1972,1973,2460,2596,2287,9375,6058,705,643,9176,144,2936,4728,829,106,3287,2982,6431,1254,5300,9487,7080,3379,887,8117,6967,5698,3234,9168,7725,3257,8682,5626,8536,7296,9627,6268,4067,8426,5572,3785,56,8666,1950,2464,8756,8305,917,6872,4683,9236,1202,5336,2323,9742,9034,9833,4186,3125,6096,9930,8496
1438,8174,3554,8479,4539,1325,218,8259,2076,3975,2030,4389,5973,6266,1177,7868,7611,6581,3453,129,8242,954,6822,42,6665,8247,7124,9017,4183,1233,2006,7556,2872,6941,8530,5997,4864,9283,424,2970,2513,5517,2274,9376,6460,3877,443,8157,83,2789,5043,1807,1238,3662,2771,770,644,3859,9488,5847,8299,1844,8067,7231,3856,3055,6565,8154,7829,8915,6626,8486,5621,9628,3783,8617,8228,4993,9021,416,5397,956,3138,6417,6341,777,7666,5749,9237,3104,3560,3774,9743,8421,9834,4134,7161,4692,9931,8190
1571,6380,5696,8605,7409,940,570,8758,1733,5184,1361,4130,5048,8347,1349,8321,8274,6507,2738,150,8882,430,8113,240,7822,8837,6636,8745,7994,1416,2511,7292,4688,5705,6338,7469,7858,9284,1130,2716,2645,6376,2257,9377,7942,1037,1290,8970,169,1124,2797,1069,2147,1959,4831,1120,959,1788,9489,3344,8920,1291,8602,6997,1791,4053,8124,4159,8467,8967,2883,8195,8008,9629,4714,8951,8909,4820,7353,128,6033,1059,4519,8860,8092,226,7713,2906,9238,4258,4423,4817,9744,8933,9835,4442,5337,6108,9932,7667
4081,8538,4583,3205,3621,5616,6736,550,3627,6131,2490,1773,5151,6258,1225,7520,3942,6552,4865,1420,5579,2639,3992,521,6023,2890,5501,6727,5286,3804,6035,3471,7184,7243,7607,2373,4886,9285,1021,5810,3732,4142,3881,9378,873,3272,4848,7330,1924,2469,3127,2549,225,3726,1167,1646,1398,3990,9490,4070,8206,5772,3903,4113,5045,336,4757,9228,1419,7523,5006,4398,6732,9630,4869,2590,4881,7021,5985,2124,2025,5258,2629,6654,4758,398,122,4617,9182,1524,4650,2371,9745,7916,9836,7094,4684,4629,9933,3515
6485,5081,4196,5841,1273,4424,3736,2529,4436,6832,2749,1456,3696,1885,7313,4269,3883,6708,2958,3976,4087,2431,4270,2310,5984,3663,4911,5996,4165,620,301,4562,5743,7052,2388,4924,3400,9286,872,5247,3533,7752,3810,9379,4833,1849,4929,6749,4548,3467,1906,446,2870,1086,2027,2790,1732,3162,9491,3909,9197,1368,3991,3592,4370,1530,7173,9579,5141,6454,4765,3847,5165,9231,5224,7797,6403,2632,1824,2674,3509,4114,2851,6139,5396,3210,1220,3269,7290,1895,1152,2144,9746,5757,9837,3730,3434,2207,9934,2603
1566,8282,6356,7604,3988,2404,464,6921,1818,4811,789,6235,5403,5890,2474,7956,3077,7873,2765,185,8276,1786,6632,4336,7795,8431,7999,6869,6890,2740,4726,6487,6100,3948,7433,7252,1585,9287,4574,995,1864,4528,3605,9380,5819,1480,1065,9177,67,2370,2836,2750,91,3084,1457,3146,1432,3549,9492,2017,4971,885,7273,5062,6817,5335,5512,7508,7010,8240,5078,6120,5993,9631,3376,8916,6143,3835,7843,216,2594,3566,1994,6944,6585,576,6483,1439,9239,1282,3579,2700,9747,8223,9838,8392,3357,4995,9935,8105
1533,7285,5977,8038,7450,1081,377,8708,1259,4138,606,2072,5915,6864,1581,8180,6502,6905,2113,307,8643,2856,5019,403,8225,8613,6306,8722,7647,992,2849,7728,7935,5756,6081,6184,5287,9288,3691,2684,1203,7329,2465,9381,7088,441,453,9449,290,3007,5659,1395,454,2001,4448,2891,819,1413,9493,7481,6796,749,7995,8207,4275,2686,8929,4198,7125,9148,5111,7462,7621,9632,7006,8548,8265,5129,7865,170,7701,552,2422,8300,6820,236,6125,4783,9125,4595,5057,3960,9748,6919,9839,6812,2799,6278,9936,8191
342,8134,7416,6786,6213,898,1771,7748,2570,7749,347,445,2428,7655,1137,8792,8588,4951,5845,127,5326,231,8925,2000,8267,8926,6828,7978,6979,600,1576,7616,7404,4068,1746,7171,7515,9289,2758,3021,3481,6342,4133,9382,7766,554,3001,9066,1243,834,1147,669,2974,1797,5876,5440,2470,1880,9494,7289,8784,918,8938,7697,1812,1489,9011,7030,8454,8900,7528,6983,7712,9633,6686,6578,6679,3029,3557,32,8717,2254,4742,8990,7362,437,5068,3370,9704,5824,4049,3781,9749,8023,9840,5614,3130,6813,9937,8633
825,7940,4353,5826,7690,510,2061,6041,3144,2824,365,1668,4120,7623,4358,6631,6969,6873,4131,41,8266,4385,1363,2642,7503,7663,5465,6303,6957,1451,2655,8077,8212,7921,8546,5980,4234,9290,666,1702,2024,3087,1656,9383,6413,2780,291,9165,304,2099,5016,4094,1915,4965,1513,4700,1336,4143,9495,7205,8116,280,6065,4332,2395,5861,7293,8025,3763,8594,6188,6887,7944,9634,5699,7954,8427,2687,5934,46,7126,2521,4656,7586,6842,295,2839,6231,7967,3860,5054,3406,9750,8293,9841,3080,2112,4504,9938,8199
9,75,482,1516,1872,3506,3413,5520,4598,9046,3752,772,3890,3603,8880,8830,8449,4011,5405,7351,7111,1163,6127,5971,4413,1041,9072,7801,8580,1649,274,8976,8581,6372,1876,2733,6105,6185,5789,9048,5771,9216,7847,9384,5834,254,6339,6990,1471,6933,967,1401,8937,2914,5189,2348,1572,1049,9496,8011,9156,7359,648,8607,8137,2131,6729,9580,8341,9590,8111,6003,8286,9635,9033,9204,8989,2904,8917,4958,8383,5766,1339,3246,2896,3775,30,6215,230,3894,3415,4441,9751,6324,9842,8791,4194,627,9939,8800
7541,8667,417,7239,6175,5244,6010,4301,692,5113,2008,4858,4407,5347,6607,7394,1595,8379,2592,1945,3862,5278,5447,6648,3661,6757,2455,6446,7707,3153,3026,5818,6293,8407,5494,3750,4052,9089,1370,1671,875,2297,4325,9385,1828,2919,7053,9095,411,2401,1267,736,2702,2402,2439,5530,2210,5502,9497,3751,9560,2652,1923,7412,4251,1922,7020,8899,3499,8901,5652,1205,7195,9636,3479,8727,4100,7549,7966,667,7113,5273,920,6012,5007,1558,229,1557,2121,1544,4399,4462,9752,3128,9843,3983,1501,2110,9940,5199
4546,5928,5570,3282,3364,6858,1080,6810,6738,4209,5505,3066,2073,990,1987,6696,6986,8810,2097,4428,447,5031,3833,202,6236,7114,8289,6788,1219,4702,5869,8135,1777,8418,4839,4105,3941,9291,1224,4890,5294,7696,1072,9386,177,858,3236,8936,506,5937,3328,2685,1256,2303,745,1774,159,4750,9498,3354,7875,3279,6382,6531,6942,6682,3695,9229,7689,8632,7763,4631,8103,9637,1999,9181,5549,6950,8716,5496,7747,7066,753,6618,5853,204,488,2616,9240,2043,5684,5130,9753,3563,9844,7208,2510,2041,9941,8178
3213,8845,6217,7833,4877,4475,1151,7887,1300,2825,1598,4973,6209,1737,1158,6664,7591,5848,2078,278,4273,4456,7139,55,7364,7504,8866,5254,7061,5896,4145,7841,4126,5384,6317,3097,4521,9292,603,3583,2880,4894,1053,9387,3069,3233,832,9187,120,4274,2040,4069,29,5303,1050,4406,263,6477,9499,6247,6895,4530,6981,6520,5115,5270,5740,8060,6129,7919,3927,8657,7331,9638,1446,8687,6959,7361,5227,497,3353,3915,2635,5249,5822,491,3937,6110,9115,2446,4282,1563,9754,6022,9845,2410,6151,4695,9942,6471
2665,7756,2398,7291,8346,261,1146,8509,1679,5360,651,515,2233,7850,6121,7970,8366,8601,5510,96,5776,1499,8499,1819,7532,8459,2871,9002,1289,1345,4369,7964,8625,5770,4627,6393,5153,9293,3694,1594,1751,5605,4298,9388,880,94,7807,9450,2847,919,3819,4158,2245,2437,4566,7907,6841,543,9500,4763,9110,241,4732,4981,4716,6309,9026,7566,2732,8877,7501,6444,8733,9639,4885,1935,7476,6611,3425,74,8627,3536,1352,9207,8306,175,7278,4454,9104,4384,6462,3458,9755,8604,9846,3974,1076,6451,9943,7407
4939,6543,2662,5260,4474,5402,1303,7554,3082,7780,1700,6566,6169,6115,4818,5131,8226,6929,1058,559,1776,4997,5580,1309,2935,8171,6766,985,2450,2171,4355,8243,3220,8528,8177,2682,4333,9294,624,8413,4719,1426,775,9389,3480,3190,1986,8928,157,2133,4465,1248,909,5911,2834,5164,654,6211,9501,6082,7266,448,7724,8188,4526,2561,5913,9076,7862,9171,7376,6775,6818,9640,754,8235,8403,1106,7800,830,2925,2432,3818,7427,3800,1025,1977,5413,9705,3093,2228,2606,9756,1801,9847,3913,6803,1852,9944,8505
8,31,381,1640,1390,6666,393,8864,6103,6681,5961,7636,4954,1941,7170,5116,8589,8966,884,2181,874,7718,7606,314,3939,8710,8438,5083,1829,3278,2852,8176,4866,9040,2443,4761,5311,9295,1279,7598,6435,6497,2793,9390,2895,4806,4901,9451,712,6013,2504,4551,1375,3651,1018,500,546,6019,9502,8399,8333,3591,3076,7831,8838,5917,4222,9581,8820,8963,7036,8940,6189,9641,3855,9132,5469,5343,9700,2638,4563,6416,5207,7192,7141,659,165,4635,7238,2308,6140,4694,9757,3510,9848,8679,7808,1606,9945,9007
1681,9045,5047,8033,8694,1627,811,8836,1510,3633,605,678,3012,8563,2328,8797,8506,6720,3351,85,7676,1104,8856,1520,8552,8831,3175,8848,3155,1894,4254,8460,8977,4091,2588,7001,6375,9296,6061,740,3525,1054,2258,9391,5706,685,941,9452,87,2038,4452,893,1197,3024,4326,6801,4200,1632,9503,6601,8592,324,8508,5857,5085,4463,8874,6249,6304,8972,6937,7553,8914,9642,6203,4312,8434,4588,5157,105,8724,1635,1848,8994,8532,511,8941,2021,9706,5892,3025,2536,9758,9098,9849,4247,2105,6514,9946,8965
1847,8621,3758,6939,7398,1988,246,8680,960,5587,725,2136,6285,7838,1637,8002,8396,7059,2647,36,7933,1217,6685,283,7565,8662,7418,8093,8100,3002,6178,7670,7912,4841,7715,6617,6758,9297,2937,1639,1614,4083,1683,9392,7526,455,927,9025,107,3132,4622,3013,92,3815,1287,6144,1356,3241,9504,5666,8303,636,7198,4337,3700,5471,6692,8535,4042,9064,6327,8189,8381,9643,2172,8647,8644,7572,6162,329,7108,1107,2406,6909,6449,478,6063,6366,8728,4048,4827,2913,9244,8342,9850,4257,3008,5349,9947,6182
1821,9210,8684,6004,3957,763,3295,9008,1991,8735,513,269,2106,7012,2507,8481,9106,6906,7425,356,1138,1040,8974,5125,9061,8699,4813,9258,2394,116,1045,9118,8998,5364,862,7302,5550,9298,7067,2344,2915,8685,5735,9393,5688,514,6166,9453,2075,1538,591,1028,7710,1808,3136,4525,6866,485,9505,6409,9224,1024,5515,6827,2139,501,8125,7470,9055,8414,2916,7435,8567,9644,9000,6190,7721,4752,2399,15,8628,1806,2214,9022,8458,481,4016,3211,7991,6960,5232,6550,9759,9001,9851,7298,2360,3817,9948,9060
1756,9211,2589,7397,5751,632,2598,8776,2403,4874,256,385,2626,7977,1346,6706,8564,5905,7063,332,1252,525,5774,3454,8181,7379,2143,9120,3868,592,1914,8005,7478,6297,2085,7885,5588,9299,5148,1448,2100,6932,5697,9394,6499,1179,4329,8676,1013,695,2259,1878,5678,1423,3574,1121,5176,944,9506,4576,9561,1455,6187,5727,1125,877,7824,6391,8876,8090,4868,6072,5368,9645,8047,6436,9149,6016,5072,38,7101,1662,3920,7990,7679,1450,3045,2901,7830,6021,6314,4793,9760,8862,9852,8544,5228,6111,9949,9086
1944,7622,7810,7738,4630,1736,1042,8865,2764,8879,1074,561,3837,7717,3712,8881,8599,5763,6899,60,3303,972,8695,2482,8674,7075,2480,9052,3006,267,1630,8489,8490,4303,1328,7453,7608,9300,6031,4882,2461,8331,7005,9395,3237,100,6645,9195,1161,1517,528,1631,3496,914,3176,4644,7804,746,9507,6577,9111,876,7274,7106,1727,509,7876,7639,9056,9124,2412,6313,8715,9646,8705,5800,7815,4637,5264,23,7988,1318,2345,8549,8252,524,8257,1110,9209,6761,3265,7681,9761,9138,9853,5786,4089,4962,9950,8393
5750,3987,6079,6007,1990,952,5255,4905,2044,9191,1422,2289,5023,1704,3760,6701,8371,3168,2306,579,7339,316,7889,1760,8539,5799,7468,8746,4745,117,1317,7287,8656,3615,1316,5880,7112,9301,2628,7186,7234,9184,7260,9396,5210,166,7593,6186,6886,1983,194,84,8332,679,3256,4909,5181,1191,9508,6119,9562,1286,6882,7276,1196,486,8222,9102,8290,9591,4647,6448,8390,9647,6363,5271,8409,2773,4420,1067,8162,4648,1528,2538,3386,3044,168,5858,9707,2965,4305,7535,9762,7569,9854,5274,2931,6834,9951,6164
1726,9091,5959,7757,6064,1884,1083,7188,2034,7451,980,248,5324,6670,1858,8725,8526,8811,5106,188,6587,2189,8437,1957,8182,9139,7677,6859,1794,2844,7584,6649,8309,4805,5143,6865,6088,9302,3036,3495,535,7315,4747,9397,7150,121,334,9454,271,1245,2623,3902,13,4066,3658,4908,5076,4346,9509,5537,8123,3202,7854,8193,2806,3531,8677,9188,3441,7128,4945,7366,7609,9648,7037,3464,8478,8697,1078,125,8356,2725,750,9059,7568,312,6694,5931,9708,2305,7090,3793,9763,8469,9855,4079,487,3437,9952,5936
2325,3572,8049,8404,6034,921,1625,8394,3003,7555,1425,1099,6441,6517,1859,8224,8600,5391,1767,544,7256,961,8462,900,8046,8871,6426,7009,6621,1277,3714,8670,5179,6150,2741,7657,3626,9303,368,6161,2695,8398,7741,9398,7529,282,1854,9178,1475,156,1596,765,1452,1845,2583,1466,2092,2290,9510,5144,8094,1373,8083,8749,522,3040,7922,3191,7863,8787,2429,6523,7455,9649,2814,6251,8626,6542,2842,179,7816,2911,3961,9159,5642,418,7122,4554,9082,5492,6680,4676,9245,8706,9856,4850,1407,6269,9953,7908
694,9253,5788,3487,2767,466,2607,9117,2609,9031,688,331,2326,2941,6627,8765,8590,5610,7431,348,1689,1502,7211,2921,8156,7265,3185,8889,1485,281,1440,7259,8249,2378,1136,5354,7776,9304,4746,7853,2338,9185,6989,9399,5444,112,4960,9009,2015,5407,131,1693,4447,4845,5511,5000,6312,406,9511,7678,9563,3500,5531,4029,2743,352,4351,9230,7169,8883,7045,8126,5102,9650,8755,5829,8032,8168,5446,25,8638,2267,1467,6123,5433,5585,5728,5369,9709,5352,5679,7136,9764,9065,9857,1327,6920,864,9954,5240
5586,8153,6152,1200,3056,6898,1306,5940,4177,2084,1003,400,2095,1362,6896,8029,2213,6512,1543,5568,6821,4437,5813,1869,7980,4271,6836,1350,2430,2137,2837,6658,5236,7133,984,5438,4230,9305,309,3375,5180,7936,5982,9400,6274,2313,5412,9010,4773,4289,3362,2960,4592,2150,2897,207,4590,4497,9512,2251,9198,3174,968,6728,6378,2295,6128,9582,916,8352,1192,6731,2865,9651,3999,6711,4912,6743,3134,2503,2472,5197,3544,4607,4544,1357,833,2710,1980,2451,4092,4723,9765,6843,9250,5832,3368,2601,9955,5874
1602,9092,7003,5842,7855,1459,1628,7714,1619,5836,843,680,4201,8328,1607,8742,8606,8057,4261,70,7813,1590,8253,1022,7963,8847,5166,7890,4082,1002,4287,8540,8463,5010,4527,7652,3416,9306,3518,2707,1331,7952,4999,9401,8040,317,676,9455,192,1391,4161,2735,54,3238,3330,3838,4523,3489,9513,7281,8857,1942,6263,7054,4093,2729,6400,8955,5536,8464,7603,8616,7974,9652,6288,4058,9042,5093,1825,24,8384,1779,638,7386,7737,386,7115,4372,9085,3505,3660,5030,9766,8806,9858,2774,1995,5305,9956,7674
761,8835,7546,7510,2192,3460,2593,7811,2947,8996,1308,709,3954,6018,1321,4433,8793,8451,5906,523,6747,1297,5730,2739,8211,6608,950,4141,4731,375,572,6988,7827,3243,957,6715,4578,9307,1840,3143,1710,9053,3925,9402,6702,786,5055,7044,2498,3967,3217,538,3313,4970,3938,508,5920,1119,9514,5089,9225,1762,3152,2858,5005,1105,4915,8803,1921,8769,7487,8084,6541,9653,5839,6579,5430,7923,2383,496,8118,3825,2174,8215,6687,2859,3182,3959,8576,5825,3308,3396,9767,8258,9859,4491,2569,853,9957,4948
826,9093,6638,7074,7158,1145,774,5701,2618,7377,699,802,4432,8480,907,7733,8498,7947,5755,111,6574,452,8751,955,8566,8888,5978,8630,5156,425,1509,8446,7551,5088,2558,6721,7035,9308,1883,2742,1410,7735,6255,9403,8278,566,1552,9080,563,788,2933,856,1162,3324,4344,3869,5248,1184,9515,5856,9004,1699,8583,6438,4206,1890,7688,7629,7055,8788,7227,8858,6066,9654,7424,4345,8559,3950,3223,43,8063,1412,2188,9071,7509,213,8280,6510,9710,5958,4062,5645,9768,8827,9860,3346,2737,5486,9958,7137
3171,5327,6876,8586,8887,2381,553,8395,1484,4943,1310,3095,6700,7286,1443,7768,5461,4931,1589,645,7542,1527,7691,362,8298,8655,5136,7941,4144,2894,6751,8101,7225,7561,4317,6609,5456,9309,2661,1386,2723,2800,1195,9404,6591,840,1811,9456,1212,728,3408,598,633,3791,3637,2346,849,1389,9516,3340,5495,1239,7972,7191,4188,2835,9069,1293,6439,9592,1741,7413,8138,9655,4804,6838,8214,7241,3684,299,7224,2132,2831,8968,5532,193,6229,2454,8854,4503,5564,4208,9769,8734,9861,5091,1658,6315,9959,8444
10,164,932,2957,5150,5522,1396,8741,1307,3309,2571,7669,4277,4409,3766,9024,3449,8612,4223,449,4847,6629,3266,951,7587,9037,8517,5891,8166,5816,5669,6530,6767,9192,6407,3440,4825,9310,3478,966,1298,6207,1030,9405,1866,4639,1088,9129,673,3389,2200,3743,27,4557,3270,977,388,6089,9517,7633,3502,3262,6917,8714,7406,6099,6774,6652,4645,9084,5372,8425,9020,9656,6095,8671,8763,8859,3792,140,8952,3664,3687,5112,7024,310,5711,4581,9183,903,4919,6418,9770,6300,9862,8885,1978,7257,9960,8119
4435,7116,6015,6928,6527,5945,3063,6956,6333,2352,422,300,4985,5885,8098,7322,6466,5415,1785,575,5668,4940,3154,4661,5252,3122,3666,4098,530,1323,4991,5864,4680,7251,2045,2969,4395,9311,3707,6118,396,1865,1911,9406,5519,2253,2111,8340,719,4510,3466,2514,519,3332,2223,4210,4478,4682,9518,2519,7628,2604,3091,7419,6943,1926,6923,9012,4792,8474,2938,6411,6406,9657,6958,3189,6784,6785,1139,1673,6558,5694,3430,6661,4994,2694,3404,451,7563,863,2239,3587,9771,7050,9863,1659,3638,1181,9961,5999
520,8904,6270,7489,6279,366,3133,8777,2929,6246,463,232,2726,6999,3169,8510,8629,7372,7870,152,3946,3556,8975,4438,8483,8635,3015,7949,886,583,2377,8918,8737,3888,846,6806,3653,9312,4770,3585,894,2268,3444,9407,7015,477,1274,9457,1626,2029,3261,2146,2154,2744,5365,7069,7261,1133,9519,7032,8419,870,5348,4781,6259,2445,8485,7762,2889,8595,7317,8897,5790,9658,9028,3391,6653,7483,1873,34,8910,2566,2215,9234,7866,1079,2288,4766,8672,3582,6056,3770,9772,8953,9864,3468,1173,3794,9962,8954
2468,8562,3610,6781,3821,4857,277,6953,2206,2294,3118,5493,3854,3861,3058,4410,4949,6978,1697,222,5147,2114,5734,696,6496,5901,7851,7826,2660,3109,5110,7400,2177,9003,6219,3372,2302,9313,2332,1052,5726,1230,2416,9408,3846,3984,1109,8761,99,2425,4823,2014,5389,2963,1183,2316,689,6971,9520,2484,8631,608,8433,8102,4511,6473,7708,8921,7011,9593,8041,6914,7864,9659,722,9233,7201,4649,9044,690,7463,3483,2159,8022,7242,860,4675,1418,9241,564,2191,2898,9773,5504,9865,7511,5523,2140,9963,8840
5356,8072,5066,5867,2680,757,4181,8270,3639,8905,1193,1284,1431,2167,7781,8099,5761,5152,6622,3594,2331,1365,6557,4489,6086,2109,8500,7439,6262,1747,595,6049,7391,6397,1964,4569,5541,6298,3297,7068,3604,4267,6544,9409,5037,374,3650,5342,1358,5575,703,2053,3616,665,3294,3250,3435,435,9521,1174,8867,5313,492,7777,3102,1490,4167,9169,5887,8939,3428,6360,7255,9660,4666,8091,7384,5067,7915,3433,6429,4925,2447,1871,3601,3377,471,4383,251,2048,1910,4672,9774,8369,9866,4363,3494,2977,9964,7682
1816,2528,5140,5018,6055,5159,1492,8336,2235,5713,4425,6586,6252,6194,4888,7782,8450,7605,1414,215,3906,2565,3068,420,6374,7840,8076,4112,4718,4135,5033,6816,1265,8912,6582,4969,5902,9314,1057,2541,3548,6133,1486,9410,3546,3718,3039,7632,607,1568,5637,814,1123,3199,3161,323,109,4884,9522,5145,7316,946,7375,4892,803,6415,6848,2640,6924,8547,2605,7254,7426,9661,613,9698,5957,3051,8287,738,5329,4701,3826,8288,6135,896,1621,2976,7680,5155,4975,3079,9775,6825,9867,3184,5712,1958,9965,8233
6809,2435,2051,6777,6412,5969,4286,5435,730,2718,3689,2415,5281,4086,8641,5922,4996,8798,5453,1554,6588,6043,6815,2708,6170,7934,8308,8121,1931,3517,1897,1406,7538,8511,7588,5593,5744,9315,2535,908,2787,8351,3228,9411,6722,2423,2079,4458,1046,6505,2408,16,35,4933,2145,2016,6238,5162,9523,6172,9564,5339,1757,6897,4553,4625,4690,9583,3812,7129,1927,5608,7083,9662,8062,6968,8104,6683,440,303,6149,4185,1127,5022,6053,190,1408,1276,8081,1834,5558,3160,9776,6208,9868,8503,1150,890,9966,7182
2180,7300,5741,6620,5293,1723,698,2692,2436,7583,3111,5261,6112,7909,936,8112,6640,8283,1835,322,7911,906,5082,118,7119,6116,8738,8066,7087,1469,3356,5279,4323,2563,7149,4677,5671,9316,558,5636,2539,9175,4315,9412,6476,1775,640,7985,108,2351,3283,2282,285,2801,2283,3067,2663,4616,9524,4102,8999,3141,6156,7029,5420,1716,4543,9584,5377,8908,2248,6145,6811,9663,4027,7939,8229,5765,6276,925,5972,1250,827,6037,3197,677,1698,5745,8502,5390,2083,4449,9777,8410,9869,3858,5340,3715,9967,5653
943,8387,2656,3317,6318,2088,1623,5345,2202,5809,3462,5490,5722,7095,2518,8429,3829,8853,3206,134,8406,1319,3922,631,5814,7467,6357,5546,7740,1122,3457,7166,7323,4727,3778,6326,5981,9317,6369,2157,815,8927,4451,9413,8554,2392,344,8389,249,2900,5222,3334,65,5571,1153,1135,3989,4853,9525,7673,9226,6630,4552,7926,3598,2028,1399,9585,4467,8291,6256,8558,6076,9664,4414,8376,8456,7237,6693,1560,6612,338,580,3729,4453,1712,3994,4691,9711,2784,1249,4327,9778,8443,9870,1272,5942,1095,9968,5318
2320,6515,6328,7931,3617,6404,2954,7222,3702,3737,4307,6705,5418,258,5859,2358,6280,5277,1651,479,2389,5611,3722,212,7240,5117,9047,9038,3383,2301,1511,7104,7785,8818,675,4875,4734,9318,5524,3808,5332,2011,4505,9414,1752,3188,976,9067,130,3692,3384,1636,2945,3949,574,4403,584,1540,9526,7194,6564,2631,7805,2624,5538,2349,6167,6094,6911,8726,5029,6482,4855,9665,2677,9205,7304,7635,7396,407,4300,5808,3864,6547,6752,545,3912,247,8010,2005,3944,5692,9779,1433,9871,6746,4938,4559,9969,5674
2703,1505,4560,5321,5878,4005,1936,2990,4967,5123,3745,4669,3936,5966,4729,2186,3721,7399,5863,4577,2350,4977,1232,2098,6005,6459,7537,7132,2805,2190,1131,1633,3599,8078,5860,2286,2595,9214,259,4663,4153,1117,2942,9415,3685,937,6538,8575,2553,3259,3463,224,3896,3503,1435,3333,866,2440,9527,1547,6768,1755,5077,4382,6036,431,5951,5831,2572,8843,3681,3070,5215,9666,5353,6984,5516,3402,6808,3644,5882,5534,2162,8435,3395,5011,710,3380,7849,2037,3405,4213,9780,6955,9872,4545,2688,4401,9970,5168
210,6536,6619,6465,6272,176,2334,7834,1176,3204,1447,1843,4791,4822,915,8690,8367,8957,2426,233,7662,1692,7637,949,8397,8992,7898,7802,6132,3725,6419,7930,8440,4555,7899,6136,4469,9319,2007,1620,865,8700,3310,9416,5466,358,747,9219,767,3275,2637,4381,325,4796,1149,7548,2463,4854,9528,6472,8146,2205,7913,6624,2987,6489,8059,9032,3034,5566,4844,8324,8069,9667,1610,8770,7709,8698,1403,189,4876,3552,2280,8678,6534,235,6735,6539,9712,1549,6077,1592,9246,8649,9873,3123,1476,6387,9971,7085
7755,6934,5177,5953,2414,5012,5737,3398,4162,5862,3841,4777,3648,621,6210,2385,4711,6206,5956,4989,5729,4887,1940,3409,5426,3767,5371,8518,3277,1218,64,5185,6804,7120,3945,3813,4422,9320,2984,5070,3753,8946,4664,9417,5988,2203,2249,6504,1912,2119,2052,292,4365,1116,2646,4019,3623,634,9529,4418,9565,3870,5925,2201,5320,3280,1170,9140,5716,7648,2924,1562,3064,9668,6445,8304,7228,5475,8017,2009,3315,4233,3043,2488,3768,945,910,390,6572,1647,1904,4501,9781,5889,9874,1613,2946,2230,9972,5565
5458,1929,3832,7091,4657,6563,6795,6606,5216,5256,3978,4104,3701,4565,5289,8210,2130,2292,1939,4295,7750,3504,4636,3669,6237,6748,7380,8237,2643,882,219,3535,4417,8039,5074,371,5622,9321,587,1740,5590,5623,4099,9418,2918,3474,6220,8255,516,4205,434,560,581,3647,3679,4735,6320,2817,9530,1417,9566,3619,3285,5308,5333,276,6730,8263,5499,9594,527,1962,4245,9669,3565,9133,5582,6221,7660,2830,7084,2855,284,3787,5700,2458,1285,2766,7220,3789,3932,5167,9782,4101,9875,7779,2861,4182,9973,4073
8127,4609,2449,2281,2884,3276,2857,3828,2270,4342,4172,2517,4139,1655,4524,5793,5762,7646,3224,2031,7722,2614,2730,217,6868,4717,5359,7857,2648,4045,5399,5126,7395,7034,1946,1916,1228,9119,363,7134,4720,8873,4148,9419,7288,3331,7028,5467,220,4780,2991,1971,1479,3401,3693,1827,288,3654,9531,3339,7180,6410,1672,5577,5290,3851,7365,8095,6677,8804,3099,3286,2557,9670,3053,8311,5472,2321,6011,1429,1234,930,2347,5718,3519,4440,1142,2621,3880,1789,4036,4608,9783,4621,9876,7209,2102,4659,9974,7897
1,2,5,7,26,405,2033,5235,2633,6739,6756,7962,5970,4549,9087,7378,8766,6248,2537,7179,8430,2809,5875,5855,6491,2579,9088,8983,3876,6994,5817,8088,7215,9151,5186,3307,7672,9322,4195,7539,6519,9078,4439,9420,7105,5929,958,9166,1507,4704,2727,5108,7986,4987,3590,5027,3581,5061,9532,6488,9074,6651,5154,8556,7577,4567,7505,3381,7659,9595,2299,5295,7571,9671,8159,8096,8932,8665,8543,5791,7369,2961,4035,7018,6204,3704,419,6918,8773,5041,4168,4203,9784,4586,9877,8160,7809,6484,9975,9160
1645,7390,5952,8034,5266,841,1264,4984,3545,7883,590,2704,7218,5363,1182,8144,8003,7902,2195,626,8736,948,8107,536,5599,7096,8453,8795,7982,1353,3492,6092,5738,3244,5715,7346,6996,9323,72,7880,3831,9100,4830,9421,7480,472,1073,6576,214,2089,3131,428,784,1976,4095,4950,1638,2284,9533,6481,8947,1493,7081,4279,3739,2087,8875,9027,7382,8964,4090,6998,6305,9672,3526,7093,8457,6173,5219,211,5830,1588,1798,7471,4043,1026,410,7002,9105,5976,4415,5051,9785,8132,9878,3422,4802,5386,9976,5489
2384,7525,6831,7550,7321,6347,2173,3447,6153,8075,1703,2387,5545,6667,3017,7579,5802,6982,4064,1062,4229,4986,8020,474,4928,6987,7765,1839,3716,6273,6930,6569,3887,6575,7951,6656,5924,9324,1206,8582,3924,594,6561,9422,2736,2058,824,9220,489,364,2509,436,132,2772,1160,4615,346,3088,9534,3047,2659,3805,4013,6308,8637,2649,7570,8922,2681,8244,2265,6793,8129,9673,4018,1928,7079,7716,5246,1020,3655,7337,1905,7325,6202,2317,512,3674,8385,623,3281,2178,9786,8807,9879,2676,3014,4299,9977,8200
5149,3969,4388,3620,2996,3705,2291,7159,3304,7812,4426,353,569,1998,7363,8597,6734,6350,3642,5132,781,4573,808,4107,3046,7692,6787,4022,4310,3901,938,4814,5380,7760,3000,343,6931,9325,1253,7479,4199,9063,2163,9423,2543,1190,3194,8696,962,4380,1982,3229,439,1654,1960,4255,253,5930,9535,2923,8646,4538,4769,7107,7814,542,4483,9189,6453,8318,5218,7082,5429,9674,578,7594,6243,6348,7385,5975,6310,3465,3734,7305,1244,1172,2567,3899,7770,3889,4431,2262,9787,8689,9190,5897,2691,2804,9978,2668
4710,4218,4427,4260,3867,6319,3776,6042,4599,6844,1381,3900,5087,2240,4832,6671,4532,6195,4192,4738,6434,2093,2932,4204,5394,4240,4959,3163,3740,2721,5221,5693,2846,7442,1593,3555,3910,8574,831,2779,1091,8760,1380,9424,5272,2493,6885,6050,4211,1330,2421,1522,5312,2654,2689,3727,4046,4347,9536,3843,9199,2720,702,1902,4679,3816,4231,9179,1665,7557,3982,3667,3773,9675,5828,6553,2699,4285,6798,2995,5094,5034,2927,6486,3198,1641,408,982,848,2828,1984,2955,9788,7110,9880,6771,4137,61,9979,2417
1175,7408,6464,7675,6102,5533,1742,4191,3823,4341,1837,5640,5267,6230,2486,7932,7631,8170,1750,95,2540,4038,4863,33,6741,8315,8477,5592,6253,5849,6122,7643,4249,8058,7818,2811,6398,9326,758,4055,1577,5118,3589,9425,3203,2978,537,9083,444,1141,2049,2874,53,4057,998,4579,244,6299,9537,4964,5105,1838,6365,8227,4978,5603,7275,7987,3625,7585,3301,7872,7332,9676,1087,6245,8251,8085,2452,1204,4755,5460,2481,7140,6776,649,2318,5578,9713,1288,4624,1856,9789,7343,9881,3071,4123,5350,9980,5142
8898,9127,8187,6440,4170,6424,3645,7485,5868,3448,5358,1114,892,1324,6714,8348,1823,7430,1066,5677,1188,2819,3539,6773,7301,1240,8412,7891,3178,1478,526,6335,8645,8832,610,1335,2335,9327,2731,3393,3263,4160,5903,9426,3218,209,1201,8958,48,7151,180,4232,551,5376,228,4570,237,4111,9538,3219,8785,5095,7226,8849,5484,3673,5596,9586,8013,9013,2343,5362,6546,9677,3054,9206,6157,8442,8009,4371,8021,6860,1039,2762,7089,1515,3788,389,8942,5840,3593,5941,9790,8386,9251,7344,4927,4003,9981,7421
6146,4778,3411,4638,4171,6852,1667,6070,6214,8343,2948,3325,5681,3293,2353,7498,7564,6709,1608,533,6628,2054,5933,71,5798,6529,8128,4889,4140,3943,2711,5870,1783,7491,4955,1853,5328,9328,86,8533,3802,9146,3630,9427,5205,3445,2533,4509,146,1967,5060,3803,383,4535,3882,628,174,5448,9539,2155,9081,4708,6833,6359,3032,2864,3973,8173,6597,8839,6455,3926,2794,9678,294,8884,4861,6469,8619,3898,4072,3728,2391,5473,3641,359,2226,5767,9242,4604,2179,3875,9791,8205,9882,6422,3501,1384,9982,4983
6723,7429,2755,7033,3611,7248,1266,7183,6878,8661,3052,5178,3456,2506,3970,3010,7888,6223,1415,617,1670,5234,5794,77,6922,4109,7573,4846,2293,1178,1660,6352,3742,8731,1155,3004,5584,9329,1676,9128,4076,6377,2103,9428,2340,3016,2907,8664,683,2266,4482,4065,376,596,493,2311,369,5683,9540,5852,9567,4157,5544,7475,5032,2062,3321,8950,2922,7953,6603,7244,4634,9679,655,8924,8296,5881,7368,3249,2516,2487,3291,4078,3720,1011,4697,5707,6181,2573,2120,1863,9792,5481,9883,6594,4280,4387,9983,6423
3866,8073,4907,4124,5330,4725,1031,8424,2261,2905,2545,7123,3929,6091,1400,7642,4284,8642,1262,162,4189,2018,5581,1799,7686,6948,4602,8527,6098,4619,5554,6673,7671,6080,7185,5385,5194,9330,2255,462,1366,2734,2327,9429,3139,5038,715,9068,88,2285,2307,2920,319,5423,852,4212,1892,4316,9541,2342,8473,993,6437,7168,6513,3314,3571,9587,6602,9596,7181,2812,4460,9680,1148,8312,8230,4640,8688,2515,7444,1470,330,4784,6925,1965,1913,1546,7284,3797,1208,5914,9793,8844,9884,5606,2580,4319,9984,5811
1313,8870,4856,6877,4004,861,854,8142,5097,8411,1494,1709,7497,5904,687,8416,6970,8275,5641,401,4596,1402,6126,707,6940,5628,4457,8238,6396,637,2578,6927,5833,4730,3971,6641,5779,9331,2333,8079,1094,9121,6800,9430,7488,723,1453,7495,275,1198,1688,2863,671,2881,3209,1685,4318,1143,9542,5028,9568,6623,5926,3779,3676,737,3659,8907,6625,8930,6287,7882,3738,9681,5820,7832,8608,7049,8345,395,4248,234,1008,6158,4589,657,4808,5854,9126,6450,3419,5334,9247,8707,9885,5528,6470,1348,9985,5173
828,8524,5670,6985,5357,286,305,8044,2194,7058,273,1075,2903,5714,798,8577,7771,4706,5325,138,6155,52,7839,642,7592,8452,6316,8945,6854,409,1650,8712,8202,4147,3186,5388,7552,9332,3192,1933,3842,7203,6724,9431,7253,257,4434,7736,1168,2229,1092,888,5651,2838,4430,5101,5470,970,9543,3845,9569,1781,8786,6420,3657,2296,8522,8615,8264,9019,7754,7746,7786,9682,5211,7443,6857,7232,4895,63,7153,1729,3576,6862,4500,1355,2369,4304,9143,6038,5259,2876,9794,8775,9886,6799,4785,4339,9986,8120
1128,8878,6537,6479,4419,979,1210,8497,2244,7835,297,810,3009,6600,891,8997,8673,5319,5507,97,3652,239,7656,2219,8361,7925,4152,8911,7574,415,1338,8374,8753,3624,1278,7734,7658,9333,3352,2869,3140,8675,6690,9432,7761,426,5746,8220,1063,859,795,929,5187,2555,5044,4852,6179,641,9544,6913,9200,1194,7533,5804,1246,1216,8593,7965,8732,8923,6137,6008,6646,9683,7048,6901,8139,4291,5373,17,7610,931,3031,7848,7306,997,5597,3744,8537,7477,4150,4926,9795,8246,9887,6282,5535,4743,9987,8377
6554,9254,5719,6069,3668,6945,7788,6425,6490,9212,1861,1014,4944,252,9255,9015,7783,2608,1686,4537,762,186,2355,6290,6452,5310,9257,6589,8248,270,268,9039,7984,7751,752,1275,7341,9334,5919,8204,7723,9346,4235,9433,6428,44,3998,5690,691,8213,119,470,2985,3073,2483,1299,586,1015,9545,4836,9570,8636,2950,8971,8850,80,5556,9588,8185,9131,9058,8852,8790,9684,8475,8948,8198,8319,8279,8523,8834,7567,2746,1907,2459,4272,45,6845,4512,6780,3167,1969,9796,8869,9888,9901,2081,822,9988,8935
1784,8757,5122,4976,5721,351,3771,8313,1032,7279,1498,427,1464,7039,4375,6881,8759,4760,7250,208,1223,599,7794,4125,7903,8183,2653,8149,3649,399,1001,8284,8322,8110,3049,5612,6910,9335,4496,1296,3733,8614,4815,9434,6201,838,7499,8799,5991,1877,1674,1979,6676,1722,4217,4163,4916,461,9546,2457,9201,1113,6545,4096,768,1669,7937,2204,7235,8959,726,5685,6250,9685,7837,7590,8648,7799,4685,14,5965,1404,4603,8097,6951,3028,879,4108,6379,5672,5733,5695,9797,7968,9889,8216,2845,5239,9989,8961
8550,8043,5720,8163,4264,3181,3057,3688,5601,3731,7233,5775,2768,1745,5398,7727,6495,7821,2693,4322,5946,5024,5306,782,5661,1383,8624,7874,5979,5781,2176,6480,7352,8796,1157,2719,4698,5026,851,5443,4921,6390,4681,9435,2359,2547,1463,7906,151,2036,2269,2086,5445,2312,3060,103,355,2151,9547,7500,6659,3542,272,7619,5480,5764,6584,5449,6717,9096,2651,4600,5954,9686,5613,8805,5780,5192,8492,49,6634,4252,4674,4935,4516,2366,223,3305,82,1937,6163,4558,9798,5497,9890,8572,5069,1061,9990,8494
724,2160,5477,5374,6883,1035,2135,6662,6165,3537,1584,2056,3030,6879,1968,6551,5064,7000,6351,1444,2067,3420,7060,2300,6750,7744,7486,7145,421,4193,4620,8122,7027,8164,1653,4819,3717,9336,3580,790,1112,4179,4350,9436,5548,547,625,9167,1472,3762,3930,3455,6370,3723,2134,3853,5865,1956,9548,5784,8802,3811,3366,6414,1850,4737,6322,7720,2123,6046,4840,6977,6264,9687,6025,2165,6501,6354,1229,141,2419,4972,3100,9005,3613,1997,793,3850,5844,1427,4696,3374,9799,8086,9891,1255,2574,4320,9991,4896
3081,6555,5017,6054,5646,6000,1497,6183,2967,6176,2375,4292,3403,6222,895,7869,4870,8634,769,751,6267,1047,2500,1236,5392,4613,7948,7014,5419,1805,4394,6590,2832,5003,6616,2022,5872,9337,2026,2118,1996,5464,4259,9437,3606,2887,735,6691,135,3337,4774,1360,266,5183,1862,2777,2892,3248,9549,4498,9227,1580,6344,8208,6321,2548,2156,9589,5485,8982,6926,5908,7819,9688,5821,8960,4611,2843,7333,1963,4480,1886,611,4238,6174,739,1612,4119,8660,2129,1012,4225,9800,8571,9252,3124,3486,2815,9992,7975
1006,9036,5103,8260,4767,928,582,3023,2231,3724,1951,2337,5760,2722,2168,7971,7513,6154,4228,149,8551,3782,6556,397,7374,8065,4017,5777,5100,1966,2508,5725,4859,6427,8019,5463,5555,9338,2418,2602,965,1993,939,9438,4699,3442,326,9458,57,4146,2973,3245,805,4974,2420,4085,974,3341,9550,7527,7516,2502,4556,2882,5421,3306,5071,9130,7100,8285,4826,8196,6875,9689,5242,8570,6508,6782,8949,154,5797,2278,2775,6289,6509,1077,2899,6159,9116,4626,3772,2625,9801,5543,9892,1766,4920,3953,9993,7969
114,1574,3019,6017,6915,845,839,5883,2376,6772,5792,6521,6442,6226,4266,8598,8611,7928,1564,296,2499,2562,4990,133,7328,8338,8018,8362,3885,4059,3907,6763,4652,7772,7167,7064,6642,9215,142,3166,4265,5004,3105,9439,5213,3431,2019,8713,382,2341,3507,1711,2319,3830,899,1411,321,6874,9551,5921,5992,1434,2182,6976,3429,6972,7434,4006,1748,9103,6478,8334,8541,9690,604,9699,7517,6962,8493,867,4121,5939,4722,7401,5551,360,1051,6474,3755,5619,4473,3527,9248,8639,9893,4484,4494,2966,9994,7299
2365,7143,4075,5351,3735,1888,4963,6778,3135,1715,2823,4686,2769,5361,5687,5379,3358,6475,1222,2116,3777,4834,3322,2807,5703,2524,460,6177,5815,4241,3300,5204,5846,4667,2367,3543,1573,9339,2853,1005,766,5127,1578,9152,5491,1579,4221,7745,3200,4749,2888,1833,5736,2559,2630,465,942,3931,9552,4776,8534,2620,3578,6500,1441,2476,4466,3092,3117,7731,1731,3822,3522,9691,4654,9136,7309,5500,7349,2678,2827,4918,878,6180,4227,4276,2066,2396,4709,1903,3512,2979,9802,5560,9894,7229,3392,3993,9995,5265
498,5888,5243,7484,4520,3150,729,7007,3148,5442,3806,5837,6134,3397,1159,7077,7764,8372,4485,40,7138,2867,7327,182,5416,8109,8439,5107,7154,3247,6117,6492,2501,8747,7904,4740,3622,9340,670,2363,869,7461,2989,9440,4397,4014,904,9147,104,1283,4110,3530,22,4529,2091,2232,328,6650,9553,6824,4628,2788,5525,7092,4184,3264,6769,7578,4623,9057,6718,5408,6754,9692,5056,7245,8560,8053,4009,51,8165,1553,2944,5344,6548,650,4330,4021,7732,4772,4306,5559,9803,7878,9895,4050,5172,4464,9996,5573
6535,7502,6596,794,6456,3602,1064,3498,4903,2489,433,3005,2475,4591,7739,7445,7334,3484,3820,3296,5633,2532,3439,2968,5923,5910,6467,4060,1743,2276,4605,6141,3814,4250,5526,5269,4278,9341,3559,6583,812,6966,2424,9441,2409,160,3083,3183,2782,4614,3215,2104,5245,2613,2059,2671,3359,3147,9554,2612,9571,3318,3382,3683,4071,2854,3612,8686,4646,4789,3540,4816,6790,9693,5053,3977,1004,5835,3078,646,2940,3417,1918,6850,4493,1696,693,3312,7038,2478,2315,2666,9090,4937,9896,4214,2250,3757,9144,6814
4402,6888,5960,7927,8640,2505,392,8829,1189,2477,2747,7512,5686,7531,2077,8653,5995,8373,996,115,6992,1642,6540,495,8236,7446,6227,8890,7432,4311,7358,7641,5268,5643,5871,5428,7043,9342,3640,337,4992,2057,3289,9442,5257,1943,721,9459,473,1591,4879,1898,756,1728,847,2530,372,2082,9555,1378,6637,531,4665,7699,5907,5527,7599,4024,8007,9597,3414,5202,8461,9694,1874,9137,8771,6130,8382,1096,7263,3686,773,8561,7867,771,1569,989,7388,5983,3799,4103,9804,8934,9897,7992,1851,4660,9997,8037
2953,6337,5615,7758,5169,7076,504,1445,3459,5899,2523,4923,2956,4687,357,7466,7522,7411,1359,315,5065,2002,6097,255,6853,8294,8501,5237,6381,2252,4693,6995,2361,6871,6518,1887,5732,9343,110,5649,1714,8254,2217,9443,4786,3665,1504,7474,113,1587,3635,1565,28,4762,2368,3553,1695,5886,9556,5366,8295,2992,6239,7973,6224,3156,3350,9123,5096,8851,6908,7360,7895,9695,2683,5964,8001,3891,7199,3086,6052,2260,1304,4580,5206,716,3741,5657,9714,4641,1371,3865,9805,7196,9898,4136,4979,3180,9998,5927
3,4,6,12,206,1341,2902,3020,3490,7249,7924,7264,6615,2546,9256,8515,7957,2820,4838,1611,8794,4288,2577,1269,5948,7356,9150,8752,6568,6870,4534,8055,7769,8704,3488,6148,3629,9344,6675,9174,1893,7589,4671,9444,8302,5591,384,9154,2209,3874,5437,3916,6002,5119,4787,2526,988,6447,9557,6759,9157,6343,8819,7861,3798,4176,8906,1320,7347,9598,1622,7414,8868,9696,7297,9158,8618,7367,9113,2926,6090,1482,3893,7706,6191,2497,3271,6719,8232,5893,7071,2544,9806,5944,9899,4914,5689,6494,9999,7536
7142,6695,3840,6688,4828,480,1460,7767,3177,7976,1377,2273,5667,1754,1294,4812,4468,4173,534,3905,6524,4612,4302,3516,5895,5702,6689,7165,5238,1954,1115,6823,5827,6805,3918,5341,4343,9345,79,5518,4361,8408,4175,9445,6044,1496,1241,8801,2070,4088,2575,289,2658,1379,2705,1180,5338,4010,9558,4492,9572,5021,4404,4486,4953,720,3759,8512,3958,8812,5146,4946,1882,9697,4860,8391,6257,5304,3511,3558,2064,1462,2712,7283,2397,4129,682,3863,7496,5073,4061,1526,9249,4810,9900,4400,2952,2237,10000,3119
