0.0400318746458382	0.0725924210968778
0.00778319248194636	0.0134940879340607
0.18681622891125	0.441787219665802
0.0573391706369984	0.155328569336703
0.267557156012429	0.408417072960091
0.0167914756935322	0.0588713222993709
0.290154371114641	0.573545109928539
0.287005483879692	0.585935910395042
0.0164566245889158	0.0433532001808131
0.281695950981142	0.563420728815431
0.0205111851848027	0.042232435387376
0.246199312450254	0.479583411123613
0.280505685251358	0.563000185444117
0.269015853102403	0.504577340812085
0.0127598469639031	0.0556098331577611
0.280965390702215	0.449475633494311
0.281240599101785	0.497760187277401
0.287769741500924	0.573544294049711
0.0111832320515022	0.0214268117414675
0.286582263609353	0.596464997468746
0.252377727411936	0.554864275798418
0.0281989651939986	0.0443702049766544
0.281628781184838	0.493541920943199
0.287825611123471	0.565155201668066
0.0179444546300758	0.0247537149953905
0.0047466684757055	0.00813767230558092
0.206523642323855	0.406063907017735
0.287571666077637	0.576561295426708
0.015275803539695	0.0199759334365046
0.0330684061742061	0.0660411293696156
0.288727869195979	0.569041920106284
0.288640874929696	0.494827629072064
0.0233571797343242	0.0408096063357533
0.286073228215773	0.55801988096792
0.283061580284887	0.585188784555964
0.0303455196813793	0.0469972647043461
0.0112642685213866	0.0572407639592859
0.2723480176946	0.385260086050309
0.28043486184289	0.49852743624492
0.280968430376869	0.557839642717294
0.284479032770921	0.555824386754146
0.282328751842072	0.602116686284467
0.286740870176865	0.527807950749147
0.188483060473132	0.347402985935063
0.28623500346102	0.575209908696407
0.275763632769164	0.539183163120036
0.267171085714786	0.349666922250954
0.263591180961859	0.524246628431647
0.272594259473367	0.486404686806948
0.264203996116789	0.487551014266185
0.0434152397309479	0.145728630685057
0.0158034213812019	0.0337673276854039
0.277604077953897	0.559806961847312
0.273839816790374	0.559933165674297
0.0763936141371664	0.0730821162255674
0.0634196954643519	0.139951527268698
0.137050773463148	0.178580777241976
0.163413573243659	0.319106360997587
0.149906316479917	0.191946150952723
0.0440348326623128	0.250341976164426
0.0530592190316976	0.0451587131222819
0.158442942189659	0.349807828925351
0.216848318538828	0.261887984772848
0.235285406271515	0.563310543673486
0.120789556194838	0.382079860411837
0.0985515718572982	0.348379732303522
0.035528180044099	0.035871154724123
0.147893318089987	0.213628365136287
0.290363252791246	0.569741989082275
0.205573245341565	0.5453541361759
0.00762355095635779	0.016235241410092
0.0131238679852513	0.0183805147736935
0.0121892476398835	0.0250482775436241
0.289703891409632	0.582698535152403
0.289359746494623	0.590958049442571
0.291453928707791	0.567744866097789
0.0501807482914387	0.190447260927688
0.0190181513474204	0.0224499250264918
0.276666522411789	0.386965760373711
0.276254277742348	0.525346350295203
0.0137137920259066	0.0389974528945641
0.0331623557842802	0.0740444653337016
0.238342333702421	0.457837351117537
0.0261702867634497	0.0779753381021284
0.283200722161793	0.483335202299212
0.267435024082087	0.235606539938065
0.255020297769936	0.479755451717612
0.264344437827708	0.402480649217957
0.228805947692436	0.273639364183555
0.0118626443391943	0.0657385177741604
0.0456544476432545	0.0817234685523892
0.224516646334517	0.467476545456783
0.264878394773817	0.298033966419383
0.108270886771094	0.155080892937492
0.286749901547817	0.610826253198802
0.279335628764996	0.534349659262272
0.0428096189918141	0.142569506866066
0.258509083497282	0.509966519705931
0.284957341018792	0.509346606280494
0.0410737283229662	0.0450093283361005
