-0.0703105040252314	0.0817536385675492
-0.268480778546144	0.605210240892418
-0.276167679668935	0.710179328535293
-0.316750601207773	0.726919115973902
-0.0545584145300515	0.109511136519835
-0.333099177291102	0.85976433682276
-0.34452956084756	0.88957851606217
-0.208121188191913	0.779089608259332
0.0365731626086412	0.379487313689723
-0.109696358654292	0.33092274321224
-0.0333809914560062	0.086204598618917
-0.0261956876147465	0.0581017750881267
-0.348669896340237	0.862577399560679
-0.329902173632731	0.891350606657098
-0.0429246980888399	0.102359120811227
-0.0517260913022769	0.0985909630045973
-0.336820699880952	0.891839023253483
-0.0321266568851663	0.0783634518444444
-0.308277896433223	0.885948139375282
-0.0122529747785632	0.0222360170515331
-0.312113999129934	0.882732533963971
-0.0718391862607375	0.145550510395225
-0.00841149435279556	0.0261015972955717
-0.334794097961876	0.890990057024916
-0.380861412168315	0.908224509205668
-0.308801889563333	0.884640661317982
-0.0291201659587122	0.0576201701044802
-0.334387959966355	0.882920280556805
-0.213803120357186	0.777900702932881
-0.193077469225398	0.235767385834186
-0.351964450764276	0.890921737494183
-0.0358559326084512	0.0762755039685896
-0.330683158248806	0.889162673472142
-0.3462506438909	0.876077660427645
-0.0174152659725352	0.0412801749442995
-0.313272999455619	0.812001058910407
-0.324051759429672	0.859723796248188
-0.167854040882894	0.531829046994049
-0.259827712567625	0.680796827422247
-0.313368934308528	0.853440077466593
-0.0303663364236085	0.15742195353597
-0.0278434043869734	0.0280026804003405
-0.131748048870059	0.207321591612342
-0.216202874699289	0.715886350758098
-0.312615397836532	0.878262185795257
-0.244266648444447	0.828215674044697
-0.372794782721819	0.809589706354592
-0.33771299496997	0.834284922792319
-0.336038217402954	0.882826493289617
-0.329838426936274	0.79991023562024
-0.373449539100679	0.810853371932893
-0.0606587704635944	0.0989027040803492
-0.239345269614046	0.718325179402636
-0.313318524873755	0.852828510311573
-0.230306001799747	0.554557659036175
-0.266026379761544	0.81228408840334
-0.0590503501918642	0.0656572394062202
-0.346649286253827	0.893115002525938
-0.375277628577888	0.90333861436663
-0.0270107776946299	0.128666331377578
-0.366958972968351	0.700956002792624
-0.182200104350568	0.543279182759624
-0.250670621430097	0.802598245104314
-0.332703897790163	0.813677385512696
-0.1254942158524	0.159075063426524
-0.320900821090311	0.873285404408399
-0.216030934292645	0.696315188337561
-0.00959210724294627	0.0163245257077177
-0.332149973858013	0.883777964396002
-0.295162054850167	0.819826616826792
-0.0655779753019979	0.09075858534076
-0.310595170121212	0.845138544983477
-0.118739392331024	0.474865181750566
-0.39943992901809	0.824778342319876
-0.295558313964003	0.860033783611992
-0.313369527715047	0.869486759249969
-0.0543341764393029	0.101761981489648
-0.0387865905257141	0.0941093743595398
-0.00757573664521651	0.0215829898927153
-0.297033273364989	0.874902642459186
-0.337759625920468	0.82627163333443
-0.378344510253512	0.700665190379506
-0.323549433435106	0.868876007354003
0.00494001742620499	0.088034415248177
-0.118261974744853	0.312483340748503
-0.295731724429338	0.872675539191719
-0.341266648103569	0.835025220759191
-0.0985403245312322	0.178458057189265
-0.302930272857591	0.884754034771537
-0.04056247807617	0.0693485676177978
-0.0679231456515467	0.11722157330085
-0.327952266665546	0.885170868325727
-0.0163107863329352	0.0217773077177195
-0.0543780439457778	0.100296812756577
-0.0227544488902239	0.0451326811286591
-0.208459874145247	0.506914388594384
-0.317878391967811	0.882652853481437
-0.0264187704676034	0.0418352355408904
-0.291769227357305	0.864549736696254
-0.303529557529551	0.8824791980138
