4319,6052,4066,1372,6484,97,1653,3427,2784,456,8195,2118,7722,6965,6012,8758,7600,8846,5314,8184,4778,8948,3895,8515,9053,8292,3634,9153,6404,851,6193,9180,7999,6673,3957,4572,8639,2370,5643,1238,2330,8323,6338,4589,5405,5851,7988,1192,3938,512,1976,1522,4447,635,6101,8058,6303,557,5599,2039,1099,5406,3420,9436,7226,8032,3884,9539,3153,7876,8164,2065,2048,8604,1735,141,2051,911,8333,8,867,2178,3857,7666,4805,8334,5969,570,9692,9791,6282,5893,9884,5648,7656,3849,5795,7993,8579,2817
3151,209,6741,7460,815,752,4671,4077,2035,6663,4152,447,7117,1334,109,8759,5163,8847,7492,8143,4736,8949,7868,5272,9054,6931,6412,5534,816,566,4307,9181,1088,492,3696,2998,9280,7021,3132,3828,485,5966,3176,5573,5624,5903,8645,1519,6215,4443,7106,4457,5594,2621,3756,5659,6124,2915,2509,3301,7478,3898,1076,9437,6438,5575,6347,9540,834,9621,6490,4801,6035,1402,2319,68,5026,8424,7681,1290,4362,5817,2852,6733,917,8727,6141,7953,9693,9792,4296,912,9885,4570,7624,3842,2543,4937,8166,6959
2256,4794,2349,4321,1513,781,3055,2143,1363,3704,2203,1465,4789,4786,3368,8760,4347,8848,2021,1392,1590,8950,1941,5690,9055,2735,1245,8215,3507,1426,4295,9182,4035,5402,3365,2814,9281,3752,3970,1714,3439,2229,4455,7338,1386,4504,9364,747,4919,913,6016,3091,3666,3568,1763,5337,4666,4375,2164,3549,5002,5846,2570,9438,2255,3376,1888,9541,2323,7786,7525,4757,4569,6044,3608,2958,2738,4811,9659,800,5263,4475,2239,4838,1614,7283,1802,4861,9694,9793,3749,864,9886,2909,5505,3497,2606,5874,8390,1000
1115,540,4810,2523,4484,4024,2066,1292,3596,7668,8581,511,8104,1348,75,8555,7887,8849,8233,2833,1449,8951,7181,8474,9056,8066,5779,5265,871,641,7847,9183,4274,151,1243,3711,9282,4171,5064,852,1681,2498,7550,8251,7661,7353,9365,2858,8432,3003,4716,3573,6790,6246,3058,7074,8068,2099,5246,8379,8342,5586,3636,9439,8111,4103,5829,9542,1181,5815,2373,6554,7239,773,1444,406,7205,2768,9660,1625,426,1492,1017,6329,1996,1944,4986,8153,9695,9794,6765,2655,9887,7959,4201,8732,8530,8346,5510,8670
6780,5603,7019,4329,2154,706,1436,1230,1001,1867,4196,3767,3991,4465,4696,8761,4660,8850,4600,3910,6062,8952,6421,6254,9057,7733,6999,8322,3483,382,5649,9184,7347,2847,549,1934,9283,4348,7046,1092,2989,6414,2421,5171,2474,1073,9366,3245,7603,769,947,860,5590,4594,3398,6773,5049,2631,5109,2115,7126,6074,4324,9440,4808,3836,6030,9543,1986,6448,5211,1182,6209,7276,2120,3238,6643,1173,8545,93,531,6140,92,5866,4944,5749,3668,3589,9696,8382,3988,1617,9888,3453,5970,2615,4721,6744,6806,3236
940,1701,5967,2550,4477,183,1601,37,4705,6173,8553,3048,6084,6632,7678,8762,5335,8851,5661,2880,1883,8953,8685,1784,9058,5757,7297,9154,6020,1035,7053,9185,4963,2172,1527,1331,9284,1676,1905,1600,1742,2147,4792,9357,5431,1510,8594,4386,7415,1125,7551,5306,8126,4904,6497,5710,6539,514,4835,7236,2676,8043,5105,9441,7605,1900,5247,9544,6703,7431,7940,2465,7138,6110,3444,6009,6217,1398,9661,143,1687,749,7,7472,3396,2470,3882,907,9697,9795,2603,3894,9889,7211,7657,7017,3219,7634,8734,7407
804,1096,7453,688,2739,989,4282,95,1751,1344,8582,4830,6085,6169,680,8763,8471,8852,8158,4442,6710,8954,5888,9048,9059,8521,7035,8362,1268,467,5844,9186,1473,67,629,1805,9285,3330,7287,256,3491,3380,7365,8561,7703,8353,8418,2567,9428,1119,2217,6702,8419,2654,3808,6864,7802,5814,3046,5595,4373,5099,8133,9442,8441,4219,8458,9545,2047,3987,3117,3127,8544,3761,2578,6907,7497,1016,7617,3847,188,547,330,7706,7952,5526,6905,6476,9698,9796,5295,918,9890,8336,6096,8119,7925,7356,9987,8279
4525,5237,4004,1430,3778,19,605,1650,2439,3360,1514,4688,5688,5695,4824,8764,4585,8853,423,1813,3475,8955,6519,7519,9060,6520,4940,9155,2888,2119,1143,9187,1431,1411,3841,2502,9286,5061,5326,1512,2198,4850,3415,7660,5644,4693,9367,2694,2917,3157,1682,2846,1266,837,2238,5497,7455,5102,443,3621,5240,4856,1645,9443,4065,2262,6508,9546,2221,8619,8713,3138,4256,8274,1750,2571,3721,5162,9662,887,8131,3578,2829,2436,931,7270,6252,4270,9699,9797,2849,1705,9891,6162,5725,4854,6888,4090,8487,4318
72,4723,5856,8738,1907,3931,1908,2713,953,1819,1332,23,7073,6838,2168,8765,5859,8854,7324,7104,4036,8956,8123,2453,9061,7713,6698,8473,4668,165,3259,9188,1877,232,1269,387,9287,7326,7298,1198,5819,6592,5941,4524,5305,5363,9368,1611,8050,2935,5797,5213,5182,3495,3697,6177,5706,2098,1550,6444,8421,7321,893,9444,5174,2430,7031,8569,3285,2482,8714,5509,3043,6752,1285,532,1814,6066,5906,776,4285,2821,3324,4771,144,8427,6880,5175,9700,9798,5474,5439,9892,5231,5075,5786,7170,7902,7101,7067
433,2315,8470,7957,1029,3907,1476,204,782,125,5911,81,4939,7474,2030,8766,8232,8855,8239,3886,7687,8957,7747,7670,9062,8243,7256,7914,631,390,4574,9189,2109,157,1057,1147,9288,8014,5929,1235,6450,4535,7278,6416,6882,6680,8646,4360,9429,1758,5782,6818,6622,3200,2923,7630,4486,3527,1184,7155,7923,7087,3313,9445,8356,3276,9538,9547,2490,2838,6956,6847,9653,4474,3088,176,6823,3658,6300,1257,1101,1716,2389,7854,783,7826,7780,6898,9701,9799,7924,1078,9893,5392,5515,7065,6536,8305,8021,8136
5377,1917,3683,7265,3269,7566,1470,215,352,2981,1157,1156,4519,7272,798,8767,5291,8856,5800,613,5160,8958,8472,7809,9063,4775,1303,8497,5466,85,7476,9190,8538,2282,5500,383,9289,3952,4923,2273,1544,1421,6515,6306,3156,2334,8595,4624,3270,297,4653,5364,6921,5567,3518,6570,6685,7294,914,7217,4764,8478,730,9446,2930,2573,7470,1847,2984,8710,8467,3255,2994,4860,639,1770,2263,7113,9663,3563,1851,5711,5768,3469,990,4958,4271,7538,9702,9800,4785,4537,9894,8277,2576,5323,6548,5542,7591,8531
4143,3839,4400,4604,2101,3319,4551,315,686,385,7934,4631,6876,2674,2844,8768,7898,8857,7043,2055,6513,8959,5117,9049,9064,8235,5235,9156,1963,178,6514,9191,8518,1124,2460,1993,9290,7192,8244,307,848,2975,8376,9358,7134,8000,7193,2825,8565,252,862,4153,7495,3557,3760,8245,1552,2671,1563,859,1755,8433,8273,9447,7606,7220,7929,9548,2499,6389,5973,3189,4555,7322,2540,5042,6353,329,7608,13,150,1744,5631,7832,1346,9688,7041,8412,9703,9801,6848,6018,9895,3407,5006,8509,7027,8347,9988,4206
772,874,4992,5775,4390,2170,3750,1859,1490,376,6814,5132,3888,5563,4584,8769,6816,8858,692,6149,3609,8960,4506,6466,9065,7319,3612,9157,4405,1832,4575,9192,508,2046,5253,1253,8692,2475,3818,2402,1658,6521,6808,8562,5260,1163,9369,4122,5167,683,1186,5517,1003,1382,2592,7234,6103,2272,785,6357,4756,6231,4398,9448,6147,6426,2815,8706,1396,7368,6198,4542,987,6803,3953,3354,4670,2856,5433,1607,1120,1053,1204,4142,5400,7987,6025,3299,8664,9802,3036,923,9896,6445,7499,3291,4698,4028,7151,6315
5850,2591,6400,1572,4062,2729,2159,235,3998,609,8616,2788,5755,4355,717,8770,3542,8859,5321,3638,5112,8961,5843,1501,9066,5965,982,7964,5047,899,2246,9193,4192,1442,3734,840,9291,2365,3148,3624,1064,1715,5097,8272,4610,5218,8446,5118,7901,114,5608,2129,5709,811,2896,7404,6376,3815,1109,6159,4553,3581,6755,9449,5610,3673,4929,9549,3766,3966,3205,3812,2437,3860,5143,3560,5209,4608,9664,1801,1036,1609,230,5700,4740,2883,3961,2444,9704,9803,3133,898,9897,6511,7370,7451,6796,6142,7956,8007
3536,1922,6889,968,3779,983,3150,1553,4366,586,5900,7650,7745,441,1505,4913,7434,8860,5790,4866,7154,8962,1448,7712,9067,6831,3656,9158,2061,502,4315,9194,8328,1994,5437,4327,9292,1072,5000,344,3700,5072,6793,7752,5837,6578,6981,3488,3146,325,1052,6471,6564,1568,2420,7936,8188,4150,4233,4634,1343,6923,4817,9450,6603,7009,6257,9550,1081,5765,2106,4376,7977,2714,5287,3534,3027,615,8006,21,206,2559,4821,7061,3586,4549,6320,6027,9705,9804,6036,5847,9898,4186,1174,5381,7528,4619,6745,7253
2505,6321,6261,8281,208,47,5019,3332,3164,3421,8741,2677,5440,5771,1829,8771,7371,8861,5901,8268,5772,8963,7626,8475,9068,6333,6968,7870,2945,3320,1880,9195,538,328,4287,2306,8693,7426,6190,3109,127,4842,5243,1834,1355,728,9370,2053,7224,3883,6884,2237,6447,1729,5024,7537,7784,2287,583,7927,6827,5896,6152,9451,7386,6802,7734,9551,697,9622,8601,4343,5824,4399,5395,179,906,7824,6613,44,8725,2903,3440,6501,2649,8140,4798,3461,9706,9805,4971,58,9899,7100,5397,3712,6995,6248,3237,4462
5192,5251,6427,8391,2128,51,2336,389,1914,4207,2614,1930,4301,607,1240,8772,2301,8862,3029,6258,5073,8964,5791,5490,9069,902,2581,9159,4130,2696,2961,9196,2787,1278,3366,384,9293,2227,5632,3912,4079,3145,3833,8041,4521,3378,9371,3862,4703,2225,3261,1776,3386,2873,5077,5214,4269,2723,3051,5201,5801,5391,1684,9452,6691,6951,5942,7387,3686,8711,8602,3528,2057,4714,2841,1042,1749,5079,8508,517,6786,4751,2889,1090,2652,3926,4120,1224,9707,9806,5066,1418,9900,7180,5977,6225,2392,5458,3714,2626
347,3454,5719,8550,1790,9,5378,1455,612,1973,7721,283,3032,7141,755,8773,7601,8863,5861,8617,4962,8965,7517,8319,9070,8352,5503,8560,2355,1262,4478,9197,336,349,4069,1437,9294,7214,2950,4892,1333,5703,6874,6711,2141,4851,9372,3641,8095,1284,7469,4339,5085,5012,5368,7430,7652,3992,1451,4617,7586,5172,2416,9453,6186,4247,8163,8707,3732,6725,8507,2767,6777,6243,3333,28,2709,7955,5963,269,4209,4848,1187,6859,3103,7313,6804,5428,9708,9807,5429,121,9901,5456,8461,2097,6996,6571,8117,7500
3530,2693,4268,6458,4340,1277,3887,1594,2202,2777,6011,808,1259,3305,2131,8774,4359,8864,2259,3175,4220,8966,5689,5821,9071,941,3789,8416,2073,2659,753,9198,2779,4179,4238,946,9295,2062,4133,2742,3773,5007,3085,8185,2527,2105,8699,3112,4893,3203,5585,4064,1232,1445,1619,2268,5952,3647,3501,2864,7168,4912,872,9454,3532,3678,1466,9552,2666,7718,9634,3147,2380,7655,2004,1612,3449,4704,9665,1693,7355,3874,1927,4720,1312,6106,1315,3866,9709,9808,3932,833,9902,4793,1692,3256,4293,5127,8612,6132
5166,5676,4917,7958,976,110,1175,1732,3281,3414,2524,4294,4665,1419,2664,8775,5934,8865,3783,4396,5008,8967,7424,2265,9072,7475,4626,5292,1328,3867,4012,9199,6947,1180,5760,2013,9296,6772,4330,3184,171,3859,4964,1949,2731,2233,9373,1454,6204,3093,5135,6417,3104,1605,3822,6740,5921,4227,1528,5959,4916,2512,2538,9455,6429,6686,5783,9553,572,8203,7862,2770,6990,2448,4070,367,6017,3614,6934,1722,7280,3556,684,5607,161,7749,3426,1349,9710,9809,4461,535,9903,6694,6925,4927,6089,5057,2045,6836
2885,3606,1358,5303,4646,1728,3162,2826,3713,832,8583,2160,1856,2781,5415,8776,3543,8866,3909,5564,1279,8968,7637,6720,9073,7197,3943,7748,4691,1494,1791,9200,4488,2325,3918,2241,9297,4754,2861,3220,69,4508,5889,2953,1665,3774,8563,855,4059,1460,3901,2043,5315,3009,3401,5249,3193,1655,3653,3650,5003,3000,5053,9456,5054,6961,1723,9554,2719,8654,8526,2487,311,6127,5747,935,4081,4378,9666,148,7729,2912,910,4998,6687,5037,5724,850,9711,8665,4436,669,9904,4822,2646,4959,7003,4606,7028,5499
1327,2636,4960,5382,96,1248,3698,2561,1616,2773,8554,3754,5177,4699,4139,8777,5028,8867,5448,5919,3258,8969,6151,5569,9074,7548,5805,8430,966,1357,1462,9201,1468,324,294,2249,9298,5508,5653,2966,173,5300,6461,4168,3012,3846,8596,1433,5501,2871,2409,4154,4416,1497,5048,8170,6038,596,3476,7121,8330,5758,2218,9457,5550,6845,5897,9555,1044,8655,4709,2008,6829,8486,4701,353,5672,6661,7682,742,2640,5361,3615,6886,1794,8528,6439,1622,9712,8666,4862,543,9905,2285,3797,4979,7323,6199,9989,7769
8222,6855,7317,8615,7782,6492,5383,313,3796,3473,8672,5507,5421,4490,4526,8778,5325,8868,3674,2507,4615,8970,2747,8291,9075,3679,1247,8374,2108,1945,1300,9202,2422,5451,4926,439,9299,422,8040,5605,1960,1570,1539,3538,112,2074,9374,3295,7947,3340,7872,5524,4591,253,6534,4023,4597,2569,2867,6640,7385,7662,2963,9458,6318,7079,2749,9556,187,6822,7359,1023,4061,1531,5010,7711,6308,8192,9667,468,7095,7156,5532,702,632,7719,4643,4938,9713,9810,1547,4863,9906,5434,7467,5557,4727,1118,123,6881
3777,1274,2277,2954,2012,2791,4503,1486,3037,5677,7756,2904,4659,1249,2009,7091,6091,8869,2341,3240,5720,8971,3300,4335,9076,7972,2834,8094,619,601,5629,9203,7045,292,3892,3308,9300,1952,5754,3941,1080,4099,7084,3972,1255,6080,9375,1580,3356,1638,3613,3853,6545,3675,3467,6660,6377,3163,5044,2824,6670,2104,6267,9459,6328,5735,1472,9557,799,3047,1025,4497,6452,1756,2803,1188,3417,2638,9668,2653,465,4198,750,5687,4445,1719,6366,7335,9714,9811,5539,716,9907,6367,3781,8278,5245,6648,4496,7157
471,1183,1771,2455,332,2080,1760,676,2166,616,8742,3554,6746,6980,380,8288,5203,8870,5210,6473,4976,8972,8492,8038,9077,6393,3298,8431,997,2983,3131,9204,3657,2019,2964,3934,9301,1526,2184,3479,3685,5491,2495,1038,5645,1307,9376,1366,4055,2542,6255,1520,3101,1604,1631,7561,4657,3625,1652,7039,6335,3707,6989,9460,5236,5793,6454,9558,3322,5991,9635,3598,3098,8571,3082,763,3604,6510,5380,650,7742,4214,3529,4593,6219,7863,4514,792,9715,9812,4599,3158,9908,2564,5849,2525,4086,5577,8103,5221
1782,5547,6979,7738,794,1045,3747,2056,4131,4424,6798,518,2317,4244,4640,8779,3013,8871,1219,3915,4140,8973,3831,6077,9078,2869,5358,8536,3045,2133,4425,9205,371,841,4673,1009,9302,6139,3471,3531,2194,2235,5902,4906,1112,2508,8700,1407,3981,4007,7267,1710,4501,801,4800,7812,6424,712,1636,7463,5989,7485,7762,9461,7330,1532,7088,9559,2010,7377,7884,4847,7178,2644,4878,280,3622,7692,6555,11,8116,4625,2369,2764,3717,7501,4190,2467,9716,9813,4083,754,9909,4417,7057,8326,5987,5875,7994,2616
4825,4630,1061,8282,5459,3017,2712,1680,2033,1079,3575,528,2007,2940,3639,8780,6549,8872,4326,6240,1202,8974,4078,7425,9079,6266,1160,7620,6607,3733,1484,9206,2533,486,5565,1012,9303,6279,3535,1116,661,3729,6394,5030,4516,3294,9377,1797,5890,3929,7559,4540,2192,2123,1375,3905,6565,897,2794,5398,6434,5788,1869,9462,6165,1261,4124,9560,2214,9623,9636,3323,2148,3416,4438,789,3102,5188,8036,305,7413,4039,478,3338,3306,5328,6155,3114,9717,9814,3962,2875,9910,4735,4184,7452,3562,4613,4818,5516
8737,7447,4084,2682,8004,525,3753,921,766,282,8047,5971,4908,7943,1992,8781,8450,8873,8142,5252,8454,8975,4407,8632,9080,8039,1191,9160,5226,674,8296,9207,1694,469,868,56,9304,1203,7882,370,829,3218,7542,8263,3744,7629,9378,1336,8096,430,2479,5704,8420,1130,6102,7671,9435,2657,5161,2464,5472,7099,8246,9463,8485,7344,8098,9561,1886,3181,4091,3068,7968,6991,5789,6612,7878,2813,9669,126,217,1457,945,6935,2585,7209,8212,6567,9718,9815,6557,1615,9911,8667,5873,9984,9986,8085,3006,6871
3670,2822,2312,6615,4071,2289,5351,768,585,346,7051,4898,6541,1354,4200,6244,3010,8874,2347,5833,3878,8976,6590,7428,9081,7364,5652,8689,4983,1664,2741,9208,6456,3651,3999,2765,6370,5096,2504,369,563,5304,7299,8523,3381,6467,7110,883,7392,158,705,2840,4371,6463,273,7410,4499,1154,3042,1677,3635,6988,4337,9464,6950,6749,1889,8525,3687,8227,7891,5525,6726,7526,6049,4664,7032,958,3902,39,234,4760,2605,4724,5106,8410,7033,5931,9719,9816,7077,3433,9912,7349,5067,2291,6503,6825,9990,1698
7351,3026,4614,8449,6138,771,3197,4370,501,4164,1289,239,3266,7835,3821,8782,7149,8875,4413,6697,6241,8977,7363,7638,9082,8146,2331,9161,4074,62,1548,9209,936,2419,6156,455,9305,6259,5134,5737,1113,4745,8056,3784,889,1803,9379,1741,8057,3819,6631,6294,6932,1298,5958,7562,7436,4316,1222,6731,6674,7328,194,9465,4038,4739,7645,8403,1138,8712,9637,5142,4257,5223,1194,153,4331,9658,9670,569,3519,4924,3623,4635,104,8607,4322,7587,9720,9817,5907,1599,9913,5713,5986,3798,8101,6830,1420,5950
1427,4973,2292,8008,6054,17,3881,1403,3572,4463,8340,812,4620,6360,2339,8783,3980,8876,3618,6431,5148,8978,4234,7118,9083,5275,6470,8636,2167,3168,2816,9210,1365,942,2333,838,9306,5630,4826,3996,4718,4713,2328,8108,1961,5520,9380,1233,7922,3969,3722,2830,5650,3225,4587,4984,4784,2378,2556,1566,7653,4528,5879,9466,3094,6675,5385,9562,1773,9624,9638,3209,3177,2451,3816,66,238,6031,9671,351,7843,5948,3571,1727,6026,8211,4237,3486,9721,9818,3520,318,9914,4758,5144,7625,5324,3350,1074,1270
276,950,1884,3315,136,949,2461,660,2068,394,8743,4176,5293,4498,2335,8784,4910,8877,5752,6856,4571,8979,6634,6290,9084,8077,5863,9162,2200,2726,2529,9211,4017,2706,5529,1432,9307,3422,5331,2092,1890,2176,3351,7036,2732,1190,9381,3063,5341,1221,5716,4744,3671,3517,3631,3174,5927,5244,2956,3478,8206,7890,4027,9467,1721,7094,5086,9563,1774,7112,7509,1195,3738,3551,3213,2629,1213,4804,4291,1985,7228,5498,301,1875,6236,3848,5641,3126,9722,9819,5618,1999,9915,4511,6627,2079,5055,3025,2397,7446
1948,7440,2440,5899,1669,50,2992,1525,846,36,8156,91,2398,7771,449,8785,7944,8878,6877,8234,5401,8980,8394,8586,9085,7325,4014,9163,448,1013,5467,9212,3217,257,965,2586,7984,8591,7257,77,5868,3321,7689,8641,5452,2521,9382,2933,5348,1702,1737,5654,5895,5219,1762,7985,5537,3693,1871,5982,6406,5104,6317,9468,8180,7076,7348,9564,2539,5180,7543,4697,7301,8182,5372,1540,3861,3940,4766,2874,975,2136,4097,7916,1217,8275,7622,7243,9723,9820,7565,241,9916,7097,4512,7438,5621,8611,9991,7152
8513,8280,2114,4966,8009,87,4902,2730,1558,38,7686,658,1555,8679,4165,8786,6265,8879,7996,6278,8240,8981,4918,8686,9086,5682,1579,8690,5936,53,3242,9213,4022,2094,2070,357,8498,7888,7188,1176,746,2982,2882,8159,2497,5058,9383,1134,2704,1384,1087,1712,8015,1641,6327,6970,7437,1753,3325,2266,5732,8226,8301,9469,6699,7230,7127,9565,1322,7829,8081,4857,7631,8720,5825,3741,6218,4510,8722,34,331,2531,5273,6160,603,8480,8368,5063,9724,9821,5155,1275,9917,7910,6912,8575,8578,7737,6797,6598
3963,1620,6355,7461,1342,32,402,2442,2769,1435,4481,3498,5005,5278,4889,8787,5257,8880,2785,8373,1316,8982,8013,6144,9087,7774,4911,3751,4306,3477,2293,9214,2700,5822,4277,2485,8386,3626,4849,4408,890,3769,7078,6339,2811,1111,9384,129,6316,4281,7373,1446,1258,3546,1254,3935,3064,118,5285,5268,6118,6841,2006,9470,5792,4995,2807,9566,3786,8388,9639,4050,6526,1613,916,1582,4731,7398,8381,507,6530,5478,111,2126,6067,3485,6378,6939,9725,9822,4292,2308,9918,7251,7726,7263,6337,6226,7024,2668
8073,7285,3096,1529,7685,275,878,3765,1595,882,8490,5940,7834,3914,195,8680,8556,8881,4772,4384,6678,8983,1697,6655,9088,6799,2887,7108,1920,875,6658,9215,7840,4790,487,3470,9308,3959,6858,735,1863,2138,6809,5827,7714,5492,9385,1051,5744,1581,1913,719,7604,2152,5665,5369,6229,1661,4667,1586,3785,7803,5669,9471,8031,8331,8248,9567,1169,3326,1159,1979,9654,7578,3515,599,8115,2634,9672,10,271,4000,3642,6860,6276,4450,4374,7845,9726,9823,7473,5908,9919,6493,3178,8154,6597,8306,6442,2415
598,5034,7196,8514,504,22,3875,3229,4638,3264,8744,1870,7408,6633,1990,8788,7912,8882,3555,6459,7700,8984,7669,6560,9089,7819,7750,6582,4779,5274,2258,9216,396,321,4934,2298,4742,7391,4303,403,1556,5195,5930,3077,7258,845,9386,2759,7172,4795,8447,1091,2772,5267,3791,7259,7521,3391,1511,4967,4685,3919,5045,9472,7227,6750,1618,9568,5419,8656,9640,2023,4896,7664,5137,46,3633,6992,1633,71,8726,1565,558,5065,2020,7618,6645,5702,9727,9824,6646,162,9920,4961,7597,3726,6264,5831,8183,6296
7402,1509,8074,8551,1108,1953,6207,4182,317,438,8673,3927,5548,2278,1593,8789,6006,8883,7361,8452,7540,8985,5108,8558,9090,5205,4102,3231,3072,1464,3446,9217,1978,237,5878,1660,9309,4749,6249,4827,334,6593,4456,2675,3212,1308,9387,4114,8704,375,6637,4832,6760,4611,3448,5114,7873,6039,711,4564,7225,2560,1574,9473,8255,6281,8113,9569,2086,9625,7990,1504,5477,1679,1955,83,3113,8721,7978,2406,2715,1621,1909,1022,928,8481,1699,7388,9728,9825,6620,1535,9921,5642,7781,3342,7720,7804,2574,6997
5222,3637,5759,7254,2672,1885,2955,2107,819,138,8392,3327,7160,6374,3973,8790,2361,8884,5039,4011,4049,8986,6380,6332,9091,7573,592,9164,5140,1583,2427,9218,810,1216,3852,304,9310,1265,2740,2001,3228,2877,6292,8642,4203,2588,9388,797,6608,986,6250,5280,5972,287,957,7327,6875,5255,3644,5892,3652,7508,3170,9474,2410,6201,4581,8380,866,8034,7877,2399,5353,8219,4112,3880,1830,6131,9673,1975,1097,420,2260,6330,2075,8335,4242,2774,9729,9826,3152,3731,9922,5018,3728,7379,6767,1772,6779,5185
1272,5714,7789,5387,340,15,4189,3565,3136,4563,8745,2332,8088,2459,822,8791,8023,8885,6630,8464,6719,8987,8107,8145,9092,6242,8285,7092,3081,3850,2414,9219,1400,424,1383,3424,8216,7022,5640,107,626,4769,4419,1117,2737,1726,9389,2261,7308,4289,4218,2089,7054,3917,5536,8402,5579,3030,694,6346,8567,5620,7093,9475,7162,7202,3137,9570,2443,8599,9641,3418,7511,3079,5613,135,3539,8082,4969,251,7123,2469,1453,2734,1114,8448,6580,1860,9730,9827,5992,300,9923,7232,5556,6778,7646,7380,3216,7304
1481,3602,7995,3971,999,1408,7130,3510,790,218,8628,929,6919,2959,922,8792,7836,8886,8137,4632,8106,8988,5559,8320,9093,7337,4545,6363,1341,337,3840,9220,737,290,495,956,9311,3253,5998,363,7013,4226,9356,7037,2300,4058,9390,6909,8299,1781,4422,7520,7098,1471,5178,8566,7247,7376,1179,7312,8264,3349,7821,9476,8705,5880,6737,9571,491,1516,6115,6751,8257,1518,4459,611,7941,4290,6223,1643,602,2059,1864,5033,1347,7143,7399,5322,9731,9828,7369,2716,9924,8609,6824,8548,8668,7406,3069,8167
915,5373,3682,5015,427,964,995,1545,974,146,4254,1954,7556,2753,6022,8793,2124,8887,5762,3087,4394,8989,2611,3810,9094,4728,5229,8589,5310,980,3154,9221,1165,1921,5345,1584,8694,2471,6037,672,1998,2876,5020,6364,2937,5239,8187,2599,6920,1423,4887,3758,5121,4796,5346,8127,6433,5032,1569,5486,1841,7444,2970,9477,2827,4040,4249,9572,1848,5152,4483,4837,5422,8460,2462,2078,1995,1068,4812,701,2411,590,2932,4178,4576,8573,3801,4382,9732,9829,5343,1689,9925,7271,7970,6941,6112,7050,7303,3990
4946,6179,6985,7636,5715,709,3011,2596,2155,5159,7491,3913,5756,5379,3070,8794,5412,8888,4404,5979,5471,8990,2276,8055,9095,4656,3296,9165,2493,120,5753,9222,339,1033,1189,1688,9312,2425,3524,4075,2926,5016,1967,6832,366,4623,9391,714,4412,1140,4687,3357,6034,733,3050,2999,4253,3468,2946,5983,6312,2116,5484,9478,5094,5423,7486,9573,1193,5865,4868,2028,6763,2986,4612,861,3719,6676,9674,63,7096,3142,2466,5100,1844,8314,1775,4467,9733,9830,3480,617,9926,5147,6913,7589,4879,5993,1103,6028
2385,5842,8230,2500,407,99,5857,3544,677,817,8746,2906,4183,4845,1893,8795,8451,8889,7727,4885,7867,8991,4523,7757,9096,5258,1959,8384,4773,497,1603,9223,434,425,1459,905,8695,2316,6960,306,2851,2987,5589,7783,3702,1227,9392,5955,9430,2691,5052,6122,7811,788,6754,8312,8329,7401,1095,6098,8001,3267,7594,9479,8138,5854,5885,9574,1391,4505,8069,6273,8250,2546,2100,1666,7169,5189,8302,1273,1102,725,4305,1868,2862,8175,6700,7980,9734,9831,4533,879,9927,8482,5124,8733,6901,7171,2345,8462
2031,5313,7903,7482,444,90,5139,3108,409,655,6946,1919,2929,7103,1340,8796,6542,8890,8121,2294,8197,8992,3044,8633,9097,3872,2866,9166,1808,744,2620,9224,476,665,1353,1896,9313,5133,6100,1225,5812,5845,7574,7946,4096,991,9393,4994,8398,5835,8253,5828,3452,1984,3558,7462,6437,7075,1323,8150,8568,5667,6474,9480,6029,5576,7204,9575,604,5250,6235,6188,7969,7842,3246,671,7456,6192,7735,265,2812,1105,4283,7334,576,8624,4170,6887,9735,9832,2356,88,9928,8003,5675,6494,7503,5424,5413,8063
515,844,8086,5742,320,14,3187,1866,2702,335,8747,727,8075,5021,901,8681,5591,8891,7699,8122,4813,8993,7518,9050,9098,8476,4029,7871,2140,764,7352,9225,343,254,5374,1479,9314,6263,4763,554,1166,2182,7583,8286,3692,1989,9394,2911,8324,2417,3015,4558,6251,3341,5937,8200,7694,6771,1054,8005,8079,2977,7798,9481,6835,7203,6707,9576,2267,4518,6819,3059,7892,3382,3430,57,5651,4536,5136,2195,2024,2222,4221,6205,2232,6391,7418,6015,9736,9833,6743,1324,9929,7676,7058,6688,7960,8053,7730,8348
193,2717,7860,8534,498,1854,4167,1634,418,378,8748,249,8120,7052,1506,8797,8105,8892,6345,8557,4990,8994,8144,7223,9099,8270,7165,7083,1196,1739,7582,9226,556,333,1562,4922,9315,6873,1291,410,6413,4931,5544,2697,6863,2575,7354,3257,5686,5090,8149,6041,3646,1931,2936,8387,4734,3690,751,7137,8109,2572,7412,9482,4080,5202,7691,9577,3406,1447,8715,6868,7394,4116,4871,296,6853,7931,1172,400,7139,2516,4381,6154,2519,8442,7210,1083,9737,9834,7633,1416,9930,8383,7894,2899,8046,6709,7284,6373
2281,2151,8308,5212,1836,2041,4235,182,1209,397,6815,327,2456,6002,1293,8798,7082,8893,5071,4393,8290,8995,5778,9051,9100,8535,5523,6705,278,386,3948,9227,3405,160,1588,116,9316,7443,8223,618,5839,6656,8540,9359,7724,7177,8564,5535,8399,205,3115,7454,6982,2974,2042,6878,6230,8300,4981,7777,4836,6651,7680,9483,8112,4517,8364,9578,1827,3906,4628,6344,7814,4469,1536,1321,8061,608,8425,2919,184,978,1747,7281,2314,6004,7623,7063,9738,9835,8316,1980,9931,7345,5145,9985,8483,8369,9992,5836
4707,4841,5298,7800,3441,1517,2848,1659,2980,3397,3198,3214,4006,3804,286,8799,577,8894,3493,4690,2270,8996,4891,4047,9101,5598,3701,9167,4414,3506,1752,9228,3034,2040,2637,2177,9317,2993,3727,2002,1810,721,4601,6770,1319,3739,8456,3432,4045,3074,3916,3896,4126,1951,3490,6182,4129,4073,1477,971,5691,2348,4507,9484,4342,3004,5580,9579,2957,8016,8265,3664,5154,5612,1731,1696,2175,3445,7395,561,6788,4427,2492,2096,4104,3095,1443,1385,9739,9836,4428,405,9932,5011,2563,6088,1405,4556,8194,6388
459,1136,8037,7592,293,1281,5460,3316,2721,1283,8749,1231,8231,1040,432,8800,6704,8895,7766,7266,6908,8997,6669,8321,9102,8516,7613,4750,765,651,6047,9229,1107,259,3297,4977,9318,1983,5187,1228,670,4633,7857,3811,4213,6986,8647,3038,8354,767,6000,3121,6891,2679,4204,8201,8504,2894,2383,8029,8097,2799,7654,9485,7954,6048,4753,9580,998,7915,4996,5473,7741,1778,5342,41,7457,5802,6178,1110,2090,828,3825,6275,1141,8315,4809,7833,9740,9837,6331,696,9933,6440,5546,7992,8213,7918,7515,7895
4972,3359,7504,6128,4401,2568,3383,2015,777,5803,8318,2037,7897,1005,274,8682,5317,8896,4890,5408,1668,8998,4231,8177,9103,7131,4999,7541,1502,3986,5980,9230,3201,2173,2554,3021,9319,5678,2537,509,938,559,6395,3337,2583,2362,8597,1800,6659,3232,3893,2280,6340,4928,1987,7709,6762,4264,1822,6164,8179,5173,4532,9486,1858,3595,5670,9581,479,6472,5727,4365,7479,3392,3458,189,4344,6535,9675,644,5964,1019,1815,6358,3288,6963,3525,2922,9741,9838,707,574,9934,3705,2169,7489,5774,2205,9993,7865
7554,6053,6689,4588,4003,222,6727,1745,791,361,7421,1007,2360,7723,3708,8801,8157,8897,7673,3379,8025,8999,4312,8048,9104,6736,690,8691,1374,113,2985,9231,579,225,880,227,9320,6937,7070,1958,6485,2962,8078,9360,1146,6730,9395,5262,6422,1390,3985,2886,7393,973,4440,7704,7341,6895,1932,6405,6480,4607,8080,9487,8128,5198,7793,9582,1067,6285,5164,4566,8152,8258,3601,4367,6491,2244,8659,1575,166,1498,1295,8018,1031,8608,7619,8176,9742,9839,8092,533,9935,8445,4149,8529,7911,6313,7658,6667
2601,3318,7069,3254,1286,2656,4309,627,1066,1487,8674,1077,1313,5832,4702,8802,6729,8898,578,5204,4385,9000,7997,4473,9105,3523,2364,8417,1381,2161,1969,9232,4776,3362,2248,3099,9321,5867,4622,1297,4449,4552,4135,5319,4420,130,9396,3171,6852,2797,2651,5904,731,3745,442,3607,5168,2778,1940,6372,6056,4580,4480,9488,3611,2513,6464,9583,2705,7487,9642,4844,1765,8035,506,1700,3933,787,8426,1026,4276,4991,2548,5035,3771,5228,4328,2216,9743,8730,5354,2939,9936,3659,6900,7080,1695,5050,9994,6269
7068,4229,6581,8339,2910,2796,4989,634,5233,6202,7081,5627,5069,5726,3387,8803,2681,8899,1250,2149,6572,9001,4185,7790,9106,5513,4067,8637,4839,1050,807,9233,988,1406,4605,210,9322,453,5633,5476,896,2224,2162,3309,70,4187,9397,3588,7575,2868,4935,3958,5098,289,4531,1567,6507,3955,1667,5553,6940,5646,2628,9489,7248,5487,3545,9584,1177,8237,8603,2445,5794,1606,5740,5767,5181,5748,9676,452,5721,2326,4354,1780,1577,7190,4814,7064,9744,8731,4002,4767,9937,7743,8072,6233,7490,943,190,6928
457,3279,6310,8168,258,622,3718,939,3252,3505,8750,544,2027,6606,2836,8804,7255,8900,3710,7185,3964,9002,7612,7688,9107,6063,3172,7286,2944,3889,2223,9234,3423,140,3526,2835,8438,4095,5340,1137,2473,6862,3293,5813,5780,124,9398,3904,7477,3748,5441,3204,539,4444,243,6506,7728,3111,4147,5338,7938,3561,7238,9490,6042,5119,6540,9585,2269,6626,8716,5502,4982,6065,4932,207,1199,3224,4997,64,7208,3140,1671,4476,1788,5701,5427,6418,9745,9840,5080,1127,9938,5388,6964,6918,5637,7140,4098,7635
4157,5708,4105,6914,245,2710,3799,1399,3183,981,8261,5693,5070,5519,4021,8805,5404,8901,6600,7229,3868,9003,2793,7572,9108,6460,2038,8517,1252,3375,6602,9235,3865,2708,4298,33,9323,633,5894,3903,1378,6769,1894,5259,2927,4882,8524,4947,5852,4169,5158,4304,3512,2044,3736,5609,1239,4056,1576,2484,8118,5600,4894,9491,6171,6983,926,9586,2384,8060,7763,462,4711,2350,2854,3311,4797,4546,3431,1434,7621,4829,2545,270,3400,6295,6068,568,9746,9841,2213,963,9939,4446,6621,3628,6238,3481,266,7707
6399,2590,6837,7593,2720,223,1738,458,379,4658,6055,3567,6108,1837,5083,8806,5860,8902,1263,2921,2478,9004,4859,7869,9109,7535,3648,8522,3173,1943,5572,9236,1662,4223,4302,503,9324,4341,4145,350,2153,5276,6008,8186,2878,5384,9399,1823,6955,211,7427,4936,4592,2395,1964,4957,2327,4205,2071,2183,6184,6585,1207,9492,4846,1821,5545,8325,3180,8343,8658,2673,5611,3347,1152,2978,3106,2423,7250,354,1925,5799,2231,1597,4748,8345,5230,2669,9747,9842,4577,1842,9940,4644,6820,5657,3772,5430,3587,7805
483,6781,7744,6305,78,73,3703,1783,2658,134,8751,1767,8076,6747,3394,8807,8024,8903,7879,8947,7025,9005,7026,7818,9110,5623,8067,8295,2144,3592,1663,9237,621,226,2208,3188,6649,5367,7739,233,5988,4899,7233,5939,6451,869,8701,5031,8199,362,3620,3965,6834,2163,3129,7949,3681,4560,614,5131,4278,2600,2344,9493,7928,7275,3057,9587,3066,5587,9643,3328,8129,8572,5409,2189,6692,3141,2142,1549,6071,537,630,7269,4970,6896,6957,7277,9748,9843,5527,185,9941,4358,6410,7886,7696,7647,9995,7011
6120,7212,6381,1438,858,436,2197,4816,1483,3983,3455,6046,3429,1008,4026,8808,4980,8904,5318,6301,6850,9006,2418,8634,9111,6679,1338,8590,3241,2081,6214,9238,4245,1294,1703,2941,9325,250,6591,1878,2630,1970,2804,8297,451,2786,9400,1991,4415,2790,4119,7340,3845,277,3061,6584,8059,6624,4161,6552,8440,4943,8051,9494,7874,8256,7331,9588,213,7047,3824,2831,7002,2110,5494,5215,3676,1063,9677,550,571,1523,698,5416,4679,5128,7864,1789,9749,9844,5540,1299,9942,6842,4495,6766,7641,5407,3265,8141
962,3277,8022,3489,984,695,4747,1862,748,214,8752,1857,7545,3202,1389,8809,6019,8905,6551,7423,6586,9007,5877,7133,9112,7973,6180,3660,505,1906,5279,9239,1422,219,795,4216,8696,6768,2297,261,1496,5680,7085,2375,2305,3805,9401,3369,6166,2201,5995,5625,5891,2449,5619,7268,3191,5928,551,5913,7976,1425,6611,9495,6196,6732,6172,9589,3724,4053,7570,3215,8114,7488,2111,450,5673,8209,6105,1032,3211,3263,2996,1972,2522,8165,5339,1463,9750,9845,5898,1004,9943,4094,6483,5308,7314,7150,8735,7539
4543,1807,7206,8309,722,4762,2219,392,548,408,5443,1162,7164,7318,175,8810,7296,8906,5862,6349,7643,9008,8631,8455,9113,8125,6351,9168,1161,341,7358,9240,937,415,4578,1824,9326,4030,6894,3649,2685,7105,7776,5552,6462,2371,8702,908,8377,1493,7199,2622,6642,3310,5530,7849,7797,4194,1428,5574,3199,5864,1678,9496,5426,6971,6828,7967,2303,8344,9644,6398,7378,6653,1237,167,6136,7333,8723,1178,4009,582,961,5184,156,8728,4369,6893,9751,9846,4905,3290,9944,3582,3352,3159,7148,7755,7357,7598
7381,5122,4158,7042,2736,704,1185,2743,2069,734,6807,2976,6523,5330,2401,8811,2960,8907,5558,6007,2394,9009,6975,7701,9114,7679,2819,7567,1560,3715,6635,9241,247,358,4682,3390,9327,6617,5883,1683,16,3755,6915,8643,1542,3899,7810,1769,8236,4361,7200,1450,5043,4502,4470,7071,3869,2587,4941,1646,2343,2689,6170,9497,7219,7563,4554,9590,4674,8570,5984,1142,6064,5286,3372,25,2633,7295,8407,89,7632,854,1754,6206,7465,4694,4865,1589,9752,8444,5176,1761,9945,500,7991,7693,7389,7222,8627,6553
6537,2450,4888,2589,3511,3627,5116,2971,1046,4010,192,2893,5562,7173,4952,8812,5696,8908,1546,6234,6350,9010,2083,7006,9115,7414,5994,8537,3110,2748,3190,9242,5088,6228,3076,2381,8375,255,4338,388,288,2892,3304,7366,3742,3364,7989,1377,7449,1950,7690,5705,2091,3040,3737,7008,6334,4262,4948,3071,6776,5197,675,9498,1673,5438,529,8651,1276,9626,7616,1779,3662,954,2515,4166,2390,1439,7640,2346,4258,2139,2496,3552,2000,5602,3855,4710,9753,9847,4561,3233,9946,4662,5386,1208,6805,3820,1201,7305
2196,2379,6683,8350,886,142,5692,4353,3377,1843,8491,849,6589,3221,3312,8813,5183,8909,6906,7846,5926,9011,7557,8269,9116,7494,2895,7945,1795,431,2535,9243,951,606,3547,2433,9328,5761,5617,5806,59,1974,6636,2491,312,2598,9402,1717,8042,3982,6158,5582,5674,738,5207,7310,7522,2050,2215,5953,7343,2625,1171,9499,7534,7496,7930,9591,681,9627,8358,4965,6715,3936,6092,82,2320,8062,7909,1150,4082,5975,4159,4211,1241,8547,3605,4391,9754,9848,6547,534,9947,5909,5944,7163,6927,5488,2510,5309
355,2412,6107,5743,1480,2026,1153,786,2113,2863,2093,1910,5465,5225,1508,8814,6495,8910,2792,7174,1804,9012,6559,1571,9117,6543,3844,7441,2286,2949,3007,9244,3695,2085,4132,2988,9329,5009,1541,197,2209,1409,5593,2943,3167,4261,9403,2872,4876,1748,2063,4115,2322,3272,3792,3723,6792,2426,1764,4148,7569,4267,2552,9500,1320,6911,5583,9592,2363,3358,9645,708,3249,6057,3005,1924,2805,5220,4637,909,6210,4950,1627,5036,2337,7917,5004,3920,9755,9849,4530,2014,9948,2565,6283,6387,4162,5464,8580,5264
5289,5918,1903,8552,429,105,5570,2463,2555,3438,7697,1288,2032,4311,2501,8815,7746,8911,6849,8436,6538,9013,8493,3871,9118,7920,2870,6488,4431,1335,3594,9245,1632,2247,2407,1370,9330,1686,4113,2357,472,4956,5920,4692,1164,944,9404,2283,7536,4915,4900,5469,1966,1058,3192,7375,7086,4489,1503,5660,8422,4985,5093,9501,7883,1933,5871,9593,4765,8404,9646,2206,1850,3235,2029,122,4993,8359,8210,1129,5741,3462,967,5479,437,7010,5887,2534,9756,9850,5138,587,9949,5022,7588,3977,5541,7302,2193,6953
679,5533,7677,6001,628,12,3504,2973,3947,3474,8629,360,3165,4380,4909,8816,6930,8912,4655,5549,760,9014,7904,2771,9119,6145,2584,9169,1011,3968,4439,9246,1740,1200,985,3361,9331,5736,3540,2823,575,1345,6203,7921,3166,2477,9405,2972,6681,1325,2211,2627,4479,2212,3823,4737,6987,2353,2547,6775,8207,6185,5990,9502,6197,5371,3286,9594,3569,7015,7072,2087,4840,7823,3516,26,2995,6153,8527,216,7183,4092,2711,4884,3413,6059,5826,2650,9757,9851,4057,1256,9950,5830,3591,3597,6093,5475,9996,4210
5329,3222,5808,7807,7382,4774,1530,1086,52,3830,108,74,5357,8089,3041,8817,2699,8913,7153,4648,7390,9015,7772,8494,9120,7758,3385,8396,3060,55,2727,9247,2271,1397,4806,298,9332,3949,7007,5389,3629,7532,5869,6097,2678,3314,9406,1537,7568,3746,8457,6271,6365,4435,5947,4350,3994,4920,2207,5462,6714,8423,119,9503,1670,2859,6924,4172,3303,8600,8405,5723,5399,8406,248,413,1642,8520,9678,715,2806,4068,3067,7282,45,8389,4175,9691,9758,9852,2243,4323,9951,8337,7420,3930,7971,7648,9997,8132
4272,6973,7659,8739,3788,131,5707,510,5414,6239,8675,1938,6419,6966,5924,8818,5156,8914,2514,7961,3144,9016,6616,8242,9121,8284,4125,8385,6568,2400,668,9248,895,900,4661,700,9333,4389,7975,4434,137,6191,2541,2064,581,2185,9407,2386,7906,1623,7795,2486,6977,291,6176,3399,6522,2382,1139,5731,7237,8190,2613,9504,6232,7939,6187,9595,774,9628,8052,4430,1491,2052,6299,1034,4202,7194,9679,31,8663,3800,4228,3143,1691,8443,4001,4853,9759,9853,3436,780,9952,7544,8221,6502,7481,5224,724,4054
2158,6629,2252,5125,4695,338,474,1809,2354,2191,5470,2776,4974,3654,3487,8819,6942,8915,6496,6032,6817,9017,4880,7880,9122,7801,6443,6784,5151,3890,6298,9249,6322,6402,1833,2642,9334,3367,5739,3022,417,5352,5141,1713,3459,4746,8502,228,7585,2645,2643,560,6844,3119,2635,6371,7841,3120,2724,5483,8171,5820,779,9505,6546,6003,5698,9596,4089,6343,8543,3329,4602,302,720,475,3251,7221,8546,35,8469,6076,1376,6789,191,2517,6237,7736,9760,9854,5446,1725,9953,7336,7580,2860,7018,6314,673,8532
7855,2458,7806,6133,1733,1947,4273,5597,6061,4352,8753,2607,6060,1401,593,8820,6902,8916,7919,2857,3482,9018,2413,7732,9123,6291,2511,7759,1936,1709,7965,9250,536,496,1853,2321,9335,421,6280,5194,952,3425,5763,6712,203,3900,9408,1015,8252,5390,8401,6081,7374,541,6623,7311,7384,1918,4225,8519,7966,3457,3584,9506,7951,7792,7595,9597,168,8099,2480,4550,7908,689,7512,527,6104,8479,9680,464,1899,4988,2082,3210,545,6386,7144,7596,9761,9855,4522,2884,9954,4732,7244,8576,8155,6277,198,8338
4708,7731,8361,6717,3408,348,5997,1873,892,4300,8676,5683,5038,5858,5496,8821,7422,8917,5694,5217,2618,9019,5662,5615,9124,4397,3128,7372,5639,1302,745,9251,805,584,1318,778,9336,2017,6352,2745,934,5938,7435,2190,659,1210,9409,3942,7740,5514,8224,6533,7135,202,5684,3632,6425,4828,1624,6650,8505,4357,2680,9507,7907,8332,5745,9598,682,5905,8717,1234,5738,1724,5410,2850,2683,8071,9681,29,6644,2240,3832,796,3124,7885,4043,2780,9762,9856,4675,2431,9955,7056,7753,6348,4864,3054,310,8349
4768,3513,6040,6227,3492,2230,3090,2180,3186,4230,4538,647,1218,1786,3689,8822,4831,8918,5302,6150,1236,9020,5960,7186,9125,6561,2318,9170,2112,2310,1521,9252,1707,1197,4491,818,9337,5566,2757,2604,1897,2660,5981,4041,1734,821,9410,4565,5056,2351,5025,5634,1055,3105,2662,7136,6216,2025,4493,4743,5370,6596,1515,9508,2695,3794,6013,8708,562,8620,9647,2698,1452,7450,3388,649,1024,7122,9682,813,5463,7048,2242,3244,1957,5403,2532,4093,9763,9857,3395,992,9956,4260,6323,4160,6465,5506,1895,3089
8214,7667,6212,2275,5489,4803,5344,115,5543,2003,6311,4706,7817,4372,5604,8823,8010,8919,4954,4121,7651,9021,723,8495,9126,8635,4527,8437,5449,960,7306,9253,7674,5616,4236,2187,9338,164,5359,970,145,6569,8640,2795,6785,7293,8341,1128,6665,741,3100,4823,8161,1089,4460,3939,7820,5103,3412,3806,3967,8287,3302,9509,8357,7014,7107,9599,1887,4669,636,793,7794,7787,4761,463,7552,177,9683,18,159,4529,139,7023,5396,4403,5261,814,9764,9858,7195,6336,9957,8625,4945,4897,8102,7439,7350,5796
1971,2667,6753,8740,3185,1060,4313,1367,664,2947,1458,180,2251,7982,1559,8824,7530,8920,7396,6208,3684,9022,6857,7856,9127,8262,2579,9171,1937,49,2934,9254,1799,853,2446,1561,9339,5376,3911,4432,1296,5668,7848,4968,2617,2404,9411,2820,7935,1846,7796,5764,3553,4402,5092,6892,6114,3974,1329,7411,6840,8172,480,9510,4458,3331,7717,8218,4325,9629,9648,3499,3566,9655,526,27,4472,8204,8724,824,2311,2210,3502,6224,272,6854,5241,8238,9765,9859,5785,1214,9958,7290,6304,4251,7754,7816,6843,6576
3355,7555,5290,5334,284,1215,6430,565,1082,411,8754,5658,6420,3997,1488,8683,5336,8921,5770,3084,7191,9023,2798,9052,9128,8147,3978,9172,2881,1495,3292,9255,3234,399,1158,595,8499,1855,8539,268,1305,3155,8271,9361,8160,2060,6916,4541,8439,374,1946,8503,9433,809,3877,9434,4719,2309,1251,847,1317,7576,3550,9511,9536,9537,3945,9600,2165,4395,7705,4652,8181,7851,6268,3817,8622,666,3854,762,806,1242,6211,7464,3579,8729,7419,7981,9766,9860,7466,7610,9959,7090,3669,8610,8549,6010,8736,4288
2127,1373,5722,8087,3522,229,1500,1132,3339,4217,5461,3814,6116,5933,523,8825,5571,8922,4914,7506,5234,9024,3590,1337,9129,6993,5935,5915,4621,1644,2609,9256,948,5120,1874,2595,9340,2236,1223,2942,3807,2435,5999,3576,1085,3873,9412,4252,3384,4137,3179,5734,3793,4052,2102,4579,4146,4308,3775,1499,2472,7329,4448,9512,4111,6481,3995,9601,1145,8621,7564,1965,3514,6962,3271,1926,2558,5974,9684,1578,6168,594,263,3655,391,6812,5454,5123,9767,9861,3795,1730,9960,1352,2931,6455,4246,4351,5453,5288
1635,5638,7433,8064,1785,3803,1371,1106,2553,3463,8677,1630,5777,3223,1100,8826,6872,8923,2855,6477,7161,9025,6976,5712,9130,6783,5679,5968,2562,5095,6163,9257,2340,1021,3843,2279,9341,3790,5312,1911,1133,7207,6801,6516,4843,342,9413,356,5951,4642,4867,881,231,2761,894,6994,7850,4573,4193,6713,8091,5996,5538,9513,6866,6652,4109,9602,2135,6904,8718,3450,6795,1314,4872,199,3097,1736,8174,98,8303,1718,1206,2121,857,6579,5332,4406,9768,9862,3720,3837,9961,5985,7016,4441,6005,4191,685,7581
281,4654,7145,8317,345,977,4544,3195,1690,1881,8755,519,5320,5153,2686,8827,7698,8924,3826,7291,7125,9026,7900,8026,9131,7998,4265,8169,3533,5436,5946,9258,316,435,4649,3663,8363,7768,1441,740,5238,6415,6810,2199,6759,1654,8541,3451,3465,4907,8378,3709,3262,6383,4123,6761,6498,3024,663,6070,6489,1812,6671,9514,5596,6075,3946,9603,4534,2494,9649,2405,4031,7128,2865,128,6130,3456,416,212,8623,4629,1657,5169,3080,6654,6362,482,9769,9863,6899,308,9962,5457,7129,2117,6099,4678,8135,6504
564,2718,8260,3870,84,132,3404,933,1211,196,8756,924,8393,3768,314,8828,8196,8925,8289,8054,8012,9027,5528,8687,9132,8496,6943,7881,820,1368,4596,9259,624,102,656,2447,7675,4364,5418,106,7429,3370,8500,8298,7905,2891,7215,6396,8466,1212,3680,5493,7367,1148,3460,8254,4901,4755,891,4942,4275,4013,4949,9515,8173,6385,6738,9604,1792,3248,7510,6482,8266,4263,5916,4392,7852,2489,2088,3052,2624,1071,4173,6556,3435,9689,5872,7609,9770,9864,7764,1628,9963,7571,5636,8577,8669,7926,8510,8671
2503,1002,7159,8489,3182,1757,4314,1271,419,2352,2775,80,5481,3548,100,8829,7983,8926,8310,5697,4284,9028,7962,8559,9133,8311,3580,5087,839,60,7029,9260,1205,172,4239,1244,9342,7708,5730,5445,823,4356,6594,7584,4051,6409,9414,1170,9431,5432,8225,6222,7120,5282,6423,7937,7416,4177,2845,7950,8217,6865,757,9516,7778,3207,8365,8709,2157,8191,7189,5881,8228,1264,870,201,6529,6885,8660,1524,873,1997,4016,6531,79,6708,7179,8574,9771,9865,7458,1891,9964,8220,6958,5932,8193,7611,6090,8533
7158,4819,831,3979,4411,101,381,3716,1835,152,8678,5978,2789,6134,4106,8830,4212,8927,5444,4454,6550,9029,3879,7547,9134,6436,4741,7558,1456,4037,7775,9261,7702,7549,1070,2299,9343,3537,6528,1151,588,2918,7448,1507,2288,6135,9415,154,6175,5051,2483,244,5870,5635,4509,3762,3194,555,2234,6724,8162,7577,919,9517,5773,8151,8033,9605,4468,6500,6638,5922,6390,5810,3776,1149,6058,7360,4598,61,1351,5656,3630,2457,6677,8276,7579,1414,9772,9866,6220,309,9965,7114,7480,8304,7252,6487,5365,3856
8370,5818,4562,7116,3509,267,652,4279,1413,220,7770,5622,8283,2058,1608,8684,6375,8928,8011,8585,1796,9030,8241,6428,9135,1942,4874,7716,3925,3118,3053,9262,726,756,2307,1706,7627,6618,2808,1229,2800,6722,2518,9362,6619,2760,9416,1861,3346,573,4224,3956,7038,3876,7242,7760,4676,2295,2952,2181,2632,4240,4726,9518,6566,7524,1167,8652,5191,9630,8313,4156,3336,7249,4873,4603,6756,7231,6662,591,1828,625,279,6161,770,5811,4117,2828,9773,9867,5455,149,9966,6354,5614,8019,2481,7932,9998,3130
8488,4451,6518,5130,2639,86,4310,2188,5776,440,8484,6401,1602,5769,5450,8831,6245,8929,6664,6262,5681,9031,1395,7773,9136,1811,1010,8618,6284,2018,2551,9263,4485,2594,3284,567,9344,373,5362,2602,1557,3743,2304,8397,784,1882,9417,5956,2758,1260,2358,3577,5200,42,3610,6791,7216,6183,691,2290,4777,8030,5522,9519,5717,6625,3016,9606,920,5626,7261,3020,4712,3619,5781,2818,3001,7853,8605,2979,4034,2783,4383,2150,3002,8259,7815,4138,9774,9868,4286,843,9967,6446,5350,6695,7034,3283,221,7684
3160,5518,7516,3763,1817,2342,2324,836,2687,623,4609,904,996,7529,4975,8832,5954,8930,4717,1672,7468,9032,1838,7767,9137,8293,1404,9173,3443,24,7828,9264,7442,481,1904,718,9345,6326,6758,648,1793,1429,7614,8501,3494,2577,8648,4883,8355,520,3559,6839,7309,1916,4559,6748,5442,6910,1982,7260,4019,8506,6903,9520,4833,6043,7785,8459,1246,5269,2782,3086,6527,5838,1006,3976,5277,955,8661,1310,646,1027,4241,5886,1059,6716,6657,8434,9775,9869,5107,2468,9968,8083,2377,7859,7642,5333,5068,6869
6051,5081,5355,1872,1564,553,1743,4215,2329,359,6728,5728,7505,2146,2526,8833,7602,8931,7837,5023,7493,9033,1469,4791,9138,5961,2452,9174,7020,1123,2725,9265,645,885,2647,699,8697,4046,4134,1711,979,2022,3677,8644,2274,4208,8598,2951,6505,224,2366,2990,1412,163,5360,7383,7615,5227,2125,6129,5179,6125,3764,9521,8202,7030,1361,9607,1041,7417,3083,4895,6639,7779,3694,877,8130,3472,2897,827,637,3363,4802,6359,7527,2670,6897,5917,9776,9870,5420,4568,9969,8084,7502,7553,7799,3033,8511,4379
2156,4118,7649,4005,4181,2374,2441,856,3975,761,8371,5170,6936,1168,3780,8327,5366,8932,6121,7362,7060,9034,3434,5584,9139,4820,6890,8477,4921,1598,4627,9266,5311,2132,1155,3759,8049,428,4834,174,876,484,2186,6833,3770,2641,5040,4759,6969,703,5041,5606,6167,2313,2393,7507,2454,4195,903,643,3135,5425,3827,9522,4387,5884,2991,9608,3348,6811,6794,5294,6682,2428,3599,5115,3123,5014,2095,1651,1364,2245,2122,2684,600,8411,4586,3787,9777,9871,6588,1065,9970,7184,4799,7115,6137,5082,1280,6270
5190,5186,7102,8463,1062,94,4738,1798,4048,4334,8372,4163,2536,6826,2528,8834,6213,8933,2544,4641,6524,9035,8065,8395,9140,8294,2005,6525,3570,5551,6562,9267,930,1122,6739,490,8698,3402,6721,2296,260,7166,7167,8592,6109,693,9418,2688,7861,736,5248,542,1121,2076,1393,7813,4136,5394,2619,5078,8002,5521,6384,9523,6821,3937,3923,9609,4151,5126,9650,5699,7893,3274,2476,133,4377,2837,6666,48,8409,147,3863,5554,6341,3885,7062,412,9778,9872,1708,1977,9971,6449,7513,5347,6309,3672,5301,7245
5129,3437,6083,7896,925,3227,5356,3134,1047,3065,3447,5561,5914,1820,1424,8835,3593,8934,6967,3691,7044,9036,3643,6782,9141,5299,5417,4141,5663,2408,3699,9268,2549,466,7000,1474,9346,1360,5468,2368,546,6079,2853,2084,1359,2948,9419,825,6342,932,7791,2253,5113,1380,1387,3640,7342,5196,842,7397,8189,1350,6407,9524,4464,8139,5655,9610,758,6972,8017,5671,7830,739,3688,489,3864,5816,7825,835,3149,2530,3039,4368,1417,6478,6574,4346,9779,9873,3989,1647,9972,5271,4583,7942,8020,1787,1220,6599
4020,1482,7264,6369,888,54,1806,499,4636,414,8757,2429,6684,7213,303,8836,7546,8935,5729,8453,6668,9037,6954,8178,9142,7483,8688,9175,552,1056,4783,9269,642,460,2424,3838,9347,1685,6181,1554,5149,4520,7889,7273,4100,2907,8649,6293,9432,3196,6146,6033,4870,285,4807,8090,6595,3835,1461,7695,3230,1084,7300,9525,7875,4639,6573,9611,4500,4869,6952,6286,8070,6672,3073,1304,3616,3107,8408,326,2938,1591,5411,4317,1410,4333,4466,5297,9780,4725,7405,319,9973,8229,6735,4076,3268,6411,1831,6628
1879,4008,6614,6998,969,20,2908,2376,4110,513,8413,3247,2077,4548,1356,8837,6117,8936,5110,8415,6072,9038,6577,8351,9143,7187,2367,9176,2103,1640,6851,9270,262,364,3603,2754,9348,6157,3950,4886,972,4684,5254,7307,1825,1675,9420,2264,8400,1226,7119,4197,4877,2744,3139,7710,6403,3521,1311,7289,5666,1037,7142,9526,6468,6706,5647,9612,4453,7663,7822,2338,6408,9656,4033,246,295,7471,7432,446,4987,1912,2832,4032,4567,7498,1768,6111,9781,9874,3393,368,9974,5750,5560,4421,6575,4437,9999,6813
1898,6045,4320,7012,1649,6,2916,3122,398,1489,5957,445,1287,5270,1362,8838,4482,8937,5111,7004,5157,9039,6432,8587,9144,6861,2965,9177,640,1020,687,9271,662,1094,3921,3735,9349,2388,6800,2967,3617,4248,6938,9363,1674,4015,9421,5062,6583,1144,6609,4787,5296,2049,4128,6978,3419,4452,1394,6023,6922,3730,6742,9527,5013,3574,6846,9613,2755,8100,8366,4780,5746,9657,4409,1892,3035,7858,5784,1626,3275,5146,1104,6319,4174,8367,2254,2913,9782,9875,3273,5,9975,6087,5435,5242,7066,5923,10000,6696
1,2,3,4,43,393,1339,2520,5581,1538,4255,4363,8414,4672,3056,8839,8267,8938,8946,8630,7005,9040,6469,7963,9145,4855,6587,9178,7403,7198,7751,9272,6095,4881,7484,4018,9350,299,6361,2766,5266,3344,2580,8593,3260,6544,9422,1915,7948,2623,2763,7560,7201,6073,7288,6123,8542,4088,5283,2372,3496,5798,8247,9528,7607,6397,7182,9614,6509,9631,9651,6605,7986,4388,6457,3062,6693,7279,9685,732,2752,4852,3125,3951,6734,9690,7147,7683,9783,9876,6247,1639,9976,8428,7132,6050,3023,8134,2434,8307
743,3813,6324,7059,1818,1845,1968,1648,2914,1962,8093,667,7765,7124,1043,8840,4087,8939,6069,7899,1981,9041,8124,6356,9146,7974,7531,8027,2016,3008,3782,9273,959,657,5375,3851,9351,5482,3239,2072,580,1849,7109,2661,4730,2901,9423,3169,6486,2220,1573,516,6610,5327,4978,7235,6774,1069,2722,7055,7523,7218,5733,9529,5017,2802,7332,8653,1048,9632,8249,4107,6475,7788,4042,30,4770,8045,8606,200,6274,365,2843,1852,3564,7844,2890,7672,9784,9877,4101,2034,9977,1131,1379,4645,6558,7445,8613,5578
5751,6189,7459,5480,5809,3018,4788,1956,2900,1988,6297,1301,5511,6479,865,8841,5925,8940,5592,7175,170,9042,6757,8588,9147,8148,4471,7241,4925,3706,2257,9274,1030,1543,4426,2506,9352,4650,3403,2665,65,1746,7176,3282,2403,2145,9424,1330,6883,494,4349,1720,6082,2968,2692,7320,5504,2204,3809,4433,1939,7274,6126,9530,6499,5208,3208,9615,3287,9633,8208,3585,3345,5841,3829,169,5601,2809,9686,103,6287,2701,2924,3410,863,5949,4715,1475,9785,9878,3645,521,9978,4616,2920,6984,4930,4681,4782,1478
6094,6512,3161,5945,2250,372,3028,1309,40,1704,7599,2130,488,5685,3802,8842,4418,8941,4487,4332,4280,9043,4072,7409,9148,6701,4025,9179,3484,264,1533,9275,1923,2359,1135,2593,9353,2566,7001,1585,1093,1028,5084,7628,522,2226,8650,5001,7339,2928,7400,3503,5281,1935,5091,6949,6944,4429,2728,6195,7533,4259,6307,9531,6604,6086,6917,9616,775,7639,9652,4250,6641,7725,2842,2608,1306,7831,7979,1656,4188,3466,2839,6288,3908,6260,5485,404,9786,9879,2969,76,9979,6119,4686,2582,6647,5046,8429,5876
322,3954,6929,5216,401,678,1766,1039,3373,1075,6690,3667,5512,4689,4953,8843,1928,8942,3442,6532,4144,9044,6392,3278,9149,6174,4515,8028,2751,2134,1816,9276,5834,395,4683,3335,7292,6194,3661,155,1637,5089,4903,1587,2488,493,8703,1551,6948,1596,2707,3014,4266,4595,530,7111,4513,2557,3226,6272,7761,2746,3243,9532,4044,4423,6867,9617,3250,7040,8719,4677,5943,8044,3206,242,4410,3600,4781,186,7665,5199,2174,4729,4680,7240,5555,3665,9787,9880,4547,2438,9980,3924,6441,6926,4199,5568,8614,5027
4494,4933,4085,7866,1018,710,4299,597,1534,2879,8435,4222,3389,4951,2179,8584,5029,8943,3343,5076,3984,9045,5150,7246,9150,5628,3289,8638,5588,3092,610,9277,2703,4155,5101,589,9354,6563,3409,2302,117,3049,2610,2810,1826,2391,9425,1369,5853,729,2612,4108,2733,654,4127,6870,4243,4232,1326,2228,8110,6517,5910,9533,3960,3508,3307,9618,1415,6014,5766,2801,3075,8468,2905,3019,4722,3740,8662,2137,7089,4582,1049,6024,4492,3428,4180,1840,9788,9881,3858,240,9981,4733,7049,2387,4663,3116,8512,2750
7316,6113,6368,1839,638,3353,5447,884,5193,1467,6289,4345,2997,6021,5393,8844,7913,8944,4063,1282,7346,9046,759,7838,9151,5804,2690,4557,3928,1014,8205,9278,5882,5060,2756,1610,9355,461,5232,803,1126,1865,6787,4875,3922,3411,9426,4590,5664,1902,6302,6723,6256,236,4539,3897,5840,7146,3993,5059,4618,6945,3464,9534,5316,6933,2663,9619,826,3078,473,2054,6453,5976,5531,802,4858,323,9687,1098,927,3944,1267,3334,3891,3757,2171,7262,9789,9882,3834,6435,9982,8626,2011,5165,6379,4815,2067,3583
2925,5349,6325,7933,181,620,3031,1592,3280,377,7808,6253,4647,3374,994,8845,6718,8945,6974,7827,2898,9047,6601,1876,9152,4297,7839,8465,2597,2432,4336,9279,2762,524,6221,2648,6078,1929,2036,477,4955,5787,5912,8198,3541,3371,9427,5206,6200,470,5962,3500,6382,4060,1759,7644,5495,4651,993,2396,2284,5284,4700,9535,5256,6143,1629,9620,1440,8657,7715,5823,5855,5718,3317,1777,6148,1485,5074,2902,1901,653,454,6879,830,8360,6764,5307,9790,9883,5807,713,9983,5848,3725,7590,7315,7514,4752,1388
