0.627658896110185	0.0384668384917258
0.0639487341822095	-0.00623598748963452
0.419617017627747	-0.0610582626909875
0.438572348988767	0.119303734967187
0.261145379811082	0.0191930346965642
0.395028201772826	0.0251109617583507
0.430158357878529	0.0389235882583598
0.0935490224406836	0.0560980462095932
0.501322500808577	0.039021710489359
0.184568886353344	-0.00730491352345036
0.555110850643752	-0.0203373131899644
0.503626860942374	-0.0446328742004793
0.461117692114935	-0.0233139432933273
0.312347541410487	-0.0245935126543823
0.603047462680452	-0.0167951902372403
0.154369355051878	-0.0259918447349834
0.325007065637592	0.0260121964480807
0.412820822738243	0.0453867029183503
0.223509299057716	0.0108011537527857
0.630282866427642	0.0359115508185334
0.179728399498415	-0.0387791523138677
0.0444046131912851	0.0381222347179734
0.598317952239304	0.0232976285888208
0.355580104756518	0.0505819079516812
0.0485289499780459	0.0519826451125384
0.047891480560496	0.0022964252932193
0.125292309818414	-0.0461804572746877
0.614050733246106	-0.0420684458407876
0.485476085548234	0.0207977551040144
0.572171341983926	-0.0554441870081175
0.473898127877994	0.0200122138407904
0.600652132698804	-0.0469118183280265
0.115487972955806	-0.0339075748275932
0.595188780117329	-0.0187307881376667
0.490269131429658	-0.00996289082628377
0.290069320530787	0.00895712154551773
0.444796485354469	0.052129957975088
0.460067849447647	0.0159834340526278
0.423492298836042	0.0784491700820948
0.277255606474999	-0.0466569319720099
0.0472836995941736	0.0487977340026157
0.177215883897383	0.0182393118655553
0.301867925241381	-0.0545262971958245
0.628278417449899	0.0435270008654881
0.62542729609272	0.0188881450157142
0.0157277139145845	-0.000500414296958728
0.129756234067241	0.0254639561179658
0.422117363572887	0.0307117907497353
0.377084471392604	-0.000379434764933265
0.469256160332838	-0.0106582655692271
0.215357994402583	0.00383439374023683
0.558601910273467	-0.0174301875567707
0.0862150247011333	0.00798017454570533
0.421012894996179	0.110811198027122
0.524209390750127	0.0032037434600048
0.0997815457790438	-0.0271903580696013
0.377529185172446	0.0232197848494899
0.492280635689652	0.0496743447708575
0.604045207300353	0.00490949941839652
0.519556080084725	0.0547769340057892
0.502636975520516	0.0503262126163916
0.619577671986913	0.0440823852298858
0.352277597574373	0.0277059027024895
0.229114546721496	0.0225548975112546
0.258127839454187	0.0114394532759319
0.482411600512888	0.0409245691755447
0.278453596469987	0.0327595465016053
0.217928226662112	-0.017004415203493
0.613045052669051	0.0716613588572659
0.177054905927204	-0.0232206461446678
0.172731301644121	-0.0148401941578694
0.163241880519015	-0.0472737345241338
0.152622742925763	-0.0652643169814884
0.38980800510252	-0.0182271177246824
0.399530247725779	-0.0264942384859917
0.159121867389724	0.0226455461843447
0.0642415966945843	0.123013024129109
0.474636234729997	-0.0676006129766939
0.377065747153149	-0.0816329112136286
0.315637849774644	-0.0703537202739656
0.308907220303393	0.00265762091108945
0.331074323334374	0.00621797290147839
0.481306177417636	0.0362956905253759
0.125037145267081	0.0192017509547379
0.259236001625699	-0.0318146951404415
0.502056627607373	-0.0957225472134581
0.216494725828764	-0.00891256783833262
0.442695887798854	0.0765830712538178
0.294931759102496	0.0963710335187951
0.463307254345426	0.0566121869361396
0.419311497994897	-0.0351898890695928
0.411128658681159	0.015753334720514
0.465957082860443	0.0260333657046999
0.60122454339468	-0.0665912036826056
0.598777817850054	-0.00238848645635667
0.617629135917917	-0.0138646311980699
0.281787449811724	0.0451363281675237
0.573331318744654	-0.0461208561950759
0.56824644182426	-0.100277363335154
0.614980300559847	0.032203374630678
