0.00235352634168816	0.0348496996520403
0.211445401196363	0.321638738944299
0.257845616767267	0.45320098490246
0.152456777922346	0.44150114181466
0.123441327833267	0.0738216192209368
0.17440865479964	0.467188527128139
0.294719667900467	0.495288654297497
0.334468347926345	0.423007146182001
0.118252879657866	0.274491631561815
0.096347561938134	0.197953537951144
0.0153233400166142	0.0644714037417182
0.000577441728940128	0.0450399487692833
0.239654073705146	0.459623631379024
0.272616013081735	0.496721171367123
0.00942398505473719	0.0694918525963673
0.00543539008353041	0.0813861261962279
0.262666952115531	0.496715353947246
-0.00184656815635267	0.050057663539165
0.244655830100413	0.493573937633303
-0.0134179676295753	0.0425803374663296
0.265395091601897	0.490774536116936
0.0248860920921556	0.0799321212918807
-0.00495754712140166	0.023408545978295
0.294648303868318	0.487726653502122
0.267125732041838	0.501448418474739
0.254883831432421	0.49721100725021
0.0153145565921388	0.0481084097724309
0.270419921995423	0.480158449976104
0.297762383610652	0.432885208229516
0.0604703452913007	0.103349905110767
0.26374574098378	0.499301187811036
0.0108078116551909	0.0414382108012856
0.251848183824637	0.494438823880428
0.261192249916212	0.488099234149832
0.00302277981489329	0.0218574035102685
0.257798393914882	0.448105848387423
0.273393727516036	0.478814251749382
0.19471123511492	0.312114417108451
0.183645806057273	0.399727748920073
0.265876741433374	0.493705312127599
0.114065355044197	0.0800375790357487
-0.00362815364259279	0.00475690373450988
0.0389082367989798	0.093358756123883
0.243655743671889	0.425307080817286
0.267843481875819	0.496251219328847
0.242271911963257	0.466317032389735
0.136048721297684	0.447984251743251
0.196254905922739	0.479464343930146
0.246014504420932	0.495643134824386
0.183687312584851	0.456608170384509
0.0914867894123308	0.463203969393809
-0.00705519469316149	0.0533737128016487
0.243405992695938	0.410326505338479
0.250588200342293	0.469966711890443
0.169228135225245	0.265261890911736
0.27719998444522	0.475204403707034
-0.0015247095440763	0.0194794774658092
0.123595739784799	0.445431893306296
0.276501245366226	0.474619367475538
0.0571631790837703	0.0511072389677241
0.255342069076228	0.488888762713096
0.161266782152528	0.346536766537248
0.257777929307139	0.44211552946943
0.130608638029503	0.454962925127821
0.0147116766718689	0.0231810527595983
0.257579821755457	0.499139421235535
0.213857746862177	0.402089317032762
-0.00160886205102964	0.0113818046329395
0.268282836860929	0.490032509620396
0.236702042792532	0.461315538318959
0.00916469315717364	0.0436480145138698
0.265091033670769	0.479750790089637
0.270806326366576	0.291080650658453
0.179263133606748	0.469596182013575
0.267384268932148	0.497020279036088
0.236739235656382	0.486221505121492
0.0163434734892567	0.0512676981473826
0.00324736248514673	0.0487008928933797
0.00262434309847051	0.0144982885392124
0.250325293026657	0.499659039102496
0.221585831456969	0.481992083594765
0.103149418276486	0.424734801645764
0.233174990675343	0.49115202058938
0.163517723350361	0.063980927055528
0.0944757581197558	0.174486688846501
0.281690928920748	0.485777120374632
0.248167912287496	0.481409497661412
0.0121798322554414	0.0900122981909249
0.258017942190926	0.490869255636007
0.00850785798880806	0.040806339759734
0.0268377256997181	0.0719716049835308
0.262138046506261	0.497481140182328
0.00124563716106929	0.0143260715720148
0.0145775344427217	0.0666154569367192
0.00045364288665045	0.0241875921356221
0.122892896107238	0.26886665425478
0.264059819273209	0.491661233807958
0.00176253739220382	0.02881242118383
0.263950175679129	0.476818217960533
0.268389966149062	0.477464599396462
