0.419882682001261	-0.470019593998869
2.38195278896613	-2.21745849024871
3.31059838204808	-3.10560924986539
3.03037419559904	-2.87233741401131
1.08041015471094	-1.12412935128996
3.39964758684669	-3.2760066286926
3.84714996586207	-3.67727709582595
2.97748350373281	-2.65945989711434
2.17411482691781	-2.13743551686737
1.29580311855412	-1.17854850469052
0.609285304502059	-0.641950759667078
0.423531252768983	-0.455871720719056
3.47530969292307	-3.32380841513667
3.91537395620648	-3.78467410332035
0.558489290378691	-0.572036612094814
0.825950213943932	-0.897709371706006
3.89794690170709	-3.77210317893227
0.403578801956274	-0.422333995311002
3.83918267565848	-3.72057868242822
0.519064746658331	-0.598304447189054
3.79695339054152	-3.65089771004748
0.50084691006798	-0.460960593520187
0.209043657564501	-0.227843021920256
3.81562102964387	-3.6519370208909
3.92833124964026	-3.79739226833619
3.89199691080932	-3.77123847312774
0.472127876155785	-0.497732483697016
3.71868470168517	-3.56607713989154
3.28114589652207	-3.06872950481631
0.846673347644106	-0.825069880847267
3.92923881543854	-3.80633967352657
0.265032153747875	-0.248016221629514
3.86342280389766	-3.74295891421025
3.82046250839986	-3.69091732446882
0.144663553252788	-0.13979563603936
3.525391484904	-3.39369184270736
3.71518145124327	-3.56131700124086
2.6219402965512	-2.56379484711172
2.91750180008551	-2.77968308576149
3.85817861879115	-3.72359519186644
0.864436291557472	-0.841644088864059
0.0384599629751476	-0.043741225467288
0.826542085407367	-0.840854338843331
3.25698619521812	-3.10687783747315
3.88781495973016	-3.75478178456502
3.62903471690422	-3.50630940533365
3.08643187383535	-2.94818385638528
3.59178652250556	-3.47772457987229
3.88498958813718	-3.77418962078678
3.28668557152362	-3.14193965798255
3.21112422151888	-3.12303408200829
0.372519137399126	-0.380724020242148
3.12928540530207	-2.9723529496692
3.58720856949559	-3.43653638458678
1.99575101383557	-1.87445511510897
3.73311347785888	-3.58799871420381
0.172329309802873	-0.184926576885764
3.01652409705326	-2.87536382825631
3.6277132173728	-3.45364276069278
0.623461776092958	-0.645520065081635
3.7326187284912	-3.58153365204811
2.5597921541101	-2.44721760301488
3.26383987629056	-3.06763849501519
3.16359940022573	-3.03921116385758
0.169079213023116	-0.157004977724061
3.90556912671272	-3.78220076921294
3.09537820622537	-2.97474172047662
0.0876853407190414	-0.0919510268292536
3.78495218580092	-3.63403041068542
3.53946799707853	-3.40624768237831
0.497149244454975	-0.545335020714959
3.6965914397628	-3.54368024818504
2.62173915048772	-2.52998222875157
3.44280873723587	-3.32200204036421
3.87580011971636	-3.73817611247943
3.73149426867473	-3.60406075499991
0.497422165995127	-0.523047774575506
0.329733857598724	-0.324557879272934
0.113341645822287	-0.114590863089666
3.87994865314553	-3.75523822194851
3.61139202735655	-3.47244881946232
3.02770557752228	-2.95205456489146
3.83251856874932	-3.7282696232168
0.939304068563489	-0.92158581646851
1.36515536909128	-1.31756555506129
3.83114569334169	-3.68890709496421
3.64698901380888	-3.49312988745855
0.650404845570493	-0.646644063518224
3.81515332624643	-3.68153802464285
0.336924498572393	-0.344552196252216
0.651275223061335	-0.669624591523767
3.89269039119978	-3.76430079248445
0.104528603075923	-0.104920465396168
0.472922140616204	-0.462106245799509
0.157785075301891	-0.154616488449482
2.06541708284209	-2.0035251444758
3.84970115365935	-3.71857825718224
0.232863291987151	-0.24103299448659
3.62542501855513	-3.45869773236183
3.66249092328482	-3.50090031035701
