0.193222179111012	0.224906218427074
0.0156385268367501	0.0309013463560618
0.30541604321541	0.482251779478016
0.168346009489915	0.24688817400486
0.0797164920111942	0.108824241382614
0.169399988224081	0.241841486612984
0.0703187209297255	0.106814364251867
0.0978187159722644	0.179633573316073
0.153622084062943	0.231480109705504
0.245768132751424	0.372206775221237
0.227402563871046	0.459251198562183
0.216756318822138	0.379363836912534
0.194412831583019	0.328821985099764
0.16908919932829	0.295162819690113
0.15642463318902	0.250054380575528
0.0539355516631154	0.0341311874493776
0.229833693736729	0.409522138377464
0.151774556629068	0.272962155012028
0.297853454143678	0.373946487335603
0.106583604408262	0.209246603114002
0.263223906499681	0.344559105570025
0.312016798455339	0.439025585120908
0.273964709853137	0.375168665601108
0.193730158127637	0.27740059095552
0.163957321791162	0.258444423365976
0.179474143573011	0.263074732931285
0.15063632799258	0.302204831590081
0.286590501405374	0.477809326143502
0.293027287646463	0.440653570751904
0.166248245085686	0.279256590856606
0.0978939484144927	0.196998343400768
0.0230845471145808	0.0181294778935434
0.0741016801997192	0.0945919548456716
0.0534692928341594	0.0757550827155969
0.00579340525326383	-0.000461151521056097
0.130170885735037	0.269988269854775
0.0860484414232527	0.110726372430176
0.0339763676945855	0.0421751756037864
0.260308851443522	0.420609131832049
0.197600955812913	0.161764681953255
0.27872685309549	0.451963222654812
0.312178311626282	0.407025406929457
0.120484211127648	0.147525409677882
0.023807241014571	0.0385445691350068
0.158240116062561	0.264335634736865
0.233009048777046	0.540047584455985
0.301349273592038	0.497367191534473
0.0225090132651164	0.0158919266108973
0.121127333827657	0.224334353541199
0.155969214051522	0.2588447185858
0.262021178363826	0.413530910471941
0.201301029202937	0.31578522041552
0.281789512212818	0.422991824768523
0.293074677940356	0.37878643908948
0.0598733820193678	0.0843428793911511
0.268583862986722	0.430712550084102
0.253074081873318	0.411121867051564
0.259123196846935	0.389649702009263
0.17144943656596	0.30286557717131
0.070568204875042	0.127846541885687
0.0336252092646019	0.0262087991607804
0.0999689959364165	0.202847244087127
0.299360986172819	0.427145210955865
0.0373181898583314	0.036416163774758
0.284480840697317	0.46040244913657
0.234368274898213	0.396504474765951
0.286079559973922	0.51367761137017
0.270233759066334	0.504222314338832
0.296864086809163	0.437152976667503
0.306191613699008	0.468260229804042
0.0199107838146986	0.0188990335907583
0.0669061800083053	0.129926732425192
0.30223651988751	0.431307102482864
0.290287849814545	0.431466389432771
0.0695258438449734	0.122895258351943
0.301152562042116	0.441866931217283
0.278724624272039	0.483225152308011
0.0186459977452428	0.0089997638145155
0.288838453594021	0.38256899879496
0.122596735946248	0.173910492146295
0.299291517133076	0.463324955878605
0.0152613023486053	0.0373231427876883
0.193249172967373	0.281057897632372
0.307684172064587	0.497642405493715
0.0416321859416583	0.0872249078432985
0.081605923787821	0.134420377242952
0.154827393518172	0.237381294293228
0.153244570430903	0.212501954970234
0.17630176919119	0.31535978396836
0.0396736565671004	0.0644123311836779
0.245196272067952	0.387819186573108
0.300837039925452	0.450771633885678
0.0485507546053656	0.068176788887983
0.0403091350858816	0.0587546738040611
0.0236790846046225	0.0501806689382361
0.29643064319769	0.483672019216156
0.304120205127302	0.493409618684444
0.0721250561069542	0.129901060776589
0.284448560114639	0.44179339980389
0.109640352315838	0.148284854522409
