2.82150882890182	-2.74490166686518
0.440466776583699	-0.444625647484407
5.20435528554352	-5.00280656835469
2.52900305288685	-2.4159799122459
2.02000783172521	-2.01391778575351
2.53607731966074	-2.3274930034826
1.06999636686931	-1.01970992685667
2.21525778975167	-2.1418524401004
2.94728551038554	-2.90416191866904
3.93934051702636	-3.68511769181657
3.66832740338903	-3.46425185371581
3.40961008987902	-3.19234272817696
2.34142814937946	-2.11696451273507
1.96868386485356	-1.80297211550107
2.62446481689003	-2.44248700391167
1.307191391681	-1.39137320996591
4.277216155649	-4.1560806384412
1.97763524605931	-1.71135153039788
3.42985127601279	-3.05421795642485
2.40388182796727	-2.31269590759501
4.44946698675944	-4.27353063492754
3.76934206104526	-3.5096235245982
3.02031103881687	-2.65483020443958
3.24496018722481	-3.11630055476306
2.80041704274184	-2.67552372022925
2.72218001682847	-2.55509964870633
3.29967529633422	-3.23945548843538
4.57418503417674	-4.27027189236361
2.88542095217791	-2.58718533700842
3.37773536668871	-3.34138390535525
1.58145128804825	-1.41826879696377
1.46936453328216	-1.6033120978362
2.53951953055199	-2.67153215338334
2.22865358563241	-2.33409339970472
0.161227304848236	-0.177554226609899
1.09063763930569	-0.722361816193834
2.12337585548396	-2.23407968027619
1.33908361936972	-1.36201358053208
4.03824210199327	-3.76456374961562
3.26923528699922	-3.16972852374163
5.04246428488134	-4.83492891543327
4.43435548219972	-4.21116095060524
1.67062686966409	-1.56563752454288
0.623231803303731	-0.624916543393816
2.36732832590885	-2.17939571173318
3.63656279362045	-3.34051236153529
4.75658398943116	-4.55135502086905
0.511946898540488	-0.520965950326083
1.77215363252631	-1.70023062241799
3.39164271566925	-3.34684829458133
3.86560175516224	-3.63634480391109
3.83293066723503	-3.64654843488118
2.61844255586646	-2.22699485008986
4.23172348061201	-3.93650317136205
2.46227326679276	-2.6237198467701
3.4800855214509	-3.1032386452668
2.93884685478291	-2.57740995359111
4.42643576284942	-4.26052916674373
3.20837516389125	-3.08930715197989
1.13241424693265	-1.08991935435066
0.562449641488059	-0.540935402811336
1.73496190371674	-1.60184080917514
4.90757954941348	-4.66349018996872
0.604924345210672	-0.594887673866271
4.43588524154863	-4.15520675403917
4.03270672434357	-3.91159550509899
4.76895078138644	-4.47983889495367
3.883980344478	-3.52118642511453
4.05685668603638	-3.78075534846695
5.12695130838065	-4.90955196184865
0.372950083819749	-0.34605132562663
1.28699378866859	-1.21860686283289
4.30494643443011	-4.11484073527619
4.62222109050781	-4.37498352364122
1.77768879043705	-1.73722748132293
4.7626901464559	-4.48629770998561
4.83758411027111	-4.65344691344884
0.197328602247318	-0.203922276995653
4.50875579363388	-4.30505175947686
2.40554666009752	-2.44461793654787
4.30834341109882	-3.97148656355193
0.347343158669825	-0.369004145727331
2.63600010019881	-2.45954767831139
5.08942737470202	-4.89232692016727
0.38829773510161	-0.398417655129876
1.51292076177862	-1.4800917647326
2.78268024494092	-2.77306611551768
3.05107269698886	-3.02091544333479
3.24798487742344	-2.98771599268348
1.35526540563783	-1.40690765673252
2.51168726667726	-2.15432875835228
4.09236724399515	-3.82606183864515
0.665981650909861	-0.675856966336309
0.711078185646095	-0.720822564277665
0.930900981880583	-0.949516907951452
4.18345056214646	-3.92621845642645
4.69298142437876	-4.44990340716505
1.13404998407231	-1.10481312473555
4.57963942535271	-4.33997760233988
1.8227081441873	-1.81417238279483
