0.00874495486950572	0.366844044302989
0.0204996761203566	0.17657240777998
0.025942924018191	0.621529386465549
0.0349395098279042	0.307047131407302
-0.0129539962594029	0.229904857914593
0.0256491074613067	0.642224462709677
0.0216144694106474	0.508236196336266
0.030170997918653	0.348988168231947
0.0395184685274775	0.590261347981029
0.0209098354966105	0.143614336467716
0.0276767493296448	0.252722972906318
-0.00660297108289076	0.247685392372649
-0.0015985932066546	0.277372640948041
-0.00757260233322399	0.437657887785413
0.00143694618580383	0.233362315695844
-0.00405090632539623	0.340267135580945
0.0190201801139849	0.588022944936303
0.0112360536897094	0.212197820235777
0.0381819128282197	0.270619680027377
0.0402732957210758	0.308951720089188
-1.27161777619532e-05	0.246851764297931
-0.0176721774736983	0.397561644202378
0.0237942992721339	0.486229589311478
0.0347576585489252	0.27068980578966
0.0321718130262336	0.535159940970485
0.0303355828079421	0.586619415923489
0.000953758649090407	0.359327446347191
0.0234519958194316	0.479369500259771
-0.00565122972050367	0.134757686006971
-0.026388843043624	0.191164497004719
-0.0166941432976329	0.405159250923446
0.0148893960345258	0.387666886349989
0.0276942313097354	0.668589391425421
0.00495752216678998	0.326610320355524
-0.0111586306172227	0.336398972448529
-0.01224839877878	0.358872022683611
0.0443783849406759	0.494883555272981
0.00861646089333508	0.0142012414880866
0.0421377014476224	0.557179267938119
0.0161941903801916	0.230583112665967
0.0652426387976473	0.416955627098149
-0.00626717211218299	0.105996778558157
0.0365397988801555	0.472678637086906
0.00435010753938448	0.0291335337341795
-0.00563886720252497	0.118764120705368
0.0386890032393612	0.581608123650298
0.0184965657161244	0.321893028218095
0.0175683226201308	0.188434149251404
0.0385331191713803	0.419238568685351
0.0265018275347408	0.518788244135757
-0.0108134616235298	0.308847480954649
0.0385268395740224	0.518179198122287
0.0253711495864774	0.3745921764651
0.0208510136447392	0.42245541114803
0.0546011348275024	0.458673026323187
-0.00382903872022006	0.622269959498661
-0.0246504872761046	0.30906261349845
-0.0229892612675764	0.198021608972207
0.00167995861922224	0.0555928442096072
0.0494597479590802	0.510179074168297
-0.00979770226288451	0.0969149530666429
-0.00648863118856047	0.203534016564766
0.0249881961666014	0.25014582359143
0.00868386408910555	0.498970716226733
0.00176895337680314	0.272678635508198
0.0332708491028174	0.470856010779697
-0.0108529023988502	0.132803159569187
0.00591761540149255	0.0433059438754568
0.0164831132725479	0.257791313664565
-0.0133621977854275	0.151136163136774
0.0239709042741071	0.67401339461533
0.0124492062947715	0.351177984437919
-0.00902926895339191	0.348035738901274
0.00447103331738525	0.0237260249988474
0.0281046922054816	0.322292257379117
-0.0100703145932282	0.13604698644361
0.0438044598443368	0.487173920620835
0.0212401320315992	0.474053964840058
0.0121089236093571	0.291403496750632
0.0224276232729565	0.289288321765944
-0.00156565535594545	0.543969592385601
0.0169809690442772	0.230656881610639
0.0647293785911893	0.419363725912592
-0.0145098883904559	0.168092993764315
0.0491420894921568	0.267272779269897
0.0402124663290733	0.414797342091137
0.0252359191530728	0.0274995942799414
0.0583624978348443	0.402085138119017
0.00328787999667368	0.134428838299993
0.0242749498820536	0.682617192561237
0.0620686945757035	0.437534913278075
0.0521176305341652	0.498569044915046
0.00476454724265388	0.0487259865987974
0.010752294858164	0.542506088842894
0.00670106984058319	0.0603703341857031
0.0187761695825352	0.539312429591434
0.0456915583497527	0.378349534379652
0.064799036750538	0.416991025705956
0.00326908587467238	0.0168286658294679
0.0195388779168591	0.61924653352138
