-0.824196239406196	0.769593694415287
-3.83264427574468	3.95047443769375
-3.71726296419174	3.9941345210334
-3.99043042237574	4.21989470036519
-1.16020244198755	1.11294848081588
-5.3992967533182	5.61303721355075
-5.7708106846827	5.96707845335167
-4.75075000915108	5.04285920447056
-1.87695559156072	2.19381096847883
-1.75005560487616	1.89247914705406
-0.579548938506596	0.595837749537011
-0.390961489842509	0.398787526812782
-5.68040332283042	5.84705739743611
-5.77331624939072	5.98406006197763
-0.620543481050683	0.646316346819984
-0.688693584655556	0.692367447137064
-5.79935245175613	6.0015264488195
-0.511624594358825	0.526995535930284
-5.68359574797888	5.91685369483358
-0.137975027844258	0.140665257591169
-5.61879687855019	5.85299157296102
-0.862903589077079	0.893085290733559
-0.146319143086196	0.156617229196135
-5.75758325138266	5.96598436577257
-5.98045245922549	6.14436390126057
-5.69785932092508	5.92690460769346
-0.328286690699877	0.341456708138016
-5.72073660096951	5.92281805782748
-4.8970754825682	5.16260712549713
-1.80134243215162	1.73098929379588
-5.84454804394738	6.02649398847428
-0.439874221594867	0.458865355253654
-5.80951212636246	6.01144565614896
-5.66785992283063	5.85752313812117
-0.240206340720808	0.25183968279241
-5.37486535081629	5.54056842068436
-5.57501752261904	5.77256190469088
-3.51486241688715	3.65534166161915
-4.01217078934542	4.22057243877235
-5.42820756112134	5.64571723691076
-1.36050150187996	1.37487270793628
-0.295871913106084	0.272236627031685
-1.65006809510979	1.61109743639199
-4.28821103235375	4.54573171063631
-5.60443237211104	5.83386804097411
-5.29097839811102	5.54911639588505
-4.79806281826378	4.98855827908483
-5.07779875151107	5.29504004934298
-5.72863302001015	5.92807986346874
-4.69684606354427	4.92312375758788
-4.8679436149411	5.05030141598086
-0.623982817303393	0.629371293268803
-4.44502791698668	4.66540118302922
-5.47213715865483	5.68280364563017
-3.87109185855474	3.94302585489353
-5.12697030548239	5.36650276877641
-0.614922458192649	0.575239150131056
-5.75394320694162	5.95575552843478
-5.94647565041065	6.11282662255193
-1.29319286269951	1.27833990196956
-3.60008622228558	3.80338725383424
-2.94743505805098	3.16932282303031
-4.94389693589148	5.207085673405
-4.7865423148598	5.01825739128431
-1.67364290919456	1.56754556602843
-5.67410337110337	5.88027385289224
-4.29364161068331	4.52275807128995
-0.0956767833931221	0.0979025372686159
-5.77053656907058	5.96895021390687
-5.24471648542037	5.45449062290799
-0.82874518630173	0.790379785901911
-5.24086976231731	5.47414918178438
-3.0747073846922	3.23488165173784
-4.96889878588725	5.13553793873751
-5.4169583372595	5.66033139276858
-5.55681689987609	5.7794474765005
-0.826076283447199	0.813353623391683
-0.557872948831612	0.583751529296102
-0.111675132410929	0.120902614535282
-5.60526467697936	5.84276715320794
-4.95764478722713	5.17976068623539
-3.95521796184344	4.10010209508998
-5.5787677889274	5.78907335773488
-0.88658138926373	0.89595791104229
-2.03051558595939	2.1013327858592
-5.58002103689314	5.81890035441327
-5.107574813811	5.31890321851212
-1.1898459988012	1.2002102297809
-5.67529161593455	5.9123635694816
-0.48231250274055	0.481688216497413
-0.853337311861749	0.847576817565975
-5.77595788427742	5.97914658268111
-0.145479620246719	0.143098641123908
-0.526202053683061	0.552195545386258
-0.272941890538716	0.281166373051127
-3.43012966628643	3.51277704880293
-5.67254677512305	5.89452372079194
-0.23441727327651	0.240089740741935
-5.51994447910104	5.75881560678023
-5.68504902784144	5.9172620726892
