6.04471535281425	-5.54710409870334
6.634064662209	-6.17607612717783
4.38215550688708	-4.09358117793666
7.09351599786224	-6.63397733231836
2.5686792913555	-2.37928926458029
3.04007332328271	-2.86706355736924
0.0976309807514791	-0.088738597178259
2.1947372400862	-2.04296656791746
0.169424311405495	-0.157395554254165
5.03853296835442	-4.82564839271178
1.16111603195423	-1.16728989881693
1.92279748697929	-1.86846497510996
6.88454959000482	-6.41910963209136
4.32564887315311	-4.13130655260895
0.386772054493182	-0.342083996233915
0.46334793868506	-0.457460812450597
5.35038915458025	-4.92065662404812
6.2620709464848	-5.82855061911422
6.2805883199729	-5.85962129175657
4.94190623643108	-4.50470424492679
1.6696083374366	-1.59763737672937
5.44229233325837	-5.01847807546172
1.86828355691766	-1.83955500674278
4.96645051319776	-4.5669366969104
5.88883956055529	-5.35107681017958
6.8981955918255	-6.41790469022593
5.32289521347202	-4.87350676038369
1.4179065085084	-1.32921035397021
6.22733859902269	-5.77879882753448
2.13493854674502	-2.08675061460759
6.4649341856392	-6.00984137084227
0.144063531773327	-0.134349458509284
6.4540967214222	-6.02485465592766
2.3835308119596	-2.23759533110733
4.0837735756125	-3.79949389176656
5.07977279544992	-4.69216437229449
1.26969620036551	-1.13009855779835
6.6740002768896	-6.1883601562693
6.60029321095626	-6.16323267310254
5.8122947022824	-5.32813503859502
4.21700175863485	-3.84497514806104
0.428483018892304	-0.407833248855428
0.902411636338414	-0.874430795095205
6.09174188228051	-5.62297321397369
5.49824559900739	-5.04663895022727
5.68972442633699	-5.22781547730645
6.39618165486214	-5.85405297874121
1.99368394528702	-1.98474123494281
2.30583699811752	-2.30695560409082
3.25458780227835	-3.26611157910247
6.54755744314539	-6.14514344344098
6.71145001691649	-6.21503003666347
6.89748459991732	-6.43774257982471
3.56742647576666	-3.54005176870985
6.0916187862802	-5.55738593613223
6.92255331497159	-6.47418801459393
1.95312096278917	-1.84311544693731
1.68213473853328	-1.53651208716395
3.87286559619746	-3.42650097330243
5.9815865606786	-5.49347346708639
4.05469366970778	-3.79525458855913
3.94234661451519	-3.70778386794517
0.181234783224795	-0.156035033952739
1.20011680623498	-1.11325521611533
2.22731953374997	-1.86169236943943
6.5593779043891	-6.05203011790131
1.16858615821556	-1.06680004041296
0.151375097954404	-0.140946258839484
5.6122258251591	-5.25166864257243
4.17230324058382	-3.72621475538252
4.58040340859965	-4.04403858331604
0.467876060589316	-0.456710410453344
6.62314994182986	-6.22926743623109
2.14013270310861	-2.09255436721052
0.464300231738384	-0.438525824761064
3.79833042582263	-3.48646504689055
1.86630554550687	-1.84438893218567
6.8930643124105	-6.48683312637055
5.63519447594895	-5.17726638716248
6.08960659128767	-5.60611775533148
0.584522445296404	-0.586097881898197
3.48552094375025	-3.33780729729116
4.8939638346688	-4.52529508400031
1.88973882859924	-1.87658757446812
6.88498257098065	-6.4213452223507
6.26638585082897	-5.93888421742967
6.33377604273448	-5.89778123625501
6.92116461083619	-6.43369268315214
6.98819118286087	-6.52903448059037
0.271509015538192	-0.259972152260585
0.481589088970933	-0.448707369005712
0.465494868906672	-0.434595719580368
5.81007786107284	-5.4422155737709
1.08050167936737	-0.989638351553588
2.4465408882121	-2.07322355842878
4.44225789106751	-4.00973480123911
5.56007492055558	-5.0919675072799
1.83855042081434	-1.86050019948956
1.06602173491667	-1.09505295878063
0.08159197335767	-0.073121742038592
