3752,9651,2599,1874,5260,3466,6834,4040,4294,6753,4647,2125,3373,5893,4382,9140,6737,2673,2765,1908,411,9353,2966,6154,4071,9516,6797,2623,2179,1196,3465,2083,9451,1920,2706,6253,4117,5862,780,3305,8918,8389,7023,3445,2983,9758,8906,3315,2457,6836,8733,1096,8055,659,3166,9271,2257,1422,4299,5848,6618,4973,5060,1287,4161,5422,3625,7909,5634,7907,6906,5721,5491,6354,3667,4601,2595,2374,2701,2683,4291,2330,2730,5844,3717,725,7662,1805,2571,1383,1813,5663,3353,656,4683,4645,3930,3016,950,2369
1456,5856,388,737,9167,5387,2620,2602,447,7097,2256,1471,3291,6066,2414,8983,6380,2714,9407,4088,6425,9243,5886,2652,6503,9499,4175,5767,6731,1093,3809,4988,2938,4843,5618,4752,8012,7906,1176,926,7992,8038,3699,6563,6598,9759,9471,1773,6765,7996,9859,2114,9518,3126,7437,9941,7895,325,6263,8078,6059,5257,1244,6483,7106,5766,4594,9319,932,9337,9478,8170,6818,9188,2122,4237,531,391,416,112,7508,5104,4113,7032,1799,1604,8730,3716,2545,2769,5465,6580,1728,419,3769,5287,6238,5772,1260,4637
7807,9652,496,3691,8615,2778,6493,7871,930,8885,2366,3240,3335,6830,6125,9217,3710,4498,8696,7715,5026,5608,1296,1758,3370,8183,9155,5808,3841,937,1810,2852,724,4103,6005,4984,7441,4642,2233,8143,8297,7491,916,7504,1887,9760,5916,1451,4234,5854,9384,446,9884,6944,8214,9942,7982,5525,4381,5161,8009,2531,6950,8300,6588,5429,3733,8879,1371,9061,3641,730,1309,4982,379,2746,854,4546,3387,359,6347,2893,3474,3496,5594,245,8836,5279,804,2006,4446,3104,6641,1174,2970,3618,6350,4193,1941,5243
5288,9653,7049,5397,2331,7134,4578,4565,1204,1746,4118,1092,820,836,7098,9508,8849,6901,7714,6902,1138,8525,5117,8496,5145,9438,8295,4791,7112,358,1214,4500,1136,4947,5644,7771,3897,9012,5837,8875,8298,8157,7519,8060,4550,9761,5458,1892,3054,8681,8308,1768,9885,6012,3784,9943,2188,7360,4154,3413,6904,4443,2973,8215,3657,6264,3455,3448,5565,3403,8309,5079,4616,3049,2926,1353,3760,785,2801,939,7719,5090,3530,7489,774,568,6585,7648,105,632,5210,408,655,1947,2647,7521,2521,2057,2494,4194
3203,9654,3133,235,6182,5012,5013,4489,5777,8986,7522,2208,3528,2484,1187,9010,3148,4437,6101,5733,5570,7523,3876,5135,6454,8941,1561,4585,4095,1513,275,2958,5773,4663,3798,2796,6214,7448,2310,7332,8535,5183,3214,4711,6418,9762,9089,3078,5842,3673,8847,787,9592,637,8386,9435,8255,1163,7406,7071,4185,2674,6707,6828,6626,7353,4661,6027,4286,9514,8173,3458,1190,6181,658,4450,1489,434,2129,468,7460,6078,5910,4208,1301,492,7726,3374,1010,1725,4004,6759,3832,2110,3626,2255,5316,2877,938,4440
8515,9655,2582,141,5108,4281,8766,4309,352,3634,728,801,4249,7793,6333,8406,2547,4418,4127,7663,8046,7811,3404,8740,5969,8980,9028,5437,2844,1408,3028,4383,2002,630,5930,7830,7855,8264,4195,4818,8675,8624,3936,5662,6721,9763,8901,2508,6224,6162,9440,2906,9886,1185,8712,9329,8706,5506,7066,5623,8120,5177,7667,2395,8952,7443,5926,6086,1225,4524,5646,873,1265,7932,3694,7545,927,66,2276,143,8020,2191,5105,3527,8134,2994,2203,4159,208,1078,5909,6491,2985,431,6790,5526,6915,3419,887,2513
7095,9558,4087,4747,8248,2170,4070,5746,4076,8561,4255,3062,2845,6061,2151,8341,7462,5701,5725,4840,3226,6165,2351,6542,6445,8356,9312,1818,4230,667,3632,2775,9615,664,4566,8139,1448,6750,2771,1534,8732,6284,6324,7375,3510,9764,8151,633,3825,3947,9537,1511,9887,2102,6517,8816,4351,5973,2386,4461,6352,6623,1930,1876,6773,6715,3452,6467,4306,7889,1277,4607,989,2112,6247,1835,890,6090,2682,3159,3869,1688,5020,2139,5845,1323,7340,4484,2273,2157,748,6309,1128,1761,2020,3355,5282,2472,136,3435
3225,9656,2132,601,9356,2534,8011,888,269,5991,262,1727,4300,7294,6760,7579,8854,3295,9279,8249,5577,9249,2324,8349,8627,9118,8950,5492,6430,1674,2349,4682,2705,2632,5116,6670,4371,6643,6314,2681,4172,8108,7755,1819,5847,9765,7051,4013,7093,7574,9860,2874,9888,1935,8142,9944,9411,3347,7729,7581,7878,7320,6976,1907,7361,3494,3007,7858,1715,7833,9496,8005,9025,8396,2173,7253,5166,1417,1815,113,4171,868,3446,7821,5444,1694,7089,1999,242,1045,5720,959,86,187,4572,5581,7465,5155,315,3270
7787,9657,2986,946,9153,8683,9397,3912,3173,9455,6577,3783,735,6673,7534,6434,9528,3442,9748,8911,1613,9321,5702,7949,6146,9288,7092,2928,4197,1484,9178,2564,2795,6852,8968,9400,1938,9315,4166,871,4349,8763,8905,8503,8104,9766,9853,5739,8533,7958,9861,3276,9889,197,8987,9521,9346,4016,8391,5354,5770,7810,8409,6692,8922,2209,3038,7302,597,3842,7525,3086,1743,5637,6439,6511,894,1439,50,3,4019,5943,2079,7229,5712,121,5580,527,82,2685,6789,7865,203,264,5799,7410,6662,3637,233,6175
5306,9658,3036,67,9320,6048,9462,7999,1871,9065,1064,3684,6257,7540,7953,8859,8823,2575,8709,8232,5961,9003,4312,4695,6128,9108,9035,1850,3560,987,2464,4692,300,6063,7853,973,8422,8726,2497,8029,8723,9211,8449,6103,6965,9767,7725,6508,7044,8254,9583,1614,9890,385,8504,9295,9072,5102,6205,7888,8636,5656,8206,5878,7321,3732,6095,8908,876,7936,898,576,150,3789,204,3300,2071,1150,2487,5,7137,590,4232,5171,7678,1791,6520,4869,435,722,1933,5234,1852,1914,6269,6400,9093,4247,4287,4758
7741,9659,4035,5537,2980,6375,6698,1587,6838,8523,5544,1548,2799,2712,5614,6218,4967,6109,7516,4049,179,8171,2120,2211,2875,9041,5404,2649,3843,1152,6318,2794,3179,1790,6057,6597,5199,7211,847,1570,8317,5500,8280,7816,5940,9768,9013,3254,6499,5756,9262,563,9891,7296,6219,9945,5000,2777,5169,5310,3132,6850,3142,5094,7143,2210,4831,8412,537,3040,7329,1337,301,2300,5731,6236,80,6129,812,3108,7207,4459,4773,3004,2915,1552,7271,4390,3757,1065,4048,3495,2908,1075,3391,4925,6164,2092,1599,4267
4597,9660,4538,224,9523,1040,5647,3005,867,6948,685,1090,3070,8071,6851,9361,7278,6770,6045,7760,7795,8871,3336,8126,9292,8394,8958,3307,7588,2286,2726,4715,2344,2552,2925,4028,7845,8946,3158,2664,9418,8956,4568,6131,7212,9769,9854,4604,8017,7510,9394,1997,9892,1134,7190,9946,9237,1753,1672,7398,7556,2287,6220,3923,8907,8443,7386,8420,1477,6374,8916,3285,3033,8217,1994,3865,1741,51,676,48,7228,4678,3963,4508,7876,3024,5440,2292,781,1200,2633,6939,565,215,4338,5374,9112,3447,393,1830
7177,9661,5664,666,8230,1518,8306,6240,351,7974,1161,1975,982,7169,3592,7978,7594,6681,7473,3569,4327,8684,1115,6013,8689,9749,9114,3507,7485,1203,1311,4755,827,1896,3551,3874,6786,6457,1661,2198,9333,8103,5292,8040,6011,9770,9282,3799,2358,5335,9158,1606,9893,1053,5942,9947,7750,3119,4155,7348,7086,2109,5823,5657,5908,8399,3394,8744,1276,9214,7862,6041,5675,7899,312,4993,2239,400,904,47,6986,4121,4250,5626,5881,2703,5811,7282,4177,1544,2320,7094,2468,128,5281,6462,7747,3988,1457,923
2335,9662,2495,320,8543,1252,9138,4045,895,8822,934,3310,2715,4760,5541,9311,8472,5220,9258,7868,5432,9326,4359,4354,8454,9082,9123,3953,6685,1825,341,2709,1536,4326,6362,5015,7189,8788,3380,2968,8185,8350,7709,8250,3538,9771,8241,1645,7762,2528,9862,1312,9894,727,8479,9948,7118,1283,5200,4838,4373,1488,3807,7180,7247,1911,5266,8392,4488,7152,8715,7618,8158,8445,928,5165,3412,155,3172,94,4771,2990,2933,6639,6339,1726,7624,1630,1949,886,5233,4632,2723,181,3858,4622,7727,2427,1099,1579
7835,9663,3000,4778,4901,4998,6108,5559,214,4734,4648,2754,460,5717,1230,8219,7236,4878,6869,816,6201,8949,3730,1759,7913,9750,3182,4065,5826,604,535,3029,4434,3877,4845,8518,4639,6258,412,1105,8611,5047,8187,6740,3916,9772,9618,2768,682,3887,9441,3416,9567,6163,3624,9421,6781,2329,3386,6975,7012,6114,1568,5515,4137,6484,2277,8829,5528,6747,8013,4897,7088,6627,4141,4114,2947,3830,3488,1415,7383,2005,5863,2061,4757,1643,8323,5424,3072,640,1598,5167,1198,147,3886,2862,4503,3943,1443,2977
5002,9664,2221,1167,9515,2679,8433,5729,444,7987,220,2981,4750,6530,7120,8453,8266,2291,9242,9052,5298,8762,1632,5954,7430,7004,9327,5742,6135,2074,1732,1474,610,6480,7854,3087,7914,8570,3303,4138,8186,8935,4976,7114,6953,9773,5787,964,5582,7763,9863,1268,9895,4153,8263,9949,8894,1898,3064,5176,7967,1285,6373,5810,7385,2435,5903,8728,1646,7512,5558,6694,6877,7412,284,6159,2982,1219,1419,12,4468,958,2481,3961,4156,1527,6042,7181,2016,2609,4673,1714,321,295,3575,4216,8655,3287,3596,2687
6513,9665,2175,5666,581,3683,7223,6699,2657,5690,2855,2971,741,2467,4946,9239,4940,5718,6001,6274,3247,7928,2520,7099,4060,7408,7990,3531,5045,1631,6642,2108,8436,4379,4822,4805,4002,3409,3183,2025,8030,6903,3030,6824,3703,9774,6498,2206,4687,5921,8329,1563,9395,4223,6376,9950,2101,2009,4265,3092,2275,3408,5806,7291,4858,808,5416,7054,552,9014,1905,856,2304,5372,3668,5678,1504,6255,1783,1059,6292,3239,4483,2559,2578,1681,7298,4086,2130,661,2866,3130,3150,1605,1996,4220,4590,2126,1744,4378
7390,9666,693,5132,9479,4754,5417,7445,541,8405,2429,2917,1319,976,5628,9573,8846,3762,4342,5929,6145,7402,1269,7839,7812,7609,8633,2474,4980,2051,902,2418,4763,3640,2637,6674,5303,6777,3824,3567,8520,6393,7319,7011,3736,9775,5994,1367,4839,2340,5598,1226,9631,1795,2333,9491,8491,5136,2095,1917,6459,6185,5099,8275,5507,8371,2786,5593,5825,3457,6050,3706,2544,4571,2377,3644,1149,4859,3219,255,4000,4742,3679,5340,1145,265,3915,6132,2601,1873,1709,5820,1325,2438,1270,3788,3264,2864,2195,3549
3583,9667,6792,2884,9193,6921,8234,6826,2117,8590,2698,2656,2792,6952,7368,8845,9414,2604,8656,8850,1314,9304,3499,7702,8478,7484,7904,3840,4914,2065,7171,3141,1141,6009,6993,8981,4452,8096,5188,824,2945,8936,7307,7028,6505,9776,7261,4333,7148,8342,9584,3866,9896,2978,9024,9951,8370,4836,7174,8335,4735,5239,7639,1567,8320,1255,5040,7039,280,5520,2498,237,494,4824,2568,4099,1221,4515,172,7,3418,2001,1087,7327,1571,1669,6858,3652,323,4627,4240,3139,366,1233,4654,4537,8477,3856,823,2762
4820,9668,4246,1685,8839,4623,2099,6424,1946,5318,6450,2113,3123,4768,793,9240,2389,384,6771,2909,870,9121,4007,6543,5471,9575,9349,2667,5556,1551,4634,2600,6840,3934,3871,3715,5791,1507,1821,1349,9225,8463,6727,5085,5536,9777,9366,3898,4015,6017,9402,2032,9068,1394,3118,9568,4921,4876,5532,7179,6006,6816,7421,5983,7256,7354,3838,8169,7388,7874,8646,7779,3878,3437,1434,6703,2447,186,1406,101,8322,2124,5625,5569,2898,972,7493,5783,1178,846,1980,3791,1110,2019,4849,1088,4316,2979,2882,1545
4392,9669,2451,324,9737,2278,7081,4573,530,8977,407,2249,3722,5504,7672,8794,8604,3952,8107,8486,7284,9305,3216,6784,8866,6898,7979,4918,6426,2569,2134,3968,733,4384,6409,3308,7698,9132,3081,1800,8592,8753,4793,5728,7172,9778,8032,2872,7950,8097,9864,2409,9897,1845,8692,9472,8282,1228,4375,8018,6280,1991,6584,3796,8354,1410,6837,8476,1127,6693,3456,1782,1922,8105,515,7160,2227,595,679,20,6672,2136,4792,5676,3475,2562,5631,4802,1100,3389,3669,5259,456,207,5269,6016,8664,4032,1079,4187
8865,9670,996,5127,8626,1446,6239,9310,1235,6567,2154,4911,7440,8292,7902,9291,5821,3895,6923,8812,6710,3731,1756,5962,3742,1739,9306,6168,6197,1009,3045,1900,1168,2028,2766,3011,5408,4570,1120,5028,9359,7980,4343,6344,3928,9779,2638,635,8199,7025,9865,2011,9898,6516,6436,9952,8902,4364,862,6536,6353,5123,7232,8843,9060,6447,4042,7387,6713,2252,4494,183,585,5064,2097,3067,123,1977,5967,1652,2747,6680,7345,3971,6717,253,4786,7780,943,2072,4560,4522,212,2805,7414,1454,8201,3493,1978,2731
5441,9671,277,1041,9297,6495,9031,4248,304,8586,631,3366,4132,7241,7690,8870,6452,4581,9104,7701,7161,7971,931,1222,5377,8374,9532,2455,4736,2066,4467,2661,705,2573,6335,2089,6215,2724,2759,3338,7801,8876,1720,6295,4896,9780,5957,1425,5409,6070,9538,2055,9899,2512,5958,9953,8551,5765,1478,7103,8517,4404,6637,7532,6281,5658,5488,8974,5029,9097,5024,877,1352,4621,1480,3434,743,545,2199,157,6829,3814,7154,4872,7679,1801,8160,3891,962,423,5709,5798,3359,1007,3972,5723,8324,5453,936,4324
1855,9672,2328,2739,8853,3339,8125,5121,5369,8693,6311,2428,1232,5699,3208,7075,5163,1784,8100,3593,3550,8326,3797,2141,3396,9363,8357,3329,5562,770,5312,1706,8605,1211,4169,2612,3383,8119,3317,4710,7850,4669,8205,5206,6363,9781,9187,2741,2000,1820,9247,1012,9369,2506,6051,9954,7196,4374,1223,4302,6755,4667,5539,4664,818,6856,3196,7451,3610,9120,8238,5388,5137,7578,7350,367,755,2219,2485,3221,4552,1689,4289,4251,2400,1361,5346,3579,1015,83,2940,4860,3193,2616,4636,1832,3014,4254,1959,1492
6791,9673,786,830,9094,4556,9128,8257,546,7367,1639,3992,7231,8467,8670,9741,5753,7347,6210,9105,6126,6110,1940,3481,2236,7251,9754,4407,6069,956,2312,2870,314,6609,3340,1197,7453,6160,1693,6161,9111,9212,5601,6932,3983,9782,2540,1430,8482,8550,9621,3043,9900,4779,8258,9541,9378,3980,844,5605,7246,8115,8343,4718,8010,5561,5931,9264,2989,8729,2459,169,339,5324,1139,1699,276,2480,2666,42,7031,4888,5380,3578,7711,221,7562,6936,327,1816,6332,5322,734,2773,5715,5589,8382,4899,4475,4429
7583,9223,5636,3682,9738,5086,6386,5383,4907,9390,5732,2290,6412,3147,7866,3951,9529,2008,9280,5673,260,6634,5224,5241,7840,7374,2912,5970,5538,968,7918,2317,4610,5009,6669,7884,2918,8566,2505,1364,6304,4081,9204,8179,5052,9783,9855,5831,7789,8327,9622,750,9632,2283,8951,9955,8760,6049,5989,5817,1183,4261,5118,4517,8499,7115,2813,7647,1404,3274,9092,1877,3554,7619,8375,586,81,1540,740,398,4469,7517,2886,7482,4074,918,4965,731,33,1993,4362,8284,199,474,6082,4396,6288,2833,225,7557
3257,8039,4330,6629,7058,5289,5235,8623,148,9046,3932,4795,2757,8303,4108,9351,9021,5935,5805,7635,2187,5487,2535,4954,8979,1506,9409,3714,7299,331,4655,3867,6471,2251,6102,3758,893,7796,882,5726,9054,4491,8384,6315,6602,9784,7685,850,3763,6849,9367,2448,9901,6853,6306,9956,7643,3101,5304,1750,7612,2525,5564,4368,5645,3309,283,8124,6267,5076,1293,6624,3258,7330,1525,2596,2453,2356,2781,1912,5427,2962,5080,6595,3942,175,1384,1656,1627,1344,3502,4854,1328,2783,1931,4662,8182,807,809,3774
6940,9674,4523,2391,9184,8007,5920,8093,2279,8694,7901,6645,7411,8524,3051,9352,8647,3509,6964,7828,7111,8407,3958,7703,4448,8137,9147,764,5604,195,8441,2963,523,4397,6664,8781,5284,8917,2444,5937,9289,8555,2128,8514,3110,9581,3020,2671,8299,8281,9488,3829,9902,6688,7984,9957,8931,7575,5974,5236,5996,4677,5385,3297,8168,1274,7072,9101,272,5392,553,96,415,5010,1539,913,799,8291,1376,103,7235,1248,451,5885,5126,486,6431,7240,201,3845,5951,4130,970,4075,4584,7139,5919,1400,1553,1847
6087,9675,5405,775,8953,773,8735,5115,502,3692,79,3590,4592,6769,6130,9431,8065,3735,8802,8775,983,8000,3623,7800,3631,9175,9344,1574,6560,1729,268,397,8886,3523,5277,5083,6832,7610,4511,8769,9220,8587,7940,7571,5443,9785,7024,5164,6085,8167,9866,1889,9903,2644,6988,9958,8023,6678,6458,2954,8423,2301,5112,4883,7551,8686,2861,7087,6774,9493,6149,7266,1806,7921,1956,2115,566,139,2814,126,5110,170,4553,3376,5366,1072,6873,3711,874,2007,5254,3870,1811,3010,3100,6196,8285,700,3476,2522
5737,9676,2551,129,8539,8073,9216,1939,765,7392,1148,2162,1560,6241,3236,9230,5934,5356,6601,7631,7927,9510,3243,6074,8703,8961,4219,4313,6004,544,2144,6119,1278,5499,6406,8900,3633,9182,3486,3540,4625,8059,8516,5323,6322,9786,9619,5902,5053,7334,9867,4519,9904,417,7713,9285,4942,2212,8159,2161,7993,6121,5803,2988,7257,3284,2017,8042,602,9388,8200,5004,3467,9505,3996,3508,2343,3227,213,24,7620,2077,1440,8367,3381,1107,6122,2165,449,2744,3689,8174,678,146,3090,7203,6008,5008,1432,5586
4353,9677,3155,389,9739,8540,9425,2809,1808,9398,2745,2253,1459,3143,3292,7217,8348,1788,9415,6719,2717,9612,3609,5686,7397,9233,6532,4912,4955,1173,7357,5225,1055,4600,8141,8532,2670,8934,6300,2194,2586,8427,9205,8431,8464,9787,8450,4540,7238,5876,9868,3656,9905,3220,8803,9642,8130,2507,6968,8181,6894,5362,5299,7879,7537,5988,2034,8226,1346,7851,8707,1828,4693,6907,6868,5997,1063,618,99,16,4994,6600,514,8372,2554,372,8792,650,127,3584,6302,5653,191,236,5120,7538,7215,5454,338,5901
9007,9678,990,2483,8708,8195,9208,8466,591,9129,4937,3328,6073,8562,6209,9742,7141,6303,7033,5667,7083,8233,3356,5643,2653,7125,9293,945,5407,1310,4999,1530,495,3472,2501,4533,6592,6147,988,2463,8658,8827,6522,8109,2748,9788,4892,744,7607,8691,9869,4189,9593,7686,3962,9959,8593,4305,3940,4741,8154,8132,6855,5410,8457,6228,6053,7552,209,8645,782,322,421,5975,1925,1823,303,4109,971,353,5131,8063,3232,4526,5228,841,7827,7336,259,1398,4328,3512,429,4272,2900,6805,7090,2690,2815,3431
8465,9605,4731,1360,9740,8577,8821,6607,2607,8068,1508,4465,3663,6392,3661,9357,9195,7580,4466,6535,828,6955,7769,6003,574,9561,9374,223,7656,2784,396,116,9579,4157,7894,9235,3076,8867,424,8749,8402,9259,9157,6148,2311,9789,7908,1722,3572,6276,9870,2515,9377,3664,9018,9960,9354,4559,8145,89,8851,6912,5078,8654,4827,8724,2634,9302,4832,9556,9355,3820,1464,6865,6195,5399,234,8229,869,5253,7280,561,6081,1979,8628,4,8745,1586,2160,2953,185,4536,6419,4241,5255,6357,1257,266,1691,6512
7985,9679,6366,3607,8938,49,5393,7425,3740,8869,995,1429,2269,6242,5938,7883,8594,2927,7720,5447,7305,3939,2793,7960,9275,2230,9533,5242,4788,1617,8113,4205,4055,831,1461,3627,2660,4964,4891,6233,9487,6515,9226,7732,4173,9790,9260,5669,5972,7202,8776,1224,9360,3334,4393,9961,5888,5531,3864,4415,5792,1590,7213,7818,7959,8852,6330,7056,4401,1116,9296,1902,1667,8321,899,7677,702,131,4335,570,2135,1179,3816,5966,6031,2308,4569,5638,278,1485,3369,5431,106,1953,6133,2234,7939,5211,519,2836
6411,9680,5846,6442,6466,145,3905,6395,4499,8022,3882,1379,857,6801,7400,9241,3283,4674,5875,7043,1428,6892,4923,8671,7062,5898,9534,4689,5550,1351,7447,1707,9756,3121,3745,8117,1861,4479,2149,3042,9070,8122,9017,6610,2615,9791,9197,3737,965,2922,9106,476,9403,4066,8842,9962,5328,4482,1097,7018,701,589,6368,7935,5959,7543,6782,5386,6054,1974,6116,1169,7424,8178,6554,6455,286,1692,4003,1537,4916,5055,6620,5119,6696,1607,8033,5326,368,1865,2450,5853,91,2365,5758,1550,8044,2491,142,4214
8312,9681,1455,2732,9255,1250,8884,7079,521,9278,1186,2033,1496,6891,3859,7925,8857,3665,9219,7337,5800,8779,6248,8112,7274,5778,9463,5187,6561,1498,7933,1555,7463,1558,4158,4698,3330,7306,5072,2018,7431,4841,2591,8077,5019,9792,9283,2798,4259,8488,9623,1990,9553,3660,8588,9109,8727,4097,636,8270,7264,626,5296,8051,8344,5248,5760,6905,3541,859,9152,6394,8110,8619,6492,7000,167,822,707,182,5258,5566,5606,7496,7399,1385,2580,1071,348,2655,5341,6658,189,361,6312,1603,8414,4408,70,5572
7735,9682,1130,390,7096,1954,7748,3777,815,6538,526,2332,4821,7204,6941,9482,2848,6134,3535,6262,5597,6235,3643,7782,5567,7446,9042,5038,6399,2012,1814,3883,509,3620,5307,5563,5560,7636,3636,4957,8796,8676,2443,4439,6487,9793,5995,2345,6741,7476,9871,2313,9906,3608,7328,9597,7566,2489,1936,4245,7376,1068,5941,3651,7507,4502,5216,6947,5351,9162,4943,2348,3917,3395,344,6926,1000,621,1227,37,6878,1245,6908,3125,7248,1266,4744,5696,2060,2939,4848,6234,138,966,6652,5154,7943,4705,2470,4238
7069,9683,3091,4370,7569,3931,6757,3557,5446,8635,5232,2148,413,5672,3818,8898,2010,2416,8094,1569,4226,7831,2434,4938,5092,8755,9177,3312,5376,910,4084,2565,9124,3390,4057,7530,2242,4941,4341,3261,6745,7682,2846,7338,5321,9794,9246,4319,3954,6702,8711,1663,9907,6015,7716,9963,8085,5616,6476,7037,5877,834,5139,6398,4785,4688,892,5659,843,2296,5470,5840,6460,5103,5818,4262,1670,2104,2445,326,920,1407,2896,4394,2991,1343,2241,712,1237,1749,2228,5327,901,2818,2605,4861,3846,1775,1374,2837
441,9684,3477,1013,9286,6320,3429,4082,3677,1872,4497,3235,3117,2307,4269,6668,7634,3521,6018,2430,6033,4094,3701,1104,3581,9122,8997,144,5924,1213,6328,2350,8591,3131,1767,8118,6014,7464,2254,6089,8719,6648,7598,4236,2780,9795,6871,2218,2888,3157,9376,763,9908,6020,5252,9569,7652,3311,620,6889,2394,7613,4593,6064,3151,7313,1973,7370,4428,3368,5834,7292,4721,7601,7234,3834,2047,6490,1541,2268,5030,668,5245,1291,5240,1388,4986,2721,2353,1249,3327,3382,2546,2581,2321,2314,3837,2064,2399,4772
7689,9685,4928,3365,6208,3146,3069,7852,452,7593,1700,1369,2720,5044,3299,9743,8345,4879,4885,7995,5185,8825,3450,8210,9232,7146,8526,3057,6999,1671,4588,2558,4438,3231,1509,5290,5769,8262,6279,1500,9316,5782,6336,7638,4303,9796,8660,1205,5371,6472,9067,1804,9096,5003,4660,9964,7644,3910,4445,4949,6961,4456,5680,4073,7561,6518,3079,7660,152,9127,1195,3977,3263,8190,1771,3899,1641,7344,290,35,5652,2913,802,6117,518,409,2133,6914,3138,2876,806,7444,2436,1331,1622,4862,6992,4116,2791,1737
8148,9686,2054,457,9396,5264,9309,3771,317,7683,594,1731,4380,7848,7799,9526,6615,3321,6725,8725,7887,9016,1479,7272,7210,7841,9189,5513,2015,861,1620,3200,354,3974,6092,4239,6635,8127,7147,4561,3994,8437,8815,6428,5097,9797,7642,2419,7365,8536,9624,864,9909,2341,9149,9643,7065,5553,6345,8921,6763,4996,9476,2387,8366,7688,3282,7201,1708,8988,5502,1062,2891,7104,1241,2244,1207,2594,479,38,6679,1860,1879,6440,7168,1890,3377,3903,377,1572,3981,2284,365,430,4356,5688,8798,4276,3563,4868
2972,9687,342,657,9163,4337,7843,3233,3827,7633,2359,3114,3267,3241,4091,8830,7753,2648,8461,7117,6453,8074,3022,6193,6178,7655,8718,1033,6586,2354,5827,2433,4041,3966,3034,2044,6887,6184,4014,5462,6605,7723,840,2237,4948,9798,8557,2524,5071,4920,9133,1159,9172,3436,7226,9330,7052,2869,4058,4477,5338,1106,4085,5473,4825,1458,5459,8883,1381,9102,3768,8460,6756,7661,258,6265,2838,4389,1172,373,5635,760,4405,4555,1339,883,6640,6667,2404,1112,5175,5985,4122,196,3094,2961,4414,3463,2261,4209
6143,9559,1437,4850,7977,6525,1626,5481,6608,8541,3753,2401,1755,6470,3460,9039,6371,1180,8121,8197,4851,5617,1703,6546,4557,8294,9464,2696,3976,1589,2326,3194,8358,4206,4151,4411,2964,2325,5980,6981,8222,6806,6111,4463,4199,9799,6351,257,4881,4990,9625,2643,9501,3242,5869,9965,7070,4699,5402,5238,7947,6666,6094,6946,4496,4182,386,7258,6540,9604,8052,5479,5744,7303,4640,4617,884,623,2182,3426,4653,2342,2490,1532,6559,23,7608,2315,8,1423,994,1787,4951,2719,4377,5363,5710,2560,336,3098
6023,9215,5198,511,8873,271,7700,5317,2413,7767,5945,538,2214,3823,2260,9339,1636,4339,5727,1802,5223,8805,4852,7849,5906,9511,8891,629,6191,1144,4751,1609,9251,2627,578,6504,5822,5084,3702,6075,9048,5313,6943,4903,797,9800,8451,1893,4713,5918,9872,756,9554,7450,7479,9966,7317,1467,4472,6803,5361,5350,6553,6539,4021,6115,4212,5588,3482,9073,7553,9248,8395,2871,1963,4283,1229,5610,3500,1354,4529,1279,4977,7497,4816,487,5812,2853,1242,1984,1913,2026,3212,767,2425,1135,3987,2143,2062,4325
4011,9688,3555,274,1126,5214,4959,3206,3449,2263,3246,1853,2878,6079,4630,8965,4813,4142,2998,7034,1807,6749,2370,6187,4974,8741,8959,3371,4696,350,1358,3755,3794,4168,4717,6744,5887,4726,1769,6957,6093,3037,7455,6337,2969,9617,6845,2919,5925,4480,8419,1596,8928,2373,6169,9967,6933,5054,5736,4544,6170,3826,6599,5836,6883,6519,4457,6152,2339,6527,5516,4190,4922,5056,4431,4162,1397,289,2390,3319,5041,4950,2040,2262,5158,151,5794,5268,1158,1888,2858,3245,3399,1153,2200,3948,4863,3160,1833,1576
1,2,6,92,575,1789,1738,7363,8202,9406,2593,6591,8774,7267,7844,9744,9497,2812,5215,5529,953,9244,4963,7237,6496,9531,9755,1175,6232,4077,9191,1396,8379,6578,2668,9236,5173,9269,1547,4453,9757,9192,6711,4229,1080,9536,9856,2371,9858,9227,9091,3548,9910,7002,7920,9968,9996,7432,8470,4399,5191,4413,2911,6723,9997,5706,8330,8480,4766,9494,2738,4314,1827,7470,3539,4514,340,8014,1074,2217,3773,9379,3831,3272,2222,5314,6301,8629,3050,5852,3642,8485,1341,5813,4564,8864,2550,1948,6334,505
8400,9689,2694,3464,9572,8397,6433,5265,3564,9480,8415,838,3153,6038,6910,3026,9498,935,9027,6860,343,9040,2737,6738,2147,9448,8649,2811,6416,3296,5858,1403,2659,7252,8279,9393,2271,9166,1765,4029,6686,8799,8877,8858,9023,9801,9433,4611,5735,7359,9873,4882,9911,644,7804,9644,9422,3277,6036,5714,7873,7893,9555,7494,8247,2155,6890,8662,425,5476,9019,718,406,3764,9405,7407,84,3375,53,282,4796,7020,4542,1786,8376,1057,8801,422,9,2305,1677,7670,1017,865,5754,7786,5275,1531,905,8161
4934,9690,4331,6900,8738,3345,5202,8398,6404,9139,6451,2957,4504,7696,5342,5689,6922,2473,8945,3778,832,7768,1593,7989,3805,9613,9142,4509,3505,1231,8261,713,5358,1881,4063,7243,2152,8564,3813,1751,7514,7454,542,6097,8144,9802,8363,2158,7164,4551,9368,2306,9912,6937,3795,9969,5039,6407,5947,4886,2519,3885,6494,5329,6861,5788,1781,1965,3780,2493,1942,2223,1118,513,8057,6478,378,6752,577,1583,6748,6293,3517,1839,6340,1575,6621,738,328,3265,3802,6456,110,1201,1734,5113,7048,2770,2035,4025
1246,9691,1048,369,9338,5144,7417,5062,1042,8553,1462,3978,2452,7712,2821,9391,7665,3570,9549,6848,8102,9470,1318,3423,8704,9380,6551,5122,8534,1370,680,5734,977,6139,5868,3489,8528,7589,1592,1794,8998,8361,5140,6026,6631,9803,9090,3511,4769,7733,9874,2085,9913,1992,8929,9542,8993,1058,4700,7409,7739,2167,4243,7730,6746,2323,4985,8602,851,8043,8848,2045,3536,8797,1111,7073,1943,439,695,22,8413,3937,7293,7413,3545,2172,8943,5280,1332,2270,3211,4031,503,114,5762,6449,6310,4906,470,5025
7528,9692,2299,2050,1335,1295,4178,2733,560,5555,2232,3213,3705,3302,5395,9447,8304,1350,8786,5607,7121,9141,1503,3306,7315,9550,8549,4481,6764,1387,4433,4800,540,3812,6732,3868,4834,7761,4180,1281,6526,7724,7063,7856,3385,9804,8618,3170,2997,4716,7151,2410,9914,1515,8289,9970,6113,6899,4770,6969,7693,5486,6308,6356,6557,6437,4644,7758,4650,4126,8310,5460,3351,6895,1829,4931,907,614,981,69,6100,3708,4293,4894,5751,2904,3135,4346,475,1052,4196,5057,3073,254,2196,6859,3451,3318,855,1267
1154,3032,2642,493,7650,1842,8430,5445,4164,2820,7021,3591,3808,4900,6024,9181,1307,6963,7595,4516,3268,9022,2734,8447,6463,9053,9465,2851,5178,2111,2431,4424,9381,829,5557,6823,6994,8227,4298,7919,7657,4613,9100,2597,2618,9805,9299,3080,7165,2293,9049,2625,9915,330,7288,9598,8920,5795,1014,7645,8087,5170,7653,7740,7668,1658,5681,8789,1955,9495,6071,8614,7184,7259,584,4521,1824,512,2364,1453,3041,5368,2327,1742,837,1682,9085,3518,3019,784,1678,769,1334,1082,2641,2999,3112,1582,1202,3751
2672,9693,1983,1834,9008,363,9050,6294,1022,8426,125,3337,5419,5066,7472,7922,8777,3909,9373,8293,7822,6973,4222,5484,8990,3638,9069,4609,7100,2956,1340,4329,1008,3484,5522,4603,8252,8872,3234,4915,9179,7509,5574,4712,5147,9806,5816,4412,7617,8328,9180,1037,9916,5748,6432,9971,9423,2829,1359,7205,7934,1382,3223,6217,8428,2688,6500,7289,2038,1901,8302,2579,3237,5707,776,7254,643,488,4847,74,4131,404,5081,5977,7144,1330,7263,4317,1005,2052,4746,4701,168,1505,7554,3047,8552,3589,508,4702
14,247,699,1970,5058,4332,6072,4962,1280,8446,6299,1016,1441,6684,5883,9194,6875,5375,6616,4188,4864,9150,3314,7373,7047,9347,9190,3573,6980,1018,7629,2826,3124,1210,1155,7559,6166,4969,3322,2346,8962,5333,8595,7784,6966,9807,8408,1475,4145,7415,9323,2716,8682,3178,5764,9972,7658,5510,4605,6566,6477,4759,8146,7206,7501,8337,3109,7297,2892,3097,7820,1365,5197,8701,4670,5913,334,2449,963,491,6377,4038,5278,5237,2555,1386,4403,3358,845,777,2676,7603,1355,1177,4069,5249,6541,4204,2013,1390
1600,9694,3993,211,8429,6043,999,3207,465,7468,5711,1524,2863,3498,4133,9473,3168,6514,8163,6814,5182,5621,3828,6700,5490,9348,6083,3921,3670,160,8150,3209,7783,3565,5964,5207,5599,8212,3001,7101,9382,4657,279,5776,3415,9808,1944,4244,4547,6227,8927,1857,9917,3605,1683,9263,3204,1676,5353,5743,6211,1333,6603,7924,8500,5143,5542,8855,6716,3602,7067,5124,5632,6485,7123,6390,1923,7193,2529,2352,7273,5153,6091,2069,1966,25,6998,4163,281,1562,4583,673,2728,921,4978,4944,3053,3537,1849,5283
7129,9695,3137,319,9466,8024,8622,5978,3290,9051,681,2890,1772,4926,6289,3167,8785,1472,8507,8101,4649,8996,5433,8925,8637,9408,8527,1086,3149,1566,8679,5068,3913,3576,7059,8942,4956,8002,4110,3647,6385,8638,8571,5705,5809,9809,9284,3568,5547,7802,9585,2347,9594,3424,7394,9151,6706,5247,6729,6958,4505,5585,7805,3857,7276,383,3728,3821,285,4589,4253,4997,3989,5708,1976,3658,1868,1239,153,40,5928,1003,4671,7133,6970,1695,848,1840,2048,3432,6579,6206,171,729,1162,5503,6358,929,1601,3398
7249,9560,2916,433,7916,969,9164,7687,453,5587,652,3599,4068,8421,6401,9437,7708,3378,6531,7015,2808,8657,3405,7452,6497,8509,9535,4806,6949,539,2514,3379,122,4143,7312,4706,6112,8165,1424,7178,9334,9075,8048,5939,6364,9810,7788,4318,4140,8364,9552,1206,9918,2942,5860,9973,8833,4372,2318,4737,8770,6156,7576,5475,6676,4714,5451,8283,1282,7746,1501,2145,1686,7492,75,3397,2355,308,3614,55,8835,1843,7477,5267,7764,557,3817,7669,598,401,6441,3985,641,1764,6379,6884,8311,4423,4927,3473
7948,9696,3900,5184,8089,6822,5596,6775,6060,5953,5517,3819,2675,7166,3718,7242,387,6204,6029,7640,117,8554,1934,5295,6956,7721,8435,3433,6420,1054,5907,3195,8211,1730,5668,7842,6636,8296,4656,3350,4119,7113,6646,5189,6574,9811,8720,3806,3759,1044,9517,2337,9540,7790,7973,9645,6155,5796,4762,5691,3269,2903,6833,1529,6046,443,4277,6920,1286,8459,5213,751,2183,1704,8116,3410,1928,7030,1535,164,3941,612,4968,5217,3286,296,4970,3709,1011,1926,3089,5496,550,3342,4895,6096,2645,3260,1987,710
5999,9697,3908,2207,8947,1608,7471,6582,6188,5348,6000,3443,3559,4026,5649,3879,8155,2887,7283,8082,742,7010,3621,8090,5435,3950,8814,3571,6056,961,7382,1362,8176,2577,5493,6843,3693,3392,3747,3979,8497,5467,6911,5226,7404,9812,8596,4008,1320,6972,9626,1160,9502,7651,8644,9974,8505,5609,3914,7632,3439,3522,5061,6767,7041,7968,2742,3331,6124,940,8754,261,2174,5088,8278,5035,54,3352,2003,3176,3723,4829,2752,6429,4857,1969,6391,1904,188,1716,1869,6032,64,2789,2285,2303,7208,2298,28,2610
7912,9698,5665,3770,9389,2782,8244,7765,4812,9165,5474,691,2282,1817,3860,8136,2570,4902,8881,8079,3546,8563,4409,3920,6779,6062,9250,3280,3600,1624,7722,4288,7162,3851,5089,7142,1182,7738,1143,4134,6918,7333,7641,6787,6268,9813,9270,4398,6742,6809,9385,698,9919,6035,5148,9272,4643,6606,6199,8599,3253,5870,7007,2402,5896,2004,1597,6153,583,1164,7567,2080,5950,7900,3739,5660,329,2850,3197,298,5125,1481,501,5325,5948,1618,1308,2078,955,2073,5218,6743,428,975,3765,3744,603,1084,1602,3187
3017,9699,3162,1777,8746,4447,5128,8260,454,8218,1324,2974,1490,5403,3894,9002,4136,4419,6510,7837,1348,6663,2103,5017,3244,8841,8767,4179,291,1380,3671,3707,860,4144,4532,6819,2835,7518,4567,1962,7050,4367,6919,4436,5841,9814,1468,1637,2800,6807,9586,2063,9519,6671,8353,9599,6985,6854,5622,2630,7531,3674,3012,5889,5109,5075,3255,8331,783,4506,6365,1565,3766,6896,7175,6317,911,7119,1493,2960,6604,4525,1083,3924,4730,2238,7774,4774,648,949,2843,6028,974,1435,3084,3111,7078,1306,1194,5497
7017,9700,5480,1216,8620,919,7346,6474,2995,8772,6415,3597,2622,5420,4218,7295,7558,5398,4357,7541,5466,8808,3619,7091,6930,9364,8184,915,1680,2049,4668,2935,5367,689,1760,5573,3935,5895,4160,7975,7564,5568,7815,4120,6372,9815,8914,1780,6594,7478,9125,2510,9920,948,3588,9975,7930,6272,3323,5209,6250,4454,4904,8346,7487,7314,1002,8432,615,6438,6468,7429,5695,6825,2873,4743,2181,216,3238,2297,1621,2948,3056,2684,4704,137,7434,1886,120,347,3982,2243,4395,1060,3422,5523,8006,2790,102,3680
6144,9701,3873,6107,9168,4006,4044,8717,5807,8964,4675,2388,2678,900,3975,5168,8840,4012,8778,3965,1882,6886,3190,7654,6971,8667,8047,4102,4807,437,7898,3156,9616,1372,4078,3060,426,4783,1697,3224,8892,3622,8268,4837,6464,9816,8572,3411,5530,7611,9875,241,9458,7076,8129,9976,5749,4893,2397,8177,4207,5336,2466,6099,6558,1958,1030,8301,3085,1774,8501,7937,8888,3844,6788,4474,202,5984,772,4528,4828,3459,219,5955,5793,800,6348,1634,2302,703,547,6724,489,2334,3815,4174,5483,3065,558,3552
5138,9702,2426,4629,8325,4842,5231,4485,2686,6189,6568,2598,4417,5489,2267,9200,8939,4732,8315,5884,4321,8813,4686,3068,7546,8791,9087,692,5357,1696,6916,4360,4125,4435,4638,3698,4233,5936,2504,7597,9083,7860,8698,7005,1486,9817,9513,3973,2319,8334,9419,719,9430,6194,6960,9459,7395,5548,2231,6691,485,2608,2692,4867,5949,4534,2184,7942,4296,7457,1427,8568,3801,5133,1526,2127,3645,500,2702,3649,1952,4183,4574,2665,3013,991,8243,1431,687,2711,4586,3438,1073,2031,4722,61,5190,3186,62,779
2068,9703,7792,1317,9467,3577,2213,2883,551,5276,1199,1841,4549,8452,6556,9745,7697,7563,1305,7503,1303,5421,2708,4599,3553,9185,8095,4809,5514,863,7358,2407,9056,3804,7474,5768,6080,7832,6733,6863,9474,4989,6842,7486,6827,9818,4729,4814,6325,4181,9876,1034,9921,909,4388,9977,7326,7053,7191,6650,7227,8091,4487,1336,7870,8475,5789,9037,6501,9998,992,9199,7057,7159,2202,1124,302,1981,4819,56,5797,1061,6007,1666,6718,1945,1612,4666,165,52,2854,252,3904,4416,5001,5692,4591,2403,2905,3960
3008,9424,5107,250,9113,6118,8731,7836,1521,8434,1793,1522,1356,2441,1345,6977,5512,3896,5905,7352,5412,9426,2695,1702,8220,9576,8448,4615,5534,683,1023,1405,6720,3154,4624,4641,5494,5027,3249,3901,8287,7163,8710,2965,3384,9819,9029,2517,2059,5843,9627,1957,9595,5463,6414,9543,7628,5229,4929,6202,8041,2920,4473,6938,1193,7544,2197,3343,880,7335,9331,2693,4043,9015,6254,6296,2258,1069,2240,628,7582,2396,3822,4933,4460,1826,8582,2502,2131,1047,226,5897,1050,761,1721,5263,3503,3639,1964,4210
7649,9704,5382,3700,9098,3721,8045,4684,723,6088,140,2931,3741,6654,5546,8790,1640,6885,3544,3513,118,4478,997,6929,3998,8966,9308,3533,6991,986,2543,1192,7742,1740,5900,2163,4402,7743,4203,8383,8318,8290,2442,5449,1698,9820,4740,795,1495,4350,9877,1918,9922,2150,5584,9978,4427,6534,4365,4870,3678,5201,6246,6283,5311,5687,4877,8603,4887,9522,8259,9038,8608,8975,1797,5671,548,3175,2338,1132,7734,471,4554,1736,7568,768,4749,5682,3441,572,4385,6798,4320,1402,2036,5205,3492,3767,2100,1436
7847,9705,1499,917,7042,6423,9256,6690,1610,5442,3279,1377,3654,8245,3938,7926,5899,5073,9469,2280,1961,8469,4027,4273,6068,8933,8795,1629,5320,1001,311,2827,356,7195,6058,1438,5781,3048,1094,4072,8606,8556,6174,8333,5485,9821,7550,1919,2511,8288,9878,436,9442,3727,7173,9979,7505,6383,7156,4520,6212,6473,7773,7495,6022,8511,2367,9137,1659,8147,6619,2023,4047,8923,231,2378,878,2987,2412,17,8271,6461,3835,4563,6297,708,8560,6369,609,1389,2462,6697,532,1684,5273,5428,7630,4301,3775,2589
6341,9706,1870,1763,8021,3077,8924,5250,100,6360,222,2803,3688,7965,6367,8235,6754,5406,4720,7150,4292,8531,1687,8440,5521,8926,8806,4543,4866,1837,839,2177,2976,3180,5414,3346,6612,3566,7475,3526,7449,7692,2384,8390,2503,9822,7542,543,5391,7803,9628,2567,9923,717,8061,9492,7102,5156,7318,7045,6945,3479,8188,4051,7785,8545,4765,5179,3164,8722,8542,7513,8597,8810,2022,2651,2492,1342,375,111,4815,4225,5439,1752,6589,2190,3872,3562,2042,646,4100,4271,309,73,2867,7183,6323,2093,3116,3712
1029,9707,4958,5227,8576,2849,7695,6795,593,8903,517,2729,3349,8084,5196,8028,7794,1650,1413,7187,176,6726,2479,3281,4486,9119,9115,2585,6381,1450,1299,605,8455,4104,6010,3144,6120,8487,3402,4285,8680,8625,8456,5477,4106,9823,5334,1796,2169,7565,9300,1778,9924,7442,6572,9980,8237,6319,2756,4794,6632,7433,4723,7756,4079,4935,3357,7717,3039,9341,6251,8223,5174,7214,3558,3598,335,1184,1885,4115,5373,5031,5048,2294,4148,166,8373,3580,1635,1395,4323,7515,6874,2107,2482,5956,107,554,1108,2677
8688,9708,6521,6709,9224,3113,9026,7615,229,9468,32,1711,4739,5620,6486,9610,9130,6959,2639,7170,3294,2868,2156,7022,6617,4192,9449,2704,7962,2810,814,2204,2944,3534,3655,4541,6677,8519,3188,5894,9317,3970,8659,8166,2797,9824,3165,288,6564,8862,9629,1915,9633,6329,6565,9981,9005,3704,791,1875,7869,520,8123,7167,7751,7343,4595,5482,6989,3127,6523,6524,8277,8228,1220,7351,2921,1611,4275,108,1642,1028,6927,5968,8106,349,4422,7694,2753,1713,4596,3725,71,360,6256,5642,3734,1133,3401,5755
3713,9709,3532,7998,8194,4680,2740,9045,4530,5389,1125,4531,5600,6387,4348,9032,3685,6611,4979,3215,477,7838,4865,8882,2967,9416,9443,177,6571,1591,697,534,8359,3926,2423,7956,6772,8369,1188,5838,9290,7754,8240,2865,345,9136,9055,1557,8027,7826,8759,3440,9925,7456,8537,9982,8483,3956,7745,1290,6489,5990,5355,4679,9254,2153,6548,8574,881,9477,3430,2375,573,5394,5508,3031,332,1258,549,5426,6282,6913,5065,1081,2164,1421,6229,5142,4745,3501,1967,7891,2880,2527,3262,2082,790,1368,3792,1067
8575,9710,5922,4690,9103,8196,8963,8265,746,8231,579,3986,6180,8793,5396,9527,6025,8616,193,8632,759,5186,1647,7136,944,8673,9577,420,2785,2417,88,611,1006,6243,2383,8035,5051,8360,5591,8580,9322,7929,8076,8362,7218,9825,4727,3483,1851,7308,9489,2041,9926,5098,8930,9983,8650,6216,7157,2076,7420,7480,7500,4139,6817,7880,5411,7676,3304,8529,2185,3519,4808,8932,3520,5880,469,3023,4284,78,7331,813,5873,619,7145,292,3044,7138,1066,4213,2895,3298,924,3585,6581,5134,5114,533,1113,6370
3839,9711,5498,7759,8716,7490,2246,6799,362,2584,607,4268,3333,8135,4874,9548,6231,7584,811,8054,1995,4471,3406,3140,1426,9428,9486,382,524,2411,639,90,2860,5761,6396,9268,6136,7287,4908,8380,9171,8743,6712,6176,2266,9826,1712,1004,5651,6587,9587,4512,9927,6403,8915,9984,9460,8442,8319,5450,8973,6123,4444,7710,8818,7422,5971,8019,7511,5194,4061,5872,6157,8425,3849,7262,337,1373,3911,239,1243,885,4507,1735,4971,1101,3425,4725,498,4128,6714,960,1123,2952,6349,5159,3738,826,4308,5021
7461,9712,2361,2058,8734,7185,8286,4659,68,6649,696,2422,3964,6067,2548,9047,7080,4697,6177,7035,4782,7268,4987,6127,3594,8912,7892,306,4282,1292,243,1043,3925,4797,5650,8316,5911,7225,1304,4803,8992,8198,7941,6793,5034,9827,5293,690,5703,6687,9588,2405,9503,6722,7085,9600,6290,2424,2751,3393,5151,6544,3969,6266,8189,6954,5063,3957,5552,1951,7923,6273,5741,6996,6708,2526,1903,2081,1654,747,4458,5750,2841,2857,5049,912,5874,4336,1289,1960,1463,5882,230,2839,2029,5192,7416,649,504,5162
6002,9713,1988,370,9547,8512,7808,4124,2176,9446,8340,1616,914,5740,8610,3933,9034,1171,9107,8332,2106,9457,7001,5271,5946,8742,5592,569,5345,2024,8674,3256,2984,5535,8138,7905,4024,9057,3444,2295,4345,9252,8685,4492,2566,9828,9620,5309,8180,9206,9879,4646,9928,903,8893,9126,7426,3248,8493,8246,7265,6417,6893,5698,9000,4037,4152,8984,879,7614,7458,3776,483,8404,5452,6751,305,1585,15,26,7371,6172,3929,7260,2842,606,7105,1212,72,2556,3525,6811,704,357,5270,6794,1625,2707,1844,5595
8175,9606,1273,458,9444,8377,6987,8111,688,9342,5150,985,4681,2640,5456,9173,9131,1275,7304,3772,5067,9174,4242,7737,4587,5193,7535,499,5917,1122,7222,3695,4618,4490,8156,9432,8239,9088,2889,4764,3779,8267,7637,5495,1662,9829,9857,4425,3348,8498,9301,1858,9634,6488,7064,9646,3616,8153,8049,3372,4211,2516,6040,2274,9030,7675,3696,6925,906,9999,3612,4310,3082,6150,2804,1883,600,5575,104,21,6575,1409,556,5611,771,1803,4054,6192,792,3967,2718,5106,2168,1491,4067,2572,7046,2398,1776,2774
8969,9714,1038,2379,9506,1089,8080,9257,817,8565,461,4023,4263,8631,8652,9611,7573,7068,5655,9135,6835,5633,2590,7084,4366,3052,9313,6313,6405,1798,1594,3850,466,4890,2828,1444,7809,7199,3083,5774,8750,8828,5630,7825,4856,9830,3945,2014,8213,8438,9880,2420,9929,7379,7817,9647,9207,3332,694,8510,6761,3210,8641,6768,8737,6689,5855,8458,1929,6661,3163,217,459,6221,414,3421,263,1418,2914,85,6105,3697,4658,2955,8347,232,4672,7834,467,2245,4510,7077,249,2039,5763,4001,8546,4738,3469,4873
6359,9715,3252,130,9607,2617,6659,1932,7186,8944,5461,481,897,4150,6444,9218,7867,6183,8617,7903,5448,8513,4728,6862,4691,9614,4257,2098,5093,1401,3514,4129,9110,2408,4631,9143,1253,8579,1971,8653,7622,8351,218,3222,5390,9831,6141,5016,3628,7600,9071,2669,9635,297,4264,9335,3181,3266,6730,4545,8056,3543,6766,8172,7757,8088,2807,9117,794,9557,7481,7459,4270,8191,7587,4983,754,1516,638,4369,7366,5891,3810,3320,4186,30,8585,4917,1848,1512,4386,5219,6590,10,5091,6287,4201,677,510,2248
6550,9716,1619,161,9412,4260,9609,2859,248,8665,858,2834,5096,6978,7954,9033,8940,1559,8508,8569,7224,9362,2614,7684,9011,9234,7910,4539,6034,2225,2697,3184,849,5337,8026,7466,8481,9160,6547,1982,6326,9245,6019,5819,7777,9832,8919,3107,6967,7861,9881,2832,9930,1272,9076,9544,8573,4274,6465,8661,8037,1754,8050,3749,8336,3848,6030,8880,355,7233,4853,4614,3686,8381,875,5339,3761,709,87,27,6200,3918,3229,6331,2393,1986,3301,2750,450,1035,4495,2635,1109,65,4034,7341,9079,3275,663,3420
6278,9717,5436,438,9608,8765,7964,3105,8544,9274,8748,1880,405,6990,7626,2901,9747,1628,6942,8831,674,9574,7419,6222,5018,9751,7917,1393,6870,788,4995,6343,9267,6596,8705,9551,833,9116,5830,2946,2094,9410,9183,3326,9429,9833,8861,5360,5007,8668,9630,3955,9931,270,5801,9253,9546,5365,8131,7149,4005,3361,8207,6245,8242,5824,634,9461,1863,8895,9350,8856,9063,9332,9238,1906,622,1770,60,739,2537,4576,5046,8669,8484,57,9222,525,45,1098,3875,7109,757,200,6298,8538,2899,1259,178,7197
7736,9571,908,3497,8764,1049,5006,6507,210,8678,4910,2523,1719,6388,5654,9303,5603,1580,7082,7776,1675,4340,4451,7961,8666,5204,8768,3615,4046,1433,5042,2478,8954,967,2553,3075,4880,1315,3202,3946,5965,6844,8758,5912,5457,9834,9095,2385,5583,5425,9228,1119,9404,5612,2542,9985,8863,5685,4804,7857,675,5415,6446,7008,6657,6291,4147,8838,4871,8761,7586,5331,660,8609,7970,1238,732,3785,587,97,1347,3259,6237,3427,4909,1724,6909,2499,1664,1209,2509,1595,2530,2471,4830,1968,6555,3676,1329,3729
2894,9718,2432,582,9370,6408,2272,1321,3586,8897,3888,1989,1165,7250,5700,6813,9484,5815,8739,7666,647,9399,5261,4612,5867,9512,3863,2336,6223,371,7286,6249,7945,4387,6475,7885,1449,7991,2735,1414,3096,9221,9036,7126,7036,9835,9582,6533,7219,6397,9589,2910,9932,1156,5684,9545,9059,1470,8086,7275,1668,1705,4606,5087,4376,3120,2646,8338,715,8896,9650,8521,7864,8820,7192,1442,205,4235,392,1247,7323,5533,5294,7396,3061,613,6613,1497,952,3228,4059,8663,1326,31,2689,4961,1710,3362,624,4062
6614,9719,5246,7040,7604,5802,5418,7310,5297,8140,3316,1420,1809,5022,3613,3754,8695,3191,6479,7198,2941,7988,2779,7681,7529,8548,8756,463,522,1375,1412,3461,9196,2536,4756,7560,5571,8388,4801,2943,6660,7393,7316,6410,4562,9836,8612,2518,6701,7467,8700,1322,9636,2226,5981,9570,7132,5865,1147,5982,4170,2755,2180,2171,6935,6346,4992,6857,445,8909,2823,8098,4620,6213,5579,2372,2421,3115,998,3059,4548,3515,4020,4826,3556,1076,5851,3672,198,627,1937,244,3892,1638,2500,4889,1473,758,2663,1284
7061,9720,1020,4945,9287,7680,5866,8502,5679,7882,714,5627,2265,5992,6167,9209,3853,1762,7401,9066,3902,3635,984,2825,1644,8874,8780,6355,4833,399,2902,2636,1519,5835,2996,2881,6917,1543,4090,8782,8913,8757,3106,6151,4707,9837,2142,256,5468,6338,9453,2360,9933,1399,8410,9986,8403,6882,796,6821,8365,7239,5157,7536,8004,8751,1733,6872,7003,9229,2772,310,1157,6158,1723,2662,559,7127,1502,4724,3046,4665,6644,1494,4344,36,9134,1748,2654,2264,3490,1899,6509,3198,5998,4228,4009,4767,473,5986
5347,9721,3720,46,8064,8016,7752,2121,803,8162,2496,2611,455,3006,2561,9746,9210,5697,6656,6876,7372,8837,6879,7369,8826,9392,4582,4602,5401,925,1785,4198,7955,3453,3454,8787,2193,8955,2767,6780,5364,7427,2465,3293,7673,9838,9401,5203,5256,6647,9590,2929,9504,158,5434,9345,8305,2613,5839,8411,7006,4112,5730,5141,6864,7362,2087,8714,448,9276,7875,9266,8133,8208,1294,4694,4676,1517,1792,41,4535,1690,3035,6186,4315,192,8339,1660,490,2309,5077,7176,2105,124,4363,5509,6704,4952,395,4775
4776,9722,1208,333,9277,5814,9413,2043,896,8598,954,2764,5648,5032,8314,6327,9201,1031,9530,7859,6039,9485,5023,5251,9081,9176,8001,5785,5993,2619,3611,4050,381,6625,7814,9144,6137,9170,4875,1573,5693,9004,8307,5478,7342,9839,8999,3907,8558,7951,9882,3122,9934,889,9324,9987,9336,2446,7290,9077,7026,3161,7027,4884,8607,2235,3800,7423,1056,4633,9078,4098,4790,7014,1812,4798,1836,462,251,29,3630,1633,4215,7938,7380,1070,7128,1236,307,942,6962,4039,134,293,6037,7110,8642,5455,227,4811
6047,9723,6529,5181,9086,190,8099,5923,1476,5511,376,2538,1166,4018,5979,5615,4652,3650,4033,2885,516,4165,2950,6173,4252,7381,7596,2123,1366,1542,2856,3003,9314,2454,5780,980,1528,7872,4064,6389,5069,8075,4311,4105,3218,9840,8971,1867,6305,8807,9420,1859,9434,6198,3542,9601,8713,6934,1262,2316,3787,4352,5244,4930,7699,3529,1313,9159,2368,9307,6506,6778,5230,8584,6997,2216,1117,706,380,4358,5745,5613,5932,2588,6065,684,7548,3462,3093,1924,2392,7592,5262,2159,3471,3400,3177,2140,3205,2220
6207,9724,2053,5677,9064,5222,8976,4719,109,5501,410,2021,2563,1950,5724,9099,6190,7194,5752,6252,3861,6271,2557,6808,5549,8274,9439,2897,5301,1316,44,2658,1514,5747,1909,805,6275,3746,5551,5359,9261,8204,8031,5349,4322,9841,1416,238,3959,7520,9591,2802,9935,3129,2587,9988,8639,3922,3782,5469,6804,7931,7013,5871,7911,8070,2840,8651,3617,9062,5927,4334,5890,7881,1391,6695,2532,3344,3995,588,8251,5302,5914,5315,7602,194,6138,5543,1025,2930,3881,3786,478,4036,1234,6653,3025,472,1411,5180
7483,9725,4936,159,9454,7356,8643,2186,7766,6776,9009,2439,1357,7209,6839,5111,9509,3063,9231,8149,1679,8387,8008,6785,2469,9752,8578,180,7972,480,752,427,9563,3675,5519,9417,5033,9452,2539,6084,4527,9294,6562,4107,6728,9842,6802,3273,3547,8832,9566,3192,9637,63,7981,8960,8492,7122,7220,3478,8817,5472,7590,7029,7983,7019,1181,9145,299,8989,9273,8784,4626,8844,8889,8209,174,5095,43,3574,8355,6502,4266,7994,3485,19,7527,617,853,726,4184,7377,6422,653,5195,7963,4455,821,163,7009
7130,9726,4056,951,7539,2259,2936,5423,6055,6762,1483,3360,2250,6270,2713,7775,3919,1577,3803,5384,835,7378,4400,2934,8672,8648,7616,5160,3009,1027,5829,1556,9156,1665,3880,4297,4361,7824,1510,7664,9058,5915,484,6665,5221,9843,5828,4558,4146,4913,9490,2362,9936,2583,6179,9989,6867,1846,2907,7038,5438,922,1584,7055,4231,7107,4096,7718,5554,9198,7322,6651,6783,6573,6735,7153,1549,2381,3470,1894,5005,5719,6576,2603,5286,1137,8495,3324,184,616,3506,798,5833,294,5381,2224,2178,3152,778,1487
8471,9727,4135,7355,9524,3833,6469,5960,2380,8203,5319,2691,3021,5518,5683,7311,8702,273,8072,6583,891,9340,5352,5413,7770,9186,9281,3681,1039,1578,5779,3743,432,1036,4975,9148,7704,6888,5308,1657,4227,8697,3417,4017,7325,9844,6974,4493,4835,8069,9386,4304,9520,7244,8937,9990,8581,7778,7524,8225,4784,4981,7547,3354,7791,7158,3884,9001,1581,9265,1170,993,1866,3027,4200,4753,1985,5850,39,59,2357,2592,528,7890,2621,2281,7806,753,18,1297,3790,721,4628,3582,3414,4093,4855,2229,3687,4278
3491,9728,1024,3055,7549,536,5527,1673,4953,9074,1717,4685,4083,5857,6655,7155,7124,6342,7384,6630,4787,5629,1460,1538,4608,6815,9358,3906,3659,1554,7829,1648,1469,978,4761,2201,6435,6841,3199,4846,7300,6382,6739,6421,4295,9845,8474,4053,4449,7469,6552,1131,9638,842,7499,9602,5208,3174,2847,7674,4224,4635,2247,7270,7896,7591,5330,8800,5757,7108,8982,2761,1215,6810,7533,6736,403,852,3185,3603,5540,4470,3811,2456,6683,625,9020,4781,1653,1151,267,3128,3428,394,4577,3606,1102,2406,810,3793
7944,9729,7116,2415,9445,5059,8522,6800,1523,9481,5070,3325,2975,4651,5343,6044,9154,3504,3002,8583,287,6928,6402,2288,6984,9365,7285,5987,3666,2075,2460,1447,9328,3388,3719,8416,1520,6413,2037,5775,7957,9043,8860,5859,7797,9846,8152,313,4290,8878,9539,2086,9639,1085,8721,9991,3058,6569,7506,6316,1452,6171,7200,8613,8771,7577,374,9006,4022,2743,5879,2090,2458,7798,6537,2787,149,567,3524,5050,4176,6142,6384,8015,5640,228,7625,162,11,3103,1140,6230,3990,2096,4464,3781,7140,3230,58,5082
5716,9730,2376,642,9525,5892,7570,6812,1121,8313,1766,2932,2949,5172,4817,8948,9343,1217,8081,7728,7279,8547,1822,6226,6880,8473,8164,4410,5963,645,5014,2624,2461,4777,7605,2215,7749,4092,6259,6734,7744,7436,5074,3944,7269,9847,5505,2486,5378,7131,9500,866,9640,1240,6307,9992,8559,6481,5272,5619,8114,3289,8640,6427,3601,1891,5849,8092,789,8868,8985,3487,6528,8834,651,5305,3480,507,2146,133,1921,240,4575,3927,6448,2138,8687,5464,440,592,5933,1271,1019,98,745,5771,8489,2819,2699,5212
4406,9731,2806,4089,8811,8025,2631,7439,4972,8747,4580,1910,346,716,3889,7435,8236,2576,4430,7135,2440,8621,4462,3278,8809,9753,2923,4733,3468,2088,5524,819,9580,4052,6104,6881,93,4823,3271,5713,8417,7886,3561,1747,4708,9848,5694,1300,6982,7245,8783,1564,9641,3756,1032,9603,8972,3855,3991,4579,2700,6924,4810,8276,3071,1251,3364,8256,4421,8444,7846,7863,8804,5976,4030,1623,2710,4924,2119,571,2606,1651,2788,6633,3189,947,7976,3984,529,2830,1757,7877,4391,418,1288,4101,2289,4111,1466,3363
7986,9732,1077,4799,8490,933,8067,5400,2166,9436,2477,2879,2027,6831,5332,9456,8393,4221,8773,5722,6979,5344,1831,6796,8736,1916,8967,4476,6866,1856,1263,3516,1103,2626,1897,7221,5101,8253,1546,1533,9375,3847,8418,7606,3662,9849,9044,1745,7255,7705,9475,1191,9937,6820,1927,9993,9084,1189,1026,7659,7428,2046,1298,6203,7309,6052,4217,6225,5379,3015,8601,2137,1878,8083,4780,4191,318,671,2760,672,3102,5149,7997,7060,1895,2205,6983,7182,762,1327,3169,6378,665,2056,2722,1302,7555,5152,402,3629
7391,9733,4202,608,3288,3893,8589,2541,749,7216,2937,2322,1129,5545,2549,8899,5759,5576,8995,7498,4280,8890,4279,3890,7691,9562,9298,1854,6758,1142,5786,2776,3145,2736,5790,8401,4898,8128,3587,6140,6244,8036,9564,7403,4919,9850,8690,2727,2924,2437,8269,2118,9938,2816,7339,9994,6285,5832,1588,7526,8424,6021,5861,2749,3595,1701,2475,8819,77,7969,3018,6570,6638,6847,580,8066,4307,1864,2628,206,2084,1338,1445,3653,4355,1465,6628,4960,1256,1264,670,766,6106,364,4905,5037,4010,3949,3171,4619
8630,9734,2070,720,8910,979,9146,9080,1146,8053,1051,3251,5590,7952,7966,9372,7781,5704,5370,5661,6705,7188,3854,7585,4748,4939,9578,4080,7813,1615,5578,1649,482,4501,2758,2067,8192,4789,3095,3648,9203,8887,7599,8385,6098,9851,7405,2030,8352,8677,9213,2650,9939,4991,4167,9995,9318,4513,654,7946,7623,7418,6951,7438,8957,8062,6077,7488,872,5804,2476,119,596,3852,736,1091,173,686,941,76,4932,6549,3134,4709,7230,1114,5430,7324,711,2533,5624,7277,442,3604,5274,4123,8439,3750,3074,2629
7074,9735,1718,2822,9371,1363,6443,5043,562,9325,825,2824,3066,8273,8034,6321,8824,4598,8978,8468,6361,8378,5864,9202,9427,5100,8991,4258,7823,2382,2363,5674,2680,1838,3999,6931,3726,8752,6593,1261,8193,7364,8699,5129,4149,9852,7627,3748,6846,8003,9883,2574,9940,3217,8634,9648,9161,1998,3136,6482,6286,599,7349,2992,8600,2817,7646,5285,2993,1218,8567,2091,3646,6260,2116,8058,555,564,1095,95,2951,1779,7897,8494,7281,3341,3997,4432,246,2763,4347,5641,13,135,4844,3862,8224,5011,115,5300
8272,9736,6897,156,9507,2831,7731,6545,5036,8994,4441,4256,5602,7707,6261,9483,8506,5738,3099,8530,1254,9169,3407,8368,8221,8462,9450,669,7621,464,4420,4518,1862,4442,6682,3201,5291,8970,506,4703,8904,7301,5639,6675,3088,9565,9383,4426,1655,6995,9387,957,9596,662,6277,9649,7706,2959,7016,7572,5146,7772,6076,5130,7819,5670,5904,8216,1392,10000,132,2189,316,7915,154,1884,3250,1378,1972,34,7389,1046,2725,3313,5944,2488,7502,6622,1482,497,5952,3367,4966,3836,3724,5784,7671,3690,1021,2192
