1.4332252585917	-1.30062630154466
6.49490734380437	-6.0882735562936
6.75934001041993	-6.31979334970373
0.541837962309136	-0.466222795957906
4.97564538273356	-4.75624481813429
4.25727692160379	-4.33145948021016
4.99410797638919	-4.738412804433
4.91242063799961	-4.68750817458565
6.67798936341896	-6.24955211476166
5.49722798670184	-5.26278841734497
0.012678384152517	-0.0123602472480074
6.45866623062063	-6.14331295572118
7.8902799662526	-7.54460847708679
7.36628984362449	-7.06064296490776
7.52776786550388	-7.09155524327138
0.496659449089368	-0.451617712706999
8.01778838148734	-7.60047114098074
0.183858559823585	-0.143341525317881
7.83994164352064	-7.44043138313668
5.4877968143042	-5.21180729317759
7.78657791664041	-7.41388152663566
1.05074804235126	-1.07148602194591
1.00747902117569	-0.97136549555914
4.52917739916827	-4.26914225374841
0.379501721142879	-0.348428715143094
7.33483860624876	-6.94833146397276
6.87822842782171	-6.54910615137247
1.68787103647473	-1.73584355121834
4.93310450821783	-4.6484613351789
4.32640571032439	-3.85519716473715
7.3986122177389	-7.01358324473797
0.335721690626236	-0.311624707801787
1.52735273002231	-1.30063604026833
2.58103429583064	-2.29700005530525
3.1684792435219	-3.05553168378104
3.53288423614956	-2.98306840100972
0.431433360608868	-0.416005670907341
5.82162157676277	-5.50663059723154
7.48886921657119	-7.13015186204298
7.62708148840579	-7.21206390256751
3.7055304304644	-3.80746904660135
8.09502047522003	-7.73881114301547
7.25432585407619	-6.78613754748047
1.72684902907906	-1.72615015043474
7.70140784975529	-7.35940975466502
6.56856376312756	-6.16917754633452
0.42921196454038	-0.437219042660944
6.25864147229474	-5.87985598994513
6.17676389512345	-5.93024691129889
4.86087178295894	-4.48604848193394
7.26896512007232	-6.99494117787419
2.71964728888744	-2.40563337687554
7.51660837044462	-7.14274046698307
6.6972520389245	-6.26820780172902
7.16595854625328	-6.78752926906387
6.39140781453341	-6.05118963996334
6.47483225439972	-6.10547843905486
1.79560209357488	-1.5986333788961
6.27884100044933	-6.03260438416269
7.09620913682692	-6.75260867554339
0.776027503281581	-0.764216049578466
4.37032438460407	-4.24746852098473
5.07526519578879	-4.8241620929799
0.409641230340636	-0.403057556865893
7.36387575690685	-7.00573081866122
7.06235724889107	-6.70412488625248
6.92650808859445	-6.58320777097351
0.124411134396302	-0.126705501579678
4.2163209573946	-3.71531963798027
0.924872466876332	-0.864743832099686
0.0706859258037943	-0.0725032944221897
5.87896266982444	-5.42948871006229
7.19834014333667	-6.74890244999609
3.09022956762384	-3.09857238329318
7.72634955415178	-7.37720201650567
4.20131163917795	-4.07124210456529
4.5635356526612	-4.21402043100515
4.85581328586204	-4.63439474336352
0.985541716914682	-0.99969988588891
3.84529617565074	-3.90622591142366
0.387844162514378	-0.397961844947708
2.45274988026996	-2.41413346621334
5.00320564620829	-4.52353757383187
6.76429049535854	-6.38277438248195
6.97212646055989	-6.49830720878125
1.7679162210173	-1.49396551886838
6.86724424117255	-6.4736619813656
1.80739164356074	-1.78097774227535
0.310407641194032	-0.283110814126618
0.184117595486522	-0.189586243967219
8.08368106383769	-7.67095477145672
5.58569652968773	-5.49368165335106
0.15179556088007	-0.135535670763826
2.8663924043729	-2.65195949811775
5.46040057839745	-5.19053115706431
6.63999931308747	-6.32534169009192
7.11972940034627	-6.76262344909533
8.0243705801585	-7.64877063238224
0.102786271720445	-0.0764116606680725
3.20076154795503	-2.99618508450247
