-1.29748640438837	1.40800035939097
-2.39815808236425	2.55603058958741
-4.44253281000213	4.83175117488517
-2.5870996582526	2.94508213151937
-4.59284326851349	5.14058174279938
-0.321281953912442	0.357849877291761
-4.57757271671753	5.10703637778724
-3.43104942486359	3.75868075478469
-0.768911794117036	0.778780399434677
-2.64369726377923	3.04349273499369
-0.113369836697661	0.124701162852511
-2.55484121139859	2.85156787141137
-0.191818955910116	0.214881816822499
-0.727213367881856	0.733465865354159
-0.217456189230447	0.217996229381864
-1.71147397209585	1.80108695214549
-4.22523041235678	4.48748899547731
-4.62241336176553	5.02166427161106
-0.510674362991768	0.568843159487857
-0.227943458272532	0.216680159398618
-1.67110248165344	1.69041720039142
-1.9080719080322	2.04047312101644
-0.747194105079711	0.814695888645166
-1.12097450688574	1.18626146729462
-0.987572677712656	1.07805099849566
-4.6196127022858	5.10781565293261
-3.72700740230734	4.06533349472645
-2.22843422528639	2.50286579545662
-1.43658311831138	1.59719353259054
-3.5883547674468	3.98703415372682
-1.79462821157373	1.95137609470924
-0.134286062118037	0.156354295452001
-1.23765734793504	1.43962400589691
-0.980667052506894	1.06055195183282
-4.76824358048864	5.35821642434644
-4.48255770207782	5.07917819374488
-4.51363314554055	5.1683434598012
-0.676197961033064	0.763067399076224
-1.70451264037287	1.74085257762732
-3.42670741844076	3.97767705590207
-2.18153169408664	2.17468848681689
-3.80599336748474	4.26469918396378
-3.30764198486085	3.88331807139449
-3.48113474335027	3.90478507479415
-4.15196846197361	4.68392609096704
-4.40400291168367	4.93018905738096
-4.59806568009793	5.11070660772867
-4.7278561106547	5.19959286061093
-2.67817921803043	3.02181125231871
-1.59638395856271	1.72831050445157
-4.03698375594592	4.52526362195265
-4.77996045225592	5.30267985803746
-3.02934453709844	3.35933842323201
-1.51097863845471	1.74690318847047
-4.23770185042515	4.66419032236423
-2.60550208958112	2.82447568462895
-2.19081436394707	2.41532451227623
-2.51835415727885	2.68711947921626
-0.909060650709815	0.969229722145542
-1.83040361827086	2.02322122104174
-0.232804920264138	0.235820767765623
-2.10101202312003	2.32362434861781
-4.15328138518553	4.75767286523737
-2.89443239161405	3.35109192682402
-2.94081839865449	3.42102370713693
-2.6617992529494	2.90859052152398
-3.22360897007802	3.50569303005611
-3.3896887876099	3.74933666496785
-3.68994880487164	4.06261210304136
-0.124250485691416	0.143477663888858
-1.01438657958045	1.19185563878088
-0.13269248743443	0.154412534542813
-0.251066424303521	0.291643556987091
-0.723562771555344	0.759689118050894
-2.37233486713239	2.71488672430783
-3.98384441997039	4.48001598332672
-1.29037616661564	1.28049546405505
-0.772782732997662	0.865188114839602
-1.47055414620056	1.55266717150069
-0.326522469443119	0.348422229707301
-3.2405946801145	3.52854412648503
-0.924985898372712	1.00637952799463
-4.15562776332536	4.69393458338978
-1.42591078187455	1.54051749238861
-4.08797198380685	4.51694069722882
-1.21886502102021	1.34029295575251
-0.99652013726795	1.13659509897748
-1.39303770843245	1.45190486548387
-1.06600639695242	1.09807977365616
-3.88111418349558	4.41211971634202
-4.62715197723676	5.17207999336633
-3.6232604496664	4.00765471272372
-3.89700585011946	4.40960257815461
-2.39408710072461	2.8275352205979
-2.80375087041118	3.23755931057076
-4.11614214717186	4.61889884448015
-1.86242347386302	2.08129758254377
-4.61786668309307	5.10977414602161
-4.14339547931719	4.60530988692676
-3.82647470674245	4.38055412155688
