0.0625583134153314	0.348900993309298
0.0182756714160571	0.0894870867925837
0.0121850247077225	0.0538509815481929
0.0246995537331574	0.0219122340437396
0.0922352733191565	0.187392982776496
0.0861402800551967	0.401290353028017
0.183705338166054	0.239949816767556
0.111948257009809	0.0532130204376274
0.107997536258378	0.297869418948091
0.0429053233893713	0.14642295052807
0.0497476210901001	0.310431632686458
0.101447365044502	0.471584890936295
0.18377386548693	0.262703152679994
0.140067155611267	0.125905528267478
0.046191097422681	0.381473127606303
0.275043887530981	0.502744788189488
-0.00716904450447491	0.0987027162845065
0.11818261805709	0.448399483931988
0.196665415462546	0.32688024848634
0.236058135300013	0.496628757930037
-0.00430545833924416	0.0685239145155883
0.20253498019668	0.309126739792352
0.242786828647169	0.13515176560653
-0.00674371431716174	0.268645086945533
0.0632235447908093	0.197289562625836
-0.00597012899982414	0.126501434380659
0.20151814181419	0.275115079881327
0.0315053907696655	0.23059429237385
0.103760182238738	0.283024724454351
0.162005099575909	0.398762230459828
0.156560032833659	0.230402880962827
0.229092984029364	0.515480416770926
0.0556006803830242	0.293335587233335
0.0830614850176159	0.424226950950738
0.199972770742819	0.514808884933157
0.0298386951475023	0.202827112324148
0.200628357010287	0.372759905140751
0.202579262753925	0.52376704495818
0.155506237644726	0.283060312732287
0.155610338843049	0.320462229481212
0.164638723816788	0.199574820136665
0.209915412159642	0.419672490594414
0.153991277167062	0.347568523779116
0.1705729464018	0.450414347638229
0.0915816562342886	0.414142562885039
0.0173030721360697	0.149612511796811
0.136260976857905	0.282196130239723
0.0116013455341844	0.03649115034375
0.0663999122749988	0.498771464261116
0.0713755908739191	0.285935726968333
0.241566696849028	0.485756777218216
0.00973246252297068	0.224717669952978
-0.0155355028802971	0.0947035311278381
0.181598461144687	0.287814504207134
-0.0974321762968544	0.216586634572338
0.0423356369205469	0.216994319083811
-0.0295542451291105	0.223419183851683
0.0340225888977623	0.0128965077657733
0.155549250047308	0.172505720628212
0.185550146465668	0.0995455922978751
0.110999208496899	0.26781696180495
-0.0995065524491121	0.343772034359184
0.186447939643742	0.448801727667331
0.170422124733643	0.423407434367246
0.0215029478552915	0.130299868221885
0.0309738789058451	0.44728854393105
0.161309440847219	0.270414632164744
0.0772993170984028	0.3765149075385
0.152975063956934	0.291585678919505
0.0731381628177406	0.272140027126841
0.181647458496487	0.260479701147795
0.179561827282344	0.213514085496378
0.193719848429078	0.376973378853758
-0.00477840309405977	0.0530238966533251
0.0912775279964495	0.146709437185928
0.188573578114899	0.434866196854849
-0.0234246331256731	0.0739433414704531
0.0309693036879706	0.23711382167043
0.0380786184513555	0.232024359196387
0.0432966629879844	0.486237166980879
0.0338668988198751	0.150521886954354
0.127204247505531	0.254351823206044
0.0496805671262457	0.0243168715237025
0.119966799029976	0.13898066594427
0.195629446462816	0.489275288319544
0.139461793148284	0.50679564292512
0.0362933592572604	0.20870020317332
0.227395877610251	0.211100155378474
0.151234256916262	0.376535242591643
0.0300671191932933	0.07548727831868
0.213726835393996	0.509424775086749
0.182072678191318	0.524182266050998
0.187869875899667	0.460140932879311
0.149616433857552	0.512358072206798
0.210943123148949	0.229578151214672
0.0722312688200564	0.485712415401767
0.213605326620234	0.524561015251022
0.0220724103548808	0.0799523298349311
0.202546922555454	0.528830265329694
0.0845768886582612	0.503101793807882
