-3.85487041576111	4.0145845319826
-3.88462944977312	4.12102359676214
-2.99628278960421	3.10814624982486
-4.32159295550871	4.5075704126137
-1.4809445366978	1.54839764003474
-1.89176222438227	1.96943373309302
-0.0617143827211105	0.0617003496324983
-1.98777404547431	2.03129253639938
-0.100444592175417	0.102292996682698
-3.56011115564404	3.67067570608507
-1.21484797410032	1.27260680315683
-1.02908049476246	1.0913961966767
-4.53986357885969	4.71346362101999
-2.8442744675313	3.01811853490832
-0.351339815672158	0.369752742281608
-0.343642050799931	0.32282148939486
-3.59745752413768	3.74067347920771
-4.03610033071351	4.16611953492426
-3.59303099723622	3.74356406469122
-3.69345970013957	3.86082663263259
-0.899326644657871	0.911345792132291
-3.81408187612567	3.99462312315757
-0.628731634272665	0.612239929776762
-3.56591387979616	3.74457645033503
-3.52904963969971	3.64586318244447
-4.0574480905365	4.29948541301741
-4.40311397980116	4.56010259243812
-1.22262955324492	1.21917999938867
-3.88793261769201	4.056302857325
-1.42589670153163	1.46598879961863
-3.34448802354348	3.58796852269225
-0.400103148599275	0.363124735962932
-4.2298037556865	4.38672198252357
-1.39500954383432	1.50764613315918
-2.52943960706737	2.64133103315859
-3.25648654281767	3.43310704921221
-1.10922752361183	1.09948553667748
-4.13818120504097	4.28679570769976
-4.26782759769865	4.43736357297219
-3.62340969989661	3.75215879341737
-3.23953712489539	3.39341966022546
-0.22168740323636	0.22300715884256
-0.568927967843305	0.57382924606052
-3.91234450991991	4.11939593975236
-4.04499504589224	4.22032628571697
-4.34153683848945	4.51164462417037
-4.37837343444389	4.56641093697392
-0.707571686322758	0.757512627407022
-1.2158948864462	1.17363937043138
-1.5553005512655	1.49225683663852
-4.10078583651512	4.2857973923494
-4.42725186623393	4.61805706618794
-4.48758272708183	4.66324514200631
-2.25955472096449	2.23268492240059
-4.42279074552123	4.60854533451576
-4.28927546666114	4.50278704045161
-1.07448282207487	1.09957175349038
-1.20039867623726	1.28556595747787
-2.50795487335869	2.64172595758094
-3.68728124299437	3.83372590531151
-2.44672506843365	2.545872542633
-2.25278311101877	2.35309724785916
-0.187101573335048	0.185610197191965
-0.914070994769185	0.951390728791779
-2.51275118928528	2.65166758880584
-4.46034518287826	4.66604269211807
-0.89386544109954	0.926413452241168
-0.300570002684098	0.281849561963013
-3.49407243740608	3.67471965267935
-3.32960425245015	3.60749193761134
-3.71076494613368	3.85244589862875
-0.657431123128425	0.703997276336421
-4.25583256694526	4.4327454667904
-0.877713457913125	0.882443944676375
-0.21055628178654	0.218935504478641
-2.68078841177584	2.78097963466678
-0.917916845977567	1.01129785659592
-4.29728391869723	4.46361405881688
-3.91354812491286	4.0728155600095
-4.08238948670045	4.2233165954972
-0.579629996730949	0.565178434304466
-2.44588632830498	2.44608192427851
-2.92658827453237	3.03228063823821
-1.13040570142145	1.17745867341782
-4.07654161748068	4.20636194001348
-4.12079306120386	4.21858213251665
-3.92595067858382	4.0684509519121
-3.90116635726481	4.05943899945122
-4.49469740049572	4.65860210086158
-0.125131673355486	0.130152186534658
-0.320180302014753	0.321389520065114
-0.262657529954822	0.278949578439167
-3.54697379009897	3.69156390293665
-0.886166484543989	0.914214018591395
-1.36900660269605	1.58937543740853
-3.01114971131402	3.20652980687183
-4.45234198168709	4.64071220515698
-0.745966986783034	0.705400108531797
-0.986170511560273	0.924136512886537
-0.0451470627565332	0.0499142140653406
