1902,2959,2758,1773,2208,3898,7940,302,2456,5263,8103,8203,4700,6343,8303,8400,5521,8465,6317,8561,5907,7821,8692,5481,5635,4161,8792,3190,355,7807,5877,8888,5580,5742,8987,6082,5978,1535,2894,7476,407,9087,7059,1477,7339,4297,2925,1879,5236,4457,141,9148,4959,6017,1129,592,404,7255,2356,1476,702,4376,1252,105,3938,89,4337,9224,3874,3968,3574,4136,7783,2108,5197,4300,6921,9325,9416,6215,4123,2415,5492,6896,7974,6357,1036,7304,6962,9535,7680,6857,9634,8002,9801,371,2221,9900,7449,3749
6068,2171,1452,1030,887,4459,5285,771,2500,3455,8104,8204,1976,2737,8304,8401,5568,8466,3281,8562,6272,8661,8693,7393,6106,4169,8793,1520,2114,3888,6636,8889,7331,7016,8988,7080,4120,2284,4312,7440,4008,9088,5645,3271,1186,3971,366,3696,6577,763,556,9149,2035,6625,3676,4929,3150,6590,6810,544,134,2674,5876,2194,3356,390,3205,9225,6649,6483,7447,3145,1207,3225,2848,3853,4388,9326,9417,6864,286,87,7171,322,7427,7250,4168,7875,4680,9536,7683,4832,9635,9734,9802,3031,3255,9901,3268,7457
3107,4660,1909,745,1789,7213,6124,146,184,6850,8105,8205,4100,7130,8305,8402,7546,8467,6181,8563,6038,7942,8694,7485,4188,6560,8794,5753,693,696,5938,8890,7246,6265,8989,6494,6389,3983,5255,6505,5191,7912,880,3772,7695,1967,2228,5078,7162,4585,173,8076,6095,7376,3005,465,2712,4516,3370,4711,109,5220,1735,1289,64,1742,3420,9226,7322,5663,1884,4737,5135,378,2397,6923,3535,9327,9418,6196,1768,280,6192,2741,7743,3475,1356,7480,3942,9537,7909,7637,9636,9735,9803,3846,6557,9902,7402,7660
1270,5181,2838,409,619,6566,5465,292,95,6170,8106,8206,2526,6818,8306,8403,6792,8468,7292,8564,7298,8662,8695,4165,3688,6946,8795,5710,551,1639,3513,8891,7103,5866,8990,6459,5628,4837,4830,7031,5603,9089,958,974,7612,2490,1903,5020,7530,5277,156,9150,2460,7640,1401,526,2478,4510,2937,4803,1082,5827,1493,1780,408,4361,3643,9227,7106,7397,648,3462,7372,561,2075,5501,2297,9328,9419,6594,4855,317,4859,3550,5681,3979,2760,7389,4536,9538,7626,6382,9637,9736,9804,5794,3497,9903,6924,7654
5274,3764,4270,978,6384,4428,5392,792,307,6634,8107,8207,5666,7015,8307,8404,5814,8469,7499,8565,6917,7665,8696,7263,4445,7142,8796,4115,1372,943,6373,8892,7358,6786,8991,6814,6616,1274,4294,6360,1691,8011,253,629,6897,138,1059,2824,7699,774,335,7811,7412,4437,1502,649,4029,5817,1837,3341,160,5021,4325,1020,653,6454,5287,9228,6706,6078,4405,6835,3404,224,5309,3850,5558,9329,9420,5249,4646,40,4495,5087,6099,6900,4379,8090,7334,9539,9630,7286,9638,8097,9805,4048,7129,9904,7606,7245
5230,3486,2977,2168,1542,896,2721,332,153,2642,8108,8208,4524,5880,8308,6839,6695,8470,3289,8566,5076,8663,8697,5082,3236,5420,8797,1595,1811,2140,5596,8893,3740,3594,8992,7566,5986,5523,1339,4745,7455,6883,784,1115,3691,735,611,5505,3981,4078,1292,9151,3217,7115,874,2357,7741,4938,3985,2755,1525,1930,2404,2160,103,2333,3661,9229,4820,5959,3159,6989,7267,449,2911,5930,1445,9330,9421,7175,4438,3344,6057,6474,7387,4373,2268,6485,746,9540,7668,1820,9639,9737,9806,1925,7065,9905,5729,4166
3014,2698,1558,1267,3186,2461,1145,1934,1219,4584,8109,8209,3536,2017,8309,7858,1593,8023,3726,8567,2547,6907,8698,2001,2839,4761,8798,3909,2223,4006,1475,8894,5655,6045,8993,5597,3283,4518,2303,5012,1291,9090,3845,3705,4885,4088,1887,4000,3055,2510,2429,8077,3275,3429,4912,1685,2624,2154,1526,1230,1482,678,1923,1120,2275,1175,3729,9230,3352,3473,4034,4283,2966,1089,1523,3402,6676,9331,9422,5943,879,2026,5660,1135,5526,6420,2865,7674,4016,7949,4974,3430,9640,7922,9807,451,3948,9906,3993,3206
2347,3292,2371,271,5841,4384,6168,3640,610,2660,8110,8210,6284,7417,8310,8405,2106,8471,3886,8568,6682,8008,8699,3818,2014,6377,8799,6504,1798,5989,2851,8895,5065,5292,8994,1248,7481,633,2772,5683,535,9091,3035,2964,7276,5459,3774,4515,6206,2260,172,9152,1678,2709,7074,6898,6028,3361,4184,209,144,2039,2439,80,1083,278,4432,9231,3895,5835,5553,5702,7137,3924,5898,5664,4342,9332,9423,6837,1487,3693,5676,6268,7848,3280,4318,8091,5595,9541,7814,3421,9641,9738,9808,219,5017,9907,6539,5848
5945,3136,2327,2822,6607,6567,7314,368,38,4948,8111,8211,7552,4772,8311,8406,7656,8472,3530,8569,7124,7959,8700,7329,3388,5028,8800,5366,658,1098,6910,8896,6541,6779,8995,7698,4517,5632,3071,5504,1503,9092,769,931,4336,692,91,6398,7154,1031,4746,7997,4977,7760,7629,1613,7970,7150,6333,2112,29,2933,6769,4931,443,3305,2497,9232,7443,6300,5489,5960,928,930,2502,6503,6233,8085,9424,6418,1960,28,6656,265,7033,7745,2690,9523,7433,9542,7867,6801,9642,7920,9809,5306,7394,9908,4427,7664
3997,4496,3354,920,5503,2983,3377,186,211,4371,8112,8212,3778,5588,8312,7685,7521,8473,7262,8570,7611,7764,8701,6545,3405,6157,8801,6724,185,871,6160,8897,7658,5224,8996,7036,7564,2408,3033,5089,3192,7222,239,1263,7360,505,979,4082,7042,1202,175,7678,6049,7623,4960,3178,4633,3207,2394,4721,104,3718,2924,1818,1800,6214,3520,9233,6232,5772,7020,4102,1228,506,5476,7407,7730,9333,9425,7303,3744,73,7644,4582,7836,3006,1869,6480,2448,9543,6587,7752,9643,7869,9810,5101,7172,9909,7510,7218
15,31,58,282,893,1577,3807,3625,1628,5644,8113,8213,1695,5173,8313,8407,6125,8474,7026,8571,5770,8664,8702,4319,1666,5359,8802,3559,590,6211,4037,8898,6127,7051,8997,6547,6832,1561,2994,3784,6380,9093,5090,4818,2835,5210,2867,3815,5900,2803,1929,9153,4778,2670,2596,4596,6683,5607,6542,3904,531,798,6428,2928,5514,469,1468,9234,6431,1938,6014,4321,5698,816,4046,5942,7727,9334,9426,6419,3273,608,6865,6283,7113,6631,3704,8000,4972,9544,7708,5716,9644,7870,9811,3695,6525,9910,1467,6756
5,9,13,19,20,220,339,2076,627,5731,8114,8214,7277,6277,8314,7855,5560,8475,6376,8572,7229,8665,8703,7125,7506,7486,8803,3823,5469,5241,7518,8899,6379,6610,8998,7740,7359,7519,4202,6918,6705,9094,3024,4530,6895,1552,2538,5141,5991,4525,5132,9154,6648,7588,7169,4247,8038,5103,7723,3770,3378,1649,4067,3390,1144,2694,7317,9235,7673,7242,3077,6399,7886,1998,3896,6593,3576,9335,9427,7812,2869,2071,6743,7093,7947,6533,6618,9524,2919,9545,7950,5187,9645,9739,9812,5530,7273,9911,7153,7621
587,2620,1423,1052,3032,2332,3707,1674,312,3730,8115,8215,3841,1671,8315,7954,4678,8476,7005,8573,4891,7915,8704,3858,5156,4199,8804,1413,2057,1534,4471,8900,6408,6516,8999,6212,5254,5351,1432,3741,5582,7809,2036,356,6302,3198,2146,2554,4918,810,2132,9155,4065,5862,5329,4503,7258,5929,6461,1829,474,2980,616,3221,140,4320,6473,9236,6032,5407,3585,5968,2967,906,4499,5252,5554,9336,9428,3638,2917,229,5858,3897,6140,5977,2295,7251,3453,9546,7899,5756,9646,9740,9813,466,3051,9912,2898,2985
4410,2955,2078,1276,3986,1239,1654,2053,595,2956,8116,8216,4097,1473,8316,8053,1578,8477,2180,8574,918,7904,8705,4005,2953,5415,8805,3137,975,2871,2298,8901,1828,3306,9000,4751,3573,3152,2365,4879,4981,9095,5102,3238,1868,2746,2334,2349,3038,1722,1568,9156,3793,946,4970,3697,7435,3999,4601,1287,1560,1391,6611,1181,2088,3246,2625,9237,4040,1500,5797,902,1690,464,3537,4654,7151,7929,9429,5443,1221,1327,4451,3883,5391,3694,3151,7574,4389,7978,7717,5104,9647,9741,9814,1081,4327,9913,5533,5071
599,1086,1460,562,2832,3862,3648,183,720,5539,8117,8217,6201,4576,8317,8408,2005,8478,5350,8575,2548,6940,8706,3894,3243,2590,8806,5253,2644,5576,5479,8902,5923,6187,9001,6584,1602,3363,2978,808,4156,9096,6416,3531,2205,1211,2707,2804,6374,1763,446,9157,3728,6123,1936,1008,2887,2580,4998,2798,768,3278,4634,2323,1416,1738,4709,9238,4603,5099,1804,3830,6130,598,5284,5594,1222,9337,9430,3111,4795,2163,6689,3060,5472,1119,4055,7369,3142,9547,7702,1599,9648,9742,9815,2261,6651,9914,5875,4814
3078,3171,259,2435,706,5130,4997,3781,74,1551,8118,8218,1229,6753,8318,7941,5199,8479,5491,8576,5822,7596,8707,6733,4965,630,8807,2537,3737,1861,727,8903,1641,5674,9002,4493,5577,6794,334,4030,3931,7502,2139,3047,6934,3230,329,4527,5031,1110,1285,9158,5246,6151,719,3008,6754,6640,6579,1341,559,1620,2385,2025,1611,4458,3721,9239,2810,430,7724,6829,7604,2583,6018,5572,7615,9338,9431,6228,3253,640,4551,3831,7555,4852,2310,7775,7211,9548,6785,7516,9649,9743,9816,2734,6293,9915,7003,4413
1874,3066,2282,1970,3562,1870,3228,258,226,3018,8119,8219,3330,3919,8319,8409,2904,8480,4032,8577,1890,7533,8708,5621,1756,933,7993,3902,2744,579,4681,8904,4418,3563,9003,3250,6242,3750,1489,4614,3840,9097,6004,4340,4422,827,1645,2815,5212,1973,1668,8078,1063,5040,1791,2923,5709,3623,2305,2491,1618,1703,1759,1351,2476,2096,4449,9240,5353,1485,5397,4334,3100,2094,1589,4545,6002,9339,9432,3833,1091,2016,6076,1422,6058,6153,3544,7599,3492,9549,5068,1919,9650,7952,9817,3722,5847,9916,4856,2718
14,21,41,115,412,797,2097,3373,1764,5510,8120,8220,6488,5198,8320,8410,7287,8481,2286,8578,614,8666,8709,4462,6133,3093,8808,3871,5593,3771,5860,8905,6297,4560,9004,2193,6781,5979,1200,7128,7513,9098,3973,2689,5700,3239,1504,3174,6693,1328,3587,9159,4220,4987,7540,2883,6994,3504,7614,1652,2362,3200,4347,1581,965,4506,4740,9241,5823,5446,4550,3586,3286,3644,3620,5767,3906,9340,9433,6623,5159,833,5234,5100,7120,7224,1071,9525,6977,9550,7980,7159,9651,7953,9818,2799,7663,9917,4191,2777
2514,1944,1108,1728,6085,1421,2903,1003,190,5171,8121,8221,3589,5184,8321,7580,5515,8482,1731,8579,1155,8060,8710,3500,3817,1029,8809,3311,2752,3622,5158,8906,6204,2225,9005,5995,6266,2287,853,5206,2313,7817,1571,1201,4241,2817,932,3135,5251,1725,3296,9160,5461,4460,1891,4592,1997,5587,5348,2727,483,2846,3468,1905,1146,3176,2320,9242,6075,5524,1686,2079,5303,1047,4725,3768,4896,9341,9434,5048,1918,803,4314,1307,2714,5381,3439,9526,3459,7880,3426,2256,9652,8046,8101,3512,3639,9918,5859,4607
3,10,22,25,27,400,1012,2816,315,2616,8122,8222,5126,7470,8322,8411,2742,8483,7309,8580,7424,8667,8711,8028,3953,6909,8810,6843,6363,1456,4194,8907,7416,7382,9006,3484,4271,7500,6730,7782,1825,9099,2603,2936,7864,7766,4031,7576,6165,2635,5704,9161,7163,6671,1466,7885,4391,7460,4834,1598,2120,2183,3565,2155,314,7551,6174,9243,4133,7259,4326,6517,7972,6015,7650,7632,6960,9342,9435,7408,4053,3017,7797,6271,9516,7746,6223,7779,7291,9551,9631,7627,9653,9744,9819,6529,7670,9919,10000,6163
4277,3974,2090,3653,604,3154,4979,563,262,3401,8123,8223,2420,5837,8323,7987,3849,8484,3766,8581,1573,8061,8712,5395,3412,1833,8811,4131,1632,1848,5707,8908,7254,7247,9007,7363,1627,6874,3836,6000,6894,7583,381,1245,7241,708,970,5422,4578,5107,4904,7965,6759,5625,5614,646,7354,904,2828,2253,2262,682,4602,1459,263,450,5011,9244,3267,5218,2442,3654,6288,709,2935,4862,2681,9343,9436,7340,2279,497,5685,2080,6984,6154,2958,7806,5473,9552,8094,7160,9654,9745,9820,1769,6486,9920,5813,6757
828,3776,4444,1810,6612,3918,5250,420,204,2235,8124,8224,6916,5113,8324,8412,4750,8485,7423,8582,6332,2123,8713,1507,6444,4640,8812,5619,884,4408,5569,8909,4430,7174,9008,4569,7475,966,3353,6570,852,9100,3782,1275,6965,3757,1784,3277,6902,1051,700,7927,5471,4190,5519,4797,1702,4597,1582,3287,679,2092,180,518,5154,724,4132,9245,4627,7079,3196,3742,2984,3703,4265,3303,7636,9344,9437,5821,1060,453,3313,997,6059,5650,5061,7272,6755,9553,6330,4754,9655,7719,9821,4622,2641,9921,1732,5508
6,11,17,26,34,437,1381,1835,867,6740,8125,8225,3541,7066,8325,8413,7824,8486,6686,8583,6090,8668,8714,6142,2167,7522,8813,7994,1556,892,4450,8910,7104,8072,9009,7714,7657,6679,1355,5882,7538,9101,1418,3085,7721,1662,6345,5347,9147,3521,4599,9162,3732,7545,993,4472,3835,7946,7780,5626,4147,1010,7083,5608,1070,5035,2215,9246,2570,6782,5120,7184,4787,2582,6847,6424,7462,9345,9438,7768,4481,4344,6352,7373,9517,7799,7467,9527,7561,9554,7876,5559,9656,9746,9822,6010,7733,9922,7776,7882
6117,2699,2543,2247,6069,1364,2000,346,285,5155,8126,8226,4802,1648,8326,7988,4285,8487,4354,8584,4925,7642,8715,2618,4057,4666,8814,2240,3410,2504,6008,8911,5939,2614,9010,5870,2197,4305,844,5434,4853,9102,5624,2264,1926,2424,935,3575,5079,1774,1886,9163,4679,2489,5166,2569,7826,4038,5386,1712,444,2391,3515,2181,1512,539,6681,9247,3444,2045,6655,2466,1469,1101,4332,5414,4148,9346,9439,6677,2717,686,5325,1843,4707,4860,3893,7282,543,9555,8095,5654,9657,9747,9823,762,2672,9923,5418,1650
3603,3802,2020,1601,3015,4875,6169,2143,529,1836,8127,8227,6982,3794,8327,7845,4228,8488,5695,8585,4415,7916,8716,4328,1644,4658,8815,3345,2234,3847,1260,8912,5174,2378,9011,5006,6359,4186,1817,3937,4928,9103,1904,1371,1882,487,2880,3564,4281,800,3050,9164,1268,5692,3025,855,2907,6158,1462,2141,2199,445,4214,1840,1724,2068,5041,9248,3062,3619,1433,3276,5437,3187,4338,3863,6876,9347,9440,4266,2122,117,2513,3301,2973,3860,2084,7713,4556,9556,7850,1547,9658,7763,9824,1832,1389,9924,6558,5758
2950,2821,1153,941,5891,1544,3490,458,868,1488,8128,8228,3927,952,8328,8414,925,8489,1907,8586,3224,7586,8717,5516,4380,3700,8816,3579,3125,5711,2787,8010,5915,5668,9012,1203,3380,3943,600,5722,4637,7661,4251,4173,5257,3814,996,3231,5243,829,2390,9165,3096,4002,6245,2044,1559,2696,4785,3059,845,1028,3857,301,2592,1396,2795,9249,5791,4461,3977,1658,5247,2201,4748,900,6997,9348,9441,6337,3073,1450,5307,1357,6465,6249,2825,7645,3248,9557,4179,6105,9659,8047,9825,3738,3094,9925,6602,5768
823,3376,1715,2352,3445,2389,3554,2095,143,5030,8129,8229,4374,6331,8329,8415,4595,8490,5721,8587,5953,8669,8718,6840,1322,6931,8817,5677,513,1199,2009,8913,7512,5474,9013,3821,7293,6390,1549,6552,6880,9104,525,279,6308,799,3605,5715,5723,3304,3848,7945,4867,3434,838,3269,2979,3449,1269,214,2957,2087,1321,2819,319,6243,1495,9250,907,3528,2571,4774,2678,1409,6497,4994,6936,8086,9442,6319,1801,569,4013,4999,6711,7556,5374,7819,6534,8043,7842,6796,9660,9748,9826,2022,3470,9926,7582,6980
1002,1546,2400,1184,4816,3447,4292,2601,1232,6229,8130,8230,4990,2077,8330,7955,4717,8491,2688,8588,1700,5984,8719,2745,4615,1898,8818,758,3636,4563,4007,8914,2605,3769,9014,6790,2726,1149,647,6548,4150,9105,3649,1917,3204,1922,523,3584,2834,3252,1984,9166,753,4649,5267,2965,6267,1210,4118,1112,1983,3117,3007,1864,2915,3801,5221,9251,3052,6066,4504,2250,6600,1554,5379,340,7712,9349,9443,1617,2473,1609,2863,1392,6550,6509,1250,7307,4788,9558,7108,5998,9661,9749,9827,3548,2236,9927,2414,1986
1151,3809,2145,342,5949,5037,6925,773,2252,2431,8131,8231,6256,6371,8331,7851,2771,8492,6081,8589,1765,8670,8720,1862,6344,4434,8819,3816,2101,6098,6515,8915,2811,5518,9015,2680,6993,1191,3913,5389,1698,9106,6799,4757,6815,1875,1585,3293,5214,3966,203,9167,766,4663,6659,1066,6362,6252,6479,877,615,4448,489,223,2549,231,5268,9252,4932,2823,3249,5697,7715,4252,5693,1704,1085,9350,9444,4561,2013,3043,2715,6937,7687,4919,2317,7977,2866,9559,7268,2671,9662,9750,9828,570,2905,9928,5699,7469
7738,3080,903,2942,2366,4739,6972,484,118,3912,8132,8232,5466,3592,8332,7735,6882,8493,2881,8590,7391,7905,8721,7562,4765,5763,8820,6386,1122,1374,7311,8916,6956,7537,9016,7300,2870,4238,3130,4575,1370,7810,1335,4195,4366,778,176,5804,6845,755,4849,8079,6644,6995,6687,341,9219,6760,7196,4521,53,4464,6672,4548,2153,6685,3647,9253,6152,7249,6920,4939,429,767,2342,5920,7256,8040,9445,5981,703,30,6784,108,7023,6381,4940,9528,3725,9560,7981,5799,9663,8020,9829,4954,6601,9929,3716,2999
5605,3368,1824,1797,4555,2864,3065,3451,1337,2226,8133,8233,5291,5216,8333,7989,3939,8494,5188,8591,2512,7528,8722,1665,1362,3885,8821,1359,1403,5228,2348,8917,1198,1842,9017,4817,2061,4735,1584,805,4209,9107,4752,3508,2995,2501,2246,2147,4234,1911,1377,9168,4122,2125,4193,1455,7216,3922,5656,3323,1241,2272,3701,2505,492,3226,3945,9254,5110,2982,4235,5067,4825,1743,1901,1940,7302,8041,9446,3546,1710,290,4224,2029,6744,3161,416,5630,666,7979,6999,4920,9664,9751,9830,3245,4526,9930,3088,4815
4829,2952,2037,1258,5358,4335,4233,362,70,7147,8134,8234,3873,7041,8334,8416,6963,8495,4044,8592,5488,8024,8723,6627,3965,6831,8822,3578,1273,2783,1259,8918,6614,6911,9018,5867,5787,3754,4063,6262,7404,9108,642,1019,6800,2789,161,4869,6315,3423,1580,9169,1963,7290,7406,5834,7755,2926,7478,4760,496,3856,549,4988,2209,6281,780,9255,6694,5496,6432,5121,1238,426,1073,3070,5357,9351,9447,3824,1116,82,6325,256,6458,4221,6447,7398,3179,9561,6448,6523,9665,9752,9831,1173,6193,9931,5527,7226
4568,1430,565,1806,1383,4989,5775,3577,490,4621,8135,8235,2395,5694,8335,8417,2691,8496,3844,8593,2410,8671,8724,6635,4424,5467,8029,2808,3148,4921,2338,8919,1808,5755,9019,5856,4171,4502,3689,2901,3786,9109,5746,1055,2852,1603,1068,3961,3438,875,3184,9170,2902,3307,476,2774,7822,3351,5478,1572,386,1088,3646,983,3417,1908,3469,9256,5788,93,7243,4635,5520,1754,3201,4154,7426,9352,9448,5852,3510,628,3635,717,7217,5448,3684,7252,4178,9562,6971,4732,9666,7871,9832,4213,1042,9932,3415,4878
1841,3223,2081,1176,1369,2204,4108,1771,88,5528,8136,8236,744,5631,8336,8418,5088,8058,2173,8594,2886,7877,8725,3069,1958,4756,8823,1608,2655,2149,3889,8920,1394,3613,9020,5996,4996,4350,2577,5964,4893,7995,6576,4043,4394,4047,1079,1471,4911,748,2802,7893,5669,6727,2175,4593,6226,5436,5696,1380,1431,1563,1039,3279,2324,2444,625,9257,5642,1946,3333,6239,6246,2363,1881,4486,3188,9353,9449,6178,1799,1653,3233,2520,6745,6556,2156,4441,1159,9563,7914,1669,9667,7694,9833,849,5375,9933,4978,1437
54,218,174,722,395,3235,5494,1990,131,3907,8137,8237,1136,6035,8337,8419,3319,8497,6421,8595,6138,8025,8726,7697,1057,6709,8824,2564,345,2285,1629,8921,7628,5066,9021,5211,7283,6301,3914,3660,7275,7943,651,522,1747,5783,4089,5965,7332,3165,1508,9171,6046,7539,1845,6862,1634,5966,1204,1716,3234,3734,3479,4291,1479,5747,2506,9258,6598,3944,5056,4866,5497,2765,4026,4573,7928,9354,9450,7390,4143,578,3457,5839,7207,5785,2419,7208,4528,9564,6823,7320,9668,9753,9834,4539,4254,9934,7133,4475
4726,1916,3476,760,2607,3347,4393,305,149,5657,8138,8238,4076,1855,8338,8005,7214,8498,6086,8596,6901,7434,8727,4478,1553,4355,8825,5780,876,1807,2993,8922,6941,5879,9022,6933,6988,6091,4025,4992,7523,9110,2761,613,2895,4842,704,3804,3779,1451,1517,9172,1365,5811,6040,2591,7865,2085,4196,3131,591,3917,1805,4706,964,477,5349,9259,6462,5812,5280,4299,1463,546,2258,5442,4086,9355,9451,6838,4035,59,1871,4655,7336,5997,688,7921,2213,9565,7493,5926,9669,8003,9835,2339,6216,9935,4692,6884
6316,2373,1353,1340,934,4591,4227,3446,289,3348,8139,8239,1323,4532,8339,7956,4011,8059,5428,8597,3193,7777,8728,4111,1794,4571,8826,783,3355,984,5000,8923,3413,6303,9023,6879,2409,2788,3197,3679,6314,8012,2474,2701,2403,3012,1876,2561,2916,2382,1988,7935,1682,3526,3723,2455,7613,3147,2720,1948,2038,3991,1001,1969,452,3683,5024,9260,4806,2259,5914,1336,1189,1592,3525,5373,6822,9356,9452,3164,3861,969,4813,5153,6508,3074,2318,4426,406,9566,7900,6406,9670,9754,9836,470,4915,9936,6392,5075
1180,1376,163,898,1312,5661,5988,2879,1770,4080,8140,8240,7202,6278,8340,8420,3471,8499,1514,8598,5092,7750,8729,4657,5182,1170,8827,5297,3482,5276,5918,8924,6704,6225,9024,7143,5651,2138,2470,1681,4482,9111,6592,5106,6005,3251,662,4454,6654,2800,434,9173,2785,6886,1301,3346,924,6166,1937,4256,1064,4353,1498,482,3593,145,4718,9261,5168,6456,4902,2516,5044,1209,3560,3634,7326,9357,9453,6998,2713,276,2728,939,4827,2679,2266,7742,4308,9567,6978,7370,9671,8048,9837,585,5532,9937,7620,6186
4755,4153,3637,2011,2662,2827,4421,215,47,6029,8141,8241,2302,6372,8341,7785,7688,8500,7602,8599,7589,8062,8730,5458,6285,2509,8828,7693,1522,2098,7666,8925,7563,4253,9025,7846,6926,6198,528,4364,1262,6102,377,1672,6869,135,162,4710,7353,442,4425,9174,4242,7306,7624,7344,7679,7489,6629,4303,169,5167,7631,4763,1793,6455,790,9262,5522,5500,7039,7158,1636,726,2631,3372,7705,9358,9454,7570,4907,195,7119,385,7773,7479,5369,7008,917,9568,6723,4155,9672,9755,9838,2462,7737,9938,3180,7000
7458,4722,393,990,641,4780,3765,501,851,3884,8142,8242,7166,7046,8342,8054,467,8501,6096,8600,6335,7932,8731,6546,1206,4358,8829,6868,1705,2889,2283,8926,4667,5151,9026,2686,1659,3756,655,1781,365,7913,4073,3949,6065,5094,266,4512,6482,309,4101,9175,5016,6645,3105,3053,7778,6144,5713,1980,940,1740,6863,912,885,4697,5108,9263,6717,2878,7830,1527,6412,2703,3905,5281,8084,8042,9455,6513,5367,454,4465,325,7936,5687,4383,9529,6585,9569,7881,2519,9673,9756,9839,2479,6217,9939,5129,5671
605,4124,1166,1854,2467,4791,6580,586,52,6915,8143,8243,4463,7035,8343,8421,5689,8502,7089,8601,7371,8672,8732,5372,2527,5160,8830,5869,448,1562,4411,8927,7149,7111,9027,3259,7548,3079,3626,7793,1896,7852,228,597,7032,1885,1056,4567,7504,5766,142,8080,4623,7514,890,5538,804,3581,1675,3406,2074,4664,756,2613,1158,1497,992,9264,4069,7446,1711,6148,5305,1167,5740,2730,7498,9359,9456,7152,4330,324,2897,6375,7689,7701,2992,7350,7063,9570,4522,7362,9674,9757,9840,5647,4936,9940,7676,7227
7790,3129,785,2646,1283,6442,6131,291,402,3342,8144,8244,2647,3875,8344,7328,4729,8503,5363,8602,7335,8673,8733,7534,7330,488,8831,3662,1900,2749,6443,8928,5328,7579,9028,6758,2189,4167,830,1494,358,7296,3214,6638,7301,536,90,6205,7022,581,3933,9176,3753,7690,5897,1434,9220,7365,6369,4850,198,2599,7145,2877,2724,6788,1164,9265,6661,2004,7971,7441,1785,697,2559,5952,7895,9360,9457,6662,3424,139,7244,558,9518,3507,3308,7887,5170,9571,7843,5931,9675,8049,9841,2239,7890,9941,4152,7517
7734,4684,1496,1531,793,6646,7024,515,295,4826,8145,8245,5057,5327,8345,7655,5411,8504,5312,8603,6955,8063,8734,7310,7553,801,8832,6356,1078,3686,7558,8929,5861,7488,9029,7672,2667,3717,1449,2668,288,7591,2628,5265,6506,318,126,6605,6230,424,2929,9177,3869,6039,6336,2176,9221,7483,7019,4747,66,2485,6299,5646,3602,6805,960,9266,7420,3499,7804,7318,1827,557,1709,5970,7918,9361,9458,6975,5169,92,7281,246,7896,4753,4357,9530,3674,9572,7982,5408,9676,8098,9842,1518,7691,9942,2069,7647
6481,3972,1717,1959,1152,6180,6867,645,1483,2330,8146,8246,4296,5219,8346,8422,4758,8505,7472,8604,4249,7859,8735,6126,4390,6806,8833,5053,1367,1943,5360,8930,5433,7126,9030,7464,2212,2621,3690,5294,721,8073,524,1255,6072,158,494,3295,6027,300,3122,7840,5828,5425,6787,742,7482,7266,6222,2818,181,4129,7346,1405,2528,6553,4420,9267,6349,1024,6776,3189,3057,1397,2241,3881,7831,8015,9459,6247,2127,248,7028,481,7736,6908,2102,8001,4579,9573,7261,6449,9677,9758,9843,714,5648,9943,4618,2336
4323,3820,2172,1426,5954,4159,4279,2033,273,4608,8147,8247,5982,5893,8347,8423,5885,8506,6414,8605,4050,7565,8736,4980,5124,2790,8834,1719,3798,352,5894,8931,5712,4705,9031,7473,5195,3806,387,4847,2367,9112,6322,1349,3414,3432,457,3116,5423,637,3120,8013,1723,6795,5868,1600,1350,6660,5941,3288,392,2233,6722,910,584,2610,5641,9268,3039,3132,3244,3487,1772,1271,4359,4594,4399,9362,9460,3480,3610,297,4877,1100,6446,5455,3929,8017,1253,9574,7571,1309,9678,9759,9844,4215,1281,9944,6064,5340
4352,3627,832,455,388,5999,1539,4466,2445,3162,8148,8248,6773,6466,8348,8006,3920,8507,3183,8606,4810,7889,8737,7403,6433,3084,8835,1596,728,3631,5517,8932,1966,6561,9032,6397,1679,2364,3465,6101,330,7862,4554,1606,5719,2588,1266,4946,3087,669,2329,9178,5464,5531,3021,3566,7630,7515,6402,2786,159,3843,1277,1974,431,4971,4145,9269,6434,6507,6728,6073,1643,2187,982,4091,5244,9363,9461,2856,2314,44,6353,370,7813,7040,2587,9531,6235,9575,8044,5427,9679,7619,9845,3681,7313,9945,5757,6209
1594,2207,2693,3396,1962,1788,2664,237,222,5601,8149,8249,6591,7505,8349,7532,5549,8508,7011,8607,5314,8009,8738,6296,1205,3743,8836,4927,510,1688,4995,8933,5361,4723,9033,5636,6826,7204,2562,4672,7543,4626,232,1296,6128,1058,197,5451,5908,4395,4898,9179,4720,7531,2307,4650,7206,3629,1570,3000,580,1407,3670,2637,167,4473,343,9270,3941,6958,2974,7170,5969,349,4993,6750,3326,9364,9462,7594,2781,294,2892,6871,9519,7609,4908,7260,4798,9576,7045,6378,9680,9760,9846,2801,7527,9946,7720,5546
4157,3477,3951,1673,1105,5304,4612,287,81,754,8150,8250,2626,6298,8350,8424,6582,8509,7109,8608,5380,8026,8739,7131,6182,7057,8837,6973,2007,2166,4387,8934,4910,6734,9034,6261,5745,4693,2523,6597,5269,9113,3063,1920,7060,3598,2857,3672,7006,5114,42,9180,3601,7364,926,321,7155,6410,4489,3488,1400,1330,1955,3022,107,5620,4701,9271,5793,1985,953,5296,6854,55,1435,6836,710,9365,9463,4963,4185,3321,4844,5905,7748,4289,4651,7937,3825,9577,7910,1889,9681,9761,9847,1633,2159,9947,5917,6666
2941,2540,2135,959,4476,1138,4192,2893,389,5123,8151,8251,4492,5177,8351,7872,4004,8510,2650,8609,3708,7891,8740,2710,4229,2692,8838,3868,1987,3839,2426,8935,4889,5404,9035,3428,4382,3514,2913,1610,3494,9114,6807,1575,2622,4872,1509,1844,4274,3864,981,9181,2278,6129,5615,3934,6409,5734,5270,1179,251,3502,157,2830,3155,4549,5578,9272,5643,3336,2735,2326,2503,533,1543,4212,5611,9366,9464,6899,2325,114,2416,1303,6436,2632,1999,7827,1821,9578,7931,6263,9682,9762,9848,1156,5874,9948,6813,4845
2988,3195,1216,2908,5720,2654,5633,432,244,6210,8152,8252,3242,7122,8352,8425,4273,8511,6340,8610,7494,7906,8741,6643,2292,6691,8839,5072,1040,1197,1107,8936,7118,2900,9036,4293,6501,7501,3466,7726,7205,9115,257,193,6171,479,548,4064,7418,824,2161,7395,4509,4564,2277,4682,7795,4127,3615,589,677,916,2843,5888,552,6219,2704,9273,5098,7100,4628,6621,1753,950,6761,2052,6270,9367,9465,6950,4054,35,5485,4958,7234,7392,5688,7897,7341,9579,7983,6521,9683,9763,9849,1727,4331,9949,7487,7692
675,4400,1154,1814,428,7085,6778,422,373,3042,8153,8253,4744,6770,8353,8426,6241,8512,6853,8611,6603,8674,8742,4671,6093,4264,8840,2643,2876,6238,5878,8937,7378,6775,9037,5202,1225,3795,5318,5435,6221,9116,5871,5857,7192,5023,2151,3878,5429,3220,32,9182,2148,7496,859,192,815,4204,4966,3409,2639,3551,247,2764,417,1099,3524,9274,6253,3926,568,6188,6370,1131,1953,6351,2281,9368,9466,5616,6532,962,5760,2773,7857,2576,3443,6320,5840,9580,5245,2987,9684,9764,9850,3792,4782,9950,7209,7770
5963,3867,2041,2222,235,4863,5176,776,245,2560,8154,8254,547,5431,8354,8055,3773,8513,1758,8612,4805,8064,8743,3617,5892,3002,8841,2602,2487,1220,1949,8938,7161,6321,9038,7068,3299,5475,2934,5623,1014,9117,3865,1385,6135,1343,2384,4402,4759,1043,749,7966,4712,6731,2533,3092,7787,5203,6173,3673,2186,1160,2265,3822,217,2623,5200,9275,5670,6599,4205,695,4794,566,4821,2110,2593,9369,9467,7361,2665,1147,6023,1484,7235,4643,3511,7788,3677,9581,7911,6891,9685,9765,9851,701,3481,9951,5290,6852
2242,660,3621,1174,3664,4630,2051,127,1524,6588,8155,8255,3157,5957,8355,8427,4839,8514,4687,8613,6030,4407,8744,5726,1796,5161,8842,5887,886,6798,6438,8939,4349,5310,9039,7474,5686,1481,899,4773,857,9118,6185,2224,3903,5570,2767,2976,5850,1583,100,9183,3580,5097,3491,1996,873,6684,3533,2229,757,1734,1860,72,3182,199,4894,9276,4713,5207,4823,2750,6622,1190,3668,6115,7432,9370,9468,5562,5064,2981,6586,5639,7490,6765,2457,7096,2010,9582,7732,4187,9686,7903,9852,606,6092,9952,6905,6037
4049,3328,850,2191,2164,3678,3534,1261,1823,3407,8156,8256,1991,4916,8356,8428,5535,8515,4639,8614,4892,7187,8745,2306,4201,2169,8071,6445,2377,5463,2115,8940,5561,5613,9040,4447,5708,4085,2012,4819,6164,9119,3118,1661,6087,723,977,3369,4223,1284,624,8036,909,4068,284,3591,4282,5330,3692,1989,1244,840,4090,2345,1075,462,4162,9277,4009,661,6959,3805,5629,1069,4210,3859,6751,9371,9469,5748,847,2440,5743,268,7121,5890,2796,7833,5080,9583,5183,4257,9687,9766,9853,3464,5122,9953,6162,4558
4072,1334,914,1316,6772,5714,6581,399,267,7463,8157,8257,2486,6703,8357,8429,6873,8516,5484,8615,6156,7860,8746,4497,7173,5229,8843,6668,995,1623,5718,8941,7375,7220,9041,7144,7294,1249,4631,5007,1417,9120,3588,3866,5301,3282,740,2046,7135,2581,130,8081,6716,7396,6139,609,6273,6974,4480,3229,200,3399,671,504,2196,883,4474,9278,6928,5579,6108,4310,2387,1325,4838,5855,6735,9372,9470,1311,4248,45,7200,519,6520,3168,4470,4984,2874,9584,7761,7070,9688,7939,9854,2230,7374,9954,6606,6914
3064,5238,338,372,1877,6981,2612,929,1941,7043,8158,8258,5993,3612,8358,8430,7088,8517,7114,8616,5111,7710,8747,6698,1933,5178,8030,5444,357,5399,6291,8942,4956,6817,9042,6177,6161,3146,4689,5385,4865,9121,6808,2589,6094,5073,3682,991,863,3218,187,8082,6670,5610,1588,511,4669,5854,6549,715,480,3272,1288,1614,1053,3616,6231,9279,1439,5222,1576,1038,7425,111,6056,3763,3978,9373,9471,6663,1090,583,4386,2565,7421,2566,5152,8092,6354,9585,7901,6159,9689,9767,9855,1663,7471,9955,6752,6334
1299,5903,4232,2578,3555,3133,4824,1185,2861,4804,8159,8259,6707,5744,8359,8431,4656,8518,4406,8617,5185,7960,8748,4183,5376,1647,8844,5332,1004,7926,7030,8943,6387,7288,9043,4275,5298,2436,4724,6893,499,9122,4488,3366,2779,5074,3089,2206,5013,5805,63,9184,2481,7136,468,293,2018,6578,1360,2553,1168,3121,1329,106,2649,94,3727,9280,3496,2930,2847,4066,7198,2216,2144,4398,5573,9374,9472,5864,5884,2126,4014,6929,7652,6097,1398,6952,6220,9586,3748,6564,9690,8021,9856,731,620,9956,2682,4028
1346,2723,472,1755,1749,3657,4060,1125,155,2989,8160,8260,3316,4114,8360,7816,1393,8519,4613,8618,2842,6617,8749,5703,1532,3872,8845,2042,2932,4258,3652,8944,1491,2656,9044,6318,5637,3642,1157,2344,6172,9123,2249,2200,1637,5896,672,2220,4269,2759,1957,9185,1404,5916,4316,4341,6365,1067,4831,2443,1300,2853,5060,1499,1046,3387,1954,9281,4716,4874,6701,3733,3928,1121,4544,2065,7529,7973,9473,6080,2860,1140,1776,1787,7107,6034,1530,6842,2276,9587,4953,3596,9691,9768,9857,2300,5009,9957,5278,4172
4683,3254,3156,1730,5096,1676,2251,817,269,4771,8161,8261,2319,1802,8361,8432,5589,8520,5026,8619,2386,8065,8750,5085,2986,5223,8846,2634,1741,1379,5543,8945,6713,2296,9045,5786,864,4572,1667,3419,3397,9124,3854,2245,4945,2468,713,4610,3675,2150,538,9186,3899,7405,7384,3028,9222,3056,5302,2627,359,4197,848,1314,1298,5286,4295,9282,6175,4719,3392,3687,1506,1062,3310,4158,4010,9375,9474,4686,3659,296,7139,1720,6877,2608,3452,4508,1128,9588,7984,6824,9692,9769,9858,839,2370,9958,6665,6016
1382,3628,4629,1375,1183,7444,6274,374,97,2534,8162,8262,3600,6647,8362,8433,5690,8521,7094,8620,2438,7990,8751,3803,6493,6259,8847,6011,1226,1192,5678,8946,7274,5833,9046,6280,5322,5751,4255,5925,7221,9125,2368,3177,7452,2304,1744,2858,7231,4243,62,9187,4329,7550,5109,243,6440,5401,3425,1344,659,3483,897,3911,254,6554,3882,9283,7271,1924,938,5440,7461,124,1736,7414,1217,9376,9475,6464,3946,132,3711,7595,8088,5091,4151,7789,6657,9589,7762,2152,9693,9770,9859,2636,6953,9959,7377,7239
1193,5118,3624,1513,732,4541,5672,178,48,6544,8163,8263,5069,7526,8363,8056,7616,8522,6393,8621,5750,8675,8752,7177,4498,6396,8848,6500,665,843,5018,8947,7188,5179,9047,5659,7549,6969,4609,4926,7507,7598,532,1831,7722,2015,957,5598,7419,6537,241,9188,3019,7333,2398,667,4369,3097,4333,4730,99,4236,2441,4950,136,7347,1050,9284,7091,7092,1402,5649,7007,310,2619,7466,1761,9377,9476,6943,1457,733,5137,5563,7907,5555,2066,5972,5441,9590,7662,5493,9694,9771,9860,3219,4529,9960,7193,8102
3650,3160,4790,643,2684,6060,6830,410,125,5022,8164,8264,2381,6041,8364,8434,7422,8523,4864,8622,6804,8066,8753,7381,1693,5331,8849,5994,507,1384,2945,8948,7547,6110,9048,7575,7037,6240,4267,6939,7847,9126,913,1035,7061,1638,635,3389,7524,3775,1171,8037,3547,7592,5032,736,6269,4259,3208,4287,225,3962,3076,5609,121,7316,2109,9285,7297,7585,2469,3665,2358,76,1141,6673,3790,9378,9477,5971,1751,37,5904,2346,7774,4307,3098,7800,7054,9591,7769,7578,9695,9772,9861,2351,6777,9961,6632,7228
6797,2661,1913,751,3241,6471,5145,212,79,3890,8165,8265,6690,3418,8365,8435,7511,8524,4160,8623,6489,7861,8754,6667,6768,3379,8850,1746,618,1914,6573,8949,7643,7017,9049,7567,7634,2488,3788,6460,2522,7704,1117,1438,2104,3158,2733,3568,5339,3996,33,9189,2008,6841,6887,3020,7894,4923,6875,3570,188,2289,3115,1444,166,1942,5820,9286,3556,4807,7021,5961,4137,275,3315,7086,6518,9379,9478,7651,3216,110,4015,5148,7319,5665,421,9532,6944,9592,7844,6802,9696,9773,9862,4975,6327,9962,6264,6383
889,3314,2585,1333,999,4976,6930,743,56,7001,8166,8266,6491,5043,8366,7791,6889,8525,5462,8624,5933,7792,8755,5618,5027,4985,8851,2951,441,3026,4302,8950,4796,7189,9050,7069,7278,2969,4093,7411,956,7818,1218,4385,5838,2938,1893,4094,6833,4702,101,9190,5935,7772,2535,3811,698,3153,2826,5513,2006,3169,601,654,537,819,685,9287,2687,6563,1745,3099,7805,2775,3656,3552,7605,9380,9479,5735,5604,622,2809,4698,7388,7491,540,7324,7009,9593,3851,7201,9697,9774,9863,3571,3852,9963,7236,4211
5144,3400,690,1733,7014,6194,7357,191,1859,3994,8167,8267,3134,7167,8367,7758,7123,8526,7557,8625,5809,7883,8756,7029,7134,3952,8852,7299,1331,998,5213,8951,6848,7215,9051,7179,3493,2833,3542,3645,4736,7097,1246,4477,4890,761,1324,1461,4749,802,320,9191,6966,6935,7700,77,6183,7075,7437,945,238,5133,5378,1515,730,4731,4535,9288,7197,818,4786,4642,7348,122,4494,6764,4378,9381,9480,7076,786,129,5542,2383,7798,6968,2184,7716,4443,9594,7985,6642,9698,8050,9864,1111,7815,9964,6718,5583
1279,4017,1490,1194,2133,5337,3540,3318,923,4439,8168,8268,7025,4042,8004,8436,5127,8527,764,8626,3127,8676,8757,6450,6451,2178,8853,3747,2453,6286,5667,8952,3995,5413,9052,4811,6120,3964,3959,6742,1803,8074,3403,2776,6472,5396,3461,1863,5377,594,255,9192,3935,5599,4106,617,986,5790,5279,862,668,2131,1880,737,1044,752,2918,9289,2546,2784,6435,4485,4895,1529,5316,2697,3963,9382,9481,6234,1411,811,2708,2073,7667,4779,4647,7428,3367,9595,1961,3758,9699,9775,9865,2529,1358,9965,2177,6294
2405,3832,3932,2434,1878,4961,4520,363,2990,6395,8169,8269,7253,6467,8368,8437,2309,8528,5317,8627,5824,5741,8758,6020,2868,3478,8854,1097,396,6596,6583,8953,7237,7178,9053,5662,6422,3191,2806,7044,382,9127,7168,5146,6054,5341,3322,1939,7495,1464,36,9193,4641,5819,6620,854,1223,6834,4392,3527,306,3539,4673,60,3655,414,1714,9290,4933,2675,1429,5344,7199,2555,3509,5426,6626,9383,9482,6179,4507,84,7349,1895,6630,7210,602,7849,7055,9596,7902,3202,9700,6866,9866,1847,3081,9966,6475,6499
4,8,16,24,39,512,1536,3529,391,7829,8170,8270,7781,7986,8369,8438,8464,8529,7786,8628,7648,8677,8759,7961,2105,7925,8855,8031,6700,2165,6856,8954,6637,7759,9054,5225,7711,6725,3838,7451,6536,9128,781,1857,7749,3558,5679,4128,6828,7047,1162,9194,7584,7874,1979,5019,4944,4467,7756,673,2210,2740,9223,2770,331,7431,3240,9291,5486,7183,1782,7053,9324,4691,5136,7659,4107,9384,9483,7999,7050,4638,7509,7832,9520,9522,7368,9533,7866,9597,7868,7951,9701,9776,9867,1947,7828,9967,7784,5438
2413,3338,2343,1236,6476,2064,3003,878,822,2192,8171,8271,1897,4728,7933,7957,5033,8530,4704,8629,2544,7607,8760,5950,4250,4081,8856,915,4625,2862,5602,8955,5544,4077,9055,6780,4648,870,1188,1453,3910,9129,5482,2812,3104,3785,2711,2747,4022,571,2914,9195,2113,1994,3091,3427,4662,4396,1892,3767,1822,2837,4962,2545,1293,2195,2407,9292,2792,5761,4511,1366,6463,1103,825,4311,4769,9385,9484,2248,123,1315,1883,2360,4983,4348,3113,6391,4882,9598,5117,4062,9702,9777,9868,3265,1139,9968,3791,6190
3300,1656,3095,2454,5706,2070,4903,398,779,1982,8172,8272,4861,5311,8370,8439,6109,8531,2421,8630,2859,8067,8761,1726,1964,6275,8857,3597,2482,5157,5586,8956,5606,5759,9056,6415,3011,3309,1342,5495,2849,9130,2997,1282,6195,2829,1130,3128,1604,4870,260,9196,3826,6346,3495,663,4727,2450,5826,1235,1694,2475,3505,2791,794,1579,869,9293,4024,3992,2027,1178,4417,419,4218,5902,5115,9386,9485,2124,2321,1049,6951,4104,5261,4261,2463,7898,5456,9599,7010,3102,9703,9778,9869,456,6652,9969,6116,7289
2447,1368,4559,1272,4263,6986,7034,230,795,1033,8173,8273,5717,5591,8371,8440,6565,8532,6526,8631,4414,8068,8762,4074,2257,4636,8858,5308,520,6675,4404,8957,5511,4501,9057,5529,4688,2677,3274,7808,3143,9131,7559,593,5537,6258,2219,2288,3140,5460,147,9197,5295,7052,3967,67,2355,6305,3569,680,471,4513,1169,498,2515,1304,4288,9294,3892,1123,1766,3901,5394,500,5525,7223,3381,9387,9486,6003,3141,3685,4177,7323,8089,5574,3503,7448,4886,9600,7757,4777,9704,9779,9870,607,4733,9970,6338,2814
4801,3759,2807,3210,1809,5001,6739,323,575,1265,8174,8274,5634,5534,8372,8441,6719,8533,1363,8632,4952,8678,8763,6748,5093,5468,8859,4714,1510,1195,6851,8958,6279,5816,9058,6729,5077,3954,2089,4930,6150,7963,951,5733,1616,631,1945,2361,2780,4699,236,9198,5738,7082,1045,202,7182,6022,4588,2996,2058,2484,4605,2100,541,1084,5323,9295,6816,2629,2418,765,2944,96,4490,7508,1819,9388,9487,5402,2831,1065,2531,7013,7535,7062,3334,8018,3699,9601,7938,3442,9705,9780,9871,3834,6892,9971,1448,5403
3411,2211,770,1208,632,5149,6061,2459,1872,3041,8175,8275,3302,6019,8373,7671,2729,8534,5139,8633,2483,8069,8764,5832,3538,5010,8860,5691,354,1237,1094,8959,6992,6364,9059,5778,6502,3297,495,6803,1834,9132,5370,2134,5567,1425,3036,2552,5556,2927,908,9199,3256,2231,3360,3458,3054,4695,5980,3467,2354,3391,4665,2128,1134,577,4023,9296,2451,6309,2190,2653,4206,405,2658,5362,6282,9389,9488,6199,2375,1826,5798,5368,3611,4809,98,7356,1242,9602,6789,6184,9706,9781,9872,1501,2060,9972,6954,3194
1737,4135,4084,2521,2782,3166,5776,75,46,2158,8176,8276,6885,3460,8374,8442,2595,8535,6746,8634,5782,8679,8765,6492,5777,6890,8861,5345,2885,1399,6535,8960,7439,4381,9060,3518,2524,5421,4620,1910,5134,7863,1597,1739,5912,1519,2083,3331,6639,5825,1011,9200,3667,6512,2648,281,7767,2753,4812,3138,1390,4317,1992,3582,194,2003,5055,9297,6763,1838,1212,6404,4653,182,972,6888,415,9390,9489,5049,3222,3608,3441,6650,7285,2372,4362,8093,3485,9603,8045,3001,9707,9782,9873,699,7269,9973,7212,7639
5795,4180,576,534,5164,4951,6141,567,1126,1093,8177,8277,6328,6132,8375,8443,5973,8536,7027,8635,4533,7230,8766,5951,973,2002,8862,5881,919,6692,5895,8961,4435,5622,9061,3842,5193,4570,3666,4203,6213,9133,7399,947,2043,2465,2496,1965,5725,1651,336,9201,5192,6323,5913,313,2794,5483,3522,670,394,2872,4175,1319,2082,3607,3887,9298,5343,3915,3034,3955,6114,112,3232,5638,3375,9391,9490,4071,3211,250,5050,2117,7837,2731,3982,7707,2393,9604,7675,6048,9708,7536,9874,1873,6113,9974,5844,3989
418,3343,638,2217,3030,5865,6426,5393,151,3325,8178,8278,729,7071,8376,8444,1163,8537,4116,8636,6595,7923,8767,6613,2597,6736,8863,4909,2182,1565,1533,8962,5985,5128,9062,3172,5038,6710,2706,3735,6859,7996,351,379,4841,553,3173,3398,7248,1586,3320,7841,5059,5237,1361,4276,4110,5005,2609,820,3435,1386,2574,1569,971,7146,4237,9299,2294,5724,1783,3680,4781,1148,4858,2700,5147,9392,9491,6702,2738,213,6674,6519,3463,4590,2511,7641,6074,9605,7919,4491,9709,9783,9875,1102,5387,9975,6394,4583
3013,2854,2214,461,5045,7056,4873,171,2157,1290,8179,8279,5922,6070,8377,8445,6964,8538,6250,8637,1692,7884,8768,5165,1906,4440,8864,7351,858,7649,5256,8963,6430,5364,9063,5384,3715,4917,5470,7264,7038,9134,7677,1414,5883,5547,1978,621,2119,3262,85,9202,6791,6589,7456,57,4377,4079,5701,364,367,6366,2432,1308,2019,3046,3357,9300,4934,564,2850,1748,6922,128,5901,7280,2188,9393,9492,6498,2575,2374,3827,7577,8016,6310,4284,7854,1867,9606,7646,2232,9710,9784,9876,1511,7820,9976,6007,3714
1779,2971,3395,1956,304,6197,6762,433,205,6715,8180,8280,1851,5853,8378,8446,7141,8539,6202,8638,3671,8680,8769,6437,1104,5565,8865,4581,196,980,5946,8964,7270,3925,9064,5034,6478,3583,2550,7686,7338,7964,1977,1074,4431,5792,1240,5196,687,4973,1729,7998,5771,7279,3614,4616,7796,3112,2754,2335,440,3110,5730,3736,61,7112,1689,9301,6423,6821,3371,1564,5142,2293,2291,5752,6136,9394,9493,7327,2255,759,7185,1458,6738,7453,812,7948,4562,9607,4523,7140,9711,9785,9877,694,3437,9977,6732,1853
116,860,623,2359,347,5808,6311,988,164,4955,8181,8281,2271,5499,8379,8447,6774,8540,7739,8639,6906,8681,8770,8070,2237,6861,8866,2401,734,846,3045,8965,2579,4278,9065,7608,3891,7465,4134,7240,4483,7878,738,463,7265,2062,2477,5784,5802,4409,2673,8014,3433,7073,516,5477,4685,4793,5863,2757,3106,1912,2136,3285,78,7593,1182,9302,6970,6749,1757,5909,6227,588,6289,6484,4103,9395,9494,6783,3009,782,5921,6084,6207,7095,4262,6104,4800,9608,8096,7520,9712,9786,9878,486,6991,9978,7834,5490
2683,2975,3350,681,5336,5388,5150,1410,137,6619,8182,8282,5585,4365,8380,8007,4286,8541,3027,8640,6312,6604,8771,6699,4991,4968,8867,4222,3227,2719,5447,8966,6527,6012,9066,6741,6134,3215,1492,6021,2369,9135,4848,514,5454,5439,154,2425,5333,1018,1338,9203,1931,5796,4306,5919,7603,4762,5014,4052,206,2030,2308,1708,821,5737,4142,9303,6347,1778,5557,987,425,1305,2050,5248,6137,9396,9495,6033,3450,69,5911,550,7084,3720,3247,4442,1625,9609,5830,6615,9713,9787,9879,2290,5800,9979,4789,6290
1713,3813,3760,3324,7219,3777,6530,227,113,6490,8183,8283,7257,4149,8381,8448,6367,8542,2340,8641,6510,7991,8772,6036,5272,6407,8868,3630,2280,747,6793,8967,6026,5086,9067,6119,6849,4553,5818,3755,7569,7944,1037,1017,4531,644,1621,4181,5652,2606,1680,7967,3386,2198,6453,311,6528,2299,3061,4565,168,5299,1915,3719,102,7379,2411,9304,4163,2630,4125,3067,2572,401,3561,7355,3988,9397,9496,5548,303,375,6248,5498,7975,3947,4117,5235,7225,9610,7718,7669,9714,8099,9880,944,7325,9980,7484,3553
1286,2961,807,3706,1615,5956,2376,603,274,5231,8184,8284,2536,6708,8382,8449,4768,8543,6062,8642,5227,8682,8773,7203,1718,6260,8869,1795,856,1278,1114,8968,3523,2666,9068,4105,7180,7597,3474,7729,7459,8033,360,252,7383,530,872,5390,6251,1894,5842,7560,3709,3543,949,5653,7573,4696,3317,814,2091,1022,1657,2542,612,7048,3365,9305,2762,6079,4766,5288,2458,2970,7413,2948,6737,9398,9497,6678,4113,51,6112,6326,7706,7541,6812,7625,7148,9611,9632,6979,9715,9788,9881,626,4767,9981,7753,7754
1005,3185,650,2875,582,4429,6224,5002,71,1234,8185,8285,985,6295,8383,8450,4304,8544,6945,8643,4537,8683,8774,4734,2508,6042,8870,572,1257,1574,1227,8969,5764,7450,9069,3975,5581,5566,1443,6571,6913,9136,1143,508,6919,3921,3037,3855,6452,2906,2556,9204,3618,6055,772,4372,5940,4272,2663,1537,3144,652,777,4674,353,6107,2350,9306,4130,6254,1213,3123,3923,1215,2312,5226,4741,9399,9498,5749,2162,1454,4942,4776,6976,6006,5774,6487,2573,9612,7617,7401,9716,9789,9882,1025,6664,9982,7682,5769
841,3498,3101,1622,2118,4624,3567,348,308,7572,8186,8286,3516,5453,8384,8451,7622,8545,5371,8644,3651,7934,8775,5886,1165,6568,8871,3290,423,905,2032,8970,4534,6669,9070,2541,7568,7018,4339,7445,8032,9137,542,1550,7635,2685,328,5409,5727,4770,4645,9205,3879,6903,2702,3984,5406,4174,5352,1830,384,3264,894,4075,201,5705,1106,9307,4652,7554,2751,7497,4668,1352,2267,6348,5976,9400,9499,5944,2179,233,6024,299,5889,6155,7087,7409,5180,9613,7618,7653,9717,9790,9883,835,5138,9983,7321,5575
4580,3545,656,1528,5119,4343,5449,2888,927,3029,8187,8287,3956,5271,8385,8452,4888,8546,3752,8645,3109,8684,8776,3049,1320,3957,8872,2797,2034,4922,2841,8971,5975,3796,9071,5242,4661,4543,2254,3819,5958,9138,4322,350,6013,4324,2954,4140,5321,1790,775,9206,4309,3799,6001,3724,6050,4854,5934,891,1566,836,1251,2086,2040,712,1395,9308,4298,4742,4505,4189,5289,1478,4356,1132,4676,9401,9500,3294,316,1137,3209,1419,333,4412,2844,7101,3517,9614,3436,2021,9718,7801,9884,3787,2437,9984,4836,3082
2584,3040,1480,1605,2499,4003,4546,376,86,4941,8188,8288,1420,3808,8386,8453,6696,8547,6697,8646,2972,7873,8777,5105,4012,5412,8873,5275,942,1760,5658,8972,5640,4346,9072,5927,4245,3633,1750,3998,5205,9139,866,789,2480,3980,937,4367,4141,3976,1545,8083,4715,6927,3448,3990,6967,4112,2067,2023,1013,1006,1231,2600,503,1016,2380,9309,4240,6063,4514,5081,4675,2048,1486,5004,4914,9402,9501,5417,2659,509,6441,4935,4670,3506,1587,7454,4644,9615,7429,6088,9719,7802,9885,1092,4611,9985,5612,1080
861,4783,3329,2736,2103,5430,6427,337,65,5836,8189,8289,5831,6766,8387,7856,6858,8548,5383,8647,6551,8027,8778,7110,3454,5315,8874,1921,344,3501,6313,8973,4146,7430,9073,5924,6439,4092,3422,7295,1294,7352,888,3260,3751,5266,1548,4098,5872,4690,148,9207,2399,7343,5400,5684,1297,1447,5258,5054,639,3710,1696,2472,210,791,573,9310,4846,1635,1687,5773,5600,2517,3048,5300,7049,9403,9502,5948,2130,1118,6067,6641,7581,6053,882,5143,5936,9616,2943,4484,9720,8051,9886,4677,1133,9986,3739,7165
1856,4487,413,1472,1441,5131,4937,955,718,4949,8190,8290,5983,6089,8388,8454,1888,8549,4577,8648,6511,7590,8779,5140,3604,3908,8875,4871,460,5416,5781,8974,5845,6176,9074,5201,6121,3090,922,6292,664,9140,6122,2518,3877,4957,2422,1935,5424,3199,49,9208,3810,6496,2049,2836,2946,6860,2633,3004,1852,2768,3958,270,842,936,2031,9311,3532,1952,5042,5036,4021,2028,4775,2412,4479,9404,9503,5354,1032,1928,4198,6009,6405,4835,901,7238,1247,9617,7415,2640,9721,7681,9887,2558,5262,9987,6846,3837
6167,2203,2909,1027,5955,1412,2769,1054,438,5673,8191,8291,5564,809,8389,8455,6385,8550,4453,8649,3058,7315,8780,2059,4708,6477,8876,5240,2492,4033,4226,8975,5765,5046,9075,6658,7195,4018,1701,5405,2525,9141,2940,1187,2170,3658,1927,3731,5928,921,911,9209,2722,5728,6047,2557,7823,1408,5739,1555,1777,963,2331,475,636,3930,5806,9312,1302,1007,3599,4468,5506,2991,5843,1256,3068,9405,9504,5736,1932,261,5873,4538,6555,4176,2840,7908,1306,9618,9633,4207,9722,9791,9888,436,6470,9988,3950,4345
1000,1972,2423,2202,4967,5355,6200,1113,207,3970,8192,8292,3712,1318,8390,8456,4268,8551,6401,8650,6218,8685,8781,5974,5732,3762,8877,3258,2072,4840,6071,8976,4041,6569,9076,5536,5282,3163,521,6149,741,9142,6468,4363,4416,6244,707,3298,7081,3312,264,9210,5338,6077,5194,5571,3270,6957,5283,1326,954,1243,3359,208,1172,150,5259,9313,4851,4217,6111,5846,7132,2910,1540,4604,4070,9406,9505,5502,1354,1591,5326,5398,7976,5754,545,7879,6236,9619,6881,4351,9723,9792,9889,170,2763,9989,6559,2301
2056,4738,2962,2611,2263,5319,6400,2243,527,4822,8193,8293,6983,4764,8391,8457,2341,8552,5239,8651,4216,7992,8782,6237,6720,3213,8878,2793,1697,6932,5083,8977,6031,7078,9077,4876,4883,3384,1095,6844,485,8075,6495,2493,2328,4019,1034,2669,6146,2449,380,9211,3713,4843,596,4913,1177,5987,2716,2899,427,2652,1812,216,3364,177,4589,9314,4244,4606,6574,5273,6904,1792,831,4099,5233,9407,9506,5680,4096,1124,6025,6425,7117,4600,439,7633,6307,9620,6100,4947,9724,9793,9890,165,2311,9990,6524,5906
3261,2960,967,1858,4552,961,3590,2353,806,3016,8194,8294,5932,4964,8022,7958,3266,8553,6767,8652,1313,7696,8783,5550,788,1899,8879,2939,1612,4219,3383,8978,5346,796,9078,5899,4246,3916,2464,560,2732,9143,4540,1427,2743,4469,2657,3149,4857,1505,3010,9212,2244,4880,3349,1670,6417,3746,3780,2820,1850,948,4370,2417,3900,1388,4868,9315,3291,1347,2598,3431,5992,3549,1626,1442,6575,9408,9507,5829,1424,1061,4083,3119,4423,4899,2498,6878,5116,9621,6457,1470,9725,9794,9891,2337,2651,9991,1699,750
2,1,7,12,23,189,711,2174,1378,4574,8195,8295,7771,7194,8392,8458,6429,8554,5617,8653,4792,8686,8784,6118,7803,5320,8880,5445,5051,6987,7892,8979,7725,7067,9079,3609,5480,2111,7305,7962,3175,9144,6948,7587,6809,7477,5232,7342,6870,6361,5551,9213,7794,7825,4833,5342,3940,5967,3698,5552,277,7232,6712,2594,2998,7438,7157,9316,7380,8039,5163,7386,3103,7284,5851,5025,7751,9409,9508,5627,7731,968,8087,1590,9521,5487,7190,9534,2645,9622,7684,7064,9726,9795,9892,7703,2963,9992,7442,7747
634,4557,2567,3783,1541,6653,6855,234,68,6358,8196,8296,6339,6413,8393,8459,3108,8555,6624,8654,3761,7924,8785,7072,5419,6819,8881,4401,1295,1015,6540,8980,6628,6912,9080,6145,5162,6304,574,5512,7544,7835,502,691,7542,1683,4139,4001,7181,4121,133,9214,3789,6562,411,493,2617,3284,3124,4547,2054,3440,2428,4881,240,6680,3139,9317,5217,6403,1109,6350,5962,447,5452,4982,3362,9410,9509,7002,1474,1023,5807,2269,7853,7492,1557,8019,4027,9623,7308,7638,9727,8100,9893,1813,3382,9993,6985,5590
18,50,120,361,1345,2129,4051,1254,657,4900,8197,8297,5382,6825,8394,8460,4208,8556,5450,8655,4225,8687,8786,6329,4542,6276,8882,4403,3606,1214,7012,8981,6721,6143,9081,5801,4231,7127,2568,2563,4419,9145,4436,4375,4986,3072,2107,5015,6103,4239,3669,7968,4905,7164,7099,2427,6996,1521,7345,2273,2063,1950,1233,1465,327,1373,2896,9318,3829,2316,4313,6255,7233,2121,1406,6324,7138,9411,9510,2748,683,1446,6044,834,7744,6872,5047,7888,4058,9624,7709,6388,9728,9796,9894,1865,3936,9994,5682,6633
397,5540,4455,1161,2142,2495,6608,554,43,1866,8198,8298,5410,5592,8395,8461,6355,8557,5313,8656,6747,8688,8787,5264,3114,7098,8883,7102,1087,1387,6771,8982,3876,6947,9082,6341,7058,4784,1849,7105,4360,8034,1041,881,7503,4456,2890,2047,6726,4632,837,9215,1567,6714,3408,2238,3340,6531,7156,5095,1127,2099,1332,3416,152,249,1846,9319,6811,2392,1684,6949,6538,369,1009,4884,1951,9412,9511,6990,3327,725,3394,4164,7525,7367,5208,7600,5457,9625,1762,3212,9729,9797,9895,4598,7410,9995,6572,7077
865,2586,1775,2396,4056,5789,6543,3641,119,3702,8199,8299,2530,5204,8396,8462,7601,8558,4301,8657,4144,8689,8788,5762,4368,5356,8884,1706,5052,826,6368,8983,2949,3472,9083,4619,6942,5190,3075,6257,6820,8035,403,1264,2968,705,3745,2739,5541,2539,2024,9216,2891,2695,676,4587,517,2855,1021,4045,1538,4397,1196,2270,1348,2452,3203,9320,1631,5324,3126,1076,5910,2705,2227,3812,7116,9413,9512,5545,1516,787,3870,5260,7337,2725,4290,3969,4126,9626,3663,6514,9730,9798,9896,976,1619,9996,4433,4566
1048,2882,2805,2845,5584,4059,1640,473,83,5172,8200,8300,5365,2921,8397,8057,3339,8559,4500,8658,4119,8690,8789,5432,5175,1660,8885,739,5063,2532,5070,8984,7090,4230,9084,6083,5849,5293,4109,2920,4200,7917,716,298,6827,1968,1150,4280,6147,2604,3489,9217,1142,2873,7385,2137,5675,6306,3800,2274,1630,4260,2055,1436,272,1993,2402,9321,6287,7400,3358,2638,3632,555,2813,6043,1677,9414,9513,4703,1816,221,6961,5334,7366,6208,5062,5335,4138,9627,7468,4943,9731,9799,9897,491,6522,9997,7610,7191
3086,2922,478,383,1975,4446,5937,3572,242,2884,8201,8301,1317,6609,8398,8463,1707,8560,5815,8659,2912,6191,8790,6203,5125,4659,8886,3023,1767,5209,3181,8985,4170,3797,9085,5947,5003,2406,2433,5990,1971,9146,3960,2315,4519,989,4020,3385,5779,2471,895,7969,3456,4694,2116,1839,459,3519,684,1815,2615,1607,5803,1026,1981,1096,4799,9322,5112,3557,4452,4087,4095,1428,994,4182,7312,9415,9514,6469,3170,2185,1077,4617,7176,2931,1280,7838,4924,9628,4743,2756,9732,8052,9898,2446,5507,9998,4897,3337
5509,2507,1646,1440,3987,2430,3335,1310,179,4887,8202,8302,4315,3263,8399,7186,1624,7839,4036,8660,2947,8691,8791,3257,2379,2388,8887,689,326,3828,1995,8986,3595,5810,9086,5189,3374,1072,2778,5039,4039,7765,1664,3083,4969,5084,2322,2766,5058,3167,435,9218,5029,4586,6342,3880,7436,5186,6051,2551,1752,3332,674,1655,2218,4906,3044,9323,4901,5008,6411,4061,3393,1224,3237,4808,6052,7930,9515,6688,1786,283,2676,1721,5215,2093,1642,6938,813,9629,7728,6189,9733,9800,9899,1415,4828,9999,7004,2494
