3816,4078,9692,283,4673,2028,830,394,771,7821,7568,1053,9117,1898,6932,1159,6668,5090,5595,7851,4746,5455,7653,6246,8032,9636,8443,7173,6813,7327,647,6595,5845,8228,219,3973,1553,9479,5990,9130,126,2111,9315,8459,2098,9079,7955,9777,6281,3514,4664,7780,9289,2361,185,5061,5257,8217,8900,5561,8048,2191,1710,2278,9811,7958,2259,1883,9332,7556,3911,7009,7176,8967,492,8802,6189,9333,491,8096,9856,5724,3730,88,7901,7057,2957,159,350,9879,8955,8554,2565,7753,280,4419,8919,9913,7286,7192
96,9662,2013,2369,8825,8166,1244,9422,426,5363,8313,5969,9110,1019,799,4512,7353,307,6360,8868,9760,6661,3876,3342,2224,9604,523,7015,7776,6625,70,315,5477,7123,313,7557,5417,3534,9671,8618,249,7584,8365,976,7576,7396,8704,8973,5714,8148,6809,9525,9301,1792,390,8446,8215,3863,9654,885,9182,2759,6722,6723,9812,3194,4267,1370,6039,346,318,4645,6233,7888,2289,7259,9509,9389,4835,7930,9857,8594,8681,2893,8205,612,8743,1050,7644,9880,4882,7234,4485,5094,247,6700,8852,9914,6441,7448
4481,7827,8956,1020,5967,3573,7734,879,1879,3445,9258,3059,9272,1295,6210,2368,9695,1600,6747,9221,3873,5163,7529,2930,9222,9765,888,5151,1641,8806,69,4796,6675,6610,486,1468,6721,9213,6012,8752,187,1957,8223,1235,7942,7689,6421,9778,8229,7041,889,8056,9464,3587,250,4906,8461,5650,9198,2316,9139,2105,4150,8272,9813,3931,3736,380,4578,6738,3625,3883,1677,1494,5167,6519,6523,9453,4911,8822,9499,6264,774,54,4484,365,3789,656,7954,9881,8580,8581,2946,4621,622,7981,5428,9915,8276,4698
1290,6350,5516,3238,9002,3313,1274,2244,528,4759,7727,1658,9423,1085,4001,3290,9544,1721,2206,9382,4431,3304,8382,1084,9491,9766,2810,7831,7525,9281,200,5456,6099,7239,192,5496,700,9108,8649,9295,83,2633,8551,3982,2033,9514,8366,9779,7069,4785,8157,6184,9805,3893,368,7802,8884,4118,9808,2587,9100,383,4112,6976,9814,4590,6038,674,9394,1826,1565,6000,7347,9438,620,7656,7010,9102,592,8600,9726,7150,5534,2215,7581,895,4989,118,1612,9882,9126,8657,3610,6326,112,6953,9358,9916,8606,7027
1978,9398,7361,3682,7820,8474,1269,3647,298,3189,6507,745,6478,1492,2994,5902,9225,636,4509,8092,8560,3216,8772,6712,7049,9343,2018,6778,6277,7099,473,6917,3934,3199,345,1109,2162,8658,6249,8659,191,6590,8778,8675,1079,5001,4865,9167,4601,1099,7451,5341,9574,4062,676,4923,5342,5513,8160,2072,7973,3568,5106,7144,9712,4065,1540,782,7606,4459,4371,7271,6263,9719,48,5931,8378,8702,1276,7531,9511,4081,8880,5890,5589,4199,2947,501,575,9454,7431,7206,3770,7360,25,2744,9020,9917,5860,3890
182,9739,875,376,5234,7895,3636,5438,1240,5652,7384,5359,6896,2266,361,2972,6054,4763,5780,3899,9107,8911,2479,3844,6257,8066,602,1174,5942,1281,405,4391,388,3014,3291,7578,1546,6140,9135,5418,1008,8938,8499,8287,6837,6736,8016,9780,5362,6361,595,5863,3365,4076,7520,8149,2059,8355,6677,6914,948,549,6214,1141,9617,2839,7346,3468,1065,7454,2345,924,2014,7943,8290,4501,8577,9549,5889,6368,9532,6168,1993,133,7860,1541,9036,8107,5651,9730,6693,7170,2164,3197,4115,3646,8786,9918,6244,7877
1336,7064,7497,41,2720,6501,1776,1113,1737,8787,6798,1514,8475,3310,2870,1712,6828,738,1398,4306,7941,5955,2495,7926,5500,9165,3897,8119,5196,8773,2065,3158,3955,5805,2287,479,4894,7213,8371,8445,4336,4373,8927,4725,1319,805,7088,9474,1645,6415,1346,7255,4535,4248,3053,1933,2856,9807,4492,8346,4779,2499,5013,7226,9566,7818,160,2320,9209,8621,6592,7124,4542,9308,3541,4630,9721,8244,7588,7348,9858,6659,1082,305,2784,6177,605,4505,52,9092,6470,5121,5237,2675,5646,1223,5576,9919,2934,4524
384,8812,2441,4657,9003,6462,970,5881,377,3683,7002,1415,9070,1217,1663,4361,9311,873,2921,9319,3532,4425,8437,1485,9430,9767,2139,8370,8549,8979,74,1848,5506,7262,75,5286,946,8998,8817,8972,146,2358,9136,4091,2835,9612,8986,9781,6424,5973,7683,7166,9640,3928,202,8011,7499,3301,9809,2881,9235,760,5479,8018,9815,4671,5664,807,9230,2125,1759,4887,7336,9172,633,7859,9049,9625,1105,9378,9859,5903,7316,4185,7819,683,5075,175,4171,9883,8500,7406,3154,6533,55,7577,9351,9920,8462,8137
838,3578,2588,406,580,1257,7065,216,1059,9069,5012,4122,785,3492,1046,1568,3607,2670,2184,4316,6439,7825,8456,7296,2222,8827,6131,5670,2977,2937,4031,703,5384,5726,4189,3673,2615,3563,9331,7555,5802,2398,7746,8642,6744,7640,8121,9535,4712,6575,1825,7757,8332,4411,2640,6521,5096,8780,9345,7167,5918,3160,778,5410,9713,6617,4240,2645,8449,6627,8404,8164,1743,1886,3895,5114,1507,9156,3228,6806,9486,8764,292,78,5179,4247,8510,6325,208,9884,2174,3519,7401,1039,4441,3093,7374,9921,6315,4991
1624,6228,4389,424,3538,3889,7253,242,4022,8569,8490,3654,5690,5556,2533,2545,7891,1117,3227,7603,8233,8607,1871,5046,8146,9704,5339,2134,5415,8479,5707,2756,2788,7147,3637,2537,487,6301,6767,8565,1590,5091,8713,3772,2219,6420,6708,9782,1032,691,1718,2138,8000,2121,1526,2104,7593,3970,9199,5620,4584,5297,648,6865,9283,7266,4619,841,5716,7013,9131,6285,2522,6459,619,5083,4427,9377,2037,2193,9727,2917,2669,810,5784,2598,7292,291,22,9885,8387,7944,9192,5392,2115,6444,4681,9922,7158,5116
2050,9399,9243,5314,6386,2653,2815,9278,3124,7469,3548,5451,5272,2529,3916,1777,2114,168,4582,2208,3643,8396,742,2107,4709,8457,4563,1215,5519,6830,3168,1804,5507,4183,1601,4054,2764,5676,6408,5775,2543,7164,8429,4838,3690,386,2950,7059,1242,3312,1439,5758,6480,1202,4298,6600,2056,7792,7404,4266,5632,3483,1638,4063,9518,4603,1713,2127,4525,2561,5271,6486,2510,3628,1619,1864,9836,8399,6665,4468,9269,6176,5157,663,4708,1668,3381,4904,1490,8219,5923,5766,6269,3486,3634,1009,6666,9736,2040,2431
224,8671,6265,99,4562,7663,5244,1626,5245,9373,6653,853,3418,6437,4417,539,3363,2475,3867,5267,3991,8740,8198,7728,1162,9590,2683,1228,8362,7633,5355,1683,2843,6765,5704,1651,1702,5720,4981,7846,6832,7016,8493,7201,798,359,6398,9783,3870,2168,1072,3404,2571,5649,5458,618,5281,9653,5945,7630,2157,2749,4659,7823,9337,6671,681,4610,2451,1874,7442,8586,3994,9596,574,6126,6552,9210,4363,7035,9860,4685,5184,2249,6202,2714,2382,1836,62,8895,6794,7840,7211,5751,2297,1270,8054,9923,5224,5172
1488,9446,8946,1338,3924,3239,7085,7799,1073,9324,7376,4691,845,2772,3553,215,749,459,1971,5820,2401,8269,1248,7654,2021,8703,4576,5855,3550,7910,5564,1962,1678,4328,4632,5236,3864,6100,5635,6016,4792,2384,6103,7867,5572,427,6025,7853,2230,5600,1208,4024,4767,1145,6282,2699,4218,4445,5776,6879,4886,2019,5749,3598,9267,5419,4639,1083,8084,4701,363,7421,5380,6834,1907,2269,7873,8651,8454,8124,9571,6057,4318,880,6884,903,6130,6030,572,5795,6141,2304,6381,3907,3188,4173,2339,8823,5412,4995
374,6754,3567,430,3887,5689,8207,515,3631,6660,8417,1592,8038,1689,3157,5639,9635,3878,7470,7754,9180,8231,9142,8498,4169,9418,6918,2595,2144,7976,3165,2572,4277,6179,3311,1163,2460,7534,6849,8762,826,2727,9149,4256,1158,1596,9384,9545,3101,1727,3002,5347,7826,6781,2392,1014,8061,4916,8811,6091,3854,4862,3027,8122,9816,5750,1906,542,5961,8831,8049,8879,4148,7435,286,5087,4607,7694,986,4731,9861,3959,803,780,4963,4192,4049,596,115,9886,1026,8420,7221,3799,589,2833,8903,9924,4388,5738
1809,9206,9270,567,4193,6941,6548,651,2879,8027,9456,4379,5582,6645,2878,7139,7711,759,5110,2594,8570,8839,7036,7983,7437,9522,6969,954,6132,8138,4596,1386,4488,5511,2523,739,494,5035,8286,6089,4458,7498,8552,7056,421,2792,8390,9273,3091,1757,203,1597,5501,7246,716,2397,4735,8513,7387,5631,2450,5265,1383,8057,9642,7886,1534,793,6477,1747,9236,8335,5045,8613,95,2251,9113,9626,2581,7116,9862,4697,3517,541,2983,2389,3665,317,177,9731,6992,7021,9056,4948,2300,5621,6786,9925,6759,7273
351,9688,9406,1156,6428,2631,4559,8673,5475,6930,6116,3539,7377,5706,5187,726,4341,2353,3323,4909,4513,7916,2721,7237,4381,9409,1739,6067,4242,1717,7105,121,1969,3806,673,1904,5654,7129,8486,3405,2534,7621,3328,2167,1300,7298,8526,9784,1267,4518,1549,6898,9160,781,1817,1472,7133,3443,8439,6400,1775,4695,4585,5100,9223,3832,6052,2308,7595,87,2420,4413,3185,9829,4591,4533,8745,9083,6825,7686,7845,7381,2776,4301,2913,659,7268,7509,1559,9014,5696,6605,6593,3054,103,2469,5737,9926,2142,2854
734,9651,8929,2834,4558,481,3967,7990,5994,9455,5372,3658,4149,6503,3942,102,3084,1469,5386,8268,3912,7140,5557,6002,6553,9383,3823,7379,6119,3923,6254,137,4884,4965,6975,1884,5743,6173,7785,1797,3410,8351,4043,6878,5026,6838,8425,9706,2354,4678,141,4839,9411,3496,3097,2387,7637,7854,7452,8470,1251,4270,3505,2235,8845,3161,7839,3540,2790,296,4399,7363,1935,9043,5939,2634,9722,9249,8662,6623,6198,1831,4714,844,1753,28,7876,8282,2885,9732,1368,6343,3024,4082,475,276,5385,9927,2738,5577
578,8904,8930,401,2131,7977,8173,693,4414,9583,6599,3528,5109,6151,4470,4332,8436,623,5735,6077,5059,9589,2848,9342,8005,9089,3728,332,8908,8030,7238,4356,1446,7960,4174,2781,641,6543,9322,6476,3932,6488,8611,5921,1306,5346,7413,9707,1995,650,212,2912,5584,5979,552,2277,4404,5377,8700,5833,1287,6856,1301,8941,8408,8801,935,872,2317,2906,9658,7229,4702,2081,106,6732,9578,9852,2693,8774,9728,5330,3113,1324,5721,3067,7676,419,156,9887,7231,7573,9045,4680,3961,2234,3948,9928,8623,8221
189,9689,9581,2240,7304,7111,668,9239,1515,6345,3576,4769,2785,6102,1868,2719,4196,23,3875,3525,7712,8789,746,4760,8147,9312,6483,262,7548,5018,2855,3374,2539,3236,2978,2804,2672,7502,8349,3151,1289,8644,8110,5078,5391,8094,6219,8646,1811,1761,905,5232,8731,1818,3253,5466,7247,7031,6391,1067,2614,5200,4307,7500,9497,4803,5905,222,537,2482,6544,6602,4926,8859,1509,7436,9510,4436,6545,1111,9439,1604,3428,5772,7666,1153,7989,3012,3721,7773,6525,6867,6993,5755,2836,6885,462,9929,4393,5038
2968,8014,4857,4367,8098,6358,1214,8853,2051,6308,4827,997,2211,3644,840,3422,9488,1786,5139,5494,9534,8188,8813,3638,6566,7813,5634,6862,2617,8135,821,3060,2245,6086,3399,6662,4453,1748,7745,3807,3332,9166,8619,2577,1838,1627,7044,3845,606,4158,5370,4475,8741,5877,2849,2547,2227,9386,9105,2342,3343,2739,3220,3121,9445,6426,8034,2179,5826,1531,446,450,858,3829,3103,2377,9155,8563,6977,7657,9557,8143,7794,284,5563,4103,6770,1696,331,7383,4340,4616,7923,3135,68,3737,3264,9930,5292,3545
577,9310,1044,330,2439,4817,4699,2027,3354,8771,7626,2826,4374,6557,5137,709,1576,347,3839,6891,1643,7830,6681,7740,6139,8609,360,6240,1291,2364,6390,14,3045,7096,5660,3833,4980,7284,9154,3733,2341,7769,8518,7312,1584,8410,8519,9785,4165,5793,4382,8496,7869,960,1598,2247,6971,3915,8953,9266,5426,5249,4902,5803,8701,6833,8368,6250,6095,58,2737,6633,3935,9012,6163,1178,8021,8614,7803,4143,9863,4283,743,227,7675,1853,3694,6206,773,8747,4993,4275,5028,6888,1865,5328,6154,9931,2752,5989
2517,9257,1872,812,4872,4420,3174,4223,3597,8616,5331,3902,5546,3453,4204,2484,3986,2509,4333,6245,7187,6526,6204,4588,5422,9768,3767,1561,1224,7050,2177,1633,5686,4032,2663,5246,108,5895,2047,5248,4162,7218,6997,5445,4101,4842,7393,9546,507,5769,5027,2461,9151,3862,5021,5944,6284,7980,8894,6496,6570,1312,3051,2494,7322,4758,6860,2026,1286,3447,5666,3599,717,9402,2225,2204,2506,8567,5243,3171,4777,9044,4783,111,3187,1337,7567,4615,36,9291,4679,5010,5671,4068,2770,2462,1314,9686,3843,3771
436,9740,6735,2741,7774,2952,3797,7890,5142,2647,6654,5747,5924,4967,1867,570,1194,661,4322,7915,4335,8508,6656,1622,1335,9705,1924,370,1322,4401,2715,1535,2129,4706,516,5997,2330,5181,9294,6899,1729,8645,8193,5448,2079,533,7681,4489,4012,6639,1197,8506,8819,1982,5182,6616,8632,7339,8965,3249,2985,2638,3661,5183,9575,3497,5987,4700,7282,3623,3774,5911,752,9413,1650,7488,9284,4765,8050,6449,8590,7495,3555,5866,5975,1364,8232,3656,1103,4668,6795,6951,3345,4203,878,5222,6881,9932,448,938
1858,8502,6965,264,7402,1545,6334,353,4003,9543,2444,7856,8174,5195,4406,1974,4064,4819,2152,4996,9489,6351,1921,3758,6247,9769,2866,1440,5641,4983,5761,701,3107,6689,5238,3300,1219,8081,4789,8249,1095,3319,7174,6836,1487,8544,6670,9786,3116,874,2819,5825,9353,4531,2068,226,7256,8224,8954,7097,1983,1404,2043,8243,6678,6866,6923,2169,3201,4969,9248,4840,4300,9425,300,3226,6080,9114,3812,3509,9076,2840,1302,489,1538,1572,6160,410,671,9174,7939,6220,8748,5520,3038,3698,7647,9933,7574,4345
4715,2814,7908,1508,7375,7553,8247,1424,3590,8065,2825,2564,8302,1036,6335,1845,8749,1547,6106,5432,6760,9702,3138,2032,9367,9605,8039,1185,1822,9129,809,7449,7635,7979,1077,6657,1260,8999,8308,5542,16,2859,4264,3711,2007,9229,6870,9787,7325,4013,2036,906,9385,2130,180,5308,6213,2800,9810,3687,3508,2480,3126,6613,8922,2352,7922,179,8485,8975,5132,6467,8020,5574,11,7565,7045,9427,391,8568,9864,8769,6928,51,9125,1328,7537,61,2709,9888,8663,8636,7510,4934,2077,6394,8239,9934,7884,7733
399,9741,9752,6316,7547,7343,2348,9501,2525,9053,8834,1517,4090,6128,1972,6196,4244,1465,5460,4912,9696,8996,5653,4177,1246,9120,3880,1243,3659,8181,820,892,3950,6169,4753,6894,2625,2838,8766,1896,904,8889,7904,6772,6114,730,6727,2861,3293,7017,5683,7684,7957,2955,1258,6090,5282,8289,9435,750,975,2187,4635,2563,9618,7474,8785,1861,3277,340,327,1984,149,3430,4804,7913,9837,8312,8589,8169,9579,8891,3455,5134,8547,991,6958,1167,1389,6268,3884,3831,5454,2919,45,5622,8108,9935,5155,5032
2006,8172,4079,287,5024,5369,8826,326,3176,9374,4716,3421,3803,6423,4415,1667,4237,1815,4613,8682,1254,6298,5305,8285,7713,9563,4984,3320,3419,4921,6485,1634,2821,8067,3388,3295,690,7755,8120,7604,454,7778,7297,8082,1416,7949,6155,9788,2904,941,1342,1308,9080,5449,1175,3716,8468,5478,9674,4620,4727,3081,644,2766,8527,6737,3815,1097,2472,7441,6465,8327,5602,8991,1343,6506,2094,9390,84,4598,9729,7649,5498,529,8273,3546,9037,161,252,9889,8810,8515,8274,4534,1003,4155,5852,9936,5515,7517
5948,9328,8794,5607,9047,1007,8004,7835,4130,8478,4964,2183,6967,6685,1519,4100,2378,60,4334,8258,8788,9429,80,6440,6876,4644,7659,6594,3975,8201,1066,5785,1074,3577,3481,7263,6743,8363,6933,5453,586,6409,9259,5457,4968,1250,4879,7439,4722,3877,225,5695,7160,85,607,7986,2058,6774,9068,1521,7219,3322,3769,6698,9817,7415,9183,151,8562,4854,2735,8440,1481,188,789,7522,8950,9242,4056,4811,9627,3339,6251,244,7620,5570,8615,702,6651,9147,6261,7974,4994,5790,266,5898,6889,9937,5734,3010
1500,8411,837,4050,3642,4116,929,6618,989,7209,7842,2213,2845,3340,3822,2195,4764,866,3398,5235,1427,3128,729,3269,7098,9606,3039,3306,3392,5492,1961,1758,2447,4583,1902,5329,3670,5488,7725,5612,3614,6597,7330,4212,5098,5615,2273,8593,1876,3255,2603,4303,8857,2123,4540,5816,6498,8949,8127,7257,3988,1840,3608,5673,9302,5039,285,1279,3376,2527,4537,2508,2421,9184,972,4646,9530,7929,5067,2212,9339,7194,3292,4157,6273,1625,3621,3939,4625,9380,2082,2986,3458,5965,2951,1708,4476,9938,1770,3261
3078,6994,6165,2060,3426,1463,5108,4309,999,8297,6711,2250,4276,5080,2501,116,1890,155,1520,5680,824,7917,5797,4853,5299,9006,4375,5123,5300,4421,2806,697,3926,4561,5180,4085,3457,4231,7703,2828,4938,7356,3913,5937,6529,2798,5099,7682,4293,3358,403,1428,6527,1376,4730,4208,2553,7965,7068,6539,7103,4135,2560,4102,7061,4913,8534,3272,5624,2481,4342,5202,3761,8553,3346,3491,5922,8943,6531,2424,9309,5677,1134,2963,4745,107,5493,4786,2656,4761,2181,4918,7200,2390,2605,3778,3872,9939,3296,5145
546,9077,5029,229,4666,6434,6966,320,6076,8559,8230,3990,7243,6058,2875,3384,9078,4801,6578,3977,9561,8315,9143,7305,2416,9607,6195,1863,4634,8761,3987,576,4850,4360,3523,2331,776,8751,4552,5917,5256,5228,8692,7622,2049,1204,8373,9789,2285,1562,1741,6223,7459,4442,1579,1725,3224,8898,6416,8129,1618,4228,3146,8497,9818,8130,1333,3751,1943,6843,8334,5661,1325,9830,132,7549,7760,8434,1990,6363,8992,2642,1374,867,3058,1684,4006,762,3,9890,1495,8406,8064,3372,1860,4344,9115,9940,6310,6873
2438,8192,5993,308,6474,5317,4477,852,4674,9472,5351,5873,7081,4978,5629,197,756,1138,3034,5440,670,8465,5867,4560,3459,9060,5023,2429,5522,2948,3997,2686,4042,2777,4954,3474,4073,7038,9061,2793,6431,5540,5041,7067,97,3046,7148,9638,4807,3394,2062,1331,8060,2847,1715,3479,5603,8545,5062,5934,8520,4111,3520,4168,5657,4689,5490,5198,8151,4810,6699,5393,4762,6353,1806,5841,8369,8678,7267,5467,8885,6153,2260,558,6826,150,2171,7191,657,2639,1767,2314,5136,5897,509,3265,3824,9941,4200,5204
4233,8134,9361,338,4180,725,7688,512,5526,9038,6275,4221,4123,6395,5064,5444,9063,42,3423,7946,9447,8504,408,4008,9148,9770,4464,7012,4892,7808,3983,5978,4450,6611,1119,6157,2823,7999,7193,5049,560,4495,8883,4573,3649,4227,8494,8716,3377,932,273,4733,9265,1188,2984,2604,5799,5378,9516,3595,8706,2238,484,7786,8341,5864,8720,220,7966,8858,7655,7205,4776,5338,1205,2860,6111,9091,796,4877,9431,4451,2965,66,2012,4029,8968,260,2299,9891,8171,7279,5411,5909,493,5471,6985,9942,6329,4153
1675,9487,9587,1964,2608,1529,4500,2074,4429,4473,7995,1560,5322,4075,3326,1152,7909,417,4083,7030,9335,7114,5287,7879,8687,9159,6134,6046,2161,7354,3009,4263,3703,1833,2363,3660,2099,4971,6748,7408,1803,7673,7245,4257,2841,1451,5830,8688,2713,1017,362,4880,6327,4901,1401,3136,1733,8469,8128,5311,5166,4443,2740,7921,9619,6540,543,2932,9247,8419,3235,9150,3500,7708,540,4066,9838,7614,4359,5708,9539,5298,4768,1693,1580,2069,2020,1408,306,9684,6149,5575,6635,4302,230,356,7460,9943,4348,4720
788,4018,7476,428,2367,2974,7544,395,4928,9365,5623,4061,8412,3825,5266,593,6397,2929,5138,7320,4510,8907,2895,5529,8674,9188,3699,1742,2336,7672,6278,3473,4182,7457,573,2075,293,8294,7355,7892,1473,3433,6792,1950,1042,7492,7715,9790,6406,2822,378,4369,8384,5357,2902,2333,5489,6944,9483,4770,1297,6066,440,8575,9208,4586,3574,1339,7453,4696,8902,9082,5865,5482,531,3645,8379,9211,1841,6372,9500,3726,1407,476,7162,6374,3701,34,193,9892,8206,8530,7994,4982,6097,5394,8305,9944,7811,7795
672,8511,4943,218,625,894,1266,1146,5270,8381,8321,1816,8264,3397,1378,3364,8712,5698,4593,6387,9761,9763,8145,8971,8592,9459,1723,3186,7768,7634,1466,621,6764,2694,5971,4320,6003,3927,9523,5188,8271,8864,9254,8047,7779,5778,9443,9708,1936,2004,167,7749,5130,8385,7618,1263,8897,8988,9451,8585,344,6304,557,6649,9819,7227,8398,5678,2755,1016,5070,609,438,8535,5777,1334,8433,9217,7251,8709,9628,5463,645,178,4089,594,7836,6473,93,9893,6443,5992,7516,4268,1435,4919,5186,9945,6803,3949
1646,9471,8750,802,6755,4009,4676,2678,3663,6912,5722,4677,2112,5240,1923,1445,2323,64,4979,5981,4047,7395,322,5915,4482,6217,1875,6756,5875,6892,1369,3817,5147,3776,1779,6015,3869,5302,8525,5861,1137,5315,7613,5193,6318,2457,5442,8076,3333,2924,482,8403,8913,1805,2458,4570,4357,6788,9029,908,8598,2243,3855,7033,8901,2652,7228,468,7465,847,1967,2802,2449,5107,2768,3503,8536,9034,6835,4317,9865,8409,3746,4280,7560,1241,8529,4599,201,4343,6572,7180,7269,1946,1498,695,7538,9946,6457,5276
1201,7342,9334,478,3729,8344,5913,1623,3750,8320,8686,977,7128,6980,2827,4109,7658,2551,2707,2145,6356,6609,5531,8179,7948,7857,1104,2681,6475,6463,4025,2283,3061,6412,869,3454,381,3350,8010,6452,4757,8015,6302,4517,1227,981,3499,9066,1986,3488,439,2867,1839,6232,1351,3196,3086,8876,9492,5946,2991,3688,2319,7265,9538,2976,471,3436,1029,1989,7697,5497,5437,9720,808,1941,9839,9680,3257,5569,9866,5349,5290,3471,8013,1252,4152,1332,129,9733,6096,4447,8133,5216,2067,4506,5007,9737,6511,7365
2685,9057,5835,418,4004,6910,4181,787,1819,8887,7138,1513,2409,5165,1381,3063,6882,1094,4349,3632,9697,9058,5977,4729,2146,9233,2966,4568,2591,2769,1238,3406,3596,2704,2811,1396,3275,6322,5030,6109,6385,7934,3543,5862,6841,5991,3089,9375,3512,831,2666,4351,8251,4750,6859,2760,6036,8939,9072,5759,3489,2404,3734,7739,8980,5655,7514,1958,2668,2136,4055,2831,1611,9018,2980,5086,8917,9050,4092,498,9371,5597,2425,2355,6364,2658,7272,2542,10,9580,1292,2627,3028,3246,728,1688,5279,9947,5899,4822
4057,9690,8881,7196,8267,4044,2471,9667,3042,8848,7385,1220,3813,5882,1900,800,1642,422,4813,900,2427,8337,3018,6107,7562,3449,5056,4900,5280,6085,1599,2541,3755,5995,5583,4841,3566,1231,8610,3285,2521,8754,7629,7051,1570,6311,7338,8495,4496,8115,4,3707,1284,3022,258,6136,1116,7175,3766,2201,7075,5233,6256,6632,9820,4207,4665,196,6564,5846,7034,8043,398,2428,631,7125,9840,7504,7968,5765,8579,3412,6707,1443,7598,3498,4312,373,3003,8832,6274,7369,8555,5350,1234,4446,4550,9948,3222,7370
736,4686,5505,366,3921,3452,9407,433,3195,9634,7807,5701,4721,7329,4849,500,6636,4310,4864,7554,7113,9478,5118,8085,1448,9637,4781,569,6411,6135,7054,1903,3502,4951,5420,1489,1732,8086,8413,5949,2197,1406,8910,3494,3951,6346,8665,9791,6676,2229,432,3016,7899,4823,748,886,8203,5663,7486,6242,1114,5717,2100,8326,9526,8218,3444,1071,3773,5503,9529,8477,1996,2808,447,7071,1501,9853,1212,4191,9629,5219,2196,791,7072,5550,9062,231,24,9894,8246,8292,7389,3941,4922,2535,7294,9949,8421,8770
321,9352,5088,130,2236,7324,5791,1229,5872,8079,7849,5205,5789,2592,679,6514,7082,1578,4234,3933,9227,9703,8466,7287,626,9505,1887,1022,5473,3303,1323,704,2789,5781,1329,2491,3925,3677,9313,8136,3031,6550,4612,7458,7512,2871,6399,9547,1506,1824,6029,8103,8574,6048,6683,1829,6255,8964,9616,6640,3307,1603,6045,7487,9821,7410,8990,3720,4483,2175,1796,524,416,9095,6087,7489,7905,8718,8070,3007,9203,7063,211,2971,2530,435,9051,6784,12,9219,4875,6692,8342,1997,1068,5709,7163,9950,7323,5388
2301,9046,9157,7109,8296,6586,5443,9477,1919,9039,8298,3068,1149,5619,3382,1102,714,851,4288,429,2410,4556,6367,6286,1460,6276,979,6208,6620,3192,3414,1637,4874,5956,2807,4311,1773,1639,8532,4269,6341,6259,3620,1846,4426,7313,6454,9591,1296,7288,17,6646,2414,4628,642,6538,1423,8781,3378,2761,7281,2415,6043,6546,8981,4705,7244,1571,2255,3882,5332,5879,272,3837,4188,7119,6081,4472,5850,3664,8860,4933,8715,3609,7716,1881,7417,3480,209,8757,6924,4821,6880,3697,1316,3029,5647,9951,5853,4703
532,9405,4977,113,7970,8118,3219,1486,5752,7865,6330,1482,6948,2746,1751,914,4315,1043,4108,4093,5381,7074,8576,7212,3865,8790,3438,4800,813,3794,3559,3768,5536,2628,1209,5512,2926,1800,8698,6059,2805,8241,8893,6769,6241,5389,7546,9792,1583,881,1239,2850,8655,2558,4519,4507,5366,7007,8668,6817,4602,3526,4038,5323,9171,2901,7721,1765,5069,8163,966,3181,536,9484,3522,6679,8053,8727,5383,665,8775,8537,165,2452,8170,3156,6915,4536,9,9631,7702,7466,7126,5077,506,6053,5609,9952,4863,3635
139,9742,9693,961,6337,8538,5940,9163,7047,8155,4494,4504,6008,3651,1110,4384,5982,136,7582,6032,9552,9458,846,3074,2616,9771,2677,6981,5335,8723,2575,490,7664,2960,2108,4217,8491,8202,9513,8176,662,9228,8557,2729,4747,90,9112,8676,1716,5900,6943,8717,8159,397,3834,1255,8767,2578,8940,5616,5052,325,2239,6601,9714,4723,6631,751,3979,696,1354,4499,3308,8190,2381,4611,9841,8843,3506,6231,9867,8923,1644,7422,7397,472,4667,3092,534,5170,3119,9093,6226,3672,2160,1768,8473,9953,2272,5160
5435,9743,8824,9098,5283,8036,248,9757,2156,7678,2602,77,3258,2442,4007,630,6655,1106,5741,775,9457,9562,4828,2054,7996,8596,7132,2446,4121,8816,1450,2651,1318,3279,3248,7283,1670,1781,8167,8984,983,8389,9071,6419,817,3743,2771,9168,1550,7847,1183,1939,6793,4532,4466,6115,1081,8234,5566,1980,5423,1422,5732,3786,9576,8359,5040,635,9001,8488,1854,4259,7515,9349,82,4252,9842,8934,5053,7446,9646,9350,8023,3391,8689,7177,3193,754,2757,9895,5524,3763,4787,6534,53,7463,7091,9954,3198,1392
2070,9304,7317,2877,7596,5580,1171,7828,2959,6797,5176,2374,3593,1738,3380,2661,7829,1789,1413,4944,7093,7131,6588,6388,4961,8926,1452,3040,1058,2052,3064,1060,2702,4987,1566,4011,1365,5792,2041,4125,920,5427,6458,5065,4940,4422,3671,9288,2190,3811,2046,1790,7314,4070,1947,1054,4953,8452,8325,4637,5985,329,3177,2045,9354,2153,6500,1908,2159,5927,4219,6380,2889,3210,1769,2149,6138,7416,5025,6314,8886,4053,2487,1762,5880,2618,7020,4950,3056,9432,3830,5936,7152,2519,1180,2163,6802,9955,3266,3477
4378,8329,9362,7862,5849,9193,4592,8978,2467,7667,7086,1587,6495,6624,967,5251,7087,400,2899,441,9698,9764,1221,6777,6010,3981,2975,2090,6703,6820,5856,2911,2549,6869,3470,6321,328,1247,6779,8139,3585,7893,7800,4861,955,2637,6984,5858,6563,1965,33,884,1230,4636,2830,2728,1812,9482,7991,934,2158,3906,5031,3741,8225,5316,2953,207,5258,985,8916,7737,7674,9426,712,2809,9843,6706,3998,8742,9191,8044,8088,6963,8426,4656,1912,1213,2372,9558,1467,4387,6710,6491,827,2559,2453,9956,6349,5499
720,9341,8489,5173,2612,7310,3748,9520,4555,5951,7432,1327,3335,3071,3937,988,5447,3215,4915,4837,8869,8523,1311,3298,1259,8959,5487,6807,4019,7321,2279,763,4319,3052,4346,1402,2765,5539,7700,7636,3015,7025,7918,5190,1661,163,8367,9639,409,1253,4815,4087,9028,6110,5960,4670,5131,9099,7594,7373,5914,235,2526,7494,9567,6287,4385,2388,6313,6464,7750,8441,4040,8069,420,2185,9414,6530,4690,2002,6998,6295,7542,6373,6074,4491,1985,1002,198,8117,251,7993,5326,3163,710,1954,6844,9957,2083,2148
984,9601,8947,1012,1049,2717,2689,6667,6382,2622,8640,367,1698,1666,5368,3718,7394,3305,4845,5757,9299,7951,3840,3709,7524,2557,1063,6071,2987,7261,2035,3968,2214,747,1363,6211,1144,8213,6317,6596,2039,8295,9244,6638,3740,3511,8666,9554,616,5092,316,7642,4885,6352,5319,5871,7609,8921,7552,8677,6299,4129,3465,5919,9387,7661,7308,3299,8874,923,3041,721,5840,206,1648,6729,9723,3352,5022,7501,7532,8591,3507,1166,8226,4294,3466,2122,4216,9256,797,8091,4571,4284,442,5375,3448,9958,1037,3070
2876,9744,9512,8144,9116,8099,1793,9758,3079,9560,7048,1120,5888,7627,1264,3286,7599,387,3727,1680,9699,9241,6875,4724,6207,5814,3155,5354,5823,6845,819,6098,5344,7927,5972,1617,6183,548,9282,465,1362,9253,5199,7972,1130,3393,6004,1437,6205,6855,965,5002,7427,6536,1882,7617,4226,8068,8177,455,4523,5633,7032,3362,9527,6962,474,865,6622,5247,1176,3225,792,1720,1798,4554,9844,8578,8792,9096,9550,7195,957,4544,1929,5705,2905,190,6450,8104,2996,5891,3617,5892,79,1697,7130,9959,3094,5042
309,9663,7223,1135,3901,6916,7677,6512,5787,5774,6905,1093,2329,3793,2048,1098,856,916,5421,6687,3139,5390,8584,3242,1660,9772,269,1190,6479,1606,1000,638,4955,6300,2016,6804,4546,6505,8533,2660,864,8512,8724,7747,7507,3288,8779,7420,2567,7526,4434,5461,9138,2892,6336,5214,6815,6026,8872,1851,7242,2271,6122,6684,8521,6493,8707,1672,3655,382,2632,682,233,9388,5988,1749,9845,6175,8291,7814,9440,7900,2477,4914,6369,1038,8918,6547,105,9340,3518,8328,7182,6215,1425,1537,4833,9960,6940,6900
3790,8025,9753,2599,8400,1870,1582,3946,4321,9502,5398,502,4380,5206,3689,4210,5963,312,2029,6033,9252,7628,2097,7122,9026,9175,4572,6567,3633,7600,733,4937,1011,7645,5983,5060,3760,4037,9121,1807,705,8660,8620,3581,1249,5004,7801,4140,6489,3947,628,5404,8017,4304,1649,7203,5608,1968,9412,688,5604,7299,5859,4624,9081,7332,2908,166,7870,2165,627,3713,1687,855,585,6062,9645,9681,3879,8844,9868,8071,4144,2109,2500,5682,7508,237,5485,7938,4119,4400,5800,6339,40,3490,7157,9961,6422,7178
1181,4364,8638,1282,6644,8026,5126,457,423,8002,6270,3282,7545,530,3442,342,3164,3209,5210,6006,1034,4514,9207,5551,7000,9473,4462,1358,7551,8799,4870,6986,5868,6188,902,6366,153,2958,6730,2590,994,2990,5723,7660,2540,2302,6961,9010,3460,4490,6576,4734,9537,4308,3549,3162,7493,6042,9556,7736,2528,1574,5926,8195,9594,1631,2568,3641,2226,8647,8932,9054,281,9275,526,4260,3547,5658,685,4077,7772,9421,2338,1524,8072,4272,8541,1142,109,9896,7710,7351,7171,4848,5674,4888,4141,9962,3966,7028
458,8522,2600,170,2407,8448,4617,1203,5253,9220,8892,6150,7533,5719,2128,290,687,538,6178,8101,1360,9118,8958,8524,2133,9608,1271,632,7326,6383,525,234,6956,6403,6338,5807,1780,3062,8602,1987,5883,8735,6174,7210,6060,1403,7962,8693,2817,5212,6906,5739,7952,4279,8509,1112,8375,8899,9363,6303,1069,3842,2641,8546,9655,7333,8942,3866,1256,790,1690,990,610,9831,6824,6510,5549,9237,5947,7793,9647,8994,753,655,7505,3087,8656,7571,44,9303,7364,7810,8275,6070,1802,5509,6839,9963,8073,7902
4866,9442,4034,2943,1662,2606,617,7117,1913,9040,8995,32,6757,4860,1855,4899,8331,925,3011,1225,7947,7959,8293,6375,4829,9292,6508,7997,8840,7724,1438,2722,5495,1918,4147,6814,2844,1695,8322,2995,2773,8372,9419,8059,517,6319,5731,6229,3411,7651,7199,8604,9196,4095,4014,4831,1207,8725,8625,5164,4187,4258,6069,1976,9822,4985,194,5567,9042,3118,2864,1931,822,9832,804,6733,5178,9088,8708,7698,9648,8012,282,1608,8089,5740,1278,555,3964,8936,6104,2276,2820,6585,63,765,7975,9633,8024,1384
46,9745,9665,3149,3705,3765,6124,5929,1927,9103,9356,5581,6549,5941,3529,2574,1613,814,4005,7423,1930,8516,2786,3090,1430,9111,1107,811,5815,8797,2512,1031,7106,5208,5552,5301,1161,3900,8323,1569,5241,6658,8467,7623,6621,154,7935,6702,1975,3050,6895,8667,9197,5194,7118,1005,6921,8989,9200,5786,1139,1347,4232,5950,9620,5074,4222,1048,1852,624,2147,3214,508,7168,1801,6603,9678,8835,6745,6212,9204,9124,3075,2674,8196,1457,6342,7359,26,5135,5185,6063,8695,4296,2189,2194,7607,9964,3251,3874
764,5125,5395,488,2710,7608,8672,456,3648,8236,6931,7224,3754,4456,2747,37,2312,4127,2511,7216,737,8796,3008,8358,3886,9462,1653,917,6688,5588,5085,3349,3551,7730,4754,2754,1505,6537,8654,3356,4834,5543,8763,4669,1160,4245,7868,9793,5590,1656,1169,1133,6017,6934,1399,1679,7586,4325,8561,6379,3132,5105,1895,6926,7597,6243,4383,3231,2349,5101,8414,3575,1128,1125,3218,6101,5168,9094,4261,6049,8680,7652,952,1856,7742,3232,6296,2750,173,9897,4868,7662,8007,3462,2433,2233,2396,9965,7932,7878
375,9746,9666,7483,8455,4966,1563,9694,3106,9106,5413,199,4818,4254,3579,1455,1086,563,3371,8777,4633,8423,2290,5886,7563,9541,3472,4692,5364,6187,92,1275,3667,5565,5227,6093,6484,4376,9368,1484,767,9027,8800,6726,2350,901,7149,5303,2842,8974,2023,6612,8605,4166,3533,6522,2221,4086,9593,3104,5159,4265,7587,3204,9823,3989,9261,1087,3583,2586,303,1070,254,6608,559,5250,9846,9498,7615,8235,9869,9379,5808,7040,7220,2150,7834,1127,806,9392,8097,5912,6031,4428,27,7527,3284,9966,7841,7748
337,5011,9393,634,2962,4999,7403,842,3329,9240,7419,4878,8435,8187,4794,2205,2518,2613,2748,6112,7978,9357,5640,8265,7037,8200,1261,724,6218,6854,5571,598,4402,5730,2999,4225,228,5345,9008,5409,5081,4432,5984,7491,1692,912,7472,8288,1577,3180,289,1433,3389,7042,4352,876,7791,8782,8841,3852,444,5596,2464,8714,9152,4609,2182,2402,1691,3744,7580,2031,1722,9268,1575,3619,6604,9854,2803,8405,7215,9013,4771,1497,4281,1850,7388,1813,145,9898,4587,7447,8416,2973,6696,2890,4949,9572,7861,7274
2265,9747,9754,5710,7110,7043,4099,9582,1998,8037,6513,591,5414,5822,1356,4107,4023,413,5613,4051,3167,9059,3259,3252,3753,5685,3129,8029,3691,8849,223,7398,4557,7961,4002,4717,6120,2712,8683,4569,649,8985,9137,4347,2411,3544,9009,5295,2597,8962,731,7060,5405,599,232,7964,718,9067,7701,1558,6694,4405,6857,2503,9824,5113,7992,445,3327,4577,918,2437,499,3821,147,8178,9415,9470,9025,7277,9870,8944,3475,6752,8925,2490,5459,556,1395,9542,6186,4958,5278,5812,20,5348,7924,9967,5932,7046
2346,6725,1496,402,8401,4737,1835,503,2303,5756,3783,1062,7235,1955,2629,4424,6893,4330,3120,1771,3996,5472,8354,4105,1960,9609,6051,6447,3360,6161,2351,1444,3938,5273,3137,5869,3318,7083,2680,7450,514,3049,7084,6582,862,7058,5593,9306,2797,1350,6272,1963,9245,4574,3756,8041,6290,8484,5688,5974,7380,707,1862,4654,7480,7258,4809,535,2576,5097,7871,7781,4629,9659,274,5794,1189,7079,849,5072,9682,5504,4028,949,7536,4059,5446,1784,2282,9899,1676,6861,3717,5006,2550,4454,4104,9968,5662,4772
1953,9748,8463,3302,2940,2989,4138,8982,5893,1934,6445,2061,4133,2359,3314,944,8888,1045,4575,5231,9408,9048,2102,6716,6028,7378,958,7671,3425,3732,2223,963,4131,601,522,3700,2607,5702,8126,7055,2914,7107,8730,5211,2280,1216,8374,9369,1100,4890,3696,6007,9444,7185,6913,5687,4027,9161,8685,4209,8141,1551,1483,5727,9825,3680,1746,3117,8062,4604,5133,6718,5617,2763,174,5095,9326,8393,6516,953,8254,7349,5144,956,3859,4286,2053,825,4990,9599,1352,7141,6629,1635,65,3076,4836,9969,3386,2055
1788,9286,9141,2775,8380,861,3368,8503,3456,8542,6280,1564,4145,4812,3681,1478,2925,1456,4728,1973,868,7723,7115,6014,6742,8548,5174,1321,5587,5127,324,899,3565,4830,3841,2922,4368,4649,7471,4113,1585,2570,4114,5294,1605,3827,6787,7735,971,6079,91,5887,3334,3057,5692,4175,3495,7409,5838,3516,2258,3001,4164,5424,8846,527,7248,2671,8259,2813,7751,3724,3958,8588,1491,2593,8669,7936,7161,2624,8635,6751,5605,1088,4159,1685,3622,2057,2118,8758,5079,3985,6494,3169,2942,2383,4137,9970,3463,3809
1349,6979,8734,5450,7824,1475,4338,9052,2742,9263,5930,2853,2531,4194,2237,2334,5953,3370,3493,1268,3005,4732,7812,1892,6078,2538,5324,6607,3960,936,3561,582,355,5547,480,2268,3400,2502,7738,7790,3357,7894,2248,6630,4600,2730,7720,8612,3976,4497,169,5197,2340,5517,5585,5904,6663,5016,6626,7078,5201,1479,2448,7641,8077,3206,2465,1616,7625,339,4541,8281,2440,8643,3919,4682,9216,8679,4287,5320,9630,7804,3826,1198,4736,1304,6348,5141,1821,9600,2274,1076,4480,1372,1952,3359,7053,9650,6252,3836
660,2898,7467,341,3552,3401,7197,449,2198,9271,5628,5057,6897,4867,2322,1764,6288,3957,6579,6949,8464,7345,8360,7796,897,9344,5399,4410,4970,5111,3917,3254,5925,5015,2132,2394,464,7438,8350,2463,3420,4444,8317,6768,3606,2880,7950,9794,2716,1981,3324,6682,8539,5518,6425,3263,7188,4847,9030,4638,1783,3692,1820,7732,9145,4190,5656,3828,566,7146,8447,4941,100,9420,2140,5093,3484,3461,2868,3668,4751,7937,818,1609,1866,3278,8255,1567,2,9900,2794,3560,8472,3260,2733,2751,7528,9738,5966,4871
3678,9465,8837,2456,2801,8278,183,6088,3170,9179,3102,15,4683,4395,1232,2335,8776,217,4392,7344,9279,9187,8028,7575,8814,9773,5691,5158,6713,7648,4262,6340,3513,2092,5560,7775,1047,2220,8854,2725,1681,9189,8003,1916,2326,7693,8684,9613,1388,7731,1315,6515,8252,3627,7619,614,4126,7798,9000,5573,4749,4096,2343,1387,9826,7535,8737,2626,8966,890,828,1126,2096,7014,1510,2417,9132,4160,3072,8132,8976,8514,354,349,7430,4241,8670,713,5020,9551,7864,4662,6573,6952,658,1151,5796,9971,7418,1426
629,8836,5980,86,3857,8583,6574,741,5117,9127,8307,5000,7003,4331,3115,7569,8957,3904,5767,2318,9700,9503,7506,8760,4290,8719,1554,334,9287,7777,3270,1262,1015,8617,5857,1859,544,5340,8630,6780,7241,8168,7585,5129,1293,1527,7956,9795,3435,1752,568,6907,4324,7428,3930,3482,3952,7102,6822,7707,893,1607,1417,9031,9577,8162,1449,1744,1548,3221,7759,4538,1222,6939,496,7367,9847,9855,5627,5321,9871,4243,1051,3379,6306,801,6964,816,6,9901,8154,7787,8793,3476,4891,1610,4178,9972,8353,8227
2017,9178,6492,1528,8664,1458,6583,3615,5681,9085,4935,3190,6673,3044,2566,4711,6868,467,6044,8240,7784,9212,3795,6389,9417,9564,7456,5261,547,4806,993,1750,4962,6453,2110,5325,1928,6022,8492,8444,323,8364,3434,6847,1774,4589,4433,9672,4094,5699,2944,2862,9434,1001,510,8345,5541,3802,9201,1621,6664,518,3073,3788,9643,951,8253,157,7844,6672,1730,8261,7179,9146,253,7019,8106,8022,158,7412,9683,9173,7278,35,8540,1869,8861,73,4353,8220,7914,6393,8256,5430,1373,5530,6978,9973,5481,3256
1273,7029,9755,597,6827,5968,6936,3172,6182,9400,4285,414,6973,6937,1391,30,795,982,4960,2379,1170,8805,6237,1988,8212,7971,5614,1636,5310,7885,6129,6365,5894,7695,2667,3408,2419,5537,8424,5906,1782,4652,6180,8309,698,7912,8430,7165,5832,3536,5744,443,8951,7669,245,5034,2256,9370,8808,3000,8112,5275,6305,5175,8828,6427,870,1132,8726,5760,8432,8587,2154,5071,931,6789,9597,9391,3183,2688,9872,7382,7833,143,7137,794,3856,600,2745,8356,5161,7561,3026,6734,719,1556,6614,9974,5725,6216
1010,7222,9602,311,7001,6307,1320,1522,4355,9366,5952,1129,8100,5259,6686,1493,5483,3030,6674,3247,3268,9064,7280,8729,6011,9585,8156,6829,2846,8571,1191,4238,6957,7156,913,1588,461,7198,8428,9065,348,3542,8250,8093,823,4653,8987,9796,5959,5307,664,2863,5533,4755,654,3914,1630,7214,6717,2473,4274,6709,3271,7024,9656,7530,1064,3537,5907,9215,6927,8209,6185,9395,268,6775,6908,9327,261,9075,8875,7400,7475,124,6753,6518,2621,39,50,9902,8427,8197,4927,7232,699,3205,9205,9975,7722,6461
583,8301,9519,302,6790,3722,4354,930,4773,8759,8263,1499,8451,6050,4898,4390,8556,3675,6528,3564,6766,8696,9194,7797,1393,9670,7011,7817,4327,8458,933,6558,6248,6197,2812,497,928,8075,8603,8753,1211,2218,8920,5043,740,3114,9181,9614,6239,1755,1359,7039,8318,7558,1920,1632,3978,7987,5601,1429,3316,4718,3276,7559,9621,4675,877,1075,8280,9348,9162,8768,7953,8058,125,1823,5637,9569,2261,7190,9097,1889,7350,114,2263,5469,2089,288,7,9903,6123,6469,5434,6929,839,6172,7717,9976,7590,7022
171,9749,5591,453,7612,5318,8804,1620,5465,9086,8867,3441,6292,7705,2718,7718,8739,210,6446,4039,9762,9504,2536,8629,8765,4124,4291,357,6863,9007,5373,909,608,6331,6262,1283,1664,6055,8402,8114,3055,8316,9214,6413,2445,5876,9041,9524,3098,1544,294,3524,4128,2552,452,1814,2886,7766,4881,4851,2514,5878,4170,9246,9507,7758,1397,38,5712,2030,9508,8377,7249,1543,98,8304,9848,9725,4326,8829,9873,6776,5667,1108,9276,3868,5908,135,104,9904,8628,5402,9495,6234,3584,4527,5553,9977,7290,7328
265,9750,1344,2202,8336,6995,5811,8931,2981,8395,9496,2993,6999,2391,1905,6396,3140,241,4788,7897,9467,9158,5008,1772,1873,9433,1080,1118,7104,5753,279,263,6384,6487,1195,7217,5361,7399,9017,3589,186,5356,8851,1652,7184,6201,7513,9480,6266,8095,6146,8791,7202,3223,2103,8820,7445,2293,9517,2787,2884,3006,5693,8634,9317,3953,6027,1090,2584,71,1006,1184,604,4782,7300,8933,9849,8415,8865,8063,9218,5480,3858,4808,4246,1453,8694,898,1101,8977,6643,8357,6925,5089,21,4455,8928,9978,7543,6370
270,9540,9466,1164,3373,7940,5545,2393,2657,9133,7815,5527,5555,4710,1421,2524,8109,1442,6253,7236,9701,8970,1736,4905,927,8418,4564,1944,4939,7539,1948,643,6402,1791,5285,4211,2120,7692,8896,5152,3974,8352,8283,5112,1595,123,7518,9234,2262,2298,5403,8383,8631,2124,7307,3572,6728,9290,8798,8001,2324,2286,3203,6591,9622,7052,3662,1091,1179,2979,4154,1523,372,5367,937,7189,9376,4661,6647,5558,7875,7782,2443,5277,4973,333,7482,7368,13,7589,1594,7887,4579,996,3908,3451,7407,9979,3752,3800
1348,9359,7159,1385,2116,1298,4000,6181,1682,3082,2151,3142,3211,2356,1018,3355,7434,3341,2011,2620,8691,7433,2328,4929,7023,6117,3510,6118,3432,4627,3639,2589,1199,1226,3331,5408,3554,2662,6691,5019,882,4952,7392,6294,603,3153,6701,8736,3110,3676,3920,6230,8391,3848,6143,784,5703,9190,8633,4824,5462,2008,1096,4793,9401,2874,3099,3234,7062,5764,5226,3674,4052,4329,3650,3485,5754,7752,6152,1837,8993,7541,3230,505,7230,1405,5804,6156,3289,8595,4805,5192,6771,3100,466,992,2630,9980,2497,3891
1140,7903,4580,4460,8388,4799,8906,6874,299,987,7982,1518,5801,1172,4255,6083,9588,3013,1357,6587,7550,1461,8361,2024,8407,9774,385,6258,5665,7386,119,2436,4594,7564,412,5382,1977,6901,9314,8882,43,7233,3267,6166,7858,8961,4726,9709,7366,7005,6805,7579,9555,2091,460,7503,8216,2155,9436,2216,9170,31,2601,7440,9827,1525,3791,3527,7610,3777,677,1409,5818,9833,887,2988,5928,9570,1827,8528,9874,9035,6746,2816,8185,127,7207,2126,6407,9734,8183,6811,8738,2941,1035,3144,9277,9981,8105,4608
1843,9298,9015,5337,3653,6203,4873,8711,1057,8008,3888,2106,4058,3080,4766,2288,7639,1911,3962,6669,6293,9087,1023,4072,3992,9448,3424,5538,4976,6535,2780,4197,1659,1192,3779,2654,4889,1434,8480,1629,1502,4239,6983,6023,2636,1734,7765,3626,553,5050,3464,3984,8963,1436,6005,6432,3515,6922,8453,8161,5839,278,1888,6417,9468,3390,3233,1277,8487,7771,7070,6800,3178,9485,2000,2459,8721,5827,2476,1844,9598,6320,6333,3762,5668,2170,2166,7285,5154,8558,140,7293,5374,4631,335,176,779,9982,4179,4407
134,9360,4035,352,2078,7318,5334,3936,1124,9004,7095,5143,7371,2373,3739,4478,6084,3125,4273,1210,4936,9164,9023,8052,6430,9330,964,3409,7391,7852,4487,2982,5207,2217,2762,1970,1673,3780,8270,7372,584,7714,6170,5239,521,2708,7331,9410,4956,8624,942,5005,1756,2076,7540,6468,2583,9260,8890,7570,6851,18,4184,8784,9452,4362,5491,2734,6919,2117,911,2767,3693,9033,2001,1147,9850,9364,7169,7906,9533,9109,843,1701,5559,29,3347,4067,205,9905,5396,7699,8945,7108,5606,2698,8343,9983,7303,3657
297,8330,7805,4230,6451,4998,6560,2882,3849,2997,6436,1200,5884,4071,3611,2344,4045,2143,3413,5885,939,7077,8997,7479,6955,7762,1157,2232,2003,7100,1999,4457,2228,5836,511,6615,181,4396,2246,5957,1615,8214,6942,6864,6648,3123,5104,9710,545,1040,5289,2967,7920,2927,5771,1893,5788,6842,9169,8376,6782,1033,1313,5728,7838,6224,2648,3283,588,1503,7429,6852,2434,9176,1810,4876,9623,9202,2337,4508,8935,7709,4903,1394,5976,1778,3467,3556,257,9906,5291,4908,7142,3325,2034,2705,5697,9984,6133,5033
666,6988,7933,2915,7208,4581,6502,5103,519,8830,6359,3175,7743,3999,4010,590,1414,2998,3810,922,4618,3240,3402,6791,4465,3035,3330,3903,5694,6448,3244,5115,1719,5220,1299,4640,2623,4372,5336,6405,1573,5579,7756,2682,4748,3095,4439,9592,1155,3200,978,5998,4566,4820,4910,4707,1945,5642,4775,4440,4479,639,3427,5834,9073,1122,8042,2101,3023,3604,6972,6137,1285,3033,2679,2726,5191,3735,3971,6532,3066,7120,8165,3122,3065,1830,7496,2887,723,9685,6040,2596,6344,2275,4418,2483,4647,9318,4186,2935
2406,9476,3695,1123,770,6199,1705,2505,2010,7155,6619,1078,1703,3262,891,2857,6680,2485,1512,2532,3036,9300,6818,6194,8483,9775,3217,1828,3338,4893,504,4161,2711,2015,3562,6142,3686,7602,8113,1165,4409,8338,5441,5262,5433,4704,7919,9711,571,3881,1131,8087,8481,6950,7473,4471,6816,8699,9316,5036,962,3710,1305,5371,9595,6332,8392,4206,8431,915,1878,1173,3047,2321,2347,3147,9403,7863,8262,4986,7080,8184,304,4088,6946,3616,2371,4435,5486,9735,3965,4641,6556,5679,148,3702,3535,9985,2573,3344
3738,8905,2891,2609,7837,3885,1794,3558,860,8639,7127,2203,6555,1380,4205,3208,9521,732,1581,9251,4167,5854,3972,2969,8180,9776,7311,3336,8909,9293,581,6542,7101,8006,652,2492,1121,8960,9586,7881,415,2580,9305,2135,854,9449,7843,9797,4515,4974,255,3725,9806,1674,246,2684,6902,1880,9675,4251,7646,2644,5229,9255,9528,3712,1367,184,7696,9123,5562,9323,6945,3969,310,8756,8450,9660,836,8622,9875,4539,4826,2516,3437,4020,4030,195,769,9907,6987,9140,6064,7511,561,3945,6520,9986,8582,8306
463,4859,1614,2938,5962,1932,1115,1926,59,7761,7135,1917,7850,3145,4036,5293,9226,1795,3315,8222,4224,1471,9119,1539,8641,9506,4992,7741,7291,8348,615,4858,4292,5648,120,5124,1915,8040,8182,8550,431,4784,8856,6404,3745,8573,6191,9798,3814,2791,3781,8476,9450,4142,425,7770,6455,4932,9676,3894,9090,968,2119,5242,9715,5920,1245,4567,9231,1754,495,3317,6801,7411,2399,6935,8123,9177,1056,8728,9355,7907,5014,2199,3250,3571,4549,336,667,9649,5406,7788,3179,6796,389,3309,8733,9987,7638,6890
921,9664,6020,5779,7889,7468,1557,7076,2582,8482,1317,1345,3017,3143,1150,550,1532,565,4795,6974,4528,6739,9321,2253,4846,9610,3910,3025,4622,5672,3850,2426,5933,4048,3287,1589,392,5870,8855,5669,2454,3237,8438,6414,1956,3798,2903,9573,1233,3375,1602,7726,7136,5274,5066,6569,6810,6323,8821,2486,7090,4163,2080,5999,4856,6783,761,1966,6433,7685,7481,6886,5643,9101,144,7250,9396,7704,5659,5333,6517,8386,4520,3954,3731,2386,3184,520,8,9908,4295,6871,4959,2832,2888,3043,3742,9988,3898,2964
587,5431,7687,314,6429,7691,7806,358,2650,9264,5554,5068,6221,7319,4437,271,477,3131,6438,7816,1511,7679,9232,8074,2701,9565,684,1847,5017,1288,4449,1013,3415,5996,3407,2325,277,6562,8572,3784,4930,5502,5837,7680,1940,2380,7426,9799,2520,2063,5213,5715,8732,6799,3588,4595,8204,8566,8914,6061,4080,4493,4220,4017,8150,5217,4660,3603,1366,5474,7872,5782,611,9834,1516,7358,5452,5819,2646,3980,5037,7462,3796,1236,7309,2242,5387,1686,1,9494,6959,6695,6001,4060,2918,3207,4997,9989,5525,7186
1922,7945,5436,256,3679,1418,1021,835,974,9461,6418,834,5484,6145,998,3808,8314,4975,5122,7444,9336,9325,8937,7880,6720,8442,7729,8009,2954,7998,5360,295,6697,2084,5548,1474,6831,2818,6589,4945,6749,4463,6821,6312,5896,5821,7519,8339,2188,1700,1027,8279,7362,5770,5425,110,7264,9307,9346,8878,1655,2468,1586,4832,9677,1897,8035,5063,7848,1707,3173,1938,766,5626,6148,6225,6354,9185,8627,6571,9876,2896,513,239,4942,5352,8090,6279,411,9632,3148,1671,7631,6041,2824,907,8637,9990,5586,437
637,7911,8257,213,2489,7172,6105,470,1709,9128,8045,5510,3684,7616,2703,3943,8080,4339,5376,8653,4643,9584,8983,8505,1459,9611,2400,1504,7744,6568,4814,758,4684,5916,4097,2270,2310,4802,8850,2478,6996,6877,8284,6938,5365,6260,7822,9800,1355,1182,204,4843,6362,6773,3127,138,7832,8597,8877,8755,777,5009,551,8142,9011,7094,7204,4672,1390,711,6551,2173,267,5718,2376,5636,6705,9661,4253,6159,8710,8924,1410,850,3367,2619,9084,1994,19,9909,8501,2799,8833,3669,4172,3995,4719,9991,7092,6227
1353,9751,9756,2507,7337,8803,1464,9559,6013,4883,5806,396,7004,1787,980,5150,7112,434,6762,8175,5910,9553,8199,9016,9195,9652,5288,5119,5146,6504,940,5284,6990,6047,744,6034,883,3048,9024,8543,81,8324,3905,7592,3851,7026,7928,9801,3439,5798,7963,3152,9641,5051,815,8661,3708,6158,9122,3213,8809,3860,5304,5312,9828,4398,2544,364,8238,6724,131,1089,4132,9835,57,6991,9724,8626,564,7252,9441,9416,2435,2939,4271,142,4798,89,5353,9910,7883,7650,5514,2305,128,6328,8648,9992,4041,2676
2210,6236,8210,7855,4074,6075,863,9668,5592,8422,3150,1694,3594,2309,2743,221,5528,4365,6324,1555,959,9005,1654,6819,3775,8046,3348,7591,6068,5003,2585,562,2900,6238,5149,3134,554,6808,6982,3130,4474,2829,2796,4553,483,3159,4605,8650,3032,2455,995,2413,1979,2313,1951,1533,404,8952,8783,4278,8083,5153,4895,1669,9657,5986,4907,4370,7988,1411,4098,4358,5102,9644,2086,7611,9679,8152,6628,5397,9877,5156,5306,2894,6715,1030,3469,3838,4925,7289,1154,1657,3396,5535,2928,4448,7969,9993,5171,2375
1714,6840,8795,1476,6291,7352,4756,3847,2779,7896,3297,3580,6127,2362,4195,1361,3431,969,848,319,9603,8601,4117,3944,8608,8237,3229,6989,1699,3182,1148,686,4282,5713,4438,3530,3605,5763,7583,5255,5748,3805,4738,6750,2408,1731,5252,8033,240,4202,1330,8158,4988,2732,4547,6167,6094,6499,5379,6401,7882,1441,2257,3600,8842,4606,1168,4461,7340,4176,6641,5843,5313,9055,755,2180,9469,7334,3871,1711,9372,7566,1303,238,4651,2945,1885,7490,6082,4350,6297,1055,6164,5470,2706,5223,1591,9687,3652,3557
172,9021,8969,5848,3212,3956,2753,9329,2207,1910,6954,3202,4452,2869,2137,3531,6456,2916,1454,1891,9320,5742,3892,2897,6376,8189,4743,3582,2073,7601,3166,910,5611,2961,2635,4249,4110,6289,7275,5829,4397,6740,7276,5140,2113,768,6378,9274,2327,2655,3819,7306,7461,4213,4774,1745,4214,9515,2782,6577,3395,2691,2883,5645,9548,1061,2385,1307,8333,6347,6642,5783,4106,9224,47,678,9404,8116,7665,1628,9262,4529,5047,3570,5400,3592,579,2186,1272,3792,4852,2872,6872,1377,1470,4663,4503,9994,4156,2610
152,9186,3787,871,4740,6911,5407,6904,3757,8211,8055,715,5970,2311,2071,3909,7925,2498,3387,4790,9490,8697,6858,5260,5578,8863,4467,1280,5476,5464,4530,122,2267,5128,2093,708,3361,3450,7183,6846,4931,6509,6970,4511,2933,2731,3416,8807,2025,3586,1462,3591,1706,4250,2665,2422,4844,8303,4797,5523,4947,2241,4016,1925,8310,6037,7145,1909,8019,485,4412,7357,1735,9153,1371,5230,9297,7301,7341,1808,7690,5828,3782,2504,7151,3109,2087,4215,3601,8564,1785,5309,5054,4120,2920,243,3353,9995,2281,3241
689,5610,6812,1949,7455,5773,4394,2405,2088,8690,6561,2649,7783,6471,5162,94,829,4069,5813,7632,2357,8722,5768,7670,2418,8102,4408,2176,2513,1379,6581,2254,4855,2852,3112,3088,369,6466,7764,5189,2332,3337,2723,7605,675,1382,7898,9802,2470,2066,4957,919,3785,6056,2488,4015,8140,8705,7624,2009,3111,3020,5684,5044,6442,3846,8311,2778,5733,6823,8260,7967,3021,9493,1834,5568,7643,7874,2466,5844,3704,5729,8394,2496,6584,680,5203,1766,67,9460,4021,7181,4289,2659,2687,2141,3918,7931,1447,6652
1799,5225,6909,301,1092,7295,7240,669,4423,9759,9022,6848,8838,7143,6761,49,1326,4430,2837,7225,2758,9134,4688,3759,8517,7484,2292,343,5416,6108,5954,1992,3245,4791,3280,2296,640,6271,8818,5958,4946,6960,6850,6410,1728,2412,8871,9803,1196,1542,692,2192,4623,4658,646,757,8299,9673,9437,7809,1419,3281,1025,7414,9296,8915,4337,3274,8471,3749,9032,6267,6125,2909,1704,2515,9568,9531,6019,8153,9878,3083,2360,613,9238,4502,2774,943,101,9911,6785,9019,9285,6947,4201,4521,5809,9996,2910,4648
1310,8277,8078,4551,6024,6565,3666,2936,1724,8531,2695,2432,7443,1991,3929,2970,4614,2064,2423,4151,7477,4486,8248,7270,6968,9424,4565,2200,6763,3602,5598,2858,5762,896,1052,3993,56,6690,3940,7066,945,6704,6472,6162,2692,2493,2095,9463,2931,2209,4366,2579,7089,4597,4498,5851,6741,2546,8242,2042,5544,1937,4297,4299,8873,2664,6490,3351,6073,1477,6559,5935,3019,8300,833,7315,3640,786,926,5736,2252,8191,8319,4526,5401,2562,6634,1894,117,8866,6193,6903,3853,2865,1218,1857,4917,9997,1294,5810
1431,4469,3630,5269,6092,4026,2724,5901,2085,7134,3896,3369,3685,4626,2696,393,5055,653,1901,3706,7478,2907,4323,1552,5874,8815,4084,1237,5048,5177,1480,1136,2315,3191,2690,3403,4139,72,6357,3715,4198,6009,6072,5938,3521,4694,5964,5264,3385,4522,3487,3096,6147,2956,5073,5508,3446,8194,3723,5221,6192,1647,4825,5745,9716,1760,8208,1375,5625,2697,3612,3108,4377,8847,4650,4386,6920,6887,5169,5218,7018,7121,1340,2548,2005,2365,4752,5358,2700,9428,722,1763,5076,3922,2295,2264,6497,8186,4236,4739
5,236,1004,783,4897,6190,6200,7154,3004,8948,3820,4545,4642,4314,3273,1914,7789,2022,3764,2873,8507,7464,7523,1593,6883,4134,772,5532,6021,6580,735,469,5254,3478,2284,6222,2291,4744,5268,6554,4693,4778,1530,3818,5943,8111,3085,9804,3077,2307,2736,2366,4741,5148,4403,7006,6065,9104,9347,832,5082,2370,3835,7008,9074,1942,6758,2783,451,6018,7335,2992,2554,4713,4033,4046,9475,8746,2178,4972,6541,8051,4924,4548,6524,694,9250,6355,3801,9912,6598,6460,3105,1740,3501,1420,5675,9998,6235,2923
379,9381,8652,4313,2611,7260,5084,5831,5521,6435,6482,3133,4780,3714,4146,1028,7390,2643,5263,6719,6606,6637,973,4235,2038,7866,2795,7706,1187,6377,3037,2395,3629,706,3963,3321,3429,7254,8870,2673,3624,6035,7425,5120,3294,76,8460,9481,1400,3069,1877,8031,8397,2172,6121,5817,6481,9615,8340,5644,6392,727,1412,6283,9717,3719,4742,3569,7521,1265,6714,7405,5215,9338,947,1842,9851,3504,6853,3383,5594,6650,4543,4655,1309,2294,4896,5343,1041,8245,1665,5638,5327,1832,214,859,4305,9999,1024,2306
1143,9691,7073,7153,2851,1959,3243,9669,5429,7668,2430,5439,3613,3861,4687,1206,5058,371,4920,1177,9280,8862,275,6309,2555,7719,4136,7984,3804,7424,1899,1849,2231,2569,5599,1341,6113,7763,8744,8266,5630,5711,8912,2949,4416,164,5824,9536,259,3618,4516,7485,7985,407,6171,3440,5296,9144,5700,7572,6731,950,1536,6209,9718,3366,3141,1186,8599,7767,6371,8131,4229,6144,1193,5209,9624,7302,5618,2474,9397,5746,8125,1432,5468,3417,1640,8347,3747,5847,1726,5842,2044,4869,857,162,4816,10000,2403,2556
