-0.0955141729264344	0.38454438039349
-0.00589368123115837	0.111511391908326
-0.00827448444104928	0.0723309618178467
-0.0155918800050072	0.0695348043827247
0.0568154069450769	0.26520843267716
0.0119782793655024	0.484838943152983
0.0474597848450625	0.286189770535301
-0.0189637398212439	0.0633102569604327
-0.035405025622229	0.344634053345195
0.00259743506713119	0.188927770639342
-0.00626070240747162	0.400189321071187
-0.024208201186385	0.566890856867215
-0.0198309230964926	0.298064457768253
-0.0440832619254344	0.141225811073839
-0.000862431362428778	0.418040301305593
0.0713751671077212	0.600677534603531
-0.0216115584599123	0.12384416193379
0.0989354454590357	0.547599307263306
-0.0387335482266545	0.389679478846015
0.0757030014948307	0.591320304784373
-0.0487318278778516	0.150205109251535
0.0154127625943698	0.358251434446462
-0.0469786909765975	0.22644503565939
-0.0435463610096287	0.397353578194324
-0.0351590822965214	0.287309941835094
-0.0275383402545184	0.168407885246772
-0.0502498074112042	0.342808818470049
-0.00585584957407184	0.217088910443803
0.0169484922223495	0.320259703776162
-0.00202538621017246	0.446618581699922
-0.000900692911705567	0.257837108550023
0.0673370646171446	0.570431219936509
-0.00894707163473607	0.440625542110282
0.0131668231762339	0.553153427145513
-0.00903157812163877	0.590578918992288
-0.0655334412417842	0.256007782681571
0.0149296567112734	0.421426506462489
-0.0192643113728869	0.575195552287881
0.0347132066365968	0.330879538815769
0.0132323486156432	0.366525743168752
0.0207354120356172	0.230376887546781
0.0715652152313097	0.467560443259745
0.0263300597055425	0.398576728652883
0.057206761326728	0.494266907829388
-0.00341774056706675	0.482264020713717
-0.0807847008942727	0.182228238842122
0.0333785983957794	0.332313120299088
-0.000828679588631194	0.0811456273925357
0.016735763783939	0.575313061876561
-0.0489001899553818	0.309905167032617
0.0737327110614136	0.579133371728226
-0.0277781924639286	0.266983517440888
-0.0487409993733197	0.151540608747281
0.0914463049688101	0.295515187687493
-0.0472837611962885	0.288203114071242
-0.0583321438673181	0.289235796493614
-0.0788282438283051	0.319936437748753
-0.00695570052383652	0.0386300321495197
0.0697344280684463	0.174277486064586
0.0182360890362066	0.145408292369928
-0.0404562663706048	0.3121603497274
-0.0138270049130944	0.451948303153383
0.0309327940269278	0.482152124706592
0.0146707222267809	0.462852600610164
-0.0226944932049523	0.169809040988198
0.0057973548522528	0.556369079898407
0.0443160056105189	0.301934848706964
0.0620850963500426	0.386902978177258
0.0120937536423543	0.329691764435507
0.0193208676210472	0.274811183356924
-0.0265330861531716	0.273431624015779
0.0147280663962053	0.244483227496602
0.0563965776105349	0.490501350707007
0.0100887053729212	0.0651391217450612
0.00478667560239367	0.18887137065497
-0.033740103110285	0.562802084463023
-0.0127899225095555	0.0568870174102297
0.0515851940512724	0.28337183634919
0.0254740158057035	0.23161032123946
-0.053592322991879	0.591576937889308
0.0188174682217886	0.187906547377505
0.0431420752007507	0.32517552627232
0.00115902067907097	0.0533788686585132
0.099974639762701	0.195823142321267
0.0318366001485525	0.585107671450856
-0.00487055746144692	0.608608874630931
-0.0152942502282112	0.282941126332683
0.0607546867853003	0.208114490270038
0.00081618480062459	0.402495595780153
0.00274450771139088	0.0969011221736034
0.000196810623828885	0.625637611883004
-0.00953660670985309	0.570632258395774
0.0784352190959959	0.55010580599951
0.0463935725528661	0.624412274548574
0.101708055875963	0.319503969675246
0.0245304911917416	0.613921826764306
-0.0197516704221523	0.619493147908946
0.0107350826274024	0.0963759268166916
0.0790890551522442	0.579478646754244
0.0217132180562482	0.608426248651683
