5906,2583,7424,436,4919,2587,341,534,5069,7073,8200,8527,7643,8242,3216,4131,7541,4991,9624,5274,7240,3339,6707,6556,6532,4346,8008,2098,7472,4463,2467,1218,1267,4893,863,8853,5338,8046,499,5731,201,9396,2441,9337,9338,412,2551,1800,2297,6823,173,1790,8703,3779,6321,9603,3692,2625,5343,8613,6689,1198,1108,6619,4248,1302,6711,7107,7767,3285,5762,9320,5637,9407,4056,1863,3909,1113,897,1316,4205,9355,6459,991,9441,7456,1067,9878,1373,7977,5066,9523,6562,2518,5088,3318,7674,5788,5660,4117
7190,2287,1764,920,6853,507,172,4865,6939,8179,2803,4122,8718,8548,4151,2933,7444,6636,9625,7531,4339,7060,8203,7691,8349,2850,7785,7291,4983,2279,6834,7315,665,3512,973,7350,5397,6547,431,7010,479,9730,1314,9459,9071,243,378,3108,1475,7902,361,1848,8999,3967,3172,8637,7468,2138,1334,7876,4524,1165,3016,6442,2799,3238,4297,4431,8651,1682,5885,8614,7119,9852,6176,5625,6752,1339,3394,1576,2702,9214,8533,2921,8846,7441,360,9879,439,4794,4325,9490,9098,5076,4888,3291,7840,6007,5403,3885
3309,304,3731,3948,8273,8994,4821,4694,8406,4665,5390,5871,9314,3888,989,1588,8511,5463,9626,3987,2488,2201,1652,4693,9006,2371,5393,2572,2111,6738,2123,305,2462,4442,3434,9529,4723,7543,9348,4520,996,9731,3682,9066,9748,2459,2615,2795,8220,1639,4237,1405,9450,1925,7888,9310,7317,3696,7781,5736,955,64,1026,4701,4550,559,2642,7627,8982,3517,1245,9832,1318,7912,4760,1206,2023,434,115,4480,4098,8163,5722,1511,8737,5729,5594,9880,5963,5369,5118,9980,8969,2607,8524,6627,7336,4059,5357,3821
5574,3411,7868,1648,7661,5446,818,5538,3699,5512,2547,6173,9180,7426,4980,4883,7668,915,9627,2388,6482,6379,9027,1332,4200,7615,8635,679,2493,1997,4859,7900,3760,4530,1965,8759,5697,4477,268,8317,2108,9428,1027,5910,9265,259,2292,2364,232,7474,908,5423,6116,4201,8169,9352,6973,3592,6784,8885,7058,4116,309,7030,3436,6185,6279,4209,7286,416,2185,7162,1004,9001,1945,3425,5318,2430,1376,3613,5786,9075,5365,1987,8696,3338,522,9881,1954,3533,1195,9981,7202,5563,9357,959,7681,6195,7927,1722
4353,433,4373,622,6799,1392,319,248,8508,6716,7234,4354,8746,8683,2557,1911,5250,6359,9628,5945,3553,5926,5533,5377,8684,5868,5265,1653,5059,5499,956,3847,1307,5546,647,9017,5933,6955,1416,7968,1770,9591,2825,8959,9436,958,712,1002,4592,5969,1028,848,9380,3366,7570,9406,2846,2004,6910,8127,2558,2014,2954,4301,2905,2763,7270,5947,7906,1606,6256,9606,5198,9422,1411,564,1829,1916,517,2887,6805,7305,7093,3755,6208,4664,5922,9882,5345,4189,4243,9982,4719,7289,7404,6824,1893,4127,5831,4767
5231,963,7600,7365,9167,6964,3095,8148,8166,3577,4505,6950,8783,1501,5456,116,8738,5442,9629,3346,3941,1711,587,6453,5730,4172,4471,4567,7730,4404,3712,1665,1672,4884,1325,9541,2736,8293,9588,8896,1368,9532,889,4277,9749,2534,1319,6342,7860,2013,3683,5468,5860,2577,8460,8483,590,2776,7087,3498,5448,136,4309,4605,4839,1710,4316,6926,7878,3251,8608,9235,237,7953,4074,1015,9058,641,210,2372,2161,8182,3075,1615,3840,6280,3488,9883,1215,8171,7295,9569,5989,2939,8545,5551,3319,6487,8551,823
3359,386,6986,946,8339,5775,4816,6349,8539,3384,4295,5205,8642,1696,1900,761,8359,6365,9630,4103,5036,2267,1561,6708,8779,1069,7179,4486,2913,1104,2638,478,5213,4677,7242,9530,4786,7204,1270,9080,3831,9555,5009,8159,9750,2656,4384,7609,4307,4732,338,7392,6209,3467,7903,9182,4512,4114,5233,6140,704,41,1719,7245,4178,3082,2017,8686,9290,5620,1178,5441,158,8129,8028,1932,2886,82,1786,6856,1269,9144,7294,2456,7504,5621,1703,9884,1883,8268,1992,8863,3802,6241,8889,6499,4863,5851,9003,5695
1938,1105,8589,213,6393,3420,276,4005,6335,5716,8275,8289,9077,6962,4720,1761,7896,3693,9631,1685,7764,8765,7614,8291,4898,4032,7324,6593,2647,2389,3104,6403,1186,3676,1957,9447,2128,6918,311,4569,2512,9732,526,7310,8991,1010,2963,4145,1011,5821,307,652,4132,2256,5608,9298,5877,3234,8260,3772,6618,732,793,2627,4402,2463,5987,8446,7970,2841,3370,9210,3908,9440,2616,4725,2835,3444,907,4712,5874,7820,7932,1317,7460,4018,2168,9885,1873,5752,4582,9475,8652,4031,8892,2176,7339,5155,5336,1109
2915,2186,6242,1255,6771,5045,3144,4583,3601,7004,3231,5940,3603,5308,2662,1628,7260,3662,9632,5720,5313,379,7126,7791,8372,5565,4705,2819,3278,3484,3329,4186,3787,548,1994,8408,2304,3938,294,5080,3421,9470,1826,7802,8139,753,710,3924,763,3181,862,5064,8201,2704,6268,9188,3034,1519,6790,8672,7753,1369,1018,4071,1248,6238,4706,5757,7931,2899,4073,7631,4692,9102,3203,2317,4742,2301,962,323,4978,8181,7163,2247,6754,3757,2689,9886,2457,2464,3668,8357,5680,2873,6700,4519,6899,5135,6263,4407
7724,1897,4118,1034,2788,1591,340,1059,8004,6383,5930,7633,8719,7192,5089,245,7471,7407,9633,8080,4181,5983,2606,6697,2155,6167,7532,5090,6523,2707,6049,3452,3722,3473,174,6997,1358,4837,1233,7151,1542,5483,2839,3096,9480,456,789,6420,7111,3953,354,1613,9123,2657,6449,8282,4453,1644,6795,6458,5668,273,3133,5943,1228,6051,5972,7877,5712,3834,3110,9455,5052,8992,3364,2205,5209,1078,2970,866,3386,8875,8366,656,8733,5373,1608,9887,1391,6942,5670,9983,5878,5898,7999,5177,6937,6587,6436,7148
5847,3064,2818,5114,6382,3944,552,1009,6887,7750,4635,644,7109,4602,1417,1437,4345,2864,9576,9141,6096,3806,4699,2401,6592,4785,2214,6168,5258,5892,6290,5689,5103,3046,2614,9511,2976,6259,8219,3805,483,9174,1811,6381,9751,2743,1234,2077,3516,3493,3646,1500,8952,2486,5644,8704,4159,3143,4208,6582,7514,2051,796,7026,2480,834,5561,2760,7027,208,5617,9833,1692,8214,7220,1176,4317,482,4977,2203,1487,4133,5171,2174,4089,1260,6389,9888,4960,5759,2854,8782,4238,2433,6427,4955,4868,4019,1581,4974
6406,7265,6970,532,5600,4174,1991,2667,8252,5310,2917,5303,4924,1502,6574,1585,8264,4156,9527,6429,7512,6165,2399,4801,8074,2718,3356,5149,6654,2320,7480,3778,5503,3521,4853,9012,5669,7602,1609,8772,745,8932,2434,4280,9752,228,815,2350,792,8787,370,5735,9472,4467,3677,8068,822,3097,3009,7526,5425,383,113,6638,2705,3864,6745,2039,6141,2042,614,7858,6508,9520,9090,5208,5810,1276,8478,523,726,9185,3261,3614,7908,7222,2044,9889,1647,6936,3312,9984,2475,5360,4667,5841,6628,6169,2533,6694
5166,5827,5691,3814,6830,6680,4681,1550,6468,4695,2979,2748,2562,5724,3727,2031,7987,1264,9634,8007,4892,3208,5559,5888,6104,4378,6215,5552,3573,3306,5828,2084,4260,2934,2296,9278,1221,4756,2494,6776,1253,5693,1007,3723,9517,2918,3433,1103,1851,4930,2062,4142,8180,1076,6219,7844,1961,3114,2153,4508,3716,1975,2394,6201,2595,4903,5359,8303,4764,3032,2684,9150,3554,8562,9392,1760,5091,1129,4007,1286,4527,8831,6064,1698,4196,923,1143,9890,682,3166,2319,7744,7335,399,6651,5806,5008,453,5557,1891
8225,8018,7591,2865,8894,977,321,7366,8919,7320,1904,7638,5206,7726,4631,33,2749,3058,9494,8975,3674,3565,620,6319,7751,4445,3902,8218,1281,4464,7873,2651,5796,4496,7105,9121,384,1825,5995,7947,579,8301,25,1158,9753,558,5589,2246,3558,8649,1249,6521,8342,3540,7835,9259,602,2308,6063,8954,8943,1125,803,8981,2658,7304,3798,8680,5507,497,767,7825,5846,7883,9537,7152,2360,631,9322,2142,1455,9862,9190,2101,8454,6640,7893,9891,5086,8085,4698,9985,9191,7000,8745,1733,8433,6931,6880,1237
2916,6254,5193,627,8591,1531,1406,5278,8532,8227,2544,5126,8104,2508,7252,15,8592,4024,9635,3718,8340,2003,269,5480,8407,486,8474,6569,3249,1160,8354,739,5438,5115,5044,9712,2312,5771,2546,5353,3694,9733,4167,2489,9754,1833,7569,4351,8398,6175,461,4939,9467,4835,7648,9232,1084,5698,2926,6302,7454,289,3408,8813,4500,6911,4803,8877,7985,1574,3158,4525,258,6352,8845,2331,7448,27,8154,4222,2254,8334,5305,2719,4749,7935,1000,9892,943,8033,2766,9417,2491,4187,5840,5764,8021,7094,5136,8338
6363,7102,3322,4608,3348,7690,4810,5404,8681,4744,6622,7729,2832,1091,7345,8,5915,1513,9636,6285,1828,4001,165,2501,721,4123,7677,5437,2827,9201,3883,2170,6710,3587,292,9063,569,3591,9514,8026,2438,3685,4175,1139,9755,7544,6320,5164,3439,3214,4838,7587,9438,5635,9258,7737,104,4925,7875,8120,9266,921,1062,8620,5023,4738,6884,7285,5380,3651,5268,9445,938,5469,4971,568,4740,35,5025,2524,3039,4405,7458,922,2603,7354,9506,9893,5866,6620,3545,8764,4008,7213,7714,2143,8185,7271,5082,7956
5742,6105,6982,7007,8300,2957,6243,7405,6630,7640,1718,6696,6407,7773,7376,87,8386,6265,9637,9231,7842,3579,420,7208,7975,5948,5071,7899,5314,6765,7699,2528,4552,2007,471,9239,295,310,7734,7892,1694,6549,703,723,9756,2635,6759,4949,7670,8812,512,2940,9360,1744,5916,4619,195,465,6800,4523,1746,324,1394,8160,714,924,6804,8141,3781,1526,6437,9565,7455,9261,8695,1262,7015,1118,3865,4285,1401,8304,3092,841,3157,6246,9236,9894,7757,7047,6559,6020,8677,3021,6597,3872,8458,4215,8176,5119
3273,2522,4533,1772,8226,6081,3608,7274,5914,8323,1582,1535,8792,5224,1577,1041,9159,2605,9324,4833,4628,2396,2381,6373,7323,567,5776,2009,2855,5650,4041,1382,7117,3921,4381,8328,4343,7127,9497,7642,4370,9502,835,7200,9757,5560,5523,5756,7332,1927,6029,1123,8980,3497,5711,8664,8014,4195,1222,6307,8100,264,2180,8387,2941,250,6188,4846,1364,2406,1528,9154,1430,7654,6974,419,974,427,312,4275,1832,5295,8272,4918,7353,6491,5653,9895,2413,5519,719,8480,8297,1750,7790,6309,7384,1794,6439,4636
2309,4173,4591,4585,6534,7096,2682,639,6949,5033,1066,4522,7298,1713,5370,1277,7253,4772,9638,8735,4482,2378,2349,5005,4792,4025,5072,5842,6920,3844,4700,3279,2545,2081,2096,7300,1037,1547,1097,5363,4211,4657,2553,1866,9297,2035,5001,5137,6057,6002,3228,4091,9288,4315,3008,7588,6527,842,6551,4010,3724,60,1769,6273,2008,2953,5780,6922,1128,2421,7168,7134,6351,8781,8827,1380,5024,2145,1006,2653,2598,9340,8164,1032,6086,3105,1623,9896,708,1459,3220,8306,8864,5973,3186,2240,3212,6600,6886,4259
6248,5734,7869,265,5887,6235,855,805,8390,7605,7763,5034,8607,7623,5532,3853,3232,4239,9639,4710,3476,5601,2362,4818,5649,2029,4927,6353,6704,3501,5079,4336,934,4421,2280,8662,3456,6120,7301,8095,1921,7167,513,5634,9758,47,4970,3031,4364,8399,46,2604,5104,1472,4775,9332,2919,1831,7989,7401,7998,2666,1175,6223,731,5406,3363,7937,8138,1075,2961,9607,5562,9423,6093,6110,800,1743,5928,3426,1943,8962,8888,3789,8801,5366,270,9897,388,7477,3509,9385,7147,1263,5276,2631,5793,4302,2769,4765
7153,7386,2278,3160,5666,215,2162,2471,6748,7297,6664,6109,8882,2860,2859,303,8570,4551,9640,8794,3323,6385,8998,2889,6683,1428,7018,6987,6954,623,7464,5270,6262,1525,3347,9216,6010,1157,778,4737,3458,9195,3195,5342,9350,218,1272,1573,2929,7182,1063,5378,5961,3839,6876,9056,3013,2262,3287,7025,5176,1624,1468,7990,1646,4607,6082,6730,4931,4561,5927,9326,4342,8603,9219,2139,7129,368,3272,194,4580,9048,6312,3060,6211,5344,1968,9898,1396,1978,2492,9294,2001,6283,7715,1012,6873,1805,2189,7682
6960,7387,7565,5765,8914,1192,1960,5867,6772,6866,5692,8391,7981,7196,1787,106,9053,5043,9641,9157,1758,3988,95,6414,7241,6859,1173,7965,5585,7663,7236,3555,7118,2663,2585,9092,285,1131,9717,7496,979,8257,1130,496,9759,5727,7052,768,7348,7774,3600,450,9439,4668,8729,8550,892,1241,6820,5702,429,610,3163,5122,5897,790,7106,7722,2068,2410,4150,9225,6106,8411,9203,1495,8346,2306,83,4344,2172,9863,8216,749,1359,4015,8833,9899,6060,6892,4406,9442,6586,5787,5234,7607,8442,7257,6078,3575
7101,8192,6971,5746,6914,2974,727,8056,7056,8494,5959,9262,8090,2565,1239,93,8928,6432,9539,8692,3174,4110,681,1390,2177,5862,2509,7143,6808,8292,5516,1516,6015,1869,5315,9088,1039,2367,8105,7787,617,6793,1781,637,9760,4140,7513,2121,2146,8231,3209,2931,9067,6329,8960,6522,1656,2834,2923,4936,2382,445,2178,8364,5379,678,5236,8878,1872,2746,5556,9327,3276,8987,9408,635,7992,1388,88,2305,994,9425,5368,1305,3414,2446,7839,9900,6101,4904,4716,8750,2720,1484,8455,3964,3916,7572,6391,7697
8492,8653,5774,3428,9044,6152,4548,6845,8235,6128,3654,7628,6328,4303,4300,12,5244,2787,9642,9173,1751,2234,101,5358,3763,4614,2894,7429,480,8699,6503,820,4750,4469,1170,7901,98,1505,9359,8318,4350,3537,850,1205,9761,5042,6396,1212,6946,8168,6506,3337,9429,6794,9093,7775,54,1808,6558,7776,8934,86,5207,8657,5815,7923,6410,8556,3889,2232,2384,8800,1366,4147,7402,4780,2579,430,9184,3326,730,9076,7582,1177,2257,3472,9356,9901,7306,7146,3871,9986,4155,8210,8609,1930,8893,6591,5706,6862
7264,7832,3977,3506,8970,5095,5140,8412,7963,6983,4563,7227,5678,3687,6004,16,6666,3431,9643,9300,2960,2477,105,4369,4264,6657,2910,7709,684,9055,5918,1036,5428,4212,2215,5784,96,1856,9553,8294,2902,4337,348,984,9762,2813,7669,1709,5710,7378,6216,4935,9161,5965,9018,4860,38,1312,4029,7846,9267,130,3697,8580,4622,7528,5636,7469,4940,2171,757,7769,1124,6474,8945,4856,4504,572,9002,3418,1681,8993,8600,839,3173,3248,8834,9902,7212,6151,4933,9612,4193,8712,9526,1138,8156,7537,4326,7002
7880,8585,8493,4896,9464,2057,449,4942,8382,7915,8208,8770,9199,9446,1532,70,5121,7057,9644,9698,2233,4784,396,7427,6336,6418,3489,8197,4624,3930,8586,2222,6675,2083,649,9272,31,584,9432,4757,5217,7948,432,1425,9763,4491,7181,1508,5132,8854,5843,2269,9351,6448,8843,9028,139,494,8332,8918,2302,163,3678,7711,4829,3901,7687,9073,1460,189,3794,9834,4143,7312,9196,3776,6607,3257,997,4498,1120,9864,8777,500,5951,5663,6190,9903,3946,6813,2753,7651,8486,7403,8899,5340,8537,5346,8122,917
6702,8913,7683,7248,9069,2561,6024,1440,8948,5028,3795,8698,6673,4911,3454,9,3139,3404,9645,8995,3295,1324,164,3826,2374,3691,4755,6667,814,8286,5853,537,6637,5190,571,9347,230,3736,9589,9274,3628,6478,3993,2070,9764,6832,7579,2073,8429,8312,6507,5060,9162,3625,8452,9562,263,2560,7710,9260,5823,320,1792,5334,1448,8299,7547,5247,3532,3585,3242,9176,964,3123,6968,3296,3487,24,7747,4571,1065,6871,8922,675,5157,5659,7805,9904,6975,6227,3504,9987,6194,7084,8043,3897,7226,2556,4963,2678
8186,8352,8207,1338,8755,5078,3382,5896,7516,8241,8263,7783,6358,5975,5261,23,9037,2193,9646,9443,1693,2712,184,5584,2908,6658,4210,7800,2866,8187,7828,2403,4478,3107,1661,9336,196,1384,9308,8476,6050,3301,1789,2216,9765,6656,7391,1859,6766,7997,5647,914,8871,3951,7949,5187,71,2299,7046,7038,2094,913,3725,7422,3455,759,5429,9046,1400,2949,6444,8722,1654,8215,8467,1684,6979,2355,183,3880,593,9544,9165,315,3903,7099,7856,9905,5477,5461,3330,9345,1225,6247,6372,6727,7806,7355,2385,2335
4377,6786,7978,5027,8526,3868,2277,3830,7176,8348,3282,4457,3932,5035,6276,14,8714,3390,9647,4011,3791,1483,68,6233,6340,1617,6374,7966,2337,3130,5180,936,6720,3078,4511,9301,607,1060,8567,8237,4153,7988,2380,1298,9766,5605,4430,1434,5708,3566,4444,3747,5904,2390,7597,7845,1367,4341,4013,6930,8673,65,3918,6397,3115,7546,5879,8431,6851,1603,205,7796,2460,8161,8822,2591,1093,67,8070,3726,3820,5817,7925,503,5537,6935,4680,9906,3087,4938,5492,9988,6111,3817,5007,5384,8254,6539,8462,4099
7502,1049,7095,128,9114,4162,132,1137,6298,8383,7341,9230,9418,8205,4282,4891,5391,3067,9648,6402,4413,5800,4773,9411,9496,2163,7399,4590,4568,4082,5604,4875,371,2415,1467,9713,7684,8965,1714,6286,392,9734,1098,9534,9371,57,1254,2010,3406,8979,56,951,6951,414,3634,9563,3081,724,6470,7865,7626,1935,2589,5388,4262,7718,6778,3689,9564,1345,2112,9543,7140,9610,4396,7088,4227,1571,7913,3247,5183,9865,9171,1288,9874,4454,1619,9907,1944,6885,8347,9989,9323,4058,5550,2478,5395,8569,950,5994
4778,3586,2634,5347,6334,7008,810,4989,4584,5243,5583,6932,8073,2107,4412,663,8413,4064,9649,7834,6796,3162,2470,1791,2429,3819,1895,4510,2539,6172,4834,592,6143,3217,3205,8909,2871,4328,4894,6126,826,6204,832,4033,9767,1699,4042,1214,2080,3713,3164,2664,8953,3495,8013,8041,3874,2741,6441,5498,6366,514,2419,6404,3024,896,1521,7866,1493,2737,4330,9211,3882,8557,8222,3397,5758,1210,804,1412,2538,7318,5216,685,1169,4319,3947,9908,2909,3596,2465,8424,2754,3196,7001,3298,7723,5768,7319,4741
5509,7432,4362,6275,8177,3377,875,6999,8682,8194,8277,8908,5408,6422,1862,111,8828,4968,9650,9277,3380,2151,281,4224,6623,6764,2157,6833,6419,8859,5610,1529,8099,1527,3246,9040,506,1347,8451,6801,335,7855,493,662,9768,4731,7292,903,7112,7218,3023,1447,9815,5803,8730,6343,1480,3985,6225,5699,2987,267,2715,8381,2717,286,4541,7276,2159,5444,2405,9334,4226,9113,9415,1840,8206,2468,48,1841,618,9866,7224,736,3669,6581,8775,9909,7415,3979,6712,9613,3922,2982,8377,6006,7100,8109,6701,7217
7539,5489,2809,1934,8262,3520,2024,1438,7986,8895,7081,4023,9263,7049,1363,1231,5633,5375,9651,7207,2984,4791,600,1543,3960,2115,5413,4096,5566,7254,5142,1536,2600,2250,518,8860,3457,7678,5864,8188,495,9247,2762,3317,9769,1953,4825,7780,5598,6541,1766,2733,6904,1473,7342,9452,6869,1837,7393,4643,8271,252,1300,8721,4072,2273,7969,2988,8639,3409,2536,9835,1666,7171,2188,698,2220,162,1918,542,4917,5661,7334,291,8880,6538,2407,9910,2619,8086,2955,8904,8491,3448,4334,5681,4439,5300,6138,4869
5478,2156,6180,8590,9363,8368,7470,7608,6481,6881,2967,5106,9364,3283,1949,458,8459,4112,9652,5576,3644,1421,481,4483,7331,583,5832,2708,2289,8728,4086,484,7199,1548,4766,9245,1708,4957,9718,7843,3320,9735,2224,4197,9770,6350,8204,5996,8760,821,5833,2981,9460,838,8495,9421,3807,3647,2204,4586,6571,19,1353,8826,3066,1031,6827,6528,9020,2768,151,9836,406,6552,8574,633,544,124,742,2527,4449,4440,7459,1962,8542,6584,9875,9911,5100,7206,4313,9570,8940,3850,9060,5386,8742,3550,8906,7443
7372,1849,7870,192,5753,3740,4079,5935,3721,4323,3686,5392,7895,7142,3093,221,8158,3732,9653,8883,5070,2541,857,3494,7373,3796,2513,6514,4947,3700,7437,1951,3768,4901,3048,9169,2586,2986,1485,8616,1074,8707,872,2812,9771,3626,4473,1284,1804,6594,1337,4204,2683,4877,8700,8807,257,806,2744,8668,7882,1741,1964,5093,3881,3134,3305,8731,3762,3837,6324,6356,3652,9291,8753,2946,6990,2495,6545,1383,747,8996,4653,1668,6879,6065,511,9912,735,3813,2936,8604,2276,2840,4879,5493,7675,7216,4798,5558
6981,5687,1207,3116,6466,6629,1598,3681,6119,6299,7138,5221,8901,6616,6129,1414,7463,1251,9307,7445,6345,3627,5979,2823,2770,4095,7150,6575,5201,2218,5012,4676,2505,2771,3049,7786,317,4293,4078,657,4649,7481,2229,1580,9772,1278,4188,2329,8189,7035,861,3260,9430,4612,3797,8221,5113,556,1510,4902,5737,166,2530,4062,2103,6210,5956,7397,2445,2435,4770,9284,5750,5144,9383,4026,5220,1823,976,346,5192,7688,1490,1923,7933,3750,2053,9913,628,3704,3331,9402,8717,3605,1341,6331,3459,3997,3801,4952
6161,4625,5883,918,7495,2608,2324,5655,7434,3767,1285,8560,8847,8971,4890,161,8829,3415,9654,7778,5743,6214,1677,2504,4080,7646,2369,1266,7473,6889,7237,5015,4627,1386,6001,9477,366,598,5481,5485,1072,9515,786,1203,9773,3041,4198,1651,3403,7707,4329,3189,8173,5518,8650,8868,1346,498,8146,4383,5849,110,3595,8261,4459,491,5981,1618,2134,1458,6207,8732,5790,8376,8839,1315,6599,4278,4461,1812,604,9567,2824,3315,3303,4831,6145,9914,3372,6003,773,8823,3446,5974,7926,4832,6572,6792,3965,7068
7382,6645,6690,5535,8274,6197,7170,4400,8135,8396,3898,7705,6965,2408,7235,10,3255,2150,9655,9087,6244,1579,200,2574,1687,1161,8081,5684,390,9100,5073,975,7089,4985,1043,8786,209,1875,9590,8597,5022,6818,1688,1426,9774,6722,5324,3485,8230,5364,7475,8643,9032,6252,8933,9389,279,5475,8015,7861,9134,42,4069,8599,4861,5134,5703,6836,6855,3541,858,9068,521,2843,4753,797,801,30,7943,2878,1381,5094,8356,658,5988,6758,9312,9915,8267,7497,7507,9571,6626,6611,9023,4906,8633,7940,6996,6046
2649,1151,6249,247,4557,4758,145,1247,3197,8023,6665,5049,8290,5539,3284,2816,6682,3233,9656,4748,7337,5054,8473,7421,4656,7290,3774,3378,4166,2133,8578,6659,3952,4213,2356,9128,4299,6205,671,1880,1936,9736,2725,8258,3829,2245,1439,3560,748,4146,827,5246,1554,1330,7731,8638,7037,4493,5416,8416,7575,1590,2745,5709,3235,4484,4944,7549,9108,2731,2869,7589,325,9177,5418,2532,6553,2244,1774,1133,1174,6762,7831,4781,7939,6648,463,9916,887,4702,2451,9507,2540,5588,8670,2363,8769,7273,6212,1420
6179,1830,5333,5361,7798,6687,7375,7395,3810,4100,2687,1433,9026,720,5405,4642,8566,5857,9577,6070,2087,2125,2169,1642,6199,781,6341,4093,4436,2343,3671,345,5797,3756,5252,9170,2932,8010,1919,6868,876,9466,3539,9142,9775,1567,7736,7043,6837,1553,2432,1486,9816,3954,9138,9372,5294,5527,1517,9250,2633,55,3005,8314,2303,80,5128,6798,7889,2327,530,8869,274,7712,6726,1096,1211,220,459,4640,5411,4532,8393,6239,9384,2724,8857,9917,2149,6485,4366,9524,9215,4294,8199,8322,8175,5168,7478,7466
3730,1141,7755,5820,7568,5616,6255,6516,8088,7406,1088,1757,3029,2136,3852,13,6413,5683,9657,8360,6846,2212,306,5607,1898,6337,4395,7488,424,1202,5232,524,2925,3375,1443,8870,777,2387,9531,7735,3543,4388,2195,2575,9776,4526,5491,4418,3583,6033,3915,5133,8324,3068,6750,6236,156,1871,2154,5612,9208,561,3527,8036,2609,4727,5127,8365,5521,3006,5950,8343,1462,8725,4849,1404,5850,2640,7188,1604,2879,8335,6829,1676,2461,6177,5894,9918,2811,7576,6412,9341,1959,3895,8641,2739,4813,4807,6938,7847
8049,8097,3739,4941,7032,7326,6564,3043,7979,6671,7022,7818,4135,4119,5046,21,6755,1984,9578,9238,5325,2792,125,4565,3961,6774,2285,7214,2993,8428,5755,1268,6162,3274,1850,4843,90,2164,9122,8249,4424,5041,1279,1073,9777,6132,5618,1695,5623,8003,5211,1453,8916,2659,8872,7086,121,692,2673,8137,9089,298,2692,7905,4271,7059,5721,7666,1583,3369,1064,7020,2428,8107,8814,7014,7550,933,7120,1861,2660,9377,9083,1354,1674,3538,9059,9919,5130,6641,2876,9572,1922,7169,9050,329,5998,5178,4782,3440
4864,2900,5223,1122,8666,3735,7511,4092,7596,4811,2691,7203,8851,477,8211,1912,8758,4652,9658,5629,6909,5909,2968,2700,4704,541,8842,6258,1409,4387,4587,1917,7534,4603,5517,6826,1952,8374,2690,8465,3963,9737,935,9081,9778,538,7930,7629,4177,3703,629,2852,9817,6740,7984,9390,1121,5778,3324,8961,3200,76,2515,8441,2412,355,7636,8939,6443,993,932,9414,296,4679,8432,1230,783,157,131,2431,6311,6509,7263,6839,9029,6378,5895,9920,470,6240,4529,9614,9221,7225,7826,7394,9166,6315,4494,6679
2075,6013,4185,2943,5957,8947,7223,6102,8034,5327,3649,2578,4067,1626,5908,59,6452,3552,9528,7420,6408,1933,179,3103,547,5245,6972,5039,586,9256,5579,871,5813,2251,1470,5061,1274,2778,9554,6144,3035,2911,2498,728,9779,4521,5876,5870,4954,5433,4678,6526,9302,4503,9242,3523,1941,3619,2868,6803,6471,2436,1633,6536,3362,1100,2259,6850,2709,4425,1469,7719,1799,6609,5430,141,4761,134,4629,2275,3304,4542,7232,1635,3650,6100,8946,9921,6891,7325,5139,8336,2054,6314,5277,6603,8358,8564,9004,6477
84,176,746,36,2064,1720,2175,3086,1671,5925,2181,6462,8552,2602,7676,3355,4433,3738,9659,4240,6729,5872,4139,6222,6043,5929,4908,4390,4108,2559,8513,7693,3530,2677,3479,8915,2806,7346,290,1924,2282,8977,1670,6749,8541,2129,4393,3695,4385,8313,428,1913,4291,4452,7695,8296,2206,2290,4969,7851,7754,2313,1763,5541,1638,3201,4958,7184,5920,3690,2883,6424,4724,9292,8069,3227,3094,1349,5185,5075,3371,8202,5652,2580,7797,6546,615,9922,1721,4827,2571,9501,7599,4572,6713,4610,7716,6612,7759,5398
5301,2370,7577,212,8178,8193,4109,5031,6663,6589,7980,6703,8924,1322,664,3936,8006,2452,9660,4490,7859,5875,8667,4609,5725,1942,3070,7377,2648,873,5738,5586,7490,2341,2166,9279,3241,6192,1456,2601,5419,9280,3621,5646,9780,550,6520,3253,4414,8096,89,5256,6251,2474,6835,9453,4663,438,1077,7936,6415,2514,2377,8345,3563,4225,2122,8535,3499,3717,2920,6725,829,8498,9424,1589,2914,191,4398,2797,3972,8955,4799,3080,8489,5098,271,9923,902,4014,817,8536,4714,5286,1842,2838,6746,5845,4979,6037
2392,2711,3037,451,6844,2487,1492,1355,3429,3500,4051,2857,8157,6224,6021,4990,6816,4577,9661,7186,7613,2213,8930,6867,9315,893,7275,7139,2295,2158,9039,4358,4866,4684,1372,9552,6670,7656,467,5263,3816,9592,2272,8568,9503,149,5096,4575,4802,4962,39,5826,6767,4312,7316,8797,6819,1860,464,8190,8253,2330,1199,6756,3635,3308,5992,9034,8213,980,1126,5000,2298,9462,9375,2160,1704,51,5694,3385,4427,5116,8558,5230,8490,6313,359,9924,594,6438,1817,8754,3845,4438,4812,5241,8443,5306,7660,6543
3192,5412,7494,535,8022,7521,2783,1864,5944,7655,939,5077,6184,6304,3026,695,7741,1637,9579,6674,6895,1584,2728,6773,8976,562,5726,5474,1597,2208,3931,717,5858,3022,5932,9151,5040,6011,2065,4219,3352,9031,3466,4588,9781,3589,4125,3079,3858,2321,117,6941,5970,2270,5873,8820,5253,3401,1197,5937,8031,683,1082,6947,2375,5458,3833,7535,4886,1910,2948,5839,770,7713,9178,4272,5751,791,6753,2676,1259,8628,6431,3665,8042,6034,674,9925,864,6123,2801,9271,2179,1937,3297,4372,7340,4180,7465,4993
3680,4134,3510,2037,2092,7135,455,4290,1524,6555,6164,3335,5196,2569,690,278,5421,1999,9662,8145,6231,6076,3153,2473,2626,5770,3914,6454,5003,3491,7823,5197,5881,3572,3357,8806,4848,5886,1839,2066,2829,6898,1145,5014,9782,3753,3353,3737,1504,3148,1223,4061,7210,2831,6688,8710,574,3345,2223,5938,3975,1950,1928,6576,2485,2499,5222,4659,6660,3161,5182,4862,1303,7483,7960,3243,4735,1705,527,2183,2078,6399,4910,2808,4352,4998,1185,9926,1477,2418,3218,8485,4806,5471,7945,3556,6272,5307,6310,4907
4999,5472,2686,5626,7485,1119,881,6494,6614,7080,1403,8089,5120,3851,4367,1497,3709,1068,9546,4179,6008,6847,2152,5058,3437,5891,3310,5490,7517,3984,2361,2197,2622,1955,3007,9064,4460,3332,9719,6995,1533,9281,214,6027,9783,5259,573,2291,625,2830,2735,3917,7958,4365,6751,9333,4296,3165,6984,4685,1056,2239,878,5026,2999,1127,2610,6344,7262,2141,5501,9837,1737,9373,8447,3219,1882,1150,1885,3438,1562,6923,5319,1929,8394,3412,8676,9927,2043,3959,1445,2525,4546,4228,4044,3659,4836,5508,4964,2249
4314,4164,7016,254,5667,7033,1153,2845,1806,7622,6497,4729,8510,6090,2510,1444,7034,3391,9663,7017,7809,5131,7358,7548,7074,2758,3733,6147,3400,1457,7045,5863,3899,1250,1820,9419,4559,4422,2398,1779,4434,9331,2680,5150,9556,2079,3890,5017,2016,5990,44,2520,3151,3256,6672,8720,5624,1649,2137,8035,2888,2088,2875,6099,2710,5204,3822,7795,7123,2263,4347,8319,953,9035,8773,1784,3001,686,1220,2975,2706,5791,8523,1686,5487,5997,351,9928,1085,4428,1702,8697,3720,5006,6495,2347,8500,3215,6339,912
6822,6088,2481,6061,7871,4075,1915,4171,4094,3413,5279,1798,8950,3019,3478,2810,8647,2358,9664,3969,5320,4696,696,4191,5422,3609,8353,5414,3271,7368,6510,2740,5631,3047,3518,8780,1095,6360,4824,5854,531,9397,1569,4995,9784,2952,3502,6278,6028,4844,3052,2723,9000,3664,6322,8619,1570,2730,7201,7205,4711,880,1559,5675,2641,73,6957,4538,7161,2338,2483,8944,697,6860,9097,2318,1888,202,377,2681,4050,3395,8479,3894,7782,2983,8506,9929,3978,2102,1116,8810,2264,6146,2636,297,8584,3661,5087,5352
4808,2650,7698,225,8326,2074,883,1046,8509,7362,8804,7177,9575,6681,2990,4276,7523,4481,9665,2352,2945,3786,3841,3392,4286,7428,7050,2076,6655,3529,5050,3171,904,1920,266,9148,5903,8409,488,3492,1038,9248,3198,6148,8951,387,1599,4221,3091,6525,277,794,6978,811,7255,7918,7244,1914,8966,6377,6463,357,4540,7349,2397,5440,4651,6989,9209,2847,5400,8669,3229,9164,2097,1796,4517,2424,1343,1101,6297,9253,7867,476,9305,4531,1801,9930,2191,7758,6472,9990,8790,3624,8629,4233,7814,3299,7238,5264
6084,1537,2786,6260,4144,1045,3328,6925,3701,6171,4934,4966,7259,6893,1461,1979,3875,4077,9509,6735,3873,4555,5108,6174,6854,6044,5304,3710,3702,5627,6158,4441,4953,1424,2458,9317,3470,3112,7652,3623,3645,7625,1134,1575,9595,4284,2422,188,6897,5777,1071,3137,9163,743,4356,7343,1356,2058,5181,3860,898,2266,543,1977,1854,1379,4984,2906,3125,1494,4470,9838,6149,8968,7951,1395,6019,2274,1572,1432,2611,8774,4348,2703,6741,2785,8749,9931,4202,2395,601,9145,6095,3490,3259,4709,8217,1855,6496,5939
6588,7510,5420,540,4809,8369,5242,1422,5901,6446,8002,8024,8091,4245,6281,344,8622,5376,9666,8593,7284,6130,6009,5037,8612,1976,7054,7299,1810,1244,8245,4458,3637,1162,385,8702,6409,2144,812,6732,3966,8631,3679,2286,9557,175,6504,4633,1740,8259,69,5275,8118,4060,3748,9391,6386,443,5967,5387,1275,1602,1208,8153,2890,2531,2482,7529,3222,4154,7311,9488,4976,9354,9091,729,7973,1047,1306,2858,3667,8997,6934,1163,8763,4654,831,9932,375,6303,3823,8956,8665,6760,8865,2117,7172,4815,6642,847
3083,372,4321,6257,7708,6030,6031,6568,8327,8045,6186,5273,3085,5717,4645,1636,8972,3559,9667,4841,4335,3945,3849,3842,4746,3268,2019,2041,6631,5657,5630,2226,5685,4081,3788,9045,4981,5642,2727,7085,1870,7694,3159,2022,9785,5848,6455,1876,7701,3793,4669,701,9118,560,7941,8461,819,1235,1024,7904,2409,612,2227,5779,2596,515,1377,7837,1102,2826,6677,9285,2765,9401,6699,642,613,197,846,4192,2271,6137,7907,3995,6388,5158,9015,9933,5664,4545,1771,9378,8402,2698,8020,1146,5882,2782,4595,5986
6695,4515,8134,577,7604,1973,3981,4771,7116,7505,5051,7841,5467,7717,4000,20,4363,3949,9457,5812,2061,3106,659,2695,3734,6067,2613,6717,2455,6831,7829,1566,4730,4028,5330,9478,167,3782,1680,8617,1600,9129,342,3333,9518,1530,5619,3528,1625,8761,3610,5859,9282,2935,4102,8788,1257,1090,4479,5417,8808,1429,3210,8543,566,7581,3584,7942,8052,3567,1592,5191,3602,8499,8840,2052,3976,332,3167,2242,1152,8925,8419,3017,7732,4258,4718,9934,1035,4126,4432,9991,8102,4411,8900,1003,7748,2747,7994,6863
4106,5257,5769,8103,8778,8577,7433,5747,4269,8072,2248,3423,8852,2661,4165,694,7624,3933,9668,6617,5596,2523,986,1273,1555,1821,6518,3193,1092,9105,2500,1734,8514,3934,1540,8311,1299,4759,9720,7279,1627,8126,1081,2426,9786,3843,4867,6913,6058,2211,4053,1813,9818,3715,8656,8119,2099,2437,1701,7280,7215,97,2998,8404,3486,369,6293,7219,6092,1614,554,9608,570,5107,3861,705,865,126,376,4878,5272,3389,8183,2209,9220,5085,9293,9935,5614,5394,5195,9525,8276,7621,8866,7021,8239,3036,8559,5855
3334,4611,7760,5497,9070,6924,4562,5958,8503,7725,7740,4052,9136,8575,1993,138,5371,6940,9669,9228,6888,8066,780,5329,4254,8051,3188,8512,7457,824,7369,6882,8594,1327,398,7452,1189,2891,4203,7309,4854,8671,1452,1021,9787,6040,6354,3754,3927,8715,1643,1996,5202,4256,8752,8170,180,469,2404,9207,3598,752,1712,8037,3663,1451,1982,9107,1824,2100,3568,9095,7005,8121,9393,1164,8162,1375,181,4489,1657,9867,7595,1556,5952,3419,1070,9936,795,6770,1094,8405,6083,5542,6719,772,8912,4951,8811,3098
6649,6852,2516,2342,4707,3564,1342,626,8690,5856,5640,6032,6944,6894,1538,762,3886,2588,9547,9367,7467,2674,1111,2315,1752,6928,8058,4690,2118,4333,4040,1410,5611,4553,1360,6025,774,4688,1725,8117,1183,6467,1545,2922,9788,4446,3054,3286,7113,7013,957,1990,7959,5055,8060,7293,7159,4620,8140,5785,8440,699,1773,8401,4845,545,6779,5218,5229,4035,680,9839,2597,8108,3569,288,1001,634,5427,1735,5934,1988,6890,1557,9043,7658,1491,9937,2105,6907,4170,9197,8087,5402,4250,3430,7891,6780,3606,6747
5953,4451,884,6113,1474,5459,440,702,8240,3465,7909,8713,7573,8370,2907,404,5212,2804,9670,7554,7486,7357,1858,5262,4675,2359,6371,6430,7982,7692,6056,7519,4900,4265,1328,9019,4273,4915,4502,5942,224,8355,234,6375,9789,1030,3142,6929,316,6355,638,5289,8825,3468,3146,8579,2759,3194,2235,5495,5449,1476,159,5450,1683,3548,8016,2853,8418,595,3684,9489,2966,9853,5805,3266,6625,1879,4448,4129,2357,9120,4777,2469,5434,5154,8174,9938,4581,6325,3513,8224,1836,7189,8563,5861,8308,3300,177,6500
6221,4229,5564,7132,7411,8596,3099,5227,6163,8384,4994,4573,8540,1294,3611,63,8691,2793,9671,3911,7584,2959,193,2552,3937,1466,7367,4231,2870,8414,1478,830,6489,4379,1290,8423,670,7389,9721,8636,472,9433,3599,4691,9790,7647,5494,7158,8439,2130,6838,3925,9451,6567,9181,9399,2383,5110,6723,8561,5248,109,1729,8315,2965,199,6464,4988,8329,4360,1329,9202,148,4036,5084,648,426,133,621,2688,5549,2503,7083,3003,7371,6348,9409,9939,6791,5966,5658,8449,4754,5282,8927,3741,8576,8285,7919,7247
1605,1986,4847,299,8689,8546,6865,5141,2344,5302,4107,2789,9192,1057,1809,3578,8397,5228,9672,4070,5656,5515,3771,2427,5219,895,5038,4683,2448,3711,4823,2045,8475,4534,7520,8818,5679,7051,3396,8172,5316,9738,2472,8151,9791,1563,7558,7685,6668,1738,422,5152,9403,4308,7922,8605,4997,5111,2086,8838,899,155,460,3053,4447,1326,2815,9158,7991,1981,1835,9344,275,6005,6270,1846,1596,256,168,5124,1899,6411,7251,4318,5818,4594,2284,9940,1033,5511,4795,9573,7789,4926,8468,7442,8867,3790,6554,4105
5917,7498,2796,5825,5502,8403,4190,766,7762,5328,8837,6731,7436,5606,5783,17,7149,3061,9548,7229,5048,3974,137,2414,2721,6578,5852,6737,6643,6191,2774,2210,3640,3129,970,6026,229,4618,2537,8047,1080,7400,2912,3321,9792,5505,1956,5285,2165,8229,2393,6234,8019,3149,7849,9233,1156,1650,7383,9072,8367,127,283,7321,1793,5976,5809,7198,8106,4054,3749,9535,2124,8061,4268,1297,1776,91,3862,2844,5254,5117,5335,1413,6087,4733,4641,9941,2780,6451,6022,9362,1551,7322,9024,5172,5455,2231,8044,6505
3263,2476,2196,6229,7761,9025,4882,7296,5578,6874,1117,1658,8793,9099,3254,3450,8929,2947,9580,8437,5112,4873,8858,6782,8736,1201,8248,1594,632,8661,6709,1669,7929,3262,5362,8482,2506,4544,9722,1980,3991,9249,343,8438,9793,4872,6332,5643,8132,2623,6550,1204,9119,2047,7976,7408,5203,4068,854,7671,3982,242,391,7359,998,313,3928,6537,1768,852,1601,9840,3059,8484,9082,737,326,462,251,5354,5165,4518,5577,4006,7164,4466,7476,9942,3708,4217,2333,8983,8165,5524,7072,4703,7173,1159,3906,5056
4183,1106,2767,4870,7125,6715,6529,8116,8836,8385,1357,2645,9386,8985,4830,4564,5707,2563,9673,8050,8371,3912,5890,5789,7996,909,7910,1187,1181,8422,7438,565,4392,2444,3557,9240,756,6012,3524,769,6121,9739,190,7180,9558,6797,6469,5109,8549,4149,3907,609,9483,581,8114,7850,8380,1193,1431,4621,8886,143,1378,8809,765,2962,7333,7862,6684,1471,1209,9841,3940,8830,8687,978,444,222,599,6757,6107,6267,3508,1541,8891,6035,3574,9943,4616,6912,4037,9405,9036,6742,8469,2386,8298,1194,5407,5648
5479,7637,8538,280,9005,3237,1907,5101,4686,7356,940,6517,5162,2373,7946,929,7566,1454,9674,8270,7330,7952,4556,7098,5622,1050,7864,8902,1905,4039,8059,5804,4579,3990,4593,9318,3178,4763,937,6705,3630,9206,968,5074,9794,103,4338,1344,6206,6783,108,5409,9303,4136,4476,9133,417,3836,971,8555,9283,1280,1399,8606,5297,7594,7066,8789,8874,1374,1398,5129,1595,8821,9456,3405,916,152,7360,2198,869,7491,8071,4084,7993,7461,596,9944,185,6872,6861,9313,8835,6068,5824,2985,6394,7538,4728,7063
5522,591,4660,3111,6493,9168,2584,3622,7667,8142,4401,2082,9115,8890,3620,3383,8392,1402,9581,6124,7314,2132,6048,6993,8766,4682,8785,529,5665,4472,5547,238,3675,4380,3056,8942,1754,7261,2772,1747,2241,9458,999,8505,9795,2230,6733,2977,6698,3892,1140,475,9461,952,7803,8445,2784,3641,3281,7665,7657,454,2261,8417,1892,807,3780,6828,4128,3785,3655,9842,2113,9536,7501,400,485,362,510,6226,6789,3549,9022,734,8923,5677,5705,9945,4805,3632,1878,9508,7492,3616,8688,2182,8646,4045,6814,4283
2221,6743,3878,7103,5169,6535,3477,7191,6327,4349,7328,2938,7029,3920,5628,240,6384,5057,9366,9131,2997,5322,546,1778,931,5794,4485,2901,611,4948,2593,1816,6483,3792,689,2089,1415,4885,3100,7231,2903,2348,198,779,9437,5744,3264,3769,5292,5151,2316,2814,7972,3590,8709,3968,1985,2300,3154,5632,8595,2543,3135,7338,813,2639,3156,5773,2590,3832,4281,9505,3519,4416,4880,1926,1058,750,1560,4426,5638,8862,8101,2716,7944,6150,6906,9946,3660,6445,1818,9295,3327,5321,4689,4499,8678,1998,7282,6066
2822,2942,8611,809,7278,4043,7450,4945,5161,8936,1807,5530,9016,643,3084,676,9493,4234,9675,5696,8521,4324,2738,3004,5163,782,6561,6073,1748,1313,4305,2856,8615,4261,4617,9714,5543,8113,1055,8167,3618,9533,3169,8067,9796,1947,7700,3857,7545,4576,284,7036,8910,6135,6376,9542,3342,4382,961,8897,5496,337,3374,8887,2755,1136,3138,8740,6958,1044,1296,6308,331,6274,8675,1188,691,107,645,2323,3992,5889,8659,5740,6963,7620,1190,9947,382,6253,1546,9342,8640,4547,8518,7031,8434,6316,8481,7418
5160,5062,5575,1464,6230,7462,374,5032,4672,4986,2236,3742,7064,1155,6787,3514,6917,3398,9540,9038,8125,6042,6896,6604,1054,6038,7193,6155,3989,3288,6085,3350,7156,563,3206,4929,4371,3131,421,239,3746,2629,1042,4274,9481,2119,3464,3132,6156,7886,1291,5382,8708,3688,5567,8625,409,1886,6139,3825,3062,722,3010,6590,2555,2368,5962,7250,2507,2742,4819,7482,4959,6018,6338,2972,5465,1845,667,3140,4937,9007,8155,170,8448,4560,3670,9948,1441,5733,1874,6133,6271,6228,3896,650,6662,6401,7374,7174
6501,4495,6023,1515,7611,2131,468,2679,7419,6615,1114,6370,8149,2654,2255,905,8040,5473,9676,7230,7854,4687,3950,5602,1852,3648,2416,8796,7267,2696,8958,2581,6769,5291,4598,8341,1717,1135,2991,3101,3168,3471,608,1226,9482,4895,1726,2790,575,7857,2670,6921,1819,4783,8265,3341,7092,2423,5439,8844,8587,120,2005,7794,4199,7649,5298,8674,5410,216,1753,8741,4570,9096,8848,6398,740,395,6347,3427,1909,9311,8832,413,7853,7361,528,9949,2063,5029,3113,9992,6943,3729,8337,6287,8501,8389,8255,1697
7728,8519,8421,960,9052,1336,891,8309,8136,8817,1450,7178,8195,7995,5337,32,5954,3177,9582,9585,6245,3876,322,6768,8693,3240,4246,7634,990,7752,8685,1238,7061,5309,5525,9127,102,1659,3900,9257,3365,9516,226,1196,9797,1785,4666,1252,2836,7269,1568,2904,8986,7122,8917,8375,75,1867,7742,9014,8152,92,1311,8302,5383,5389,6490,8879,4721,489,1887,7563,2281,8320,9416,7890,4615,785,5921,3224,446,9229,7583,1890,3656,4368,7914,9950,3758,6985,4600,8802,5148,7141,8316,4423,9010,7801,8881,4604
7807,8824,6608,4923,8935,6054,3015,3869,6540,6728,5355,8098,7012,7777,2757,18,5766,4298,9549,9343,1843,3765,135,5238,5251,5946,2093,7917,1488,5801,7616,844,6301,3815,853,7076,52,983,9065,7593,5021,5936,282,1115,9798,5548,8295,1552,6041,8012,6744,3996,8363,6595,9112,8515,45,1423,5767,8516,7527,66,4814,8233,5010,6596,6362,8266,4289,798,2071,9183,2025,7067,9155,7078,3570,549,5214,3642,1079,9204,8988,673,2599,3475,7552,9951,6634,6781,2048,9615,4220,8734,9084,2106,8634,5296,6621,4169
5811,7689,7003,241,6613,1496,2202,5348,8288,6075,5514,7425,8679,4975,4253,62,9030,7363,9677,8472,5443,3607,300,5432,7065,5749,3245,8244,2184,4120,7617,1265,5572,5284,7557,8487,358,2243,2328,8602,716,7618,186,1242,9799,687,7559,775,5447,8884,2190,2576,8855,5401,8477,5893,37,1261,6933,8776,9251,441,580,8967,5153,3994,6423,8748,3325,906,2732,6905,2379,8911,9376,7044,8861,4708,6998,3535,900,9868,3071,1236,1958,6840,2238,9952,1724,6486,7564,9993,5615,6294,9061,5435,8470,8507,7720,8269
2006,2521,3402,6646,8000,5674,6357,8705,1371,4101,2060,3270,9226,8005,3955,4113,9062,5718,9678,6153,4661,4340,5513,5323,8771,223,7209,3511,2714,9147,7268,2307,7075,1083,5510,9193,1634,3811,9723,2140,8131,9740,410,3462,9800,6848,7525,8362,7702,2450,2930,5399,9819,1641,7630,4506,7256,1408,557,7679,8762,50,129,8084,1610,6183,6220,5700,9224,146,381,9843,1481,8530,9856,3808,150,118,605,5816,1903,6052,5745,1549,8184,5470,9876,9953,6959,6426,4589,8544,9286,6465,5210,8251,9085,1053,5235,6785
3069,6900,4743,206,8062,6952,4913,6915,3349,7154,1564,784,8957,7706,7412,1182,8528,4648,9550,6531,6691,7308,6232,7592,5880,1442,8112,3803,5102,4543,7489,3804,7070,4327,6579,9273,1662,3496,2992,5553,4488,8876,78,2570,9801,2820,4435,3561,6266,3307,630,6217,8723,1663,3612,1673,5281,2624,677,8430,8744,53,122,7610,1295,5672,5534,2726,7768,287,3368,9519,3207,9361,9487,5593,942,1607,5763,4130,636,5240,7606,1086,7811,5704,1340,9954,2199,4905,2490,9198,7812,6992,4450,4897,7131,3449,7195,6196
1240,3536,3051,4722,8436,6573,2697,8582,3818,5436,845,2863,9476,7041,3293,3445,8747,4817,9679,7155,5592,5955,6841,3784,7920,435,8150,2874,2440,8648,7578,1877,8350,1308,7506,9194,3089,3866,9724,1397,8027,9593,364,4726,9802,6115,5960,8246,7121,2326,1293,4182,9468,2091,6450,4881,7302,2951,474,7598,8645,28,100,7765,2069,5189,4465,6202,8581,154,423,9844,2067,8658,9522,3190,142,244,1025,5019,2049,5092,4021,1797,7040,6094,9538,9955,4921,6326,4247,8284,9049,7449,7048,7124,8984,1765,5415,6392
2400,4789,1107,334,4055,654,1482,1154,3292,6069,4554,6114,9387,9227,7272,5184,9116,2288,9680,9346,8196,7898,8623,7641,9186,646,8464,5226,4410,5941,7779,5013,5587,2734,5919,9241,6994,5482,2046,3877,1393,9741,169,4751,9803,6903,6802,8618,653,6647,995,6074,9601,4769,8400,6182,5808,758,1132,9252,8283,207,22,8325,1558,2095,7571,890,3126,94,1029,9845,8457,9465,9276,3236,2842,2802,4030,4408,1287,9431,2849,4752,9395,5097,9179,9956,5792,6585,3891,6693,6460,4887,4462,6661,9222,327,4004,7115
4419,1362,8147,1539,9104,2964,7799,7894,3073,4063,5280,4194,8547,1331,2055,219,9365,5609,9681,5570,8236,3150,2637,4397,6261,1847,6014,6533,2694,1052,3180,4087,2729,3065,3119,9512,966,3481,2059,8694,828,9742,4176,5869,9804,3531,6062,6181,5175,4389,619,7370,7019,3311,9152,8938,2354,3117,2411,5568,8739,58,3957,9149,4634,1640,5385,7924,9042,3000,2376,7246,182,8321,6425,1387,1675,43,672,2848,3653,4855,8250,1216,6821,6117,2872,9957,969,7303,6492,9994,4057,3152,4950,5682,9051,5741,9370,7175
2018,255,5781,3127,9329,7749,6089,8791,9205,7816,7540,2761,8727,1172,5964,81,8920,5595,9682,1385,8553,2027,246,2439,4027,5156,7533,3045,6142,754,7518,490,3417,4391,3275,9513,2050,4218,9427,8504,6524,9398,2669,5772,9805,6570,3474,6097,8011,2566,6473,7983,9820,3859,9319,9413,1631,5486,8212,7351,1335,509,1783,4650,5991,1983,1518,7852,8724,4049,2937,9353,204,6577,3063,153,5053,34,2265,4670,1802,4850,6122,928,7934,5613,3919,9958,1449,5528,5445,8768,3225,7409,8610,5569,5836,8803,9426,2582
5639,6806,7344,7277,8626,6961,5838,7833,2750,4920,235,5083,8756,8805,2884,2135,6635,4374,9683,8784,2817,7585,8456,3636,9011,415,8331,6447,1731,5931,6380,6433,8094,1967,1463,7792,3025,2751,9349,2353,6277,9412,536,930,9806,5536,6875,6440,7091,3764,2828,4415,9602,2453,7619,4020,2880,725,1844,2034,8083,74,29,7053,1678,6724,6367,5506,8767,144,1213,9846,4002,8247,9857,4874,260,1227,1246,4932,2120,8488,2116,1232,5905,3856,7821,9959,4796,1660,2927,5993,8926,8420,5900,6948,8588,715,5913,6480
3855,4252,4768,2897,6264,3447,1586,336,7233,6807,5923,2056,9410,4673,688,651,8065,4626,9684,3983,3542,3913,2104,879,2665,4858,6736,4332,6405,6091,3012,1578,6601,4632,1022,9013,4270,6988,1446,7347,353,9132,2425,4148,9559,2454,1700,5544,4536,3443,3057,2756,8799,5018,7381,9057,7793,4386,3939,5865,6676,949,1435,7133,3211,308,1966,5977,6734,3361,4779,9566,1755,8017,1616,751,1534,203,2496,3002,2294,3526,6610,3072,8989,5312,4263,9960,4443,2447,4820,9463,2325,5488,8816,6644,6203,5002,7971,6864
5701,1931,3705,1782,6686,7974,4800,4965,8907,5453,7522,7313,7396,837,7964,578,4111,3759,9583,7097,7721,1815,236,3221,808,2310,4914,5068,655,5999,6739,709,7556,1498,5641,7503,2833,4497,1621,6566,4851,5597,3522,1611,9449,447,4355,6039,5554,5555,3544,6457,8573,3547,8351,7664,2671,3773,6624,8082,1503,3593,1690,7160,2000,833,1868,7680,3483,2779,788,5476,1906,5065,5835,217,8278,61,5239,3672,2893,7673,6512,771,8305,3050,9255,9961,3226,7484,4047,8450,7813,5374,7108,4475,7815,8426,3943,7258
4637,4124,3980,407,7530,3970,1775,661,5782,7772,7379,6288,7784,7266,6103,3187,6289,3863,9685,4361,3971,4578,4409,2713,2502,2632,6775,6250,2969,2672,3121,5540,3379,3766,836,9469,5063,6519,733,4574,1304,5571,988,7413,9388,333,2225,5159,2036,8287,40,2821,6159,2219,4717,8974,6193,2466,6811,5581,3562,2207,501,7137,2549,5591,4946,7211,8388,868,3812,7287,4257,8209,2033,5081,3055,1691,3030,2978,2643,9254,7288,2798,6282,1857,1168,9962,886,5332,4085,9172,6118,5431,7553,2311,7062,4658,2877,4762
2699,5466,4206,1620,5982,8427,2114,4016,4889,4943,3040,4244,8757,2655,1632,2402,8654,2989,9686,3706,3088,6131,6125,4230,7166,2612,3460,2722,2701,5350,1889,3265,4992,3393,860,7542,4235,4214,9041,4090,1509,8572,1506,4216,9807,3744,2526,5545,5260,2020,1730,1881,8281,4492,5580,8873,3942,1894,4537,6843,3074,669,2147,6580,1219,330,870,7838,2885,2192,2339,9404,3239,9485,9394,2630,6991,301,452,3999,666,7804,7039,2644,6513,1419,5912,9963,3643,2011,2973,8279,4320,5186,6112,4022,6515,3597,6857,3673
2950,954,8531,119,8001,3044,982,843,2764,8256,8751,8463,9358,8444,7165,2928,7884,1465,9687,744,8554,4956,7555,6565,8330,5902,8583,2995,5047,1522,3666,4152,965,4842,393,9217,4928,8819,349,6395,1629,9743,1323,9594,8978,140,373,1902,874,8937,350,1970,4646,3120,8379,9604,6542,2322,8410,7950,7788,1972,1099,6883,1963,7836,3407,7187,9454,2109,1834,7810,3698,9374,2340,5714,8522,3289,4399,4644,6669,9611,8850,1756,9306,3183,2110,9964,2449,5105,4601,9995,3904,5799,8905,1017,8029,8471,6317,2026
112,7,5,3,1,2,4,6,11,380,9618,9574,9619,9620,9621,9622,9623,9146,9688,9699,9700,9701,9702,9551,9703,9704,9316,9705,9586,9706,9707,9708,9709,9710,9711,9715,9444,9716,9725,9728,9729,9744,9746,9747,9808,9471,9218,9598,9275,9814,9599,9600,9821,9309,9561,9823,9473,9605,9130,9824,9825,9826,9033,9827,8898,9828,9268,9829,9830,9504,9831,9847,9851,9854,9858,9859,9213,9140,9860,9269,9861,9869,9872,9873,9474,8798,9877,9965,9978,9979,9270,9996,9135,9617,9998,9379,9545,9999,10000,9103
4822,1200,7962,539,8502,1282,738,901,4455,8949,3714,9330,9110,9111,9086,3973,8973,3223,9689,987,8795,4456,6055,8361,8963,1908,8009,5200,5255,1544,3027,5143,1023,4558,585,9264,6080,9187,551,8571,825,9745,99,9435,9596,389,231,1803,211,7243,755,4487,5317,4630,5500,9400,7874,4507,6870,9234,5949,3926,402,5911,3956,7439,4739,5367,9304,787,760,9609,2365,9855,3277,8333,3294,3179,6059,4647,6416,9870,7590,5662,9156,1974,4163,9966,3615,5030,3381,9335,1389,8055,9237,1370,6400,6390,4429,4599
8191,1499,2882,4638,7739,5145,3416,3191,7881,7817,4655,6650,8143,4828,4674,1679,9299,2924,9690,7662,6300,2781,1736,7009,2618,1901,8655,3594,2351,7574,8228,442,5798,3128,4255,8075,1780,6598,9726,6788,5671,7921,1884,5719,9809,4535,4793,7819,7145,3354,6134,856,9484,981,8598,7911,1427,3028,3090,6849,4232,123,947,7743,2535,944,7249,4909,6633,1351,816,9848,2391,4715,7650,293,894,888,365,5146,5676,7352,1167,3230,8048,4713,9009,9967,1320,2861,1612,7561,2956,7416,8525,4514,7822,3358,926,1593
5188,5462,1587,5396,6364,1144,985,2752,3576,5451,1352,7435,4967,5531,706,553,7104,2021,9495,3102,5978,3360,7885,7082,7872,1224,7601,4597,6187,2594,1523,4420,3124,2573,2030,8344,5004,4083,5020,6154,2881,9434,448,7011,9810,5271,3728,4774,4088,2293,2567,1258,8663,3581,6563,9153,4157,776,6296,6692,6484,1051,1896,6777,3313,1048,5582,7738,4606,3147,3534,9124,4003,9139,8701,487,3038,2040,1716,1732,4242,6108,3432,3340,8079,5167,5147,9968,967,1309,1418,8425,6435,2258,6908,4961,3838,2564,7385,1333
2268,1110,5215,6428,8520,6976,5099,8232,4468,6318,3316,1664,8990,3252,3302,711,8144,3846,9691,3617,6858,3870,948,4012,4292,1630,4747,4899,2345,7069,3743,1767,5326,3118,2253,9587,5526,2892,9727,8238,3588,9498,2794,4266,9811,3199,5690,7567,8133,1013,3424,3182,9822,1350,8415,9289,3141,3827,660,6718,5728,85,992,8128,3507,1016,3250,7071,6639,624,972,9849,233,6387,7447,1565,588,171,502,4417,3770,4236,7961,1715,6714,4168,9125,9969,4076,3745,5985,9491,7364,7508,8234,8039,9126,1667,6761,7733
4539,5654,8435,401,4596,2148,941,1795,5287,4736,2896,7954,5237,6815,6544,4310,6530,4046,9584,6809,5688,7136,7644,4501,5269,1087,6218,3482,6842,4115,5795,6511,2366,2971,425,9079,5504,6548,367,7157,1180,3799,2032,7042,9143,187,3175,3800,2511,6632,49,3962,8076,4048,7453,9339,6956,1271,1512,8743,3923,1217,2442,5971,1184,5834,5123,6160,7440,2867,3185,4613,7653,8621,6878,3367,7006,555,1939,2443,3809,7398,2187,1520,9008,6368,840,9970,516,3269,3204,9492,8601,5299,7055,5011,5807,6170,1514,6763
3835,7515,4322,505,8063,3546,1865,2517,8123,8130,8124,8565,7329,8093,7024,606,5179,4797,9692,8025,4104,3145,1706,6817,8310,700,7479,7451,4987,849,4158,3848,4876,1289,347,8534,4549,5760,1436,6602,2332,5174,3879,5980,9812,147,927,3824,7603,7727,261,5457,9381,4787,6306,6237,3351,405,1622,9106,6606,2568,2791,8497,1838,7824,6045,7281,2550,3503,1689,9369,4804,9047,8453,5814,3631,253,8115,1292,5170,7955,3935,2194,6969,4223,1171,9971,403,6127,925,8726,6476,4972,7079,2693,4038,7509,2314,6919
5837,2685,5748,160,6421,4912,1971,3657,2862,7185,6461,5907,9078,7612,2420,877,6295,4357,9693,6079,7827,3184,5484,7645,8624,3580,2127,2851,4287,5651,6200,2173,1507,3387,411,9287,5460,7586,713,8706,2015,9448,2283,5802,9325,318,5194,2554,6456,5984,2085,262,9368,851,7500,9243,7635,4097,5822,3719,7493,394,2620,8032,1166,6269,3202,6330,7672,3314,3258,9500,3582,9321,7560,859,1745,525,3453,519,5125,8849,8856,2126,7551,7194,1147,9972,1655,5819,5199,9616,7028,4376,6980,5293,7423,885,3213,1822
4375,6213,8378,79,7848,7771,2252,707,7283,7745,8630,8280,9137,3469,6953,582,7228,4745,9510,7897,2773,6072,6902,5452,5225,4516,7487,6967,2617,2675,7380,6000,1301,1777,1645,9246,3887,5573,352,5331,1989,6291,3441,4311,9223,72,640,2479,4474,7887,77,492,8716,3910,2980,7703,3783,802,2621,5686,8466,339,4437,5351,4509,4034,5599,3761,6434,3435,5381,9328,5829,9212,8711,5426,7221,1407,5732,3122,5924,9871,6016,741,8517,7130,356,9973,473,5968,3629,8660,7659,6178,6560,5356,2336,7410,5520,7431
8030,8110,3551,114,1707,2646,616,2012,6284,7632,8054,7756,8092,7388,668,1365,7524,6047,9694,9054,7197,5283,2028,6825,9117,5349,4871,5288,6810,1940,2805,3775,6498,576,508,8964,5341,4288,597,7957,249,9160,603,6292,9175,589,3442,2090,466,7562,437,4662,7499,5339,7639,8077,3463,2996,6098,8198,4776,3422,910,6361,2777,3451,5761,2519,8078,3638,7077,9382,5372,9486,9074,5830,3958,1948,6583,693,1827,8921,3170,2895,7023,5844,882,9974,718,6479,4249,9296,4513,5290,8395,3751,4734,7417,6685,4251
3042,4403,4009,919,4639,3018,1321,1995,8053,6977,4852,3373,9244,7808,1969,3011,8243,4138,9695,8941,6071,3571,3109,6198,5464,4304,6305,3376,1149,4916,3461,1191,6605,3505,1479,7746,4207,7110,1723,7090,867,9420,1762,7390,9597,2592,3399,6077,5267,5590,1089,764,8644,4161,7686,9094,3854,3986,3244,6877,7414,178,3136,7766,1739,363,6812,6323,2837,3033,2217,9850,4982,9189,5713,1179,533,457,314,1229,2038,3828,8038,4671,8903,5899,2200,9975,2628,3777,3480,8815,6678,4066,4922,6927,7770,1759,3014,6053
3905,1946,7239,1005,7307,5067,1348,2002,3639,6417,4331,6916,8111,5529,6502,3752,5884,3020,9696,4241,6346,3267,1489,4697,2497,1742,6966,3155,2484,4184,7830,799,5266,1310,3077,8931,2072,6721,2548,2167,3344,8632,1148,6166,9813,418,2529,2652,4566,4065,1008,4826,7128,3525,6557,3176,1019,2346,4137,5754,3343,2668,2417,2807,2958,5138,5673,6189,7536,1243,1061,9101,1728,9021,7938,4267,2542,504,4160,3884,2800,8223,5739,3076,4528,4840,1749,9976,1014,1256,2237,9997,7879,6333,6369,3658,6036,2334,4306,4857
5723,4790,6901,227,8064,1020,1112,272,8057,6652,6017,7928,7863,5249,6945,3929,5454,3998,9697,6488,6706,5311,6653,7916,9200,520,3336,5603,2228,3515,7967,7144,1040,1853,945,8373,5173,5016,328,7446,3280,9479,302,7430,9560,408,4996,2944,3633,7580,26,1814,7183,4359,1727,9499,5424,1788,1142,8627,8496,2898,1361,4121,3707,6136,4623,3893,7704,2260,2994,5645,4394,9521,7696,6475,7327,911,7114,3604,3388,9568,8529,3410,9109,6157,397,9977,1283,5715,2775,8841,8307,4973,3290,4788,4279,3867,4141,4017
