-3.81143120838916	4.11615725567551
-1.80008682447584	1.8331221360634
-1.45081661746871	1.45401410810349
-2.0392861294228	1.97647795811182
-4.06648835113772	4.1373219073583
-6.50728275834865	6.74075078876381
-4.48551093902751	4.60857668009018
-1.45388004032077	1.41989757705479
-4.33119672634701	4.4917293826913
-1.4192749800232	1.5190115547514
-5.65616573309035	5.86891077710639
-6.95514186961339	7.27049772913222
-4.21778870387928	4.36776320747397
-3.09560627311345	3.13314887860329
-5.41236778317751	5.67317181574976
-8.43897419462201	8.7571823022379
-1.63212045601549	1.64957540639049
-5.71752442052795	6.03110576339701
-4.99416529837791	5.1355303501484
-8.04636130259532	8.35135170679167
-0.841205748336868	0.860929332834479
-5.00119546522107	5.18864621413056
-2.43581226939516	2.51450607317858
-4.53574518509074	4.73631457624361
-2.79434570434146	2.96843937202525
-2.17787512181695	2.24081166766287
-5.51833162395411	5.58411903907994
-4.23231990535144	4.3027769406316
-4.50319844193731	4.67931688400924
-6.34603111686171	6.58724335910064
-5.15880084532224	5.2461492047399
-7.59438773012365	7.9566708342001
-4.6646386089555	4.91224881861476
-6.30680154606369	6.57494473625125
-7.056176044427	7.37746703110121
-3.06133033084209	3.15742524409621
-5.83168275768681	6.09774442411086
-7.93816452834906	8.28157771838493
-4.91690620968201	5.0984248693507
-5.22433948373622	5.42735878579319
-4.601698697914	4.70716930408505
-7.11041503633485	7.35266308943593
-5.82524442345809	6.025686064546
-7.67917529418995	7.94301464915997
-6.53603616709668	6.75069267586484
-2.67727886364126	2.68711228311107
-5.02488504721472	5.1867790263638
-0.949297182667314	0.956253084499297
-7.80977153076519	8.16749270960084
-4.52615886506046	4.61647123544434
-8.09457052873525	8.41527269849912
-3.38849336072143	3.4917651434304
-2.0885608880144	2.11769891559106
-5.48891821292902	5.64329488876201
-3.25568044180956	3.39378813826484
-3.56155591450866	3.63445508648887
-3.54526550381559	3.67649781075102
-0.994794513173562	0.999928574324151
-2.59787978385956	2.70848605901932
-2.15837967702158	2.19086314359046
-4.61498980210598	4.73195442219559
-5.65145634777027	5.90792452865159
-7.20946846011118	7.52541729215846
-7.15607492757233	7.41768454803914
-2.33835273168762	2.40858037052749
-7.02565626073303	7.35246900769902
-4.39012041549352	4.61040421476173
-4.99181661061435	5.26081884461627
-5.00197484421997	5.10108084436761
-4.71497448537435	4.82510846655046
-5.18581345961291	5.29478108406763
-4.25059569009033	4.32454495089507
-5.05329719894789	5.35011160546573
-0.990529805416102	1.03267259713026
-3.44071782005834	3.56160515681655
-7.28058179631587	7.53156045910165
-1.34782728937021	1.36153658434529
-4.00835870555427	4.13425117936546
-3.32958383421515	3.4086500486431
-8.29009615902607	8.65215192271865
-2.65259425422356	2.74474884133622
-4.30542468862224	4.4850489964254
-1.56558878143353	1.53173659578558
-4.26983997088831	4.2830491587772
-7.86509122663777	8.18214172447569
-6.84771965746485	7.25265886227234
-3.10192270603076	3.19076125847109
-4.18076069693781	4.33656957079783
-6.96662700128304	7.0741681454642
-1.07817414565302	1.09950455376141
-8.45509040557299	8.78003931982905
-8.20957263930577	8.51032810561984
-7.94395509974772	8.21147997585767
-7.56975954549258	7.90544096743361
-5.14944529475052	5.27897998796444
-7.76474700389021	8.12523912610239
-8.78125120329572	9.06590515873046
-1.31453388941788	1.37362667196262
-8.11939371139887	8.43193005053661
-8.3090084065304	8.6091569739025
