0.140428009292787	-0.119844636899991
0.274001585543863	-0.232192017282487
1.35512093402455	-1.13928071803036
0.550440824299906	-0.460126748258916
2.16210981619824	-1.81814653584459
0.778929029896028	-0.6863772671137
1.82576697181635	-1.41952574291155
0.404346888753899	-0.352049810108787
0.208713993680339	-0.170537675612764
1.57209463090976	-1.42208140402696
0.00786287412793798	-0.00656533781612387
0.459684697300001	-0.393049478895537
0.59150560554996	-0.517658678571162
0.738058875709574	-0.613287333822346
0.773115718294789	-0.674949496187991
1.56512429249919	-1.29204368869616
1.84077186919384	-1.554543827936
2.06866047910626	-1.74959306154526
0.998711880122637	-0.794377248177115
0.508784413198162	-0.429261642169546
0.500113282829768	-0.433431320507842
0.540324721940893	-0.511000562801576
0.532696253868261	-0.504933982351207
0.32991404209216	-0.317140775162173
1.07055304077644	-0.970403410738932
2.16490824489586	-1.834267943857
1.81052277559635	-1.47062308333785
0.319912588366918	-0.319471185198206
1.66385377921668	-1.41779531124827
2.29207525475772	-1.94084827220967
1.06425700556564	-0.939769627355471
0.948529441319463	-0.803313231406614
0.178799302552242	-0.151137113531134
0.70530132458893	-0.603168032486671
2.00446415259713	-1.69670586935413
1.98511129747041	-1.64096116877878
1.60869779912082	-1.30743139811813
0.152999532975231	-0.125573730820879
0.575572621047608	-0.520948509976669
2.2404971146594	-1.88501722024506
0.429482582695782	-0.403670337638016
2.09309399046668	-1.74673276181726
1.94417550781393	-1.58275864683115
0.932546453282243	-0.87692232832272
1.33876936614628	-0.980491372489809
1.82519341187866	-1.54179873007886
1.60802953596429	-1.23605417874875
2.25033825574872	-1.91050113615471
1.33744334549387	-1.06816698993959
1.65703420616969	-1.36444401017845
1.44298875632145	-1.13025028915074
1.71938037532941	-1.41611244380243
1.62144447267458	-1.31128784427931
1.3499818299692	-1.12593783532093
1.1113557027756	-0.972640311130228
0.0425677493041927	-0.040012378200172
0.647675970664097	-0.634745857784139
0.658717029121053	-0.609393373474392
2.11125981845973	-1.75625330406558
1.00796976097065	-0.798308856103958
1.08609270386389	-0.851839755652475
0.383046202366191	-0.394748588180332
0.768737573902754	-0.717497248719287
0.149852637667061	-0.163814110473072
0.262301567167521	-0.270330947813848
1.88795767332365	-1.5680401139954
1.82847968934182	-1.47630670737221
0.964131674046233	-0.805025891472485
1.98150359231464	-1.65877608651631
0.260944303419745	-0.249992520167708
1.84298054036515	-1.59524506996177
0.946292322014616	-0.879723415580482
0.14240072324901	-0.118244612972612
0.480032109924526	-0.42567484201017
0.608423688497104	-0.550848289255795
1.52328004004943	-1.2612562939844
0.369242036902995	-0.359499989403157
1.42901916720908	-1.07249813182351
0.0871269691414578	-0.0767571701435903
1.51800899047805	-1.12804465515532
1.12460891060559	-0.956024645414737
0.255905782523281	-0.213245889221905
2.17673451914495	-1.8141980080105
1.33849335440914	-1.11428855383563
1.95848493115613	-1.61376007963758
0.678452893338345	-0.588730583809885
0.92159040996505	-0.798118943628417
1.7533944037167	-1.41680567648317
0.41100777382822	-0.351921136498115
2.14186587851506	-1.81179956438894
2.06343439552175	-1.77546681307594
1.50554181824563	-1.22033832748516
1.90256814496787	-1.58625800920866
1.65922349921785	-1.36392321514524
0.727719950198917	-0.697641542950985
1.84413593568512	-1.54769656105226
0.711827692837782	-0.65402311001525
2.08911004762155	-1.742115799914
2.14390055625942	-1.74589120398904
1.8833233969384	-1.59761226146593
