1.82658946377272	-1.48296441856107
0.310009496207632	-0.282179330106201
1.34801487409657	-1.15233731290907
1.06566971892981	-0.897750996159086
0.740275351668217	-0.66874570164093
1.51166235206231	-1.2995506860412
1.49561475551566	-1.26026084650535
0.400923368323588	-0.402412705646334
1.64338265989037	-1.35345320672575
0.835984100941913	-0.808697184107165
1.80749463664817	-1.54228613916193
1.39572918809892	-1.17535438361586
1.47005750890496	-1.24923569641892
1.03890017858613	-0.85803605441909
1.96416144572211	-1.65613651580232
0.566437429105565	-0.500330651780337
1.01044689155257	-0.879788794343342
1.26581476443675	-1.04645821692577
0.725252032570158	-0.583637000846625
2.06726260456526	-1.71836479740004
0.651674794585212	-0.619014082623956
0.444912670466878	-0.357875748336232
2.04890921729662	-1.74300049203332
1.25023259079934	-1.04720717060613
0.416574207031311	-0.324411750668801
0.212898296460405	-0.212368030254946
0.412976150053782	-0.39195317934805
1.90935432772525	-1.58714511963815
1.64720731033981	-1.3833266879853
1.92401786730847	-1.63504888946311
1.42223797690654	-1.20135825895889
1.90116713185347	-1.62008798704554
0.298858196917723	-0.258685518140003
1.91745376000618	-1.61185258976519
1.50397975645927	-1.25268810168719
1.04650340448443	-0.84895517819129
1.46110083774741	-1.2626228449959
1.545005989261	-1.31880292000177
1.21938113846734	-1.02163134740648
0.919121049908746	-0.791151002813745
0.326310186591503	-0.270114192990682
0.848976032153871	-0.772684672924377
0.974214681898102	-0.853717380164435
2.06766002647912	-1.76439925030715
2.06828968747493	-1.75663518268819
0.0345204037256831	-0.0318828148559204
0.417960721357339	-0.375704715946947
1.52459400859286	-1.33685454596215
1.20658211987349	-1.01977564276655
1.29554466928339	-1.09038497837338
0.780514414072559	-0.677239181861443
2.01569472382622	-1.72378796603403
0.490836843346066	-0.488628516374655
1.21102061482817	-0.961954851830462
1.73794208405968	-1.4908723882709
0.476239967317791	-0.427801871649708
1.21127471406669	-1.03593533446415
1.58334019701591	-1.3162007222514
1.93328444713999	-1.62239902142169
1.77428739767156	-1.50637090500223
1.74289693566644	-1.49234807907287
2.07859270864859	-1.77424732068998
1.14567929627143	-0.984520930362207
0.813317270023861	-0.698266882718753
0.938975983247121	-0.824262035157614
1.70473283087498	-1.42239025714299
0.81633277844695	-0.626241916302562
0.644683906695776	-0.552522776383702
2.05203737366334	-1.71758628486898
0.55904805885147	-0.482459468669767
0.581458487885618	-0.512525381208337
0.497062932779555	-0.467544815536776
0.459819619006994	-0.424958183793546
0.977178192639495	-0.79896202628456
1.07419852403836	-0.926810542411391
0.583304524839696	-0.521427216596488
0.229791825167375	-0.171245180626539
1.61073180509147	-1.41167963034437
1.35300590401588	-1.14859477280453
0.929341632333295	-0.921622714646744
1.06284292642526	-0.88491231908112
0.984572795668034	-0.870091178088929
1.60236695254198	-1.35295991306376
0.563077140377462	-0.416625330673794
0.797991786520171	-0.667706425565169
1.78820091210763	-1.46121290353921
0.674591381178342	-0.596816724102267
1.43245765319187	-1.15858957688738
1.02587800125527	-0.734693873028069
1.38330544705173	-1.14506707553281
1.39755861685026	-1.26331277575782
1.54079960159671	-1.33462594099876
1.52356179768528	-1.27562283932545
1.76298233743043	-1.49430116996015
2.03189159164757	-1.72568554143245
1.91734811786442	-1.62847335303611
1.078042573683	-0.911482604295897
1.97901957486324	-1.71228089999353
2.05436922288121	-1.75493358015425
1.62396568748646	-1.37732542032139
