0.483258756555778	-0.0791198506797962
0.135467326809163	-0.0510298527994243
0.0860336048732483	-0.0155966895811438
0.0903174904107273	-0.0210169491350835
0.269842370259151	-0.0454620250383756
0.579784914291505	-0.106616711304198
0.362758609797267	-0.0663058830327975
0.0896429727765586	-0.00513364582707905
0.416291843630104	-0.033521935740102
0.235010288549593	-0.0678493206529161
0.506865963830818	-0.140200179328709
0.687396975490071	-0.127390649090733
0.370531223220419	-0.0468086441157777
0.213644287000654	0.000962851787272322
0.536883561262502	-0.122315461944024
0.778675455405522	-0.136220576417782
0.102436356210913	-0.0260197346927143
0.661606144818179	-0.133439578619621
0.454010975186596	-0.0572634557962719
0.66403601636612	0.00981644767346469
0.161343236940844	-0.0728235099296623
0.463064345742303	-0.0333012846125266
0.26492078128633	-0.0399548132440926
0.485392931564372	-0.100281489060488
0.315705484921189	-0.0516698881347199
0.180971217842443	-0.0575206543482706
0.427526661249049	-0.0610256486606036
0.286740635996597	-0.0826506211294949
0.353411251043735	-0.0810809131501181
0.612358176803496	-0.0996247120665942
0.359145734538227	-0.0201982880383784
0.740840522673496	-0.0830438052782562
0.524100608690279	-0.122236598982592
0.662127400228118	-0.156709278291304
0.747305996918545	-0.130266264229062
0.298787250507185	-0.0858528546920015
0.585237810007953	-0.0436497415607275
0.722204434738371	-0.112502700141505
0.422609144596507	-0.0141976474601554
0.495855572736984	-0.0331841305522493
0.284767166811335	-0.0462257174709412
0.613712987481592	-0.0683343013547148
0.496546349158049	-0.0407875559588028
0.61931365929372	-0.0634522767895285
0.536368297028011	-0.125037449638109
0.241233596993857	-0.189859985749154
0.401289791802006	-0.0719043499338504
0.0999793506018259	-0.0469019372164356
0.686922747058671	-0.220544254704684
0.385051940395061	-0.149705393075967
0.743714025182601	-0.0935338222213084
0.320034933044568	-0.0374445892287226
0.125955989116089	-0.0361684460905985
0.468250370462923	-0.0542037763736383
0.351752977875406	-0.0802771395928446
0.355496650589519	-0.127692548387148
0.319718875958982	-0.0859372070199306
0.0146299749703724	-0.00712645849838191
0.317644151189196	0.029870264484502
0.18789266692846	0.0408848310332488
0.349142351723461	-0.122794478696046
0.509652778689599	-0.105991261579267
0.647771221877485	-0.0651820370098261
0.599546574662553	-0.104822760940639
0.191010819270753	-0.0364245108586252
0.696777380840321	-0.161346208020902
0.365496374156561	-0.0570632443584754
0.569265367998382	-0.130738380952827
0.433596052761724	-0.041446767229258
0.382710903049254	-0.12568773746591
0.379722786002188	-0.0575747296553313
0.370115589707001	-0.00644242315958109
0.589158229879645	-0.0464739024477021
0.0799195480645433	0.00378663191444791
0.275746986368114	0.015951342381581
0.678812485949182	-0.110277921458877
0.0777135606166892	-0.00347287303658607
0.323898224780511	-0.0308915458144142
0.251621796636981	-0.0178605674014545
0.769590034367584	-0.135632710125812
0.21460526086984	-0.0311639172732492
0.354644643970192	0.0279934648479156
0.0836504027462144	0.0105174416111102
0.284072345426407	0.0246792365053057
0.714338277920289	-0.0857747444940351
0.771596230846995	-0.130672648619449
0.3006197042802	-0.134477275509251
0.26033881581258	0.00670225136775137
0.557490750907416	-0.143369590970282
0.193730378614699	-0.117304052175792
0.736701086740788	-0.0400713310092959
0.717989912855887	-0.174490239950032
0.678114042416321	-0.0909434186464339
0.716232413747782	-0.173085871845824
0.308801479127404	0.0776764665826538
0.676116148459795	-0.159456940275302
0.762940745077098	-0.1193230794244
0.116650104804708	-0.0287314548278376
0.714200734204627	-0.162335950552316
0.747231697981261	-0.120438794942416
