0.380277477983553	0.0818813837072393
0.160962119573576	0.0301481609107843
0.128920525945584	0.0179057282671318
0.0988398098667343	0.0113475510703617
0.307776924819439	0.0510659097237061
0.57191500720777	0.103462552771159
0.459958335672053	0.0621776846513687
0.0872990648048293	0.0154140707679952
0.335174066096293	0.0739132735905584
0.150085755396453	0.0388876235202833
0.514971323040276	0.0875075910627132
0.477178072142387	0.127850670684865
0.336862177466272	0.0650487437242553
0.153592893035914	0.0282339461331509
0.521384914182013	0.0989401595492304
0.774194086997698	0.12920299193956
0.109369175949355	0.0247933855899378
0.555373297329615	0.118370543699621
0.394046031573022	0.0778863619363816
0.760094064375556	0.12350988830805
0.175679268197926	0.017874898136592
0.462664645405201	0.0714582581241801
0.288536181568373	0.0340887948415756
0.547058618186446	0.0838298561663132
0.38533474163051	0.0621633218389903
0.236851150711638	0.0420295420656832
0.492227891430308	0.0727585317565598
0.281821438320396	0.0589789548081737
0.389832327763786	0.0668157531154343
0.709735295543261	0.104415059464532
0.4674449904249	0.0576037243931649
0.759416101387305	0.135171748541328
0.489740522474412	0.083128634323133
0.571333657625735	0.115552704596637
0.78200717961642	0.136831655498849
0.308774758083954	0.0618400493683016
0.614390172535512	0.0935597590382789
0.606069946975971	0.131963367891062
0.440016119656973	0.0708643159487332
0.377547501596472	0.0789156534814132
0.357650578098728	0.0481464844685707
0.612896680387511	0.106970115284964
0.496480283670223	0.0844111193333686
0.553514805275857	0.111208507906644
0.578185863442856	0.106480863509391
0.239301531264958	0.0439155161540423
0.427680753601799	0.0702829825278036
0.129790042050584	0.0127656034531714
0.609305676012929	0.134756496482623
0.382152213598691	0.072386793656586
0.727920305824952	0.11874881260171
0.244318059513624	0.062690429973296
0.236021268602447	0.0320401679943583
0.490221944937447	0.0600747915599349
0.368550973744369	0.0708062516935453
0.379318342540151	0.0612652053969478
0.291020739749335	0.0694301361572392
0.061276495021299	0.00237646681294052
0.351749697047968	0.0396213298922896
0.122996119614392	0.0165769171322538
0.397129678916733	0.0744612851982264
0.520610528447108	0.0922099163278673
0.663135965812138	0.113882033682264
0.695136833764366	0.105953941218208
0.111865471144231	0.0353070590169912
0.55727921939936	0.124037526265821
0.342852746096339	0.0634067790063313
0.582371628718827	0.100669561177779
0.53374795722195	0.0724412140025409
0.468288131405461	0.0666840292589654
0.396856821971468	0.0584551158184805
0.451762880699637	0.0507733859075681
0.582168558796675	0.0976121185834751
0.0795054375890027	0.00777132197734357
0.287281278070184	0.0364229810484335
0.689356124841383	0.115031957445687
0.0574947210452934	0.0151678575781694
0.280072930053199	0.0599554159744306
0.233032748478091	0.0533881008636899
0.596520417151822	0.133002633905349
0.175404592559809	0.0371107649449624
0.385244478664824	0.0618021551499284
0.114694158905956	0.0103302062028219
0.311258743158342	0.04395243157484
0.733522037203268	0.128217666176308
0.726392499964501	0.135065872935692
0.275698877308549	0.0629287164242756
0.336761983048309	0.0422435434482033
0.565269182638344	0.0891426104966648
0.0966690320114968	0.0157885044020897
0.75139533083611	0.132035972410882
0.603137780402139	0.134344462718393
0.727133972008313	0.119994726221701
0.781317840080742	0.136108238741434
0.430858001574533	0.0473968233714307
0.735568089811488	0.131534336559089
0.542842838439577	0.131337105382746
0.173946939940051	0.0247268822268881
0.69227958359608	0.1325750731579
0.671925411715534	0.133592280142888
