0.00208184835408062	0.00740565395167579
-0.0287808529157576	0.0224392952818375
-0.470453763256352	1.04944048162017
-0.014083076937842	0.0338844335855072
-0.00349605011679169	0.012008446254352
-0.418911090269713	0.924794670145052
-0.174849959157926	0.536894353988752
-0.268151628785213	0.579112450071871
-0.00215776706132462	0.0131896522670766
-0.506847945103407	1.02908485999504
-0.505618906915322	1.00239257943885
0.000200994038046052	0.000453296692246061
-0.414696236635049	0.978482285211343
-0.37180836824828	0.927550244500848
-0.490773139624219	1.04521906896432
-0.416633212081435	0.928179201164755
-0.337652280898059	0.790783559292531
-0.495685680767631	1.05276924397987
-0.456848699386306	0.951086809874634
-0.353428718404557	0.723989237724916
-0.508040279220718	0.880954149956445
-0.453305553512398	1.0462296427526
-0.479110805135194	0.971435745448105
-0.0401678487045759	0.0650634152096538
-0.0127154881779029	0.0228969308947737
-0.114021656959338	0.287021573493289
-0.464489890012993	1.00087810981395
-0.251821576937586	0.546950269823474
-0.146458805880609	0.298018243700885
-0.455247857915745	0.922645899396871
-0.0597509366183401	0.148349509971796
-0.498186289602376	1.0319999972304
-0.342684119857348	0.436987349311658
-0.307073177205371	0.84435324931747
-0.488555918220256	1.02889254550716
-0.396682372478035	1.03381500531537
-0.239215128942695	0.481049902777102
-0.42813221576542	0.864444004384271
-0.362985109548446	0.795396333174449
-0.0453894546420986	0.0818317166688445
-0.0298079664215602	0.0391291580274821
-0.479478161654966	1.02317257712184
-0.00815689657952191	0.0206543924441699
-0.171251741604774	0.355474825374082
-0.0581965077930792	0.146450516074403
-0.20178243154807	0.501324849953343
-0.207234077460778	0.413633804567271
-0.00949976133914284	0.0130146373073695
-0.442517939288413	0.917359773543357
-0.502246037506055	1.01118842631934
-0.232356471351325	0.441121647225532
-0.0922090544637399	0.176809184450459
-0.416098683553336	0.966648291759059
-0.489890924835266	0.952881027269785
-0.360209016609574	0.747746347255283
-0.00547324514078302	0.00912026737579289
-0.410147939687596	0.956446008024346
-0.446694139928983	1.04743733192771
-0.39663991825764	0.81930974938479
-0.46600832099734	0.994329465238851
-0.458821325906028	1.01057753411495
-0.366328902692745	0.786822931239408
-0.0133233323754718	0.0240943076082082
-0.180781221171547	0.409185128498968
-0.414530962933395	0.937442564398017
-0.520641178321226	1.03756121219209
-0.436151042684442	0.980414225290098
-0.512736992694148	1.06065299407866
-0.411780465697146	1.00459479287244
-0.340477242319391	0.636021071694847
-0.446535000873733	1.05088614518586
-0.00585264986343463	0.006532683258514
-0.308662305574234	0.774654925352531
-0.336546639431547	0.741609355934735
-0.394872455507909	0.796124565670556
-0.0217197682786068	0.075425763556425
-0.490917330626791	1.01838431432577
-0.0481313567358782	0.0911068073229783
-0.339547584214536	0.647063036251459
-0.258672986969431	0.542372521716288
-0.0841253347657645	0.141278814304659
-0.402339479532108	0.81278380535883
-0.438530671694929	1.03396829927808
-0.108674260123339	0.257512860524688
-0.140878340317067	0.407970628804387
-0.127849028580989	0.277125456399296
-0.146135343926783	0.375082461839244
-0.229235125856221	0.442462016532429
-0.419678945270213	0.900969430216973
-0.124001720921828	0.273264468545817
-0.0850346357737525	0.156962020313488
-0.330149810465267	0.512848776987757
-0.532374750236062	1.04089945449812
-0.235916921375372	0.522060891149765
-0.370083100346863	0.571959607712192
-0.477729032050616	1.03037451787622
-0.057313297558787	0.128962149810997
-0.131812633184227	0.161053809459646
-0.191019981415565	0.261573313812098
-0.142924777405333	0.361826276876987
