0.0453052128371397	0.0481491929551296
0.0174744864650335	0.0534339885114753
0.139063241555776	0.218257848151476
0.0401118869204868	0.0709714123212818
0.178971825112414	0.722887344688789
0.00221302204464402	0.0128498128086169
0.179213615027839	0.746348136918082
0.179297220471872	0.659901021648071
0.0046537121952524	0.0133126887445866
0.17882838735245	0.706311497158768
0.00761735172949581	0.0260195698750922
0.157579298801358	0.58574720579286
0.176591994230206	0.697463864784007
0.179565325061995	0.648410647106759
0.0487034227819983	0.0335860928134856
0.175661162612663	0.629679244638083
0.179803473239641	0.69965401827412
0.180379902124602	0.793538749529363
0.00722931940610586	0.0208784043985446
0.159974249539721	0.51097719736831
0.158658494901726	0.635464029107427
0.0265663066008877	0.107817141275585
0.179607077136846	0.707250901434203
0.182213229281956	0.710819401772243
0.00971257284264803	0.0390580451453972
0.00235603499073378	0.014228398658027
0.121239367557399	0.468319346963409
0.170923866240328	0.652577651332862
0.00923005462039195	0.0393260744107606
0.020894580820875	0.0620366875912035
0.172794169659106	0.617865777573159
0.172224522674244	0.659304115143784
0.0158235796525004	0.0464727108757109
0.177953734170396	0.713112267820985
0.174860495002642	0.691899705142266
0.021117737001617	0.071017655484769
0.00769481348894986	0.0340273547994394
0.173134046820502	0.695013423169773
0.17226504910862	0.657385907756514
0.177349445028612	0.645882105204013
0.17574367007722	0.655114813024566
0.175153987180081	0.676597928974177
0.177677552146882	0.685610633420618
0.11969101375623	0.433459964318997
0.177700096539316	0.730395930646125
0.176022675636198	0.736251074676741
0.175734188603019	0.688619767769403
0.172818914409027	0.681330119122732
0.176409750780155	0.689915249761316
0.177774719104337	0.734936481591334
0.0256774866694447	0.135562086925899
0.0052534067709078	0.0241376315876323
0.178531536884917	0.748910474735052
0.176054696740432	0.68046985634875
0.0258362862720445	0.334108681076127
0.0921621981172486	0.0899467819595319
0.0559864228832333	0.381773635191454
0.13435890801952	0.247938299314457
0.122507598620654	0.0915894033281903
0.061715765747575	0.201292581506366
0.0223099622145649	0.103535631939644
0.104611946413638	0.467066003306924
0.0947952369596584	0.430151290475653
0.162677024090197	0.617650021967704
0.106160975842296	0.334903736710689
0.118123933808104	0.231075112231735
0.0195418082087337	0.0725823889679966
0.0529210773147527	0.358282872941731
0.181066571760145	0.698562440561039
0.122205450093197	0.554315334084522
0.00427610403187527	0.0171409063401788
0.00900620104182595	0.0382942642553037
0.00717069858004528	0.0192931280229084
0.179184229068949	0.768390333095958
0.177652650765449	0.669027903720338
0.177467840158526	0.74183789747844
0.0238836126826561	0.11281352871114
0.0107764208078915	0.0514821115214158
0.176274825252226	0.689467330667551
0.179093055300551	0.70026710087625
0.00209225675754714	0.0115036559474565
0.0139858726219742	0.0578197226058898
0.159070308519732	0.684361040236921
0.00789888326128311	0.037742696163484
0.16272325167707	0.596107977442605
0.177562438133563	0.687953481161672
0.167587321524338	0.615298815771224
0.164716028074327	0.646894560224526
0.153769138878809	0.529638917356728
0.000310030191445398	0.00223246945397911
0.0233276919412113	0.100622325674365
0.143591872407222	0.531161904554604
0.174055677871417	0.718435391868272
0.064423588608018	0.229586002617546
0.177688858278697	0.735453467321961
0.179532465091504	0.694713012027904
0.012803633999902	0.0607928436509626
0.171061546402495	0.658480264885534
0.175119651453909	0.731553433251669
0.0281522937616932	0.123513503934766
