0.173156418976054	0.201145389297206
0.0188114545302348	0.104475876242222
0.290895638696369	0.605045458030266
0.143115770384157	0.321702477963826
0.0945160675984052	0.17147442579455
0.19383690268887	0.439868550179282
0.0600435979364643	0.0629981746868776
0.104291791429051	0.288826027999874
0.150418566166419	0.208814688104483
0.227283760858144	0.437210581668256
0.214080074687697	0.449504347108058
0.205344035635209	0.422338112221294
0.191352000488403	0.396574927311617
0.167962689930659	0.345670156074683
0.156603972093535	0.329170112816812
0.0340083853960778	0.0423876813370003
0.213519332769383	0.458637541202212
0.152811388444894	0.39612827754316
0.265882998410587	0.346136991758437
0.0941569229709706	0.245526006931017
0.256230654352201	0.516916662311745
0.281493068339186	0.459162017719437
0.286805520642736	0.544482602300871
0.180250458051088	0.325038618827045
0.153821217689649	0.338922650713829
0.180185976425993	0.37612916442519
0.142317199346705	0.341380563295338
0.293388721035221	0.596338956773213
0.278119537080818	0.511321884907822
0.155181603967996	0.353971423937231
0.0996245609926611	0.24946108259323
0.0171836485621089	0.0215969277557987
0.0693456169912916	0.133242227033593
0.0416308708989075	0.141827957600634
0.00261517197776872	0.00445856015484467
0.140068629219506	0.320950921545849
0.0818653868565634	0.215203703232345
0.0595313539709873	0.22625414828911
0.242691396650107	0.501941712845519
0.201275900059063	0.281916462935419
0.28955975809052	0.59522449522607
0.285373853327435	0.486214257993688
0.119333592055219	0.259930103278525
0.0276131416120757	0.0450583681269925
0.168361435457204	0.400579608069123
0.21718492836478	0.523066169230385
0.288405934176333	0.548410596318068
0.032255086982588	0.0525204568302392
0.115579288262943	0.251489503611816
0.171775350097775	0.340431178801555
0.230658648870096	0.52698551111412
0.187964242933986	0.366863546182629
0.265831201464441	0.365394229033858
0.284792823141597	0.489392942959462
0.0345234193947145	0.0737040757903523
0.254818999448211	0.420485609561716
0.240184297747908	0.392511988821954
0.258166395081882	0.523920706943302
0.153067494418434	0.290971602532344
0.0648722207095225	0.141735315201341
0.0275074491267154	0.0390884602837321
0.0885823214890156	0.166241970633517
0.284352871463015	0.592542765609175
0.0416309737639818	0.0686624266403594
0.28347154718363	0.515618484525017
0.229132146385978	0.524789365790227
0.287450722130949	0.59792514478641
0.254895445793825	0.508432431388856
0.27720063333572	0.452385799119181
0.295510911778601	0.56880198049955
0.0187745764846409	0.0363046687059507
0.0652156656134284	0.0988626747625544
0.286348351225145	0.476763665871048
0.278095677643127	0.462320421736949
0.0656099031635361	0.214332879330749
0.2869290910231	0.589227392435443
0.279914169113595	0.575157742305458
0.00839270708891727	0.00795156536403967
0.285683581754318	0.463446057735289
0.0939179140945906	0.176740944332375
0.290882419817918	0.567795723753696
0.00252204757806057	0.0160686063650231
0.186924905277737	0.272422301470003
0.288854352704714	0.569263548937823
0.0155499125082677	0.0855770394710122
0.0770600381209755	0.164565383267116
0.142640616551848	0.307761493018133
0.138064256456168	0.199893214378875
0.216131061651331	0.573809237591013
0.0496922196467082	0.100019233203377
0.216737331392913	0.562854670522016
0.266850606645547	0.335097139925551
0.0207409765102003	0.0583676369894008
0.0119939105755157	0.0199781047081053
0.0335272762879417	0.238785287777259
0.272053220677595	0.37352213706091
0.283457166004669	0.497063577971885
0.0609362203525642	0.244858252094611
0.267731019063555	0.536989330768885
0.0936867196280793	0.157298356990162
