1.06620662726046	-1.04275708320411
0.343145895103071	-0.338537055133999
9.0867521742451	-8.92584626593379
3.7984082280628	-3.7564318443384
18.020320519271	-17.815066742394
0.429690964701122	-0.430599404649983
19.1121389214022	-18.8626150157985
19.4455468280057	-19.2166610967232
0.393542875599394	-0.388613947952818
18.9455922730733	-18.6849041347625
1.10744976551874	-1.10640755581408
16.5514565750363	-16.3531586000641
18.8312625454149	-18.6053386402779
18.4861318827152	-18.2525099313656
2.39867068635062	-2.40330181890911
18.4277472758772	-18.2285887308372
18.4889403886524	-18.2854501785367
19.1472579268772	-18.9155748120361
0.722559101818443	-0.715452720696813
19.3638874441706	-19.1494796485429
17.5889516530042	-17.431415996609
1.85902000897911	-1.84109776259807
17.2091340756292	-17.0100134168248
19.1182362884854	-18.8805649213681
1.0323200928461	-1.01639023864533
0.279518872269604	-0.274194107842149
14.3366205150181	-14.1804301218338
17.6478193535234	-17.4162619293989
0.728344942113765	-0.720547059796643
4.66997621320138	-4.75841002921616
15.0546635094418	-14.8101304501563
19.5377232391957	-19.339614595103
1.44394130373501	-1.42459040028144
19.5039897624157	-19.2810713848875
17.5589038397229	-17.2912940086081
3.24108322514036	-3.25502231218869
1.69401656888805	-1.68132683788709
17.7781754568751	-17.5167599943103
17.9935541942803	-17.7880380248308
18.4061976680074	-18.1735959993155
18.0207599525668	-17.7936725221073
18.3378385118899	-18.1213778140918
15.2791473649505	-15.0775012011067
12.4686608236094	-12.3314748667034
18.5859317355587	-18.3470535575961
18.8875515277691	-18.6534844355226
15.7405187772636	-15.5727012861242
17.2499724372981	-16.9973868580476
16.5057523069279	-16.2284542678336
17.3034659504859	-17.0227292735127
7.61230565114765	-7.59511058412438
1.66093668322609	-1.67928657181919
18.3221516044978	-18.0547960428404
17.8795490210391	-17.6234426677433
8.26550163785996	-8.32033557884162
4.53962265770846	-4.53655849063106
9.80127126945749	-9.71737037167127
7.21315803531857	-7.09504555035649
7.89309451419313	-7.80928352274646
4.73580411408401	-4.70222862876612
2.78488668012336	-2.72010923649762
13.7241142051387	-13.6403074589606
11.6153406518572	-11.3751867951549
16.1889957565011	-16.0120519127405
11.2340536167747	-11.2384502030345
9.25867343813107	-9.3003967165641
1.67938921514325	-1.64272777205889
6.44428437016786	-6.25845073704841
19.3271391730452	-19.1310006402068
15.5107678755948	-15.3699914438796
0.292159614903623	-0.286013239226315
0.724918229621625	-0.711299541431525
0.572229681373804	-0.564208914280843
19.0966270084597	-18.8732416373468
19.6555824609264	-19.4533200266684
18.8408664455801	-18.589720934021
3.68452496962785	-3.64345529533891
0.980698775997505	-0.966838331717784
15.2745503714533	-15.1059493924397
17.3160874735967	-17.0087081098597
0.510707448386268	-0.517900420924105
2.79065920719304	-2.8167541899505
15.3161111606363	-15.0519129831781
3.01907212022244	-3.06163970175645
19.1151835245475	-18.9024232657026
18.7255257461518	-18.4966398075298
17.7556142480289	-17.5370571199119
15.1530993686559	-14.9500731388227
11.4873533963353	-11.2634007026155
1.96780055038318	-2.00949560349002
3.5403806248767	-3.530877333693
14.0307303021612	-13.858246142199
16.629865865214	-16.4252051109606
7.52139891503262	-7.44665801870898
19.571060355035	-19.3770261849788
19.6151490688423	-19.3956985047619
2.94785417987607	-2.95711236981715
17.0910874624913	-16.8615732892174
15.5931710008513	-15.3573929834216
2.31799692945848	-2.29152605060961
