0.0586110961740744	0.0802980717437218
0.237513252194983	0.448943986393126
0.166087992631571	0.449693062475206
0.0670657581514823	0.0449021698218007
0.211943185671857	0.2807006313473
-0.150225143656547	0.261226884931884
0.0717428437759024	0.378344585109535
0.0989757732778712	0.352668349708518
0.291829858680848	0.484209937826823
0.046657527220054	0.354253497008211
0.000191414746131249	0.000682518059940765
0.198223307588743	0.378498107383129
0.272165433906805	0.461889533951166
0.291637833069466	0.423947341100702
0.295823056680276	0.481638693121554
0.00264613183567585	0.0442386487990663
0.304484856130084	0.47952362049244
0.00715384181245689	0.0235367279372865
0.269176568166851	0.485783815309584
0.217850873840514	0.342752393016117
0.270477983504416	0.482486900172347
0.00873075755853319	0.0275112997307289
0.0300911266251601	0.041807382948246
0.158087079461229	0.274647396124522
0.00343783454764273	0.030498345786136
0.27158637192566	0.46280948330322
0.239657870159549	0.414674179840388
0.0166514303530402	0.0782325357421584
0.234460338795337	0.253632667991057
0.16917648576831	0.4475022946384
0.286194910065295	0.450881943443804
0.000661397420623858	0.0260040317003312
0.102049701511236	0.0827211239518846
0.206450802650119	0.132731753461874
0.0767594437654769	0.204853707770863
0.301074847848711	0.302811205986992
0.0155385158112101	0.0135786291975888
0.211416361652147	0.353885373911028
0.276452937189586	0.44947808676657
0.128736835496414	0.425553928088232
0.107070958862155	0.103702314434132
0.306907088178428	0.471888910681515
0.302183300921649	0.480407636611628
0.0796642039528171	0.0964196145028193
0.24510155852367	0.441607332911099
0.187442170919212	0.464304054967276
0.0356952937185066	0.0125044917594193
0.259737748483616	0.385093775587703
0.251990672965618	0.369586007279421
0.208128247725062	0.421452353044709
0.245751345521112	0.396995022633492
0.144965660929139	0.194041014722064
0.245658515455048	0.46990145692851
0.154702490541284	0.447001339355656
0.253844015100073	0.469539010578493
0.269870857473941	0.398110152703505
0.26619513536289	0.412479830155725
0.151098394298131	0.0846938620890945
0.306278381078261	0.296979921610232
0.300707643224465	0.406856772544972
0.071020830460364	0.0257506254927368
0.127445345946734	0.236575372250482
0.107069794324612	0.295369836556327
0.00785494187390684	0.0234561542537183
0.274083274862681	0.432796365998409
0.303565301481237	0.388566733875894
0.272359888176664	0.431220512654734
0.0262303175332008	0.00796705407887543
0.223126965123971	0.4604378628665
0.0237617866356412	0.0783811762992573
-0.00952523760852758	0.0310815651233338
0.197623412182232	0.448704313572149
0.289376688055417	0.4788679012138
0.0360220569341623	0.0878366334769364
0.186554474838225	0.459766026741752
0.131321575883658	0.236279875312111
0.135755961771964	0.265468266394762
0.251471182142238	0.247999125115107
0.104514219084957	0.0247277835908297
0.116078103526253	0.144329365469967
0.0660685296206524	0.0411582766474382
-0.0456734795033798	0.228764810757225
0.179174114747802	0.334921397834102
0.25782804518185	0.410084924778628
0.335284426533795	0.442577648039064
0.189637530384514	0.197186160895308
0.295187788859445	0.463550337941804
-0.046154411531461	0.118990264036658
0.00328431398017047	0.0270095466855604
-0.0102679837179427	0.0132907603750836
0.295082628574297	0.482123291183716
-0.0579190348173244	0.452663760503228
0.00182680028846269	0.0118030461747216
0.025168482742639	0.204327677070953
0.25149808667555	0.331686276322163
0.214647651408357	0.40982970442932
0.274308565783636	0.417650345564202
0.247551393233322	0.485736216532563
-0.0178403304639122	0.0259497001256492
0.1199468434793	0.206621038563506
