0.0012671266328125	0.00462630878675787
0.000188340847213663	0.00131695934645841
0.0748246296960934	0.633464658510316
-0.00454599972265479	0.0353645194044256
-0.024763042296538	0.155467042913139
0.0737384514879836	0.548746530324294
0.0328944709212466	0.432013416499362
0.0421845545521507	0.334259149469974
0.00196861262295693	0.0107648388789307
0.0809375446883507	0.60205758691256
0.0768412586060402	0.597842705642246
-0.0318816624581377	0.170501317644304
0.110392484214923	0.43505076864453
0.123535061300373	0.350168801351255
0.0809487904331611	0.603119652185458
0.0879387583102996	0.487061483242603
0.0777621633479992	0.426467247076363
0.0724897670231059	0.634434384293502
0.11181646337072	0.449894191726337
0.066702087129009	0.377342743030071
0.0499365001301108	0.579962184846596
0.077870414194073	0.627699495259265
0.11068960889744	0.453671608301273
-0.0257440918373705	0.145988046100652
-0.00312340231019533	0.0486229310729343
0.0283826436151866	0.11273099804308
0.0763532704176091	0.629973919881263
0.0880862093014267	0.143402682568986
0.0126103531940811	0.210090281799015
0.11517360826258	0.399548325713399
0.0318735630086048	0.0139324461317801
0.0776639620245128	0.618521889800706
-0.000105723305885426	0.246038288010196
0.0675640014372855	0.590504016904212
0.0769139282637442	0.642711662553119
0.0759067142597556	0.63486491637667
0.0335099870213762	0.350420584862597
0.0577979536618932	0.545915709299209
0.0372989408558316	0.421636117029494
0.000907956631658003	0.0584086451753872
0.00469522800610004	0.0112334102130036
0.0762583361864979	0.626268346717482
-0.00852462499713898	0.0635358810499447
0.0310093998884238	0.166762481037745
-0.0273495034621369	0.236395295096621
0.040634459011893	0.356787987011594
-0.00801877691148145	0.403232424780817
0.000726588916259823	0.00475015247693933
0.0690013093382643	0.528204360439738
0.091886543575374	0.536518305689059
-0.0332571982545976	0.489951346175458
-0.0102738352834415	0.114875260084679
0.0844352902330484	0.593945095534387
0.10020973537568	0.522631814304047
0.0383575161963026	0.482702131170696
-0.0135261356864914	0.0817134136414891
0.0713821863823007	0.599906602155022
0.0752566290614962	0.632823850978724
0.0511337861091913	0.567251233231302
0.0767059585227809	0.594781341726186
0.0785855449590559	0.575104159834341
0.0244810896097872	0.558632451548816
0.0035830548912052	0.0077629060742418
0.0246338968509071	0.274215563709017
0.11069127129228	0.443415688951416
0.0773857043340696	0.608213785975942
0.0729174880459956	0.616248799482694
0.0839017936160955	0.579693557732829
0.0816784431125176	0.548423780356256
0.0421291254586573	0.362357639325315
0.0793115990519697	0.629972858867901
0.00115783686499925	0.00980464779140419
0.0478334482923924	0.524404902690465
0.0532927262245457	0.501884408825615
0.0572574945450319	0.461913647367593
0.00349579635949989	0.0845310274753689
0.0932304754499375	0.55002753466362
-0.0003552032121775	0.0616094755648587
0.0530871352018991	0.392530409874712
0.0410539852981548	0.319627195884841
-0.0297722683752555	0.269407775040591
0.0489168055912614	0.55022013357071
0.0776505342128469	0.637228563978045
0.0187390451818044	0.162649189786519
0.0571330284005532	0.178647534090916
0.037661357873746	0.138021843148613
0.0375139476734419	0.183346804742804
0.0492225986843895	0.17608655587576
0.0547792240343839	0.587457146747556
0.0186113260468742	0.203953066911679
-0.00146734669191168	0.135996116787138
0.0300735383059319	0.32314665666802
0.0769351802639205	0.631348514446842
0.0388333371823755	0.333011707475503
0.0308687501935358	0.304522959011088
0.0743976232484917	0.639710100627239
-0.00929285733225726	0.106875066530168
-0.0035320332365844	0.279433193382119
0.0191532865966915	0.13564342531538
0.0182644744367552	0.258472846753066
