62.1948437891909	-61.9995487430336
2.32851989935817	-2.29562466546103
84.6624998743728	-84.1101605162538
50.2512199114326	-50.0582769459661
24.9214328252085	-24.7101082736204
41.5327960604421	-41.1214861346923
18.4197240418833	-18.3432493633504
20.4907097293481	-20.2393478788669
46.0760637404964	-45.879361904325
70.084028313286	-69.5978257580927
62.555112413396	-62.1768305157108
57.3768052669807	-56.9838702304418
57.0779142532016	-56.6602995993262
47.9546048806184	-47.6670310084481
47.2418136966578	-46.9930957340276
7.60231192427826	-7.57965475039002
66.0319534102582	-65.6288378767987
26.6535438148807	-26.2407595146952
85.0201322476491	-84.4998989533599
18.1949463581423	-17.8640278323963
75.1782824839598	-74.6655606534517
84.2445219347471	-83.8774084950084
74.4385703408558	-74.1156275257536
57.9777258988312	-57.5933052456218
47.8145798888868	-47.4694763271907
48.9951846473896	-48.6723426774607
31.6456618300853	-31.396114293409
83.5618742886816	-82.9887221265385
80.8765479251875	-80.3809585502535
42.3225362202489	-42.013152291331
33.3751926724224	-33.1375873815285
5.67701814584411	-5.65091632624458
23.4931983223895	-23.2886759574238
7.49375997030949	-7.44471703945494
0.992472787796964	-0.990295500111333
30.6081234852562	-30.3524011590321
25.6377743352284	-25.5069040687709
12.793529849516	-12.6160932992576
64.7942788965439	-64.3155980442131
70.1262537957053	-69.8173322868215
80.0325472963064	-79.6869249535242
85.0821573407875	-84.7002598201045
36.5652816626636	-36.4199735857699
9.39575221743949	-9.34063738564381
47.6555432882249	-47.3359017755872
52.6172948881909	-52.1441844540659
84.0361588236017	-83.4848721798151
9.44000917726511	-9.37626880093522
34.493726558623	-34.2027603244876
47.9005780381979	-47.658062807686
65.6510533508277	-65.1747033843787
53.1965947241435	-52.8219355028397
79.4846964629746	-79.0444490825652
82.1944450424198	-81.7337905955393
4.87016566096993	-4.8313307333606
81.4088969658932	-81.0336168072653
70.9708072278882	-70.6371266335383
70.2352736390649	-69.7136251367127
48.0884594241813	-47.7676340642371
20.8464386475474	-20.6659592211516
9.51996089242571	-9.45745399883192
20.0089455195755	-19.9072478576325
82.7693142521379	-82.2097756848266
13.4702514072852	-13.4486666644668
82.1321064675092	-81.6103738306234
62.0486567793706	-61.5748254233842
82.5714226388087	-82.0311030772449
76.002863747707	-75.499795373134
83.8036367861141	-83.2242183990827
85.4085047830805	-84.8458598279098
5.36354545837846	-5.32306342809926
17.6680445340694	-17.4735781274767
85.7867027412173	-85.2934259257088
83.6156886224119	-83.1578446983933
19.0679540080362	-18.8526369495172
78.8071739024809	-78.2739947790873
76.7679417871771	-76.2324419969142
3.01115173109198	-3.00099844285732
85.9529907934558	-85.4215011360255
37.3412982709801	-37.1245752105322
72.6599337661854	-72.1450818102
7.30162954160004	-7.22937878458511
59.9694177748712	-59.6867383841267
82.436282238558	-81.8764091435413
1.90658157917602	-1.77565829099163
22.078764800779	-21.9165108104535
41.6489321591763	-41.3280728563713
48.5887369996625	-48.4266160012543
37.4451537074285	-36.8660344870752
12.2196821885054	-12.0886626027653
58.6551056495323	-58.2438682060428
83.813768047328	-83.5253902269435
7.31084058380475	-7.17463339071786
3.63008211773689	-3.59520029733118
2.48245213164841	-2.37224223646779
84.5733113088167	-84.0542297891841
86.1200842620429	-85.6223016053944
12.668800779457	-12.565881125585
75.1259160004311	-74.6075987037615
33.7687710518628	-33.5717696504215
