-34.9374681127552	35.0892835316246
-164.723265757237	165.312430477594
-183.672643474264	184.248152498127
-46.8238569353966	46.878269382145
-83.1068543610541	83.4867096282609
-30.3247979144464	30.4349170983173
-81.5120890631872	81.9605341103508
-134.734135060553	135.196110152956
-150.755015179672	151.26059938209
-70.8228512129667	71.187566253421
-6.80346309395548	6.7917031994045
-112.161102673112	112.654341170124
-174.11034357274	174.687296062392
-157.370407526497	157.905498472276
-171.51566707555	172.132713689596
-11.2043382037939	11.2707852589381
-175.585981710181	176.169073622209
-5.5860430958391	5.62583407122003
-183.218862908782	183.785098803147
-129.206438045367	129.581495800611
-182.165026502366	182.718075731179
-5.25609753866422	5.28415489295374
-26.6960842153624	26.7560469633271
-95.3407634239529	95.6762207107002
-10.9018401201552	10.9295650586853
-174.96391815042	175.554252464557
-159.421839058512	159.906273948931
-21.3304179481414	21.3200655515719
-99.7721863776079	100.198944914096
-147.999697434279	148.537740957219
-173.217876760911	173.80325823404
-8.47015494877005	8.49582275085255
-30.0915094895321	30.3777005796482
-71.4849323578626	71.8227341181062
-57.4086511586616	57.5492253933055
-132.29805777549	132.888139037231
-12.0625370104039	12.0760759687013
-108.041905471249	108.50744834185
-166.763879227349	167.243931456952
-137.844050968985	138.42766609834
-74.1797032342869	74.1613563850436
-179.935088863719	180.525569511343
-172.98545607438	173.574672439917
-41.0175442162106	41.0512142092503
-144.578961918139	145.184124529953
-158.358629216882	159.011389036114
-13.220660223429	13.230363658564
-103.266290419123	103.800991610956
-138.473098718568	138.909247165301
-107.063167154798	107.656807296691
-160.09172681854	160.552896056697
-65.6983513960427	66.0611679799992
-171.748571572249	172.296096104847
-165.660444846117	166.162470147286
-166.627400305597	167.189164837651
-148.593830845813	149.063771870176
-158.920697230121	159.450716823794
-59.5493712975506	59.6153608158465
-109.666519057818	110.158133389682
-164.510918621265	164.956735265941
-27.9850338445156	28.0149878761163
-64.1399341108795	64.3819919068543
-120.151724304295	120.488441404723
-5.11292879610767	5.14487153809749
-163.929059572966	164.444238837146
-149.074463790939	149.59065364894
-160.392945303824	160.910450436261
-6.80263886598042	6.80705843824218
-162.818250210633	163.358491647073
-23.7043691043737	23.7558276589541
-16.6445377942582	16.6366714477479
-157.463058075611	158.042250148927
-179.849535304287	180.436869601788
-25.8635240962003	25.8980513421964
-155.10136807211	155.693309087489
-112.748835923871	112.908540686223
-114.436491291567	114.756689613258
-110.449530305394	110.753190747621
-12.0176204468315	12.0369933229625
-92.1624665090271	92.1980261642957
-37.2355354423047	37.2429291141618
-55.524193495676	55.633610495432
-127.258644567369	127.819286605998
-159.010259663342	159.528667232976
-165.684707347038	166.285417736159
-69.2723410842775	69.5249672884933
-161.061677652159	161.637759544946
-31.6270417197419	31.7721434757069
-7.67301974210215	7.71039984229141
-5.43271307921012	5.44047304215937
-165.525763538225	166.117176861409
-147.443445179349	147.752838464423
-5.12940189004146	5.13784393068882
-69.6287771036234	69.9065187053295
-122.29207552788	122.657432239436
-163.724495213353	164.187939418862
-155.544263371611	156.051636637445
-179.356477638921	179.922478036768
-9.86141802649846	9.86673967593681
-93.5756134779563	93.7958369334079
