0.149987062317389	0.770469799514917
0.0165134187981352	0.0653865148826466
0.104035917462097	0.418933678602057
0.105028223954343	0.630845467405321
0.0639498178187176	0.320197415853158
0.0970783441593975	0.47970692917266
0.102648099459765	0.541025742754942
0.0196557795903505	0.171875637035553
0.126326877199292	0.608548119873312
0.0470715846857446	0.201025280390442
0.132223794314472	0.627610763327969
0.126801889940545	0.527330368913621
0.113812746500777	0.505777978417554
0.0771701996892089	0.333507131241886
0.146293830606769	0.680976097114506
0.0391303316939813	0.148690140148177
0.0789476993064462	0.402145995527673
0.0985522117308951	0.527114024965545
0.0511576522762196	0.276631810268105
0.151407118654594	0.769185165774109
0.0493582179246962	0.155682164639837
0.00855657355173738	0.0948577762993564
0.14626146479839	0.71342576972857
0.0848756760561187	0.46574628127627
0.00882679689688725	0.115242184119931
0.00980208250513775	0.0619881320876057
0.0313720181869235	0.0962099532544161
0.150435530030917	0.664997845242344
0.116826119892907	0.584885825219231
0.144233086972134	0.593746210769042
0.110252548728646	0.579567031091519
0.148340797649356	0.641876573771069
0.0264561239324844	0.10318684266585
0.146285509043733	0.665621617070479
0.119934521246333	0.55502801758341
0.0721973542122891	0.340531357071305
0.104486959598647	0.575056983484337
0.110996872199346	0.550043267560838
0.101481531935611	0.572031537787063
0.069171918837984	0.269422679938398
0.00859055118418184	0.110482286022405
0.0437873430234682	0.221584044953757
0.074011882975612	0.292380060408042
0.151131710213316	0.773933428056998
0.149735516369614	0.747410523789066
0.00336137360608401	0.0187688974769883
0.0286868861803421	0.182419327816323
0.100462500748595	0.523938980385779
0.0938120013507739	0.430614011850359
0.114012010016419	0.531949899493851
0.051655122728516	0.254432869630936
0.138750724710844	0.621599619304568
0.0201788498866091	0.109516623821378
0.101577568306864	0.60013960775941
0.128558540018241	0.606662236456911
0.0252287829573694	0.0857703682440305
0.0909636686639447	0.461813157750718
0.119487661164042	0.619644962952306
0.147160008932861	0.702648081451896
0.123249704699472	0.662989929640833
0.121868804721739	0.632489669537312
0.150326517866814	0.761409822687121
0.0837182214607132	0.439777797680225
0.0549618720592987	0.289220557578727
0.0612876402080407	0.313308808296914
0.115692139486686	0.602586612256054
0.0654415737817064	0.360008626082125
0.0534311955445363	0.233857085858652
0.148009823860369	0.783199725503122
0.0428386778015587	0.181912912082215
0.0402604845537021	0.188844215055099
0.0391601612240519	0.142494839598951
0.0365723209082926	0.112074658888286
0.093580539970713	0.435134377313848
0.0923372439850884	0.446405394713961
0.0351762975207696	0.214915814930862
0.00906544100588742	0.213126375831508
0.11172472341011	0.489267051010752
0.0992716700825031	0.335964377817272
0.0695488969503796	0.311038828224245
0.0734868858528508	0.363576910900509
0.0743004039833428	0.403578778986929
0.116944896590263	0.593058070770132
0.0296939975394702	0.165320232046084
0.0661528265147278	0.260249798937858
0.132168606351388	0.460426270649378
0.0512300423239623	0.244695885436871
0.106421535215998	0.591570415067982
0.0758855824543681	0.428048083476921
0.113422278425739	0.590918601595009
0.102846491982303	0.447266235974529
0.0965625147779377	0.499078052111765
0.115040449202326	0.560644460486215
0.148614453528154	0.62219952830867
0.146257473446659	0.688046208765832
0.150330338376849	0.699705634783042
0.0655731046771837	0.37807207297278
0.142786349253368	0.608769282387259
0.143899002100091	0.542642376899015
0.150014012804886	0.7424183276444
