0.504873893660335	-0.467539178546148
1.93491337185112	-1.92474725978515
7.34671419920703	-7.1357895670319
3.0490944659328	-2.96501092548873
11.6177893611784	-11.2746704974241
4.13286608449059	-4.03953226512177
9.35470391425149	-8.90901463351011
2.34451302049664	-2.30499264363065
1.72448107234788	-1.72692858528917
8.48534385647428	-8.34648594353499
0.0440922135807548	-0.0429180741224647
2.46121721427947	-2.39468378302083
3.00877661270653	-2.92522936310958
4.49602815171386	-4.40694765563668
4.37317100675024	-4.29219056805572
8.02449363986144	-7.72393630367378
9.50916015542769	-9.19817802948953
11.4767542855673	-11.1837165700582
5.35289517622361	-5.14442997429786
2.6142547437102	-2.52695413154667
4.17017636157594	-4.20541725187443
3.65165029995994	-3.67788582860547
2.73966486806536	-2.70829140875591
2.2278403761848	-2.24925355390084
5.73691221081161	-5.64158450731323
11.9474126743049	-11.639980152181
10.0709829790146	-9.75091508964198
2.07483114890075	-2.10269643367738
9.04503582045143	-8.80810871400168
12.9694673163902	-12.6644370965704
6.33800522587249	-6.25954068482718
5.06617000392456	-4.91977484901338
0.83364459398386	-0.797476495546522
3.95206150522034	-3.86203909643156
11.3150909434546	-11.0459010942395
10.489922617161	-10.1323163346473
8.84237907329545	-8.55166694725584
0.798474810748103	-0.769248005109087
3.21897740408668	-3.17607437209092
12.7049683107524	-12.395609004498
2.08698778010673	-2.04969137180692
11.2152523042508	-10.8665246146431
10.0590715510987	-9.66797270620893
5.91246430231329	-5.92568279765946
6.93950173163122	-6.55284776239808
8.94722608616832	-8.60675710272655
8.80207762672164	-8.43247454985405
12.5944458737069	-12.2909907918904
7.05292749862857	-6.77060841822959
7.63344688864326	-7.25296148531148
7.50549228092096	-7.16977914386762
9.58249968221974	-9.30091366131006
8.79779525082162	-8.48991397260834
7.83228980430005	-7.64725873072495
6.97507592245117	-6.90773391820073
0.197035744407367	-0.192693983623333
4.08745986101655	-4.12310113221578
3.95528935757654	-3.93881930190927
11.4174772503626	-11.0668210818658
5.53379159930636	-5.32853176978977
5.30944681445711	-5.03504583178052
2.24288995470705	-2.27295920450563
4.41726767230177	-4.39137854378578
0.903521722033515	-0.927187904205276
1.34328030232388	-1.35078867776111
10.5053119313212	-10.2091550160073
10.1933631451172	-9.86204134697315
5.46059898978633	-5.32047550499184
11.308817702165	-11.0310521703207
1.46044252357298	-1.45593920960036
10.266346880019	-10.0475117003134
4.98387961991461	-4.9174940977373
0.565296544415263	-0.527523495241907
2.34812975216799	-2.27997579282606
3.42733885484389	-3.38379962622481
8.63211562548668	-8.39940024128995
2.02000506484339	-2.01675412941908
7.06708472878355	-6.65938465114173
0.471503170377255	-0.46166738055676
7.92026822315875	-7.50306605569051
6.9618682300939	-6.85678757647354
1.23856239697868	-1.18656925968983
11.9128130998917	-11.5644934610171
7.60056686599734	-7.4036648057813
11.0642524337318	-10.7543501944445
3.48717560497493	-3.3883874947012
5.05165681041846	-4.93712766402483
9.48250283622107	-9.14610338764033
3.22724342354957	-3.23793748928728
11.5502058806412	-11.2246184660135
10.9524486104304	-10.6591602520236
8.35679638637228	-8.08658989137926
9.31786335152018	-8.93971697111633
8.8620756797653	-8.56127763616196
5.24474283563143	-5.31226013420107
8.94360793777025	-8.58215093329614
4.19380402588332	-4.16564675717251
11.3203678914406	-10.9793736424691
11.8392636817611	-11.4592180345801
9.40944154736671	-9.0772153396656
