-4.48471399893931	4.60545120285126
-1.15033801396097	1.18311446718507
-0.669368106318122	0.69267292312199
-0.449145562559518	0.454907492880417
-2.50346595687454	2.60610877729773
-5.19029491733841	5.33737024742607
-3.19874716297647	3.38541861678084
-0.923765844258939	0.999787721830246
-3.9640643827479	4.09693256794786
-1.89576322172134	1.95866889903677
-3.81536164634712	3.93774630236473
-5.88924050712469	6.08590340482386
-3.61251954883953	3.78997406998399
-1.91857492126915	2.02546108898381
-4.80596559828084	4.93067449101047
-6.38288275098793	6.71929095632679
-1.44154975863729	1.43519901798958
-5.36676123856544	5.59847267069595
-4.64613624896658	4.82313384156304
-6.40375963283316	6.69543276424969
-1.03810443094933	1.0300407415251
-4.09344861189844	4.30864761083214
-1.85362396523024	2.06842078126872
-3.06852474941544	3.15965676241672
-2.12699250753733	2.26519393148286
-1.7356945219121	1.74310287376807
-3.76837645562943	3.96332382279491
-3.06417312512691	3.12417358549207
-3.8950863459492	4.00771014197819
-5.29130987570685	5.48541348037309
-3.08475058971568	3.24600007914527
-6.73276447975317	7.01230308883621
-3.53596419459268	3.66664459762096
-5.29675259185095	5.46706316388868
-6.64579738008279	6.90990165477566
-2.73910875076227	2.78857819880804
-4.95583841240187	5.17700932727778
-6.80406024374684	7.06720243524351
-3.63008442292763	3.81588924459137
-4.01905208331078	4.2226945143523
-2.84031464258302	2.98483748371461
-5.46097352645174	5.71026773186268
-4.50198021929546	4.69432501672748
-5.73463889657848	5.97127830159671
-5.31192016398208	5.47076054119723
-2.26655509674092	2.27093158073431
-3.72724704392115	3.88467068339053
-0.529847274080094	0.539744716462599
-6.26019021619085	6.430783529629
-3.85569128061952	3.95076188090212
-5.99960965904518	6.32391382099515
-2.95629481081919	3.00094559756618
-1.34557418050585	1.33664280641402
-3.96705668323977	4.14388553789121
-2.5483678172278	2.53701049408042
-3.12302912931032	3.16275916931583
-2.73640653497181	2.77130173034556
-0.220875982765297	0.245348191084145
-2.25268519003401	2.41174515119328
-1.4651144302413	1.61760585207694
-3.64020993821758	3.76249164119977
-4.03245711242021	4.06181015708923
-5.63384604027199	5.89266481914266
-5.5368637323715	5.75112265558129
-1.5594811400289	1.616119373232
-5.49456794581099	5.63753610709866
-3.4003044157547	3.59621568015313
-4.57020441170288	4.73936250856703
-4.06913175212056	4.2169715634803
-3.87449105191427	3.94578939821823
-3.72399772374269	3.88322881453744
-3.01173926728821	3.17246971185119
-4.66909108128874	4.92439514367118
-0.734699779696234	0.735056845547312
-2.00468889580815	2.09582546917621
-5.63165703349441	5.86894048657423
-1.06880129407866	1.05036368298308
-2.88064606035564	2.97225294792678
-3.21925728568594	3.26969449799034
-5.94661681184424	6.11291214957031
-1.96882835966701	2.02273075937747
-3.14503567052399	3.31509663660785
-0.430949461044372	0.46350878140955
-1.76443350037393	1.89385238181308
-6.17906418583032	6.450356797405
-6.40191241430776	6.6302494022882
-2.79328117789442	2.85167412608884
-2.86452791032689	3.07778306348999
-5.26650605605786	5.41773872338535
-1.23644943941784	1.24591504556935
-6.44793082328669	6.73724840761712
-6.77943611685967	7.02901643475313
-5.91432210132585	6.16098229228003
-6.45691637585109	6.69665920038767
-3.08305128957719	3.28844592316407
-6.00661955299086	6.18922435594471
-6.79835182765502	7.07264374616708
-1.06009856397623	1.09048564542358
-6.79235102291601	7.06514609197104
-6.29945721653307	6.48777201021695
