-0.860953731696793	1.32147807104216
-0.987652729148867	1.4818462117085
-0.815490808150313	1.18938890552992
-1.12097459940787	1.65620748728202
-0.365256075196674	0.54570188720081
-0.514826832479706	0.749705901413369
-0.00816596353939552	0.0143320974507936
-0.521002706737891	0.757640882331055
-0.0201447362176438	0.0315608204368048
-0.95256636906349	1.38522042559806
-0.613533862801185	0.803022953825459
-0.410016149158165	0.559763457217899
-1.18781913282076	1.74988330357624
-0.878241560717664	1.26386485298992
-0.0763543034073649	0.11925659583458
-0.0904110529027332	0.125892790855484
-0.86308573085172	1.29936930108143
-0.884050607021282	1.35541235881468
-0.747679998561396	1.16983796991281
-0.804189375380273	1.24668372087246
-0.225013632620115	0.330491760428179
-0.979801708377748	1.45662257376073
-0.174821061732749	0.24515201088291
-0.907547052855112	1.35373108275298
-0.663060260505144	1.06271333236259
-1.01046718560053	1.52139953255139
-1.08602171189876	1.61910770506848
-0.315446109770868	0.456573669137232
-0.882567682174898	1.34969907270862
-0.546644250420843	0.74170557849303
-0.790219755733765	1.21646740753402
-0.112130863800431	0.151958303190495
-1.06331000885567	1.57889908227337
-0.399227022491432	0.587859311643083
-0.654744570841394	0.969662769045943
-0.887108708372672	1.30453306251955
-0.266938420200235	0.390827638017096
-0.966262531660101	1.46087537869083
-1.10987324391262	1.63775155491354
-0.723535408483487	1.14200607232419
-0.815575388575452	1.21735290548875
-0.0261250723024661	0.0478309010865883
-0.119256070143352	0.182579260586627
-0.973503324635896	1.46305460404157
-0.966949812906652	1.46007627503495
-1.08132044119041	1.61140707870557
-1.1346105436083	1.67811840213169
-0.329773692160683	0.440267521720506
-0.437765572294882	0.584215100016268
-0.493104221477736	0.673153186909505
-1.06232250974202	1.57341285768558
-1.16454996934982	1.71730057293416
-1.15162064703067	1.70419204188578
-0.810746764488352	1.09847268742368
-1.13309358087522	1.67943205544575
-1.13974644119769	1.68307037905455
-0.212963906446145	0.334127278475695
-0.35729520028401	0.51814461553586
-0.365761925388824	0.646352216815604
-0.775386916000092	1.20916388470904
-0.627832902431485	0.929498103608969
-0.509566371255501	0.780761492574409
-0.0416842657423848	0.0621804770496883
-0.262850551559037	0.377034679130468
-0.771548885797157	1.10759940759134
-1.17792707611794	1.73763115298849
-0.19365088795079	0.298781527332086
-0.0849758469077693	0.116864386031242
-0.9608548922648	1.40930565705449
-0.962234178226677	1.4197103981964
-0.748750073082833	1.17907694869042
-0.340247582869081	0.447103259706973
-1.05980222154754	1.58211363466559
-0.209130274977701	0.309380770938891
-0.0347406951493672	0.0583820943631211
-0.674663465308933	1.00230683622713
-0.505986855583846	0.66503880848694
-1.16443283927505	1.70365236573638
-0.885802709841767	1.3551776322375
-0.939407628765714	1.42507482938015
-0.226301867492632	0.300150029980923
-0.815558856075083	1.12579421500282
-0.644749549173107	0.989425750206014
-0.497369382289956	0.663221098015997
-0.920834689819633	1.40104442798149
-1.15078073184668	1.66062739720485
-0.844435366396215	1.30403892676375
-0.888868099405324	1.35642548131199
-1.13054982558316	1.67823974743305
-0.0210302027609832	0.0349740287028927
-0.0557824971353572	0.0896541273519713
-0.051279221520337	0.0829546058137812
-0.946072123613073	1.38976242556432
-0.210982731650449	0.317370459594033
-0.116271644644589	0.283960673640705
-0.725684761716594	1.10200081745198
-1.16710171823675	1.7215274220186
-0.27791278674571	0.366919524515716
-0.354561606127949	0.469158770181753
-0.0108666596295426	0.0171759044969135
