0.60453333975	-0.500700271427017
3.35659661716149	-3.05528131661848
3.45345783508754	-3.11313422730356
0.663175055645529	-0.59465374955129
1.64085786613289	-1.41209768458697
1.00093502831423	-1.02705967636879
1.90472749787159	-1.70001279138607
2.56224739309181	-2.27969438780323
3.17226479899096	-2.95284074543151
1.8679227703877	-1.76158842327065
0.163246392870398	-0.175922946965295
2.20977062016282	-1.92896703505678
3.31330767797631	-2.97700868402755
2.9904688399565	-2.67336611257692
3.16028362340603	-2.77354623778444
0.313098538981648	-0.294305339563062
3.41617294381878	-3.09001074541404
0.159697805948738	-0.145686889947035
3.50104015763144	-3.17533319395126
2.40140284592064	-2.17504141057328
3.47909920791297	-3.165107786897
0.15239374334403	-0.145484557229242
0.450615477942088	-0.400402905855181
1.86840733175908	-1.68098482276446
0.224414501394327	-0.214513323277908
3.37921619633592	-3.04351861243277
2.95199891311634	-2.65744962982272
0.428172176464306	-0.443856670037858
1.85124656282075	-1.58187970824094
3.11654595099031	-2.87104364507805
3.27682943362976	-2.93318913134557
0.181501978805965	-0.171682671250301
0.633873473664167	-0.461359618100469
1.1885006697632	-0.950006025278571
1.30654287690817	-1.276447781538
2.54649216794518	-2.19406900950759
0.152326909794752	-0.129942580184411
2.354011246153	-2.13401150141638
3.20827834276986	-2.94177633331856
3.13796487609881	-2.895457109381
1.07900423222337	-1.0416613672314
3.38260181630756	-3.03043138040687
3.36124165322432	-3.0306506613283
0.724081396706059	-0.698954798999809
2.90763714346442	-2.57828183010427
3.08920946713833	-2.70958270605164
0.15314097879485	-0.12609527195079
2.27353461545512	-2.01270750699391
2.64820784320679	-2.39795293735322
2.60207162207302	-2.34625956458569
2.92556065477746	-2.63642757368534
1.4372800202683	-1.25510328618528
3.36980550711163	-3.07764796494836
3.28590205877463	-3.03729298906736
3.35481695449355	-3.07051968331419
2.88873850335046	-2.63218146764724
3.00781759404884	-2.69491084118596
0.89396608684696	-0.815525176010215
2.13909370230177	-1.84189747394737
2.95349709226659	-2.66152925440427
0.367875373637124	-0.316009537242587
1.3702886176604	-1.25212173494281
2.29264040889427	-2.10391313725168
0.138612084319231	-0.127874889392396
3.15165930327944	-2.8620987186905
2.9890942488508	-2.71675002245962
3.01663212870686	-2.70974836341315
0.0711043891502573	-0.0562609149823805
3.27942220156199	-3.01090734268484
0.536128206937693	-0.530342596734021
0.189472622936871	-0.171454007007112
3.21476207573938	-2.92193525673029
3.45644854073706	-3.12022031902127
0.576105140334704	-0.578964237653605
3.2106684854444	-2.91606721430986
2.06260373128693	-1.96309798195551
2.21450566816824	-2.04119100443741
1.96303675289899	-1.76009286917965
0.121094446068227	-0.085549877310563
1.37770167487533	-1.28787592868435
0.409524025355825	-0.351317836863304
1.22873181621707	-1.21085540833074
2.61794072156543	-2.31899958279054
2.98598102683438	-2.6822035331303
3.04175318566342	-2.67006635629507
1.33276838486064	-1.18859839692562
3.16865187468584	-2.85516609285683
0.616643103708892	-0.533730188033613
0.198363242135488	-0.186904356380564
0.0973093861870351	-0.0889517485225787
3.28540969278857	-2.96502375947313
2.88981003665777	-2.74545585877364
0.104511803839684	-0.10197963280197
1.50843936684914	-1.37961736109249
2.22338918955128	-1.99228632169171
3.12588326654126	-2.865465672832
3.02471644254151	-2.74409852179629
3.46460601594852	-3.14616208780334
0.283718296825878	-0.302737478631575
1.64591232501398	-1.50037245170747
