-0.00212611147627949	0.188417620149514
-0.024051232120162	0.147996063376455
0.0436072506590705	0.425631099460052
0.00503734964675478	0.147051450772328
0.0285011594117332	0.671605267373261
0.000378614289550757	0.008555839489228
0.0291378852201629	0.672470972473511
0.0348632984709301	0.647725061805291
0.00247170062305309	0.0115966662108172
0.026784105567605	0.675065139630288
0.00216174541856126	0.0252410822279579
0.0184926622405506	0.607770883672834
0.028669852814747	0.65961673468419
0.0303107269103154	0.661825096273138
-0.00958903144868058	0.224081846194248
0.0520991546625831	0.577248131300098
0.0365757554822225	0.647739680444271
0.0198841854035153	0.710011389555485
0.00465056437712401	0.0154813670266385
0.113855589219638	0.313180309691687
0.0222194595708306	0.604439146525924
-0.020457019368828	0.176886275712922
0.0318585741641814	0.662253431937854
0.0358699254331367	0.660333938363359
0.00564225784891765	0.0236463917194722
0.000882369817398568	0.0076664826264484
0.0252541149663748	0.434656780154238
0.0469295784567711	0.576619531887696
0.00380729332269084	0.0275134412283046
-0.00741952120207635	0.110235568486313
0.0721394724942317	0.502263060488552
0.0525917058082802	0.564772499202301
0.00410795996550175	0.0529506623960733
0.0281737307350694	0.66783704915779
0.0333958879119572	0.637545998513047
0.00374404804097755	0.076858724148377
-0.00657375092531856	0.0534504487968324
0.0379730082713899	0.616985431092126
0.0500664193497908	0.572529088443012
0.0337733783691916	0.642347363486817
0.0390692474006816	0.620275417924238
0.0408021486657624	0.61452494884693
0.042805562942051	0.618852232848361
0.0327157764686637	0.402231169028328
0.0257133184232224	0.675934700100098
0.0183650228397724	0.692885786359752
0.0474977554562566	0.596794035454955
0.0287262082803698	0.64339537216045
0.0247720629583474	0.670446908170052
0.027144938960839	0.672446798275896
-0.0340488249747512	0.218038106335913
0.00318306121436882	0.0126441240244463
0.0214837758240426	0.694166952977049
0.0334821209060423	0.641114018918555
-0.013025823725127	0.170034949495447
0.0298092804254328	0.275554082063703
0.00740348972089282	0.227645489452267
0.075921254351647	0.309392176047368
0.116959582472807	0.121522132803656
-0.0602959983640846	0.447066755635792
0.0173462832741142	0.0415933428692874
-0.0202052484503846	0.51170553013751
0.0784999209131332	0.161256218235611
0.00323952835875768	0.678252332207796
-0.0165277824504404	0.495572204570966
-0.00378873936187328	0.493663391120448
0.0142423849443018	0.038094170057898
0.0343858991427168	0.129488458458342
0.0383328509889834	0.6470632360457
-0.0167486506721998	0.576506697322079
0.00145220550427814	0.013639210963927
0.00656746810373205	0.0179061836438138
0.00531832965539461	0.0129913373835408
0.0163872097016524	0.714273786544043
0.0308816098225816	0.654585315278483
0.0169146392305053	0.703803293378021
0.00022420611166229	0.102192660270379
0.00551031571532059	0.029294276009841
0.0396139089670848	0.623529252037113
0.0257463907712134	0.678682130694465
0.000347320155938374	0.00806566115982322
0.00471426653827016	0.0448841668194572
0.0192708836279622	0.619247297382407
0.00039401563081013	0.0328660808495646
0.0690294071757782	0.470901285932379
0.0434957232080944	0.616451656058836
0.0415322103979334	0.57734508455147
0.0356472247189384	0.587246252111802
0.0626052433458236	0.450370092324967
-0.000319825096626647	0.00240277944323056
0.00178785069225379	0.0940974531241372
0.0584238060530746	0.423645121497182
0.0294667165284311	0.649047192686584
0.0184213900946954	0.213673974526483
0.0199752828932142	0.694386358624929
0.0294587953568113	0.668331607112792
-0.000343998041893286	0.0563084663307865
0.0326990668396813	0.622137936832883
0.0229445806670358	0.674637917953649
0.00319515609810942	0.110463191763307
