0.035432746113908	0.0143940934606036
0.446228405001902	0.14662301259368
0.5414540759595	0.184901070303644
0.523823680351228	0.186580554253444
0.0896774628220169	0.0180299703676109
0.684124788215907	0.208035625845822
0.713042433353371	0.212231218058284
0.708713658757763	0.191771772285191
0.481929145541814	0.0970168456997444
0.271674338158984	0.0859892653094205
0.0699201074640854	0.0201247171854502
0.0430870039436663	0.01369622763416
0.677850980189611	0.204776921620227
0.730839349358296	0.212351982748366
0.0770622475958578	0.0253205198363388
0.0670116286466239	0.022582175444565
0.723461410290533	0.212701393243354
0.0609734662285752	0.0186950257808131
0.745843111685983	0.211546223799004
0.0140708152663278	0.0053611550951905
0.737470918271393	0.211238318789373
0.0978480229240885	0.0364156411670674
0.0221408800932792	0.00654423748666625
0.723961388687422	0.212902735439894
0.70047848101646	0.21546453300777
0.743681468770745	0.211176351260765
0.0380271400046477	0.0145078166342765
0.714683860141173	0.210969094938852
0.707491777757725	0.188304519948883
0.0911334705317098	0.0527094377646968
0.708727405636964	0.211530825847382
0.0529340775106215	0.0192286155390057
0.729392286488943	0.210774491815817
0.693851016921003	0.209616257262501
0.0309901240932799	0.010263550780458
0.65463345056356	0.192100577183607
0.69738925725637	0.205429606474684
0.468128251241189	0.125276511849706
0.535844472911764	0.170088484691223
0.696833014835881	0.206083200061644
0.167640405130062	0.031571406373641
0.00892797764931742	0.00460169666313843
0.123901889872868	0.0439092386393322
0.626914205053612	0.176182256352281
0.731604360298082	0.210146040627932
0.738439753380485	0.199241480815512
0.574567952349513	0.201292455423915
0.644610232002296	0.204606187654991
0.713525417415772	0.210667795188968
0.607173744968715	0.199028934345248
0.577387980741785	0.20045643934372
0.0561018597785769	0.0239348812800205
0.609441074600529	0.174802628299155
0.699463991984433	0.204325448713737
0.438132915431777	0.12708452501122
0.694691345019201	0.196815670855413
0.0249283819622256	0.0121592771202777
0.714107335013614	0.213686649561464
0.700002525435233	0.214359723412179
0.139559082327678	0.0228412992626846
0.434924751185793	0.184420511801973
0.448260747603382	0.139160790736694
0.699535218245061	0.194785810820182
0.619362532491191	0.202768521189667
0.0815649404402232	0.0270998732628629
0.717762203192011	0.208157254587935
0.606493638584612	0.169714629719166
0.00967115088141038	0.00398615233629301
0.720382459108161	0.209937988171135
0.677101955911788	0.197012761206347
0.049690580617763	0.0173123964692069
0.689100417321105	0.204981766891655
0.449713862655272	0.112121625882851
0.56734000361273	0.203914322360431
0.722764808860591	0.207947230082373
0.720623178820171	0.207901000871718
0.0717167350537111	0.0212887093709546
0.0724753245679486	0.0229818277202435
0.0177757104931581	0.00543030238350157
0.743749438581343	0.209119357064178
0.633126080750329	0.203850641637209
0.435656876055476	0.177434381255363
0.709943741250887	0.207498357846107
0.119650176025802	0.0155036373426575
0.253518178529189	0.0744132997359297
0.742643956044055	0.208529527290163
0.641900315966008	0.204580264586666
0.113113954373143	0.0424637472748926
0.750861285407382	0.21087238996649
0.0423161133954868	0.016148613124162
0.0739076447263299	0.0263921363539611
0.726341679499334	0.210300357100538
0.00939871876666563	0.00520056792922005
0.0610051057998593	0.0260499591430601
0.0302070783650644	0.0111247010421877
0.39448701861389	0.119992595143967
0.733058331367825	0.21034426099787
0.0220640929975342	0.0106390943078914
0.735861391907736	0.207036212190181
0.746204809639355	0.210696582682096
