-0.0487007931601146	0.0475370800953444
-0.0399227112117122	0.0353219216668112
-4.57432270546382	4.79171625667193
-0.373686960053733	0.34596693621973
-0.436904332009331	0.425725280005969
-3.43484182781689	3.6785343329021
-3.09433020355248	3.22772966690876
-2.39301735342103	2.48988789646166
-0.162238262368092	0.151252880331784
-4.38297551568231	4.56198688781426
-4.28706443302755	4.48432782217884
-0.283314325196327	0.289388227794213
-4.13080364427992	4.32164108413868
-3.58628808136565	3.79626360592048
-4.47654762641984	4.66082734128695
-3.22043714369137	3.48907662768518
-3.33326057615155	3.55150628157314
-4.44143689830987	4.67281755084405
-3.81582423833426	4.02475068499766
-2.93143740467279	3.15027875689383
-3.71717006317287	3.85821282995121
-4.10463187226315	4.30798135345541
-2.70131926231272	2.9038786914704
-0.658091490555555	0.599259572550353
-0.180424176281419	0.188066788831088
-0.921427354990669	1.00887341950187
-4.32990783364257	4.55967685085579
-2.52799744604618	2.66812103461971
-1.14708750744892	1.18950367192225
-3.69382228465686	3.82080997074277
-0.599779085120199	0.620277399269939
-4.45141361319433	4.69720780323857
-1.81167414336984	1.78623820158196
-3.95429687931158	4.20215823059953
-4.66203193990779	4.84926246921376
-4.561837310575	4.79428041894522
-2.8814330712051	2.93153783097345
-3.82248524894872	3.98244323518838
-3.16730184468721	3.32049475722768
-0.288994048419828	0.304773022409358
-0.206933724365609	0.205801922390988
-4.21842240098316	4.43261670661022
-0.56241879042943	0.556865416496283
-1.14875738582133	1.22617262648135
-0.816882420228454	0.842930238039825
-2.49345542848414	2.61523331047148
-1.55079251829581	1.63667237197896
-0.337521728928315	0.299517809223851
-3.75704001820715	3.98487798847298
-3.82840674919755	4.0300497405198
-2.47460539543449	2.54437825699122
-1.08605983974192	1.10412582852497
-3.98572680824775	4.1606745109297
-4.21428807953819	4.3646258489413
-3.26653255602182	3.40540962602038
-0.0623774591478162	0.0616878871493612
-4.30847659595887	4.51854202395976
-4.04014803904788	4.32160748792509
-3.64441224806095	3.81206935515752
-4.23863403079816	4.44444414507093
-3.95084281413017	4.22176425808919
-3.5135101587939	3.64643566768928
-0.106869626092445	0.111873208905034
-1.79001942489098	1.90764106374277
-2.94181725054984	3.15317846069768
-4.75450087687204	4.91112929214584
-4.14357604530354	4.38480952303748
-3.85922389082346	4.12651459582407
-4.14081222698144	4.40762120300048
-2.45260214945011	2.537628119805
-4.67951453880606	4.88140522931737
-0.0198195802838787	0.0212745296038419
-3.20237600882661	3.37554613314241
-3.44763022191405	3.58204035304893
-3.19194666074546	3.33255263429157
-0.288649076822955	0.289045759091497
-4.00871192119785	4.18751119389231
-0.627126556323165	0.571232664574077
-3.02744208168287	3.16227829303009
-2.25739571990095	2.38417926691694
-1.25686630317944	1.25066316053589
-3.76463081055852	3.90686145538934
-4.62346079762394	4.82439699116861
-1.40277554821714	1.45897410826793
-1.96497635726668	2.12430235651563
-1.30573345820571	1.39306811022736
-1.75140238791105	1.82987486567785
-1.82511221411426	1.90194766000487
-3.98708164694713	4.15921561677961
-0.95963512401178	1.02430806127236
-0.889992281743282	0.880488696074756
-2.67188348349761	2.68510145397037
-4.65261777564722	4.87310245553076
-2.43434144679241	2.58182262273162
-2.34532077319525	2.3565755733267
-4.55615100121243	4.75946838730129
-0.710515913884681	0.687099097946007
-2.00530538145971	1.98851113395246
-0.921019383138155	0.932124502890338
-1.98087905625682	2.0295903189405
