-0.0537233111186845	0.116608615058135
0.00934272952590088	0.0346251381768507
-0.0869680628985024	0.462250863113312
-0.0176676512049522	0.128449011475758
-0.0218094238803841	0.632336142106771
0.0151147074395793	0.0203489365415209
0.0578078428711448	0.639540712743553
0.0524764695153515	0.645827591611362
-0.00389447160379686	0.0204468060930768
0.0263403365236348	0.636128625925586
0.00170658977918509	0.0376252333110663
0.0122912369179427	0.563737066242321
0.0174130788550953	0.649671768496486
0.040992280419919	0.612748019620971
-0.0336711036037598	0.115202840112853
0.112459497687587	0.623760941269459
-0.0956281013292005	0.657759055155788
0.0560209049320887	0.648500200693605
-0.0108839236622218	0.024637886322462
-0.0957097207716035	0.625435050553341
0.0683596328756108	0.57062321604758
0.0154765063129274	0.0654607468394107
0.00123917132036387	0.634106277567103
0.0458883321403036	0.650442164142485
-0.00564200833002714	0.0419899432041759
-0.00539534237622399	0.0111892017069823
0.057790268778417	0.424374379401234
0.0489079730622093	0.656682069088214
-0.0173324800587102	0.0367946472518842
-0.000797757163616035	0.0643782898205795
0.0504090815178061	0.63473600388673
-0.151378095622373	0.629978012400364
0.0395925708925195	0.0753522950663396
0.0604064410711863	0.649603502807567
0.0695958028149393	0.628016330640396
-0.00539619468788826	0.0700774078567196
0.0222788099038425	0.0200308211283469
-0.0216809825416465	0.614470604197373
-0.0144469825573504	0.614364442562238
0.0691042157062638	0.634725139030366
-0.0857634565361936	0.607748933885905
0.0436546053108923	0.638504394998196
-0.00599750867131543	0.616302631642443
0.0213200203345318	0.407535438685774
0.0482789401318054	0.644922531218589
0.0783835296956222	0.615991249739233
-0.0440676602742355	0.608414744984072
0.0165424131962663	0.602451425052817
0.0317296828738643	0.651215041289055
0.00894432061382233	0.622462830363481
0.0747258670236105	0.0611228173203779
0.0107145753025096	0.0279141178419787
0.0625604558118331	0.64066859433828
0.0782141298204434	0.633717083898981
0.0880408114526667	0.122398062082576
-0.0264452731893229	0.250416748861047
0.0542571143906688	0.264828169322933
-0.104605786569656	0.414574003519784
-0.151037508944554	0.452664483691842
0.0738493993408682	0.130807085326936
-0.00336408358124427	0.116269982605583
0.143999866207203	0.349065445916183
-0.0286302453483794	0.455723648960955
0.0498575948616828	0.50428463947955
0.0304603152577138	0.300309745808481
0.0107717812311563	0.281535896665968
-0.0266037592505845	0.0888936191710285
-0.0279720908253291	0.292587778062128
0.0731267231585964	0.632318313090196
0.165860419615405	0.408849584024726
0.00142083479784011	0.0163466350249764
0.0013395581764144	0.0308890947310869
-0.00532385041673489	0.0265853414615054
0.0655639493877802	0.642967609562427
0.0650380284389768	0.635736413800913
0.077890742056303	0.636248618638255
0.0853762259358667	0.0980814393648518
0.00433595794291832	0.0401276035742275
0.0307007239113312	0.62754056073991
0.0736116980711921	0.64715149769877
-0.00187493510758054	0.00901289627485496
-0.0112478649267762	0.0554591430064085
0.06821302486511	0.564266178097473
-0.00164576642942357	0.0314413047436405
0.0337161556953591	0.62124796375856
-0.18267178471234	0.633711240660701
0.0746724092860544	0.574470508524724
-0.098390405490605	0.606910001280064
-0.109519188779236	0.56369909043513
0.00168140607468287	0.00137323336514855
0.00223294152392495	0.0816974675321276
-0.0269104543903748	0.537229518031081
0.0474073090636316	0.641865189021539
-0.0520537915097396	0.234676155642503
0.0739397247268081	0.633209643873097
0.0764512875741664	0.635405737235324
0.0150998852345075	0.0451494555856125
0.0985970583656741	0.59531898694689
0.0369699474535685	0.629182351632761
-0.0318613527426489	0.0884399966877543
