0.902811877623547	0.160893599176792
0.08342426743914	0.0202236165886464
0.516302064498037	0.113386382037359
0.564081531170735	0.10961466798246
0.255417897861624	0.067855339463409
0.641608264237026	0.111558389166718
0.618696835210683	0.112466829871809
0.259244860203179	0.0286310288102706
0.758283228383497	0.142421195978934
0.243136778562158	0.0588219222160471
0.764321301225961	0.141551990948958
0.595391979672794	0.133152848410728
0.699572758728742	0.129179041241652
0.350625825096002	0.0808217748266284
0.865132408383408	0.159064373702897
0.136140477261558	0.0425607683897213
0.329108800529828	0.0830678858257966
0.551822995062566	0.102573850997507
0.449762549089068	0.0608205711842153
0.915398779222494	0.168863829087206
0.207304766039651	0.0583426924140764
0.0350884658300395	0.00811923956148487
0.7899732287031	0.161426515648431
0.528147927135369	0.0937428519038156
0.127033317725286	0.0110292113841014
0.0670934408191539	0.0103780076727339
0.117482442003542	0.0318685032211721
0.667632268549246	0.151792962741093
0.717387547365785	0.12214246206416
0.833592964096517	0.166651407140714
0.607084227824586	0.112095387081793
0.813836884896548	0.163610352991377
0.126091989207972	0.0285623553914083
0.778774622023818	0.161654458916953
0.689651985336779	0.129503821880594
0.62855995137629	0.0893910925602983
0.697808805100715	0.115090602172022
0.668813249049539	0.12209356350864
0.587186424537873	0.106702893808093
0.415221265239956	0.0798946526075627
0.118715732093711	0.0105880641097027
0.266710990930599	0.0591109786019435
0.460539684737592	0.0709449408432208
0.90578628731012	0.16773379484978
0.896303783467992	0.164141661392178
0.0964823358037386	0.0107459274737377
0.18860868671891	0.0367994248874636
0.586658331743119	0.119042225234733
0.520049385429256	0.103883774368464
0.751685724737025	0.12375812460262
0.295641478857112	0.0563485096586011
0.80704715844543	0.155964392475762
0.118669204050307	0.0235772748623394
0.525144621492709	0.114210475587669
0.729639560500252	0.145949042388384
0.168216282195245	0.031787750259852
0.517764631731952	0.101133222266982
0.657369196021758	0.129159056446687
0.843632405989412	0.159570567990625
0.780425845687174	0.137596257375067
0.786019208591412	0.143464040391053
0.914725542727728	0.163347723364311
0.577011319555457	0.0971863505573828
0.356582665255576	0.0608612369501762
0.403968229577247	0.0675643194783024
0.720809800713225	0.124100126285741
0.508265719978882	0.0785894797654732
0.258014279313259	0.059429715030972
0.885152709285774	0.162689406287213
0.175381383714516	0.0490461604525331
0.204207467589548	0.0466748498375136
0.142493258691801	0.0492772512213728
0.124612853664563	0.0441305060938628
0.481879085561376	0.103189327960254
0.463340993281949	0.0914062870180659
0.227352406537241	0.0435524289515869
0.102647400903373	0.00485106444640427
0.66834822025717	0.118024367619793
0.605102230637677	0.127578043201172
0.235618405825544	0.0517245480605631
0.493888606143066	0.0866001680087957
0.38861810410418	0.069432045266939
0.739965183255135	0.131351152285121
0.197945154949699	0.0336995799016099
0.364770793189875	0.0801535205592512
0.673455254794191	0.150605903784236
0.233445294429032	0.0522199720055109
0.744082628269875	0.129741647111099
0.588676286184845	0.10679145058535
0.739184751560067	0.142110020964787
0.499398207973006	0.0989500379550874
0.665868811250658	0.103209248621512
0.734658306674571	0.128258287751253
0.66431533878701	0.153358547413414
0.833929920372785	0.155606608648754
0.777682761285687	0.163588690433645
0.466238164589058	0.075104124231031
0.767019787691331	0.158050687047812
0.829104983172306	0.164079170469739
0.851247133449568	0.166320837865548
