0.347738382402135	-0.368928713229729
0.167048854455243	-0.183671676089831
1.43310146522024	-1.32451683193768
0.406616039804295	-0.37174553836543
1.91892926463134	-1.54475536635501
0.115579571466178	-0.12299690991772
2.10752205955833	-1.72974062987297
2.11672022984106	-1.73588386388832
0.0589850578605864	-0.050212529606444
1.9997354919782	-1.59458124611556
0.140193694861836	-0.136289337234736
1.7510048593487	-1.39363514704673
2.01732871466147	-1.59864713418921
1.88330258393483	-1.42316210715869
0.428820352991177	-0.491278721167047
2.0989403831827	-1.66265411813537
1.92383740075927	-1.60826432648864
2.13122480148762	-1.74775544110431
0.0579007835870542	-0.0470410410737039
1.73735617878904	-1.36145985657657
1.9038594159098	-1.55614685620649
0.225614279470329	-0.177701213235684
1.93466279174843	-1.52463595348712
2.11107499978864	-1.721771043696
0.128398232228874	-0.112536181919997
0.0241497279896319	-0.0181012878404652
1.32189801533374	-0.96285142220522
2.14724013054325	-1.76385901784606
0.087379853244413	-0.0740726381210544
0.195115541972204	-0.154068762753271
2.05346168960304	-1.65649138806277
1.69050688018125	-1.36286158337186
0.347733562876156	-0.332109414283789
2.0866167411756	-1.64956126999533
2.09881855552724	-1.7302207128849
0.21942129617699	-0.189962551908627
0.104468313641159	-0.0888057741790925
1.80378893991091	-1.38486797610219
1.83601722313122	-1.43344786426572
2.05625012501136	-1.62593597726215
1.63842783473074	-1.21319110310824
2.04546735129174	-1.64107403347515
1.8869678101064	-1.50847032561748
1.28878367600979	-1.02775984289221
2.12005956235776	-1.75354664594921
2.0157468548099	-1.59497142457973
1.7037780031353	-1.25639066090734
1.85723850183014	-1.45580621064422
2.08213505683842	-1.69059600353181
1.91484576361539	-1.51199048089735
0.335445284459788	-0.290139313265628
0.117817740971542	-0.109444240060109
2.08988652661084	-1.68277724529387
2.09466063738064	-1.68582216589094
0.510158257102667	-0.388470887714326
0.915777205780358	-0.946325901154612
0.834045054445606	-0.583420626591331
1.1794802888854	-1.03542129634002
1.3427724562007	-1.30740417915973
0.63524547045917	-0.627539737005439
0.338230101617652	-0.254705590725029
1.37372739590305	-1.15779656154278
1.2826110653195	-0.944922965789742
1.62255074654957	-1.28002817400308
1.10890510075099	-1.03555890381827
1.05250710623462	-1.02999037700295
0.244792817174142	-0.214425052392614
0.766641095062002	-0.515711449913214
2.08283445189168	-1.67768505410664
1.53227263783038	-1.21363888045595
0.0461805674695444	-0.0295137774075805
0.0909069334436181	-0.0653818242215672
0.073660290009496	-0.059930470649502
2.08924632777198	-1.66768055535093
2.09519317560097	-1.70527325986172
2.07117788653346	-1.63240016159058
0.464207099625188	-0.389376023843147
0.130476879118213	-0.103770246257497
1.95857254511921	-1.53670854163483
2.11227433936743	-1.68199856259631
0.0231916390416167	-0.0170171792590119
0.157568572050352	-0.132803921836616
1.88919626856055	-1.55030546079682
0.10025898764433	-0.0872392255111978
1.93402605832523	-1.5054154752865
1.65928305873187	-1.35003147384627
1.83896477098057	-1.40568189130902
1.74436830937672	-1.44434866011885
1.57231178900559	-1.28431047253257
0.00735077365704204	-0.00615665775457885
0.237484540069372	-0.169754615287508
1.64820248811603	-1.36326800024508
2.02951944649234	-1.59142355245121
0.596315841839796	-0.434911705436541
2.07900982691327	-1.6656821525516
2.10336711674111	-1.70014249160832
0.162187749062484	-0.126712998354978
1.98454544847048	-1.56777643888409
1.98167925299317	-1.56346638984361
0.1967963966171	-0.133713272766104
