-0.271998111342562	0.819216491023585
-0.0601652917776807	0.131600047192159
-0.230233957829576	0.592718649616641
-0.239620319277949	0.505502122189245
-0.200627851824587	0.347103851365419
-0.20853493595162	0.635854064229284
-0.184318064680686	0.629785265029466
-0.0771163173929345	0.152834911871935
-0.247210618585338	0.729767343609951
-0.199499897523541	0.352770028643257
-0.258911842608413	0.770869992493797
-0.289297704332501	0.648647949276674
-0.247073273774963	0.647863814336153
-0.127683685205261	0.444778103654186
-0.279713244396517	0.845691178515847
-0.104166452606665	0.245242955046555
-0.198259368868698	0.45010304579438
-0.16114909377147	0.545007840604343
-0.0422035296092819	0.293587706676223
-0.263954428296443	0.885870663697979
-0.206649815829696	0.307149850083319
0.0588944988496975	0.136291054688769
-0.319347933075011	0.889310948551415
-0.14557923567554	0.524704257630087
0.0721853433644909	0.123757692089954
-0.032345858121722	0.0772239837882789
-0.113792827575903	0.185577126541356
-0.293983844162499	0.844292011699329
-0.208476594764572	0.698478451691742
-0.351273604891717	0.862413663200595
-0.194302992491968	0.606993985139681
-0.342639032407415	0.847888808886474
-0.0567300443194665	0.132769110486533
-0.311755607348965	0.848225539804263
-0.238291650450634	0.667195870610889
-0.104251340033517	0.442843648403135
-0.194481279390479	0.608100529071955
-0.213877907427407	0.654679726717238
-0.219159837398498	0.551908733902033
-0.171284263053222	0.40908318602989
0.0365425399241038	0.0998996776550864
-0.139037967516976	0.348039422155607
-0.150471245836136	0.410422132541358
-0.313014726534282	0.890288518609287
-0.298750382213551	0.886810043569622
-0.00533436866335211	0.0137736408489748
-0.0767631527346802	0.178018903035505
-0.239511606953298	0.644457955512282
-0.210481776364536	0.538563516948637
-0.257962804795445	0.596651962655694
-0.110718538249289	0.32728669513888
-0.292129933339798	0.85936369621169
-0.0902742158586692	0.186797862076829
-0.171616839495899	0.548646045993654
-0.29434953302469	0.76101496175533
-0.0622494015133577	0.189827582210051
-0.199217542837207	0.528667823026306
-0.228203160232745	0.691622050120651
-0.294890497268988	0.846092272037788
-0.232968109805244	0.748860935769607
-0.263220258239445	0.747674071566551
-0.308594358808505	0.891569903804298
-0.169386176185406	0.488136786210102
-0.100834517235235	0.336806032071547
-0.118484708444364	0.381338099610255
-0.191291239789728	0.714491690035643
-0.0550636371654573	0.348978606589789
-0.119770710563551	0.287850150034232
-0.287594164891863	0.886928542604455
-0.0946941797905777	0.243302967617088
-0.0900788405259972	0.243436257353012
-0.133076289595295	0.223442949495778
-0.112886076910203	0.204990962241722
-0.187887846283254	0.457482258250541
-0.197325017696757	0.475632580849533
-0.0738973647729049	0.232484460627356
0.0587611091491721	0.0620822305603868
-0.242770494884199	0.675423403358279
-0.257898992208982	0.612846040707541
-0.215264178239415	0.3786217564012
-0.126451205667053	0.44963385147509
-0.149384707289143	0.409727440885795
-0.231952652276837	0.691092289791401
0.0211891608029827	0.216980423623706
-0.166797871015633	0.37371615203939
-0.266614729744344	0.79790332866489
-0.129272646546828	0.294621554497649
-0.182160644269719	0.628330294645906
-0.0636288458646189	0.459912246725942
-0.26916696523906	0.642623417927937
-0.263581562297045	0.595724910045271
-0.167262052957295	0.619923321029309
-0.212537290939952	0.65853148862884
-0.340705038533627	0.802000299115517
-0.294041589706577	0.871659149366611
-0.326349552493181	0.84743742961288
-0.0929925297132842	0.43158307852015
-0.348417901623326	0.86663433864665
-0.309597613490002	0.883039979350621
-0.371580084159599	0.768372716124651
