0.151554105008525	0.24232929599705
0.0619428751031014	0.240051874786657
0.218102014100519	0.476153720886019
0.0983339263413335	0.362225569939048
0.0612718176461638	0.0901861012234631
0.264080697874268	0.481097296058488
0.189950624871355	0.381037537396155
0.0776966686288615	0.285286257047302
0.140005783138715	0.515240239478755
0.0291449299422077	0.181131995940398
0.0916948767995643	0.283865172330276
0.0932063335021114	0.173202983022602
0.170494643147241	0.244116354881571
0.176091057481586	0.288668154561601
0.0468704075881386	0.166493496723422
0.0774107961507992	0.213825162765074
0.21748684668241	0.469044608614218
0.102916811908434	0.216187301487035
0.168223166973229	0.244445519571628
0.0359491208249863	0.351414915528168
0.1770517743455	0.21878699892707
0.233532828931119	0.271905875958066
0.0610055766208999	0.340601951335467
0.104390295225421	0.322011802012277
0.217928976479711	0.49495275880266
0.213819225990874	0.493778346806459
0.124235484044619	0.251233367553408
0.167833727378877	0.396092782262643
0.0931670501771699	0.11071781940199
0.167206610889698	0.0663282838658422
0.127925749952529	0.239154261346959
0.0956055855919321	0.313375157986903
0.219395558346305	0.543596597846365
0.171789745649109	0.259053521874143
0.0934729481621403	0.193205230891969
0.127748015239595	0.271980886748621
0.20999575127638	0.478250872580206
-0.00202928561326324	0.0190608475534271
0.245558768953659	0.530375804312823
0.0300402196907732	0.191966263068085
-0.00733073491333382	0.483940390276538
0.0772075646513399	0.10294423352699
0.0596573776912626	0.397521964947657
0.00405392339027389	0.0337993315756183
0.178845033535352	0.13100210890849
0.0448206188331971	0.443734577892098
0.145541637731396	0.21196930103253
0.0354556873066022	0.152749638746969
0.189746104350981	0.365737953943555
0.134579235191934	0.373247670567115
0.0871651001444878	0.215633670367961
0.135409773331784	0.421699905946515
0.218957875861551	0.322944076116473
0.283188753333443	0.331065793848092
0.132708006902856	0.434727176918755
0.041542824428411	0.473271425769385
-0.00728109038356487	0.149225600756835
0.0529426955244746	0.0566700388766538
0.00653230547366875	0.0368790922227025
0.0548372226751894	0.463856087061107
0.0156805486399768	0.0507086165636884
0.166499255514757	0.129691898238023
0.161491076517043	0.246467006971021
0.155595082725974	0.380133844238419
0.206401442510199	0.229291589639334
0.142001011634227	0.385761823912817
0.162228433508344	0.123474898755082
0.000214245687747706	0.0445522952694794
0.123520035382451	0.254610386322911
0.0712203193064636	0.091893967556806
0.241455896075398	0.540159814016449
0.183938873106729	0.291112149916416
0.126335440744086	0.194200288469625
0.00196506154564181	0.0304811379303606
0.0965327741017748	0.329714574097735
0.178045159439122	0.0931653640007905
0.20349093929082	0.459631391353636
0.209847322138334	0.382176820132089
-0.00437270730398277	0.206238072500308
0.037999777791376	0.343056085325252
0.1473852566524	0.351944364401852
0.0964812656428007	0.234355704594593
0.168249671528117	0.535911828289556
0.0847249647181453	0.0724415566178189
0.167836752995335	0.306307336187308
0.20343774251407	0.308900479696847
-0.0428776542722143	0.0315992971994239
0.0780535507645304	0.40029322945455
0.0271515352224755	0.048994930115238
0.293369170244893	0.475519444762817
0.172290547567244	0.526731612311275
0.189997080746435	0.542013664411168
0.0103253179437872	0.0434494461396162
0.18917290863576	0.413498599946086
0.0190076710657471	0.0635310392815508
0.192874191780505	0.433112545813085
0.179079756672373	0.421997252863901
0.179125173668237	0.513620008500875
-0.00258546712471286	0.0182757879049289
0.225261650225014	0.478723649582416
