0.139085957471332	0.0281761647301754
0.321520431222045	0.0298330374494979
0.537462870326919	0.0799396373740067
0.383203796765675	0.0587535193884888
0.476333118924532	0.118172712831745
0.0670222044202514	0.00761953016792826
0.509854400779492	0.116811662382276
0.4000100985727	0.0706256464170257
0.105872005272662	-0.00700971566241094
0.237098070572403	0.0942845124591087
0.0651291997707131	0.000584131172613281
0.197340705658816	0.0794490292204436
0.0624050780082471	0.00622201606723288
0.102423093900208	-0.00329199526649788
0.077383770203893	-0.00142907374471638
0.225512197838358	0.00631002097100557
0.473617628775495	0.0479240075050322
0.543255436410861	0.076167032577286
0.0426605580166858	0.0145345772456248
0.0240958042773021	-3.88950026253807e-06
0.349422613638921	-0.0244525026754689
0.25021559907118	0.0183514613664504
0.11867882050965	0.0320323832935589
0.157429492121483	0.0333489143993744
0.0894133527879063	0.0286358273544171
0.594285196800896	0.107854505789316
0.470684349445339	0.0730047912978155
0.359606746316742	0.058901358329579
0.211905313394941	0.0301988167545352
0.4887506519855	0.0707310963510484
0.178224770584733	0.0293545076030665
0.0141051242874455	0.00400731731417094
0.171698046068692	0.0376742583261871
0.105478575208158	0.0200489381387162
0.634186407597248	0.102092290905478
0.487224076998527	0.120541995627119
0.511038535269135	0.111127049243162
0.112990908000477	0.0173378867460286
0.159160899691451	0.00066379805621309
0.607574535821571	0.106967589429421
0.200454994226771	-0.00933754064036938
0.568944430615704	0.115498800459023
0.491111581171438	0.12156674467179
0.450369577392807	0.082296476673
0.583733610636248	0.101122544877692
0.50591940238474	0.118408249174312
0.557012001717604	0.097809300838206
0.566453640692912	0.0885316378637222
0.392383078099632	0.0696553977751953
0.24437501240559	0.0169754815331859
0.437086478525689	0.120984143924004
0.6001222659452	0.104816372142631
0.465237570357119	0.0577308949651451
0.231138555202094	0.0388398776052164
0.523773547320863	0.0786340413134658
0.318074010073313	0.0570143554991459
0.28327874828021	0.0424507476439547
0.303133683717479	0.030508558448116
0.113974498476809	0.0126637480280589
0.277295117937757	0.0379353647210402
0.0472056528629348	0.00102882001000212
0.280882721962656	0.0477093099258373
0.603112455371071	0.103689003149569
0.401831827203879	0.0722219812492981
0.495421813108491	0.0744896730549232
0.273947088831627	0.0660483502044591
0.302018981451146	0.0634202019726228
0.393405564289525	0.0781631460026397
0.492419810562562	0.0645454192696414
0.0104284621207053	0.00477952192543973
0.177628049931962	0.0330624818530763
0.0490782793083888	0.00533575989608515
0.035907052101825	0.0104730463422041
0.12356019466425	0.0164172695563206
0.400694613237845	0.0630747335233908
0.444886827350514	0.117151615032435
0.262403612179484	-0.0167041281139834
0.0716597127800769	0.0198646940393886
0.148292863612549	0.0271775623122402
0.011987769632471	0.0065343253749411
0.398661953864136	0.0582396323536677
0.0811468749093355	0.0234463034777424
0.394586774164089	0.130513680338132
0.302173641830934	0.0154304331174278
0.454570530156865	0.102271330284572
0.117405851538177	0.0363323692285984
0.172877642539887	0.0231419938781286
0.188025310306482	0.00294036725074572
0.15625480190957	-0.000865052116008175
0.559595244808308	0.114883855212459
0.470175635775157	0.12334549211379
0.395366627201475	0.0729067572349364
0.472556770461755	0.120936076020807
0.37086838838803	0.0708738520948403
0.467235448523072	0.0715323241288367
0.443167830498036	0.123009103811276
0.248841788448675	0.046503442621095
0.538445093976055	0.116933393509495
0.545526883657056	0.0930350569822685
0.596111382524071	0.108025378911869
