0.0190999574302303	-0.0138598684670301
0.00489293725252081	-0.00413437217806253
2.24691963886362	-2.0354579875307
0.0603185647645708	-0.0624065445962326
0.106788280297414	-0.0999718830739602
1.88062785293961	-1.6464780618938
1.35283797300124	-1.22959927316347
0.86420108632007	-0.741046125664536
0.0518362720675681	-0.0541632108034872
2.01452129474314	-1.76568715235998
2.09973286197044	-1.85948396827093
0.00166661738624443	-0.00162751872134137
2.1169676709886	-1.84512798134027
1.82609995402511	-1.60803902036122
2.19014760564059	-1.91977473979194
1.89604950510113	-1.64225076816551
1.81122620464995	-1.6060414721192
2.17688766413651	-1.93651148152038
2.02047668944286	-1.75995323923368
1.54708562622325	-1.320365734452
1.71282301472621	-1.47981188205301
2.07967661696767	-1.83526583626783
1.93350209120328	-1.69251159231549
0.200807703349814	-0.177431451206498
0.0878113995804496	-0.0882044317539382
0.524355811366211	-0.458051021727312
2.09432309322601	-1.83669338627061
0.880224488627096	-0.76934710336217
0.669778316012686	-0.614042048884112
1.94238965735151	-1.74152664662056
0.357201777335854	-0.325061403585318
1.77795417522539	-1.43061961303818
0.507710254878922	-0.442301903864081
2.04266582399751	-1.81092526448444
2.17906681661331	-1.93865581300363
2.03725177507089	-1.73072202263568
1.1131348918112	-1.0250462499035
1.79003582090923	-1.57199123098753
1.22541707727092	-1.05842283423307
0.14967413366	-0.127003200792305
0.0938829199141175	-0.0981571365489066
2.17340389034307	-1.88325936076848
0.0972761768583728	-0.0915721026301396
0.477202280400369	-0.352332689521792
0.645119994779124	-0.618453899707131
1.30790008596187	-1.18091202626593
0.751830674290424	-0.667390987317453
0.0211257385880602	-0.020942390583771
1.9237969923639	-1.66659135680035
2.13965476402127	-1.91327978642968
1.20481860957452	-1.15870248291534
0.227009845954483	-0.211605112318197
2.10564696382226	-1.86527612108812
1.50822241698825	-1.33977835924287
1.65954688834755	-1.47487009786373
0.083082854714149	-0.0810232963896788
2.08901776345785	-1.85127943930862
2.12712990319591	-1.85731685808301
1.70138728180609	-1.54261035517754
2.12856334600597	-1.89019654649145
2.12731542413035	-1.84997555801325
1.61561387733901	-1.47786645805823
0.17316335633079	-0.20361185609306
0.795755619457496	-0.68539997940396
2.2091068843163	-1.97909506315187
1.85959715934584	-1.53061644846368
1.99101473237561	-1.7687018445164
2.21098350709843	-1.95175568804721
1.86858702607356	-1.50495261042354
1.12564523132224	-0.983247651609259
2.19048380864859	-1.9540214126014
0.149324271796671	-0.194088359712318
1.64987758006992	-1.45593037361734
1.62883288818712	-1.42567318788963
1.60233551749317	-1.4241739169175
0.278543222928643	-0.293011100549344
1.93403830256542	-1.68809689143201
0.187579542638443	-0.18300399910189
1.5853052668911	-1.41585587440648
0.943527783149861	-0.773448411482379
0.69542422504439	-0.628439741604997
1.60444885335119	-1.45125891165371
2.18556003191744	-1.94061871663757
0.525617709637936	-0.455782317622962
1.10842595631309	-1.05643067098875
0.46780605760904	-0.361591345573368
0.706691668398666	-0.622123745342575
0.926550190542479	-0.83648292291591
1.76104560264668	-1.54382476695728
0.696957452747899	-0.624271738577761
0.38171407314295	-0.33793236034809
1.13019880473249	-1.08692355395481
2.22378339246133	-1.98533014284916
1.08517680226116	-0.895347141120091
1.03383332253696	-0.967928822903938
2.15358130728209	-1.90650518147843
0.384621386290479	-0.377736433871872
0.452581031417693	-0.414946398096957
0.596058924718577	-0.543544730896773
0.84332654945899	-0.853110397338935
