-0.0386284040866069	0.0498190916228627
-0.0828105415493228	0.490521517610597
-0.18322342984861	0.795999703085798
-0.171440867655741	0.766984014064213
-0.0472411810600922	0.0514588652166844
-0.219735473216951	0.778935395284057
-0.209788016001821	0.826912391696563
-0.12300505043092	0.753368598427673
-0.206625425938575	0.473786739174518
-0.071389335125617	0.284019502347932
-0.0480862025597967	0.0954313001299758
-0.0284192118446148	0.066994899081839
-0.222794736916448	0.785664946855568
-0.184294793114668	0.830607603479741
-0.0431531782507069	0.103504425818204
-0.055009178924055	0.120685009782193
-0.217254763543846	0.825613485725243
-0.0334689534325409	0.0839341645505886
-0.194910727887785	0.827088267851318
-0.0345476335039649	0.0493070149574223
-0.191100929292882	0.830361928165821
-0.0155458311428766	0.137976097179111
-0.0201151177878183	0.0322979758451621
-0.138487292961787	0.816298050363344
-0.249356560835749	0.831146967144325
-0.217674517235869	0.842032129866622
-0.0149618089856616	0.0635814405735587
-0.151339670925632	0.805423765513582
-0.0833526194396664	0.718173553979917
-0.0232062712769212	0.171246150770376
-0.231884805542464	0.820093441199098
-0.0387260200318209	0.0724707386353543
-0.2332563526438	0.810263547715305
-0.161374896606045	0.808714290651943
-0.0127999921639487	0.0328340462394819
-0.175562908280472	0.752152628145737
-0.217118969721048	0.811519367990027
-0.112186648467158	0.492929369477255
-0.214581158583249	0.693090641913958
-0.233048694465546	0.815788645317206
-0.0258594628176731	0.172058310451272
1.38381053724535e-05	0.00237378401064309
-0.0445862682924056	0.138955806618447
-0.207193571012967	0.723443412116314
-0.187131972136862	0.824939146030514
-0.216347757713406	0.796300045933599
-0.21549974127327	0.810738183970803
-0.197651625710741	0.794329941188289
-0.238583513298426	0.826900388335378
-0.175697457211266	0.778461502508348
-0.230313722828945	0.768361537901432
-0.0296355105614807	0.0871437100138805
-0.181939172072338	0.703630024550083
-0.208167130003153	0.804981200588243
-0.077661794187662	0.462717063411487
-0.183881564296645	0.797362154966652
-0.0100751948120023	0.0237167705637101
-0.194898693637001	0.777692779002414
-0.163784075837021	0.822189157300648
-0.0361434511341978	0.191222171099094
-0.196627959462513	0.777530065595651
-0.109519039184766	0.453445032871705
-0.1130749540984	0.718076094676263
-0.232300781866013	0.723774145498002
-0.00533275690709983	0.0325747582379992
-0.197930002504689	0.825030685166405
-0.114490551480152	0.659554294535795
-0.0108717758472116	0.017548825918298
-0.182442750824097	0.803311323100796
-0.189554832587862	0.77831628412661
-0.0314088539447674	0.0512569927184485
-0.177573415827395	0.786169495190177
-0.10362641877429	0.475638483641285
-0.246787241612045	0.77124636170124
-0.188222059327161	0.805115590292235
-0.219912320814344	0.792485535455113
-0.0413339325470062	0.0831417818235667
-0.041028249069838	0.11500522938482
-0.0327074834000889	0.0596994461698284
-0.203880355118788	0.799479242402617
-0.279285374315701	0.717187153789286
-0.169288600112209	0.668723125346105
-0.188891181591548	0.764685587631673
-0.0130268015513117	0.0531067809879285
-0.0742710028362027	0.263428913281926
-0.18014714893112	0.799450992689532
-0.216229241187901	0.813783392504856
-0.0479816772956	0.13964932968158
-0.180429943852865	0.821490385561355
-0.00155632722938915	0.0491767328147007
-0.0256231391911832	0.0806470496237933
-0.183848057677825	0.821946441852963
-0.00600726410700716	0.0255040968564936
-0.0344110243920239	0.104099358122137
-0.0372074343466929	0.0703958492151778
-0.14901099080046	0.44671304143265
-0.22867261955375	0.837319177269664
0.000627131062816414	0.0345155440876967
-0.213926392816594	0.8219546632726
-0.185039367357669	0.818073719297397
