14.1024264192826	-13.9545377229999
16.2781423921355	-16.3243529857183
28.5223306306405	-28.3541272252032
22.1754920382175	-22.1431529093907
6.61842284554649	-6.61331865893854
29.647746793929	-29.4622686170386
21.7651901276631	-21.5703973583594
12.8230172464615	-12.6089647433151
29.0072713296217	-28.8585339622591
10.5669739487691	-10.5521249552149
17.2231234963357	-17.1749410351207
14.5682073967849	-14.6611507660457
21.854275865123	-21.9951191467245
21.4036312501649	-21.4189797239431
12.1384997213357	-12.2002615032659
14.2942333139648	-14.3021485223497
30.5652621437832	-30.496934663679
13.879494261907	-13.8368049395895
8.9618303120237	-8.58252230542178
18.5970791022232	-18.5147609791955
19.9341608884846	-20.0470112823688
25.1999402863045	-25.342227226609
14.8164595662417	-14.5769531856971
20.5397300561055	-20.52569792876
32.2451256506349	-32.1854724824529
29.7886778398116	-29.6369560890888
17.374701724342	-17.369792822205
23.8060021393414	-23.6849099089324
11.3603906690303	-11.465035678635
10.7968205306535	-10.8960105945266
20.0964078179546	-20.2249107735356
19.4993256191325	-19.4719481884099
33.9708932024211	-33.8693772945551
19.2429536128537	-19.2428555250783
15.0601713474748	-15.127636152748
24.0342827710587	-24.2478123860525
27.4742968237916	-27.2684614221875
0.661556866359039	-0.64755494961342
32.8223318807075	-32.6751334153786
9.78341126264902	-9.71155421960253
22.0349568295181	-21.8401635254277
11.094405656198	-11.2239594433491
18.135499172637	-17.9033698802142
1.48730378778108	-1.46653485407879
15.3738621822443	-15.4991394851328
18.7706405393432	-18.4765126687973
8.77896067483875	-8.49104587241028
6.08621439373954	-5.94713636239542
17.4906724109997	-17.158016352694
17.7290070401138	-17.4510278835937
17.9724225280991	-18.114015895636
19.9894669312447	-19.6923849914775
19.5940998621167	-19.4105838746111
18.4528942242533	-18.133085621527
19.7433752851076	-19.4093839312951
32.2735757979813	-32.4619619612705
12.0346138083198	-12.1924690977242
6.2401570554976	-6.30532782676736
1.63921979767491	-1.61483661025624
21.4926433855033	-21.2511418719564
5.2860224974039	-5.36779860329146
11.9700984230721	-11.9740111322366
17.3837330310702	-17.3484685895206
24.0147478037054	-23.9520307234451
19.3753534394946	-19.4090351111035
19.0791484129484	-18.819230195934
15.397801665206	-15.5597892478203
2.11520456615969	-2.09974732635366
17.9201677204661	-17.930582489523
9.8907227090396	-10.0034787018681
33.3915398849791	-33.2494791854691
20.9687019661262	-20.9521432299665
13.4239813582284	-13.3862681441663
1.5330344355148	-1.5239296813373
19.3444487755668	-19.2730002592064
11.8264235206675	-11.8941956220695
27.0657885321684	-26.8924427646057
23.8428149871617	-23.7074141809992
9.09173630055641	-8.99807092254336
21.2479495579881	-21.289629034685
22.4807894999055	-22.4287159293722
14.2126974818626	-14.1495728437244
31.8656008044907	-31.753571122809
7.49217619811682	-7.53616451713674
14.438744079556	-14.1419543642079
11.0517418464852	-10.5717645709482
0.282089725937343	-0.270119668465166
16.2222185197389	-15.8850335081135
3.42000042479463	-3.41697992994298
26.4098514932975	-26.0729017842962
30.5597654604477	-30.4112361869182
32.5109211677568	-32.3871524116287
2.12565152047199	-2.101727044935
27.8399482462449	-27.8184950658553
3.31564675743069	-3.28481737072731
28.1467911687765	-28.0893915222092
24.9580790645223	-24.8121880886468
29.7206850629067	-29.5603490512655
0.561039659917034	-0.545325580958191
30.2924971553021	-30.1823102799179
