0.354811442269724	0.0975922879626592
0.0931022176086521	0.0247353413728404
0.0547310953631901	0.0152870233698728
0.0588315575034403	-0.000467962531114069
0.251209100582493	0.0437288741144125
0.421206709048949	0.110646815146119
0.375539216952595	0.0495943858159616
0.168658023019885	-0.00232291599986348
0.36601273559174	0.0736193515387427
0.164539072158551	0.0388680671328848
0.289798575185285	0.092389050774967
0.474656038682314	0.134624858855237
0.409845642520649	0.0529294824509254
0.26201182509144	0.0148928819423937
0.356105404878054	0.112162680408362
0.656747885337994	0.124065494537955
0.101551144778008	0.0248684970341786
0.442014387426219	0.132306027921023
0.499411319214405	0.0653509896159565
0.628050525657351	0.124141111991988
0.0740098485319576	0.0165692271594805
0.453456018943211	0.0677137213758955
0.336610948159868	0.0117225821661438
0.181727773445946	0.0914497840086869
0.172354268303899	0.0646939267029143
0.118499741693532	0.0349811292286907
0.435396364109188	0.0548395276161678
0.239629001926591	0.0622574913625053
0.36215481490266	0.0667423536599269
0.501951792400544	0.097437287365561
0.346325678319305	0.0490428881548926
0.651548453790313	0.127271160453383
0.272706228756853	0.0884109799617795
0.419136967052917	0.122228626589448
0.618541600814251	0.131862145293171
0.219320252137118	0.0528852870661555
0.511636947315345	0.0858016180090218
0.63258546268184	0.133343726571318
0.37448683285375	0.0688125888240208
0.397497932489796	0.0821256556386685
0.34438648714492	0.0347842325531165
0.548293695770098	0.10161599590395
0.434816741580415	0.0868145738925302
0.526235820913884	0.118557150463964
0.435325786864326	0.114119617884821
0.188959162669735	0.0320482768508061
0.369129744226551	0.0678545033999994
0.048427317394115	0.00802645426695439
0.470499044382058	0.145944777617741
0.328595125605966	0.0730061329018589
0.591888726113175	0.127743045613676
0.21074291351238	0.0641162526602334
0.085364511023886	0.0258890638840547
0.43472612256388	0.0594180621826464
0.0787023557669026	0.0808609148188805
0.264109411914006	0.0507217076036073
0.154064969497649	0.0730006560861919
0.0462316677784365	-0.00116125103628828
0.284189501315467	0.0345622339477291
0.263206890046491	0.0057664295570843
0.349591263973173	0.0626844339048624
0.165510636946496	0.124267583850249
0.525759450966094	0.119520013531518
0.518649923967039	0.106839605614879
0.117549855495132	0.0397938111462506
0.382705729381604	0.137437613899855
0.358838675966165	0.0667791747151388
0.358324161873423	0.112098459775678
0.418720469913492	0.0624014671825775
0.341894586529751	0.0630674427859299
0.422876553757658	0.0485230420130889
0.366799475860166	0.0380013815458702
0.46785697230835	0.0976573482550429
0.0480754921830143	0.014844870161478
0.217662031688397	0.0311299088180074
0.542515193025856	0.108482889345713
0.0591168125083592	0.0209154980063918
0.210407887951041	0.0725243090822448
0.258245558675555	0.0594187274148512
0.422204921838054	0.148823256152587
0.16235392978918	0.0405956999569571
0.310216740750301	0.0669203019578454
0.0769911906154695	-0.00118241041163341
0.218062890750717	0.0299131090217951
0.575495961868539	0.128819418924558
0.544141179890762	0.139592572839315
0.227342976407516	0.0545705199851453
0.388898080106668	0.036268743265245
0.502190967824448	0.085273047525349
0.121692221556182	0.0121122866066818
0.607281293997766	0.133276572385885
0.61219484929885	0.136388270293695
0.555718105036393	0.118139338196203
0.555252090779605	0.140741915079019
0.388396664515246	0.044116779637847
0.453301229134946	0.144028528127634
0.640044121296949	0.133072717309812
0.0915205812671997	0.0206990136551048
0.628826159359689	0.136723942894047
0.486989091832853	0.146000098996344
