-1.29576230106449	1.65570550210294
-0.248904439446692	0.278730025495105
-1.01506595893056	1.21923646466022
-0.780640910279585	0.961211579383099
-0.582522739374214	0.663286067158959
-1.16043345871603	1.37306397675082
-1.12525674352525	1.36092156947604
-0.368612910930318	0.362456744699787
-1.18917872729605	1.4903501761503
-0.723701126256968	0.751319295726664
-1.37314293729567	1.64124699952668
-1.0210184036441	1.2583177681909
-1.09978240055809	1.33008977687689
-0.756893467730816	0.94304963319326
-1.46782663034717	1.78260592827761
-0.442666190260011	0.511494247730262
-0.774044066279151	0.911953884097745
-0.926907034377481	1.15064005458312
-0.523054377788904	0.663304954816043
-1.52307212245942	1.87864919423059
-0.540972079551373	0.58142692312037
-0.340750929467083	0.415198183780168
-1.54226304178827	1.85691972418692
-0.932732564886986	1.1372021634395
-0.309569990647972	0.389763159672089
-0.195205162600913	0.192846079168911
-0.344042095126813	0.369061653658481
-1.39676351741687	1.73105853227389
-1.23160560039037	1.49784090820159
-1.43396439600489	1.73860288516315
-1.0666738940939	1.29136852442501
-1.42435351873489	1.7190245545845
-0.22689015210623	0.269579644009247
-1.42017076200374	1.7372790945657
-1.10027467111171	1.36237852505382
-0.75179356835239	0.952699771795382
-1.13242699127979	1.328611911713
-1.17524798689352	1.40327033763028
-0.895269759189193	1.10317155580734
-0.695647885371193	0.830275226235748
-0.256738789402281	0.30375366217767
-0.692288933053149	0.767860112762531
-0.762402361075072	0.883383297698487
-1.56618955061647	1.87548867770288
-1.55915436990462	1.87680280020901
-0.0288293300583741	0.0312911491773368
-0.335198896790841	0.377933962994654
-1.19615515023725	1.38335927528056
-0.896642226758564	1.09188831531118
-0.947970418252997	1.16835646720237
-0.607986304033283	0.709749033350074
-1.53340401712655	1.82932133350719
-0.447011083100813	0.443839383627426
-0.83709133555086	1.09850253134338
-1.31942191911447	1.57403891799749
-0.386501772488672	0.432630013153936
-0.916680604430883	1.09728086334196
-1.15910154657792	1.43573338755339
-1.43115909482488	1.752565123266
-1.34191752464088	1.61206444410402
-1.32563238903029	1.58078532627046
-1.57623654218427	1.88591233047825
-0.878003891614633	1.04025951772338
-0.626868405112798	0.740231865990887
-0.743884637774773	0.854548080721428
-1.26919386568995	1.55218149192246
-0.553309409805405	0.746235424571011
-0.485044347794192	0.582268099869823
-1.51874385122037	1.86207968748762
-0.426592508409986	0.505844283529601
-0.456119481370664	0.526218671640975
-0.410954599616089	0.444862511011762
-0.374309240257985	0.412621235633541
-0.688633113375769	0.881197436799215
-0.816645896046398	0.970851112943823
-0.470849348608505	0.530026822912476
-0.165786947202616	0.216519173138161
-1.26250698038417	1.46130652750955
-1.00486174686663	1.22169870830146
-0.835250081529294	0.837559240250519
-0.784635248261978	0.965781562414446
-0.777620701203876	0.892267343259899
-1.19939823945879	1.45418168823752
-0.376154875527698	0.519584437897708
-0.579590683936593	0.719727799929718
-1.27919905428393	1.62089606160067
-0.528704107590776	0.60937137804242
-1.0175767993915	1.3010050431888
-0.634319633056765	0.936820229798718
-0.98923696424773	1.24676973937468
-1.12865907057797	1.26380988348472
-1.20447707068654	1.40381575461585
-1.1330859101915	1.38475464798469
-1.30595372146602	1.5916415176823
-1.53240146107944	1.84406687456564
-1.4329983305159	1.73466860387915
-0.821370496195847	0.983689246848212
-1.51622176621944	1.79128567634704
-1.55973676754721	1.86410126807478
-1.19171793982196	1.46111924602511
