-0.0509831987644053	0.602433956132457
-0.0377308074613878	0.617040079259434
0.013309316253619	0.404910980449861
0.00787666954800102	0.643283839972632
-0.0483607487241457	0.228645610772545
-0.040775021474878	0.285895597557562
-0.00442455534497901	0.0111301899543309
0.00959532876006745	0.269482203511236
-0.00859156169173701	0.0151779081291622
0.107118865760485	0.463358097659794
0.0133990387771169	0.0420896732042764
0.0235522336448737	0.173929760446643
0.0494575691181858	0.649278920105877
0.0339718720090835	0.316836686350097
-0.0116168038378573	0.047324882234389
-0.0599753011387185	0.0852080310890289
0.0111395905407841	0.480359819742127
-0.0327111228504657	0.60210204592746
0.0289672691419411	0.530595684597121
-0.0532440928526682	0.624858595505539
-0.0139517650253708	0.126202973146591
0.0559082472721104	0.573712089267645
-0.0158025628282952	0.0567521651622231
0.0277387693952293	0.533247233719787
0.0116885044591639	0.560132589051895
0.0193556069494718	0.647575062386154
-0.0167480605779868	0.530410117286152
0.005883618869644	0.126366055216577
-0.0385243300595568	0.590549683740562
-0.0413467304774115	0.134283638478931
0.0379297719820143	0.579072541980307
-0.0228836730770073	0.0395961593080318
-0.0120406992733167	0.618257599253452
-0.0739990552941603	0.256871718272725
0.093398157676112	0.351796616473041
-0.00333893381060996	0.487928916998856
0.0335013100013425	0.127597731439838
-0.00445595990562326	0.633888247285982
0.0239364531618636	0.609320642693076
0.0747847459705278	0.626424520798732
-0.00699128409781358	0.44073863239566
-0.00954361299584091	0.0388832390535059
-0.0113911901693193	0.0809536599188185
-0.0131319152001334	0.63448907583677
-0.0488171386299699	0.589871890786463
-0.0106385203424804	0.598294030406178
0.0359878509669744	0.636985231288107
0.00411719381223273	0.0589379113837175
-0.00247001190092636	0.0594841943693651
-0.0111918476441069	0.132136327648952
0.00273571008545795	0.587481462357546
0.0461797623695605	0.644086896568576
0.00515301817864913	0.644247749648114
-0.0109114574402469	0.119456931790246
-0.00576669525097604	0.637740205915162
0.0144271236321052	0.623117473937041
-0.0141444981216575	0.175694844713206
0.0672242847949116	0.149664211920948
0.036820803908216	0.446702212173787
-0.021153475608946	0.587004509508567
0.0243149587607382	0.338392854879392
0.000613018386643739	0.342833836224256
-0.00435444790456518	0.0212109623934326
-5.86113426698077e-06	0.132341984135107
0.0326664735586949	0.296729070465206
0.0266774918909626	0.642661268540269
-0.0202981063931519	0.133982667836868
0.0002887200326087	0.0198157797885996
-0.00387319636982238	0.532431545100598
0.107051220905422	0.489560446492136
-0.0390898205877332	0.565948520412734
0.00442785609718711	0.0365275887944513
0.0300039799257287	0.630815235177195
-0.0422414977648409	0.138382899022237
-0.00585279872045188	0.0399870851534917
0.0156066693166206	0.421475551991931
0.0247340505568088	0.0634752679897062
-0.000121916831134904	0.596089123020321
-0.0720606464242517	0.596837953462561
-0.0727994501852545	0.544263627317452
-0.0134170095331668	0.0234715852297858
-0.0966323030529733	0.262456782347244
-0.00993635522990931	0.460588847945965
-0.0217720931370647	0.0862068558739711
-0.0182800569190869	0.58616522050755
0.0108696301897993	0.536970299707373
0.0160189495083061	0.607265631649817
0.0205045657203637	0.620767711907986
0.0431033682539411	0.636527269685622
0.00108814090403235	0.0228081711478619
-0.0136302302665397	0.0580919465536718
-0.00571341811177207	0.0807366166234496
0.0363011188595161	0.503937449756047
0.0142325587301724	0.112182910173022
0.0990211211411939	0.384039499143958
0.0172435061331075	0.495230915777921
-0.0198767590153907	0.584817873632309
-0.0286526339187951	0.0652146580763556
-0.0409456687985211	0.057629346355342
-0.00388320763302017	0.00965530504203319
