0.0880785586491565	0.067166122490031
0.50034143682944	0.193823876320461
0.499801421829165	0.111296964562369
0.0513887602277793	0.0645245104771272
0.320669283576413	0.140862881678887
0.286851426537847	-0.224787145123208
0.419481413367371	0.0146996075172435
0.386717403507806	0.0915487097764694
0.545331604676391	0.20847906909065
0.390470082405628	0.00530553550878921
0.00076236478704682	3.24730951746564e-05
0.423274136122571	0.147647202379222
0.520733724195204	0.185560128175911
0.479319303650349	0.215754073400317
0.542866307826646	0.211010560986755
0.0481717445204655	0.00123625820498351
0.541012832086286	0.219017687552519
0.0254250582353711	0.01002003712027
0.546634926265259	0.182363576739796
0.387899149221868	0.146397062444731
0.542753751901149	0.186270214640004
0.0307073395242712	0.0041344557277031
0.0475528482000827	0.0207355727148127
0.308566281563994	0.115410965350126
0.0329569453043695	0.0051194259012198
0.519430539756588	0.202875412432437
0.467992080214023	0.15615734571649
0.0911180684162366	-0.0279488845694543
0.285409124856406	0.216778164332684
0.495998164558671	0.127378476031737
0.507690285965805	0.213896399059524
0.0287178651448512	-0.00336775085290161
0.0912176761806925	0.118777586444835
0.149447556157859	0.219541348944109
0.230414128128793	0.0327541820335078
0.337446082620602	0.30616908368728
0.0158768755750807	0.0105460043162468
0.39850175827488	0.149958387482435
0.507212313845771	0.194421151745158
0.46782393976763	0.111564082959923
0.12325882896938	0.0510523606529984
0.531607239987538	0.231140365479808
0.540512941359704	0.228603161667477
0.113079547886678	0.0335462127049338
0.495441481315423	0.177640527215884
0.518956464859481	0.110848591548975
0.0160818678851811	0.0259172668272987
0.431158179114667	0.220929146965364
0.417833990985941	0.184075732865696
0.47068538797822	0.155775107299845
0.448244789092551	0.16992774975435
0.213682970374518	0.157626970671127
0.525983677628018	0.180143205074557
0.495648377314093	0.106521970794241
0.526280356668612	0.185367149741908
0.447422567187981	0.218127509315898
0.46450150639492	0.200293016082688
0.101851941248375	0.113902865168368
0.339040380182521	0.251907212251719
0.462259993211939	0.216471972436789
0.0324496649315992	0.0560833305535555
0.269273052797098	0.0587055881470915
0.329207769284101	0.0633382155754975
0.0260639792484033	0.0048073544374763
0.486885538780511	0.208820063198011
0.438040143352181	0.252940098226473
0.485849133005329	0.200627864177265
0.0106462498060918	0.0176293874053847
0.515120841633162	0.155010573996333
0.0876905269847412	0.00845614740093096
0.0367565926454255	-0.0361727080420433
0.499198727084362	0.148794183584279
0.539002442442791	0.209760835650835
0.100804823178321	0.002842548270288
0.511314176985317	0.133515836763534
0.270409455699184	0.0549859560084822
0.294564333765297	0.118037788388728
0.283127179995896	0.209774560398528
0.0337126449134968	0.0790170253430236
0.171908705286796	0.0269136604337951
0.050760300038628	0.035914279396998
0.255112336667852	-0.120276179227554
0.368414949828448	0.185396117625714
0.46052237259295	0.200719068395126
0.499630408377195	0.268593556798456
0.224473498049893	0.156455622395024
0.521129194024945	0.226785606696675
0.130776174833627	-0.0783379427386633
0.0292914478515964	0.0039315939906204
0.0149543781366861	-0.017247111367781
0.543936768862577	0.205593749410435
0.501433302893058	-0.171398056393456
0.0129250697029909	0.00116779672112906
0.222453115827534	0.0243034970102001
0.378608481819379	0.169747783812149
0.458989944415632	0.155229517825889
0.469868245353921	0.213140315486141
0.54530648192869	0.164052791640029
0.0279287238451891	-0.0208692589778497
0.232229043051411	0.0864632041258055
