0.879589778583413	-0.795738433795271
0.184520719301982	-0.149803800059676
1.66104801855366	-1.35878650664375
0.828559133658245	-0.66334572926932
0.596992794801054	-0.566669588801974
1.19675141411278	-1.01929825165649
0.280476811174502	-0.240075478284325
0.704822038535751	-0.596794468784676
0.811153213217974	-0.732484522569752
1.26528396858686	-1.04464721441133
1.17615492421588	-0.917188191074426
1.16464341272953	-0.951966971879235
1.10671103449408	-0.919814206209679
0.991160528824937	-0.843351624427014
0.879090430674128	-0.701866850219427
0.238723921313532	-0.265645254819101
1.22784252136795	-0.997279727849887
0.939409041848691	-0.741281632070399
1.33721851422326	-1.15477485216053
0.570583235851701	-0.441685457645827
1.46586553477233	-1.21962374050313
1.52076661966567	-1.30397955924227
1.61787973428954	-1.36300554160561
0.976985667645803	-0.805816190489724
0.910014510099833	-0.753500604922192
1.06548682312448	-0.904385236971186
0.870997982366763	-0.714869570495087
1.68949716583426	-1.41009021264264
1.53972659179461	-1.28868365222645
0.948557882163713	-0.798490423987036
0.50329100548836	-0.308531216254732
0.100267582294489	-0.0991863794819285
0.473901970901614	-0.469826259131455
0.348590765205647	-0.324283737241388
0.020634395913401	-0.0229463005911311
0.653009092209419	-0.370096830362936
0.650455561505042	-0.647411552261966
0.484952872321981	-0.415426499568994
1.32540944569708	-1.03540524923081
1.10078359402722	-1.00524848721147
1.63651600094201	-1.33294785488006
1.56537343863212	-1.33955286734623
0.68106804346942	-0.544137311188622
0.15938377398851	-0.144979845148423
1.00863525694386	-0.813445807417985
1.21894066224589	-0.903450472321727
1.62603975338416	-1.36841743904096
0.22348869663316	-0.233322890536809
0.650169563988261	-0.511335205046408
1.07065233246666	-0.97507936057217
1.30382356854139	-1.00434948588318
1.05169065547875	-0.868383801248633
1.35484856780172	-1.16508400012908
1.5787835351083	-1.36125968157573
0.301118254202988	-0.336530142943274
1.29218422048987	-1.03109328029175
1.20166806484033	-0.947128650576266
1.50339657322486	-1.27130214672875
0.874878564333735	-0.745162664439919
0.367711616717725	-0.290953147334665
0.156478097020377	-0.146801409227474
0.454033091023583	-0.342727171421911
1.63619493924999	-1.3489817664767
0.245725644834151	-0.227469541862991
1.55813488936074	-1.3008071474323
1.40411615875787	-1.18325951566054
1.64392251839175	-1.34786149487756
1.34655295793523	-1.02818317049508
1.48172976582625	-1.25537618349648
1.692738812719	-1.43937934676849
0.100494736324166	-0.0789299860512048
0.336169347098665	-0.281830461671807
1.57861914568586	-1.3698323455019
1.49154468256289	-1.25874081201334
0.420440728601814	-0.300593563426715
1.60984714588361	-1.30072889990131
1.61593725847754	-1.34603794091649
0.047067068338448	-0.0480156523152275
1.56080514540189	-1.35541406368807
0.541231418621456	-0.466675721775978
1.6419249540492	-1.36691021581269
0.0271839340151982	-0.022120035835048
1.00011074934277	-0.884120062780059
1.64726826180836	-1.38031450008241
0.147745683119153	-0.116137049217645
0.477405382404053	-0.419075780654124
0.871293256546106	-0.752322946816302
0.72346310309292	-0.627862987431567
1.3535589710769	-1.0785247850784
0.380242301305597	-0.400392442388143
1.14863689789251	-0.739214882380916
1.34375792569229	-1.17590750540495
0.145047740598211	-0.126058040423753
0.0690560645715495	-0.0623501229604449
0.376208269190986	-0.291644573849172
1.41026194595701	-1.23375718301864
1.56154836149067	-1.32553709550524
0.475888587999386	-0.376910269032797
1.5055506403488	-1.23235990682617
0.510200034271727	-0.434586877402762
